%!PS
%%BoundingBox: -1 -1 120 120 
%%HiResBoundingBox: -0.24907 -0.24907 119.80046 119.80046 
%%Creator: MetaPost 1.9991
%%CreationDate: 2017.07.21:1019
%%Pages: 1
%%BeginProlog
%%EndProlog
%%Page: 1 1
 0 0 0 setrgbcolor 0 0.49814 dtransform truncate idtransform setlinewidth pop
 [] 0 setdash 1 setlinecap 1 setlinejoin 10 setmiterlimit
newpath 0 29.88785 moveto
119.55139 29.88785 lineto stroke
newpath 114.57008 32.37851 moveto
115.74602 30.8106 117.5915 29.88785 119.55139 29.88785 curveto
117.5915 29.88785 115.74602 28.9651 114.57008 27.39719 curveto stroke
 0.49814 0 dtransform exch truncate exch idtransform pop setlinewidth
newpath 59.7757 0 moveto
59.7757 119.55139 lineto stroke
 0 0.49814 dtransform truncate idtransform setlinewidth pop
newpath 57.28503 114.57008 moveto
58.85295 115.74602 59.7757 117.5915 59.7757 119.55139 curveto
59.7757 117.5915 60.69844 115.74602 62.26636 114.57008 curveto stroke
 0.49814 0 dtransform exch truncate exch idtransform pop setlinewidth
newpath 14.94392 27.89532 moveto
14.94392 31.88037 lineto stroke
newpath 29.88785 27.89532 moveto
29.88785 31.88037 lineto stroke
newpath 44.83177 27.89532 moveto
44.83177 31.88037 lineto stroke
newpath 59.7757 27.89532 moveto
59.7757 31.88037 lineto stroke
newpath 74.71962 27.89532 moveto
74.71962 31.88037 lineto stroke
newpath 89.66354 27.89532 moveto
89.66354 31.88037 lineto stroke
newpath 104.60747 27.89532 moveto
104.60747 31.88037 lineto stroke
 0 0.49814 dtransform truncate idtransform setlinewidth pop
newpath 61.76822 14.94392 moveto
57.78317 14.94392 lineto stroke
newpath 61.76822 29.88785 moveto
57.78317 29.88785 lineto stroke
newpath 61.76822 44.83177 moveto
57.78317 44.83177 lineto stroke
newpath 61.76822 59.7757 moveto
57.78317 59.7757 lineto stroke
newpath 61.76822 74.71962 moveto
57.78317 74.71962 lineto stroke
newpath 61.76822 89.66354 moveto
57.78317 89.66354 lineto stroke
newpath 61.76822 104.60747 moveto
57.78317 104.60747 lineto stroke
 0 1.24533 dtransform truncate idtransform setlinewidth pop
newpath 22.41588 112.46593 moveto
22.90273 110.12183 23.40096 107.78 23.9106 105.44067 curveto
24.39697 103.2083 24.89407 100.97821 25.40417 98.75107 curveto
25.89032 96.62814 26.38765 94.50797 26.89888 92.39096 curveto
27.38412 90.38115 27.88144 88.37383 28.39359 86.37062 curveto
28.87814 84.47527 29.37524 82.58333 29.8883 80.6955 curveto
30.37126 78.91826 30.8679 77.14468 31.38188 75.37611 curveto
31.86415 73.71631 32.3608 72.06107 32.87659 70.4113 curveto
33.3575 68.87326 33.85391 67.34024 34.37129 65.81429 curveto
34.85016 64.40189 35.34589 62.9952 35.86487 61.59717 curveto
36.34213 60.31155 36.83786 59.03279 37.35959 57.76451 curveto
37.83456 56.61002 38.3296 55.46394 38.8543 54.33112 curveto
39.32654 53.31116 39.82112 52.30145 40.349 51.30908 curveto
40.81805 50.4273 41.31151 49.55876 41.84258 48.71301 curveto
42.30888 47.97032 42.80234 47.24475 43.3373 46.54994 curveto
43.80087 45.94797 44.29454 45.369 44.832 44.83154 curveto
45.29535 44.3682 45.79062 43.93745 46.3267 43.56076 curveto
46.79393 43.23239 47.29263 42.95056 47.82028 42.73233 curveto
48.29936 42.53441 48.80194 42.39964 49.31499 42.32553 curveto
49.81004 42.25394 50.31169 42.25621 50.80971 42.30023 curveto
51.31592 42.34492 51.81256 42.45871 52.30328 42.59004 curveto
52.81223 42.72641 53.30453 42.91566 53.79799 43.10037 curveto
54.30193 43.28894 54.79219 43.5115 55.2927 43.70897 curveto
55.78911 43.90485 56.28029 44.1144 56.78741 44.28018 curveto
57.27835 44.44048 57.77295 44.59143 58.28099 44.68515 curveto
58.7742 44.77614 59.27403 44.83177 59.7757 44.83177 curveto
60.27736 44.83177 60.77696 44.77591 61.2704 44.68492 curveto
61.77844 44.5912 62.27304 44.44025 62.76398 44.27995 curveto
63.2711 44.11417 63.76228 43.90462 64.2587 43.70874 curveto
64.7592 43.51128 65.24947 43.28871 65.7534 43.10014 curveto
66.24686 42.91566 66.73917 42.72618 67.24811 42.59004 curveto
67.73883 42.45871 68.23547 42.34492 68.74168 42.30023 curveto
69.2397 42.25621 69.74135 42.25394 70.2364 42.32553 curveto
70.74945 42.39964 71.25203 42.53441 71.73111 42.73233 curveto
72.25876 42.95056 72.75746 43.23239 73.22469 43.56076 curveto
73.76077 43.93745 74.25604 44.3682 74.71939 44.83154 curveto
75.25685 45.369 75.7503 45.94797 76.2141 46.55017 curveto
76.74905 47.24475 77.24251 47.97055 77.70882 48.71301 curveto
78.23988 49.55876 78.73334 50.4273 79.2024 51.30908 curveto
79.73027 52.30145 80.22485 53.31116 80.6971 54.33112 curveto
81.22179 55.46394 81.71683 56.61002 82.1918 57.76451 curveto
82.71353 59.03279 83.20926 60.31155 83.68652 61.59717 curveto
84.2055 62.9952 84.70123 64.40189 85.1801 65.81429 curveto
85.69748 67.34047 86.1939 68.87349 86.6748 70.41151 curveto
87.1906 72.06107 87.68724 73.71631 88.16951 75.37589 curveto
88.68349 77.14445 89.18013 78.91826 89.66309 80.6955 curveto
90.17615 82.58333 90.67325 84.47527 91.1578 86.37062 curveto
91.66995 88.37383 92.16727 90.38115 92.65251 92.39096 curveto
93.16374 94.50797 93.66107 96.62814 94.14722 98.75107 curveto
94.65732 100.97821 95.15442 103.2083 95.6408 105.44067 curveto
96.15044 107.78 96.64867 110.12183 97.13551 112.46593 curveto stroke
newpath 95.06454 109.84348 moveto
96.12912 110.34297 96.89638 111.31456 97.13551 112.46593 curveto
96.89638 111.31456 97.21329 110.11781 97.9909 109.23569 curveto stroke
newpath 21.56049 109.23569 moveto
22.3381 110.11781 22.65501 111.31456 22.41588 112.46593 curveto
22.65501 111.31456 23.42227 110.34297 24.48685 109.84348 curveto stroke
newpath 59.7757 46.8243 moveto
59.24722 46.8243 58.74046 46.61433 58.36679 46.24068 curveto
57.99313 45.867 57.78317 45.36024 57.78317 44.83177 curveto
57.78317 44.3033 57.99313 43.79654 58.36679 43.42287 curveto
58.74046 43.04921 59.24722 42.83925 59.7757 42.83925 curveto
60.30417 42.83925 60.81093 43.04921 61.1846 43.42287 curveto
61.55826 43.79654 61.76822 44.3033 61.76822 44.83177 curveto
61.76822 45.36024 61.55826 45.867 61.1846 46.24068 curveto
60.81093 46.61433 60.30417 46.8243 59.7757 46.8243 curveto closepath fill
showpage
%%EOF
