%!PS
%%BoundingBox: -1 -1 151 140 
%%HiResBoundingBox: -0.62267 -0.24907 150.0619 139.7257 
%%Creator: MetaPost 1.9991
%%CreationDate: 2017.07.21:1019
%%Pages: 1
%%BeginProlog
%%EndProlog
%%Page: 1 1
 0 0 0 setrgbcolor 0 0.49814 dtransform truncate idtransform setlinewidth pop
 [] 0 setdash 1 setlinecap 1 setlinejoin 10 setmiterlimit
newpath 0 19.92523 moveto
149.43924 19.92523 lineto stroke
newpath 144.45793 22.4159 moveto
145.63387 20.84798 147.47935 19.92523 149.43924 19.92523 curveto
147.47935 19.92523 145.63387 19.00249 144.45793 17.43457 curveto stroke
 0.49814 0 dtransform exch truncate exch idtransform pop setlinewidth
newpath 74.71962 0 moveto
74.71962 139.47662 lineto stroke
 0 0.49814 dtransform truncate idtransform setlinewidth pop
newpath 72.22896 134.49532 moveto
73.79688 135.67125 74.71962 137.51674 74.71962 139.47662 curveto
74.71962 137.51674 75.64236 135.67125 77.21028 134.49532 curveto stroke
 0.49814 0 dtransform exch truncate exch idtransform pop setlinewidth
newpath 14.94392 17.93271 moveto
14.94392 21.91776 lineto stroke
newpath 29.88785 17.93271 moveto
29.88785 21.91776 lineto stroke
newpath 44.83177 17.93271 moveto
44.83177 21.91776 lineto stroke
newpath 59.7757 17.93271 moveto
59.7757 21.91776 lineto stroke
newpath 74.71962 17.93271 moveto
74.71962 21.91776 lineto stroke
newpath 89.66354 17.93271 moveto
89.66354 21.91776 lineto stroke
newpath 104.60747 17.93271 moveto
104.60747 21.91776 lineto stroke
newpath 119.55139 17.93271 moveto
119.55139 21.91776 lineto stroke
newpath 134.49532 17.93271 moveto
134.49532 21.91776 lineto stroke
 0 0.49814 dtransform truncate idtransform setlinewidth pop
newpath 76.71214 39.85046 moveto
72.7271 39.85046 lineto stroke
newpath 76.71214 59.7757 moveto
72.7271 59.7757 lineto stroke
newpath 76.71214 79.70093 moveto
72.7271 79.70093 lineto stroke
newpath 76.71214 99.62616 moveto
72.7271 99.62616 lineto stroke
newpath 76.71214 119.55139 moveto
72.7271 119.55139 lineto stroke
 0 1.24533 dtransform truncate idtransform setlinewidth pop
newpath 0 20.7221 moveto
1.48833 20.75494 lineto
2.97528 20.7896 lineto
4.46361 20.82669 lineto
5.9517 20.86623 lineto
7.4389 20.90817 lineto
8.92723 20.95317 lineto
10.41533 21.0012 lineto
11.90366 21.0529 lineto
13.39084 21.10823 lineto
14.87894 21.16782 lineto
16.36726 21.23198 lineto
17.85445 21.3013 lineto
19.34254 21.37639 lineto
20.83087 21.45757 lineto
22.31807 21.54573 lineto
23.80617 21.64182 lineto
25.2945 21.7467 lineto
25.79068 21.7835 26.28664 21.8215 26.7826 21.86163 curveto
27.27832 21.90176 27.77405 21.94342 28.26978 21.9875 curveto
28.76596 22.03159 29.26215 22.0778 29.7581 22.12645 curveto
30.25429 22.1751 30.75024 22.22586 31.2462 22.27968 curveto
31.74216 22.3335 32.23788 22.38943 32.73338 22.44933 curveto
33.2298 22.50923 33.72575 22.57185 34.22171 22.63844 curveto
34.71812 22.70502 35.21408 22.77464 35.70981 22.84914 curveto
36.206 22.92363 36.70172 23.00206 37.197 23.08568 curveto
37.6934 23.16959 38.18959 23.25746 38.6851 23.352 curveto
39.18196 23.44687 39.67815 23.5463 40.17343 23.65361 curveto
40.67006 23.76125 41.16602 23.87434 41.66061 23.99687 curveto
42.15771 24.12 42.65413 24.24922 43.14871 24.38968 curveto
43.64627 24.53105 44.1429 24.68004 44.63704 24.84239 curveto
45.13527 25.00597 45.63191 25.17865 46.12514 25.36746 curveto
46.62405 25.5584 47.12047 25.75996 47.61232 25.981 curveto
48.11284 26.20598 48.61017 26.44344 49.10065 26.70491 curveto
49.603 26.97246 50.10077 27.25551 50.58875 27.56685 curveto
51.0936 27.88882 51.59184 28.22903 52.07594 28.6036 curveto
52.58488 28.99733 53.08472 29.41264 53.56427 29.86778 curveto
54.07869 30.35606 54.5799 30.86987 55.05237 31.429 curveto
55.57408 32.04619 56.07643 32.69287 56.53955 33.3882 curveto
57.07108 34.18599 57.57524 35.016 58.02788 35.89618 curveto
58.57034 36.95088 59.07588 38.03932 59.51598 39.1755 curveto
60.07076 40.60721 60.57744 42.07236 61.0043 43.58006 curveto
61.5714 45.58273 62.079 47.6152 62.49149 49.68417 curveto
63.07227 52.59682 63.58237 55.53471 63.97958 58.50179 curveto
64.57542 62.95073 65.0887 67.41943 65.46791 71.91064 curveto
66.08084 79.16887 66.59915 86.44107 66.95488 93.7297 curveto
67.5913 106.77159 68.08748 119.82472 68.44319 132.88545 curveto stroke
newpath 66.86798 129.93845 moveto
67.82759 130.61813 68.41118 131.70995 68.44319 132.88545 curveto
68.41118 131.70995 68.9345 130.58798 69.85568 129.85709 curveto stroke
newpath 3.02011 19.29207 moveto
2.29457 20.2175 1.17566 20.7473 0 20.7221 curveto
1.17566 20.7473 2.27086 21.32455 2.95609 22.2802 curveto stroke
newpath 80.99605 132.88545 moveto
81.35176 119.82472 81.84795 106.77159 82.48436 93.7297 curveto
82.84009 86.44107 83.3584 79.16887 83.97133 71.91064 curveto
84.35054 67.41943 84.86382 62.95073 85.45966 58.50179 curveto
85.85687 55.53471 86.36697 52.59682 86.94775 49.68417 curveto
87.36024 47.6152 87.86784 45.58273 88.43494 43.58006 curveto
88.8618 42.07236 89.36848 40.60721 89.92326 39.1755 curveto
90.36336 38.03932 90.8689 36.95088 91.41136 35.89618 curveto
91.864 35.016 92.36816 34.18599 92.89969 33.3882 curveto
93.36281 32.69287 93.86516 32.04619 94.38687 31.429 curveto
94.85934 30.86987 95.36055 30.35606 95.87497 29.86778 curveto
96.35452 29.41264 96.85435 28.99733 97.3633 28.6036 curveto
97.8474 28.22903 98.34564 27.88882 98.8505 27.56685 curveto
99.33847 27.25551 99.83624 26.97246 100.3386 26.70491 curveto
100.82907 26.44344 101.3264 26.20598 101.82692 25.981 curveto
102.31877 25.75996 102.81519 25.5584 103.3141 25.36746 curveto
103.80733 25.17865 104.30397 25.00597 104.8022 24.84239 curveto
105.29634 24.68004 105.79297 24.53105 106.29053 24.38968 curveto
106.78511 24.24922 107.28152 24.12 107.77863 23.99687 curveto
108.27322 23.87434 108.76918 23.76125 109.26581 23.65361 curveto
109.7611 23.5463 110.25728 23.44687 110.75414 23.352 curveto
111.24965 23.25746 111.74583 23.16959 112.24223 23.08568 curveto
112.73752 23.00206 113.23325 22.92363 113.72943 22.84914 curveto
114.22516 22.77464 114.72134 22.70502 115.21776 22.63844 curveto
115.71349 22.57185 116.20967 22.50923 116.70586 22.44933 curveto
117.20135 22.38943 117.69708 22.3335 118.19304 22.27968 curveto
118.689 22.22586 119.18495 22.1751 119.68114 22.12645 curveto
120.1771 22.0778 120.67328 22.03159 121.16946 21.9875 curveto
121.66519 21.94342 122.16092 21.90176 122.65665 21.86163 curveto
123.1526 21.8215 123.64856 21.7835 124.14474 21.7467 curveto
125.63307 21.64182 lineto
127.12117 21.54573 lineto
128.60837 21.45757 lineto
130.0967 21.37639 lineto
131.5848 21.3013 lineto
133.07198 21.23198 lineto
134.5603 21.16782 lineto
136.0484 21.10823 lineto
137.53558 21.0529 lineto
139.02391 21.0012 lineto
140.51201 20.95317 lineto
142.00034 20.90817 lineto
143.48753 20.86623 lineto
144.97563 20.82669 lineto
146.46396 20.7896 lineto
147.95091 20.75494 lineto
149.43924 20.7221 lineto stroke
newpath 146.48315 22.2802 moveto
147.16838 21.32455 148.26358 20.7473 149.43924 20.7221 curveto
148.26358 20.7473 147.14467 20.2175 146.41913 19.29207 curveto stroke
newpath 79.58356 129.85709 moveto
80.50475 130.58798 81.02806 131.70995 80.99605 132.88545 curveto
81.02806 131.70995 81.61165 130.61813 82.57126 129.93845 curveto stroke
showpage
%%EOF
