%!PS
%%BoundingBox: -6 49 187 161 
%%HiResBoundingBox: -5.40308 49.56554 186.15182 160.89626 
%%Creator: MetaPost 2.000
%%CreationDate: 2017.06.22:1142
%%Pages: 1
%%BeginProlog
%%EndProlog
%%Page: 1 1
 0 0 0 setrgbcolor
newpath 99.62616 101.12056 moveto
99.2298 101.12056 98.84973 100.96307 98.56949 100.68283 curveto
98.28925 100.40259 98.13176 100.02252 98.13176 99.62616 curveto
98.13176 99.2298 98.28925 98.84973 98.56949 98.56949 curveto
98.84973 98.28925 99.2298 98.13176 99.62616 98.13176 curveto
100.02252 98.13176 100.40259 98.28925 100.68283 98.56949 curveto
100.96307 98.84973 101.12056 99.2298 101.12056 99.62616 curveto
101.12056 100.02252 100.96307 100.40259 100.68283 100.68283 curveto
100.40259 100.96307 100.02252 101.12056 99.62616 101.12056 curveto closepath fill
newpath 47.85875 71.23271 moveto
47.46239 71.23271 47.08232 71.07523 46.80208 70.79498 curveto
46.52184 70.51474 46.36435 70.13467 46.36435 69.73831 curveto
46.36435 69.34195 46.52184 68.96188 46.80208 68.68164 curveto
47.08232 68.4014 47.46239 68.24391 47.85875 68.24391 curveto
48.25511 68.24391 48.63518 68.4014 48.91542 68.68164 curveto
49.19566 68.96188 49.35315 69.34195 49.35315 69.73831 curveto
49.35315 70.13467 49.19566 70.51474 48.91542 70.79498 curveto
48.63518 71.07523 48.25511 71.23271 47.85875 71.23271 curveto closepath fill
newpath -3.90868 160.89626 moveto
-4.30504 160.89626 -4.6851 160.73877 -4.96535 160.45853 curveto
-5.24559 160.17828 -5.40308 159.79822 -5.40308 159.40186 curveto
-5.40308 159.0055 -5.24559 158.62543 -4.96535 158.34518 curveto
-4.6851 158.06494 -4.30504 157.90746 -3.90868 157.90746 curveto
-3.51231 157.90746 -3.13225 158.06494 -2.852 158.34518 curveto
-2.57176 158.62543 -2.41428 159.0055 -2.41428 159.40186 curveto
-2.41428 159.79822 -2.57176 160.17828 -2.852 160.45853 curveto
-3.13225 160.73877 -3.51231 160.89626 -3.90868 160.89626 curveto closepath fill
 0 0.49814 dtransform truncate idtransform setlinewidth pop [] 0 setdash 1 setlinecap 1 setlinejoin
 10 setmiterlimit
newpath 114.88962 112.43393 moveto
114.51718 112.87813 114.12527 113.3056 113.71544 113.71544 curveto
113.3056 114.12527 112.87782 114.51718 112.43362 114.88992 curveto
111.98975 115.26268 111.52974 115.61536 111.05482 115.94797 curveto
110.57993 116.28058 110.09074 116.59222 109.58878 116.88196 curveto
109.0868 117.1717 108.57239 117.43956 108.04701 117.68462 curveto
107.52164 117.92967 106.98563 118.15161 106.4408 118.34984 curveto
105.89597 118.54808 105.34293 118.7226 104.7829 118.87248 curveto
104.22318 119.02237 103.65706 119.14793 103.08638 119.24857 curveto
102.5154 119.34921 101.94048 119.42522 101.36281 119.4757 curveto
100.78514 119.52615 100.20595 119.55139 99.62616 119.55139 curveto
99.04637 119.55139 98.46718 119.52615 97.88951 119.4757 curveto
97.31184 119.42522 96.73692 119.34921 96.16594 119.24857 curveto
95.59526 119.14793 95.02914 119.02237 94.46942 118.87248 curveto
93.9094 118.7226 93.35635 118.54808 92.81152 118.34984 curveto
92.2667 118.15161 91.73068 117.92967 91.2053 117.68462 curveto
90.67993 117.43956 90.16551 117.1717 89.66354 116.88196 curveto
89.16158 116.59222 88.6724 116.28058 88.1975 115.94797 curveto
87.72258 115.61536 87.26257 115.26268 86.8187 114.88992 curveto
86.3745 114.51718 85.94672 114.12527 85.53688 113.71544 curveto
85.12704 113.3056 84.73514 112.87813 84.3627 112.43393 curveto stroke
newpath 87.42816 113.76407 moveto
86.25394 113.82784 85.11824 113.33504 84.3627 112.43393 curveto
85.11824 113.33504 85.40543 114.53929 85.13785 115.68439 curveto stroke
newpath 114.11447 115.68439 moveto
113.8469 114.53929 114.13408 113.33504 114.88962 112.43393 curveto
114.13408 113.33504 112.99838 113.82784 111.82416 113.76407 curveto stroke
newpath 80.90248 106.4411 moveto
80.70424 105.89627 80.52972 105.34323 80.37984 104.7832 curveto
80.22964 104.22318 80.10439 103.65706 80.00375 103.08607 curveto
79.9031 102.5151 79.8271 101.94048 79.77663 101.36281 curveto
79.72617 100.78514 79.70093 100.20595 79.70093 99.62616 curveto
79.70093 99.04637 79.72617 98.46718 79.77663 97.88951 curveto
79.8271 97.31184 79.9031 96.73721 80.00375 96.16624 curveto
80.10439 95.59526 80.22964 95.02914 80.37984 94.46912 curveto
80.52972 93.90909 80.70424 93.35605 80.90248 92.81122 curveto stroke
newpath 81.28484 96.13084 moveto
80.64204 95.14615 80.50038 93.91628 80.90248 92.81122 curveto
80.50038 93.91628 79.60149 94.76752 78.47618 95.10887 curveto stroke
newpath 78.47618 104.14345 moveto
79.60149 104.4848 80.50038 105.33604 80.90248 106.4411 curveto
80.50038 105.33604 80.64204 104.10617 81.28484 103.12148 curveto stroke
newpath 99.62616 99.62616 moveto
185.90276 149.43771 lineto stroke
newpath 180.34348 149.10403 moveto
182.14581 148.33414 184.20544 148.45776 185.90276 149.43771 curveto
184.20544 148.45776 183.06857 146.7359 182.83414 144.79007 curveto
 closepath fill
newpath 99.62616 99.62616 moveto
-3.90564 159.40063 lineto stroke
newpath -0.83702 154.75299 moveto
-1.07146 156.69882 -2.20833 158.42068 -3.90564 159.40063 curveto
-2.20833 158.42068 -0.1487 158.29706 1.65364 159.06696 curveto
 closepath fill
newpath 13.59863 49.8146 moveto
13.59863 49.88066 13.57239 49.94402 13.52568 49.99072 curveto
13.47897 50.03743 13.41562 50.06367 13.34956 50.06367 curveto
13.28351 50.06367 13.22015 50.03743 13.17345 49.99072 curveto
13.12674 49.94402 13.1005 49.88066 13.1005 49.8146 curveto
13.1005 49.74855 13.12674 49.6852 13.17345 49.63849 curveto
13.22015 49.59178 13.28351 49.56554 13.34956 49.56554 curveto
13.41562 49.56554 13.47897 49.59178 13.52568 49.63849 curveto
13.57239 49.6852 13.59863 49.74855 13.59863 49.8146 curveto closepath fill
newpath 16.21315 51.32408 moveto
16.21315 51.39014 16.1869 51.45349 16.1402 51.5002 curveto
16.09349 51.5469 16.03014 51.57315 15.96408 51.57315 curveto
15.89803 51.57315 15.83467 51.5469 15.78796 51.5002 curveto
15.74126 51.45349 15.71501 51.39014 15.71501 51.32408 curveto
15.71501 51.25803 15.74126 51.19467 15.78796 51.14796 curveto
15.83467 51.10126 15.89803 51.07501 15.96408 51.07501 curveto
16.03014 51.07501 16.09349 51.10126 16.1402 51.14796 curveto
16.1869 51.19467 16.21315 51.25803 16.21315 51.32408 curveto closepath fill
newpath 18.8277 52.8336 moveto
18.8277 52.89966 18.80145 52.96301 18.75475 53.00972 curveto
18.70804 53.05643 18.64468 53.08267 18.57863 53.08267 curveto
18.51257 53.08267 18.44922 53.05643 18.40251 53.00972 curveto
18.3558 52.96301 18.32956 52.89966 18.32956 52.8336 curveto
18.32956 52.76755 18.3558 52.7042 18.40251 52.65749 curveto
18.44922 52.61078 18.51257 52.58453 18.57863 52.58453 curveto
18.64468 52.58453 18.70804 52.61078 18.75475 52.65749 curveto
18.80145 52.7042 18.8277 52.76755 18.8277 52.8336 curveto closepath fill
newpath 21.44223 54.34308 moveto
21.44223 54.40913 21.41599 54.47249 21.36928 54.5192 curveto
21.32257 54.5659 21.25922 54.59215 21.19316 54.59215 curveto
21.1271 54.59215 21.06375 54.5659 21.01704 54.5192 curveto
20.97034 54.47249 20.94409 54.40913 20.94409 54.34308 curveto
20.94409 54.27702 20.97034 54.21367 21.01704 54.16696 curveto
21.06375 54.12025 21.1271 54.09401 21.19316 54.09401 curveto
21.25922 54.09401 21.32257 54.12025 21.36928 54.16696 curveto
21.41599 54.21367 21.44223 54.27702 21.44223 54.34308 curveto closepath fill
newpath 24.05675 55.85257 moveto
24.05675 55.91862 24.0305 55.98198 23.9838 56.02869 curveto
23.93709 56.0754 23.87373 56.10164 23.80768 56.10164 curveto
23.74162 56.10164 23.67827 56.0754 23.63156 56.02869 curveto
23.58485 55.98198 23.55861 55.91862 23.55861 55.85257 curveto
23.55861 55.78651 23.58485 55.72316 23.63156 55.67645 curveto
23.67827 55.62975 23.74162 55.6035 23.80768 55.6035 curveto
23.87373 55.6035 23.93709 55.62975 23.9838 55.67645 curveto
24.0305 55.72316 24.05675 55.78651 24.05675 55.85257 curveto closepath fill
newpath 26.67128 57.36206 moveto
26.67128 57.42812 26.64503 57.49147 26.59833 57.53818 curveto
26.55162 57.58488 26.48827 57.61113 26.42221 57.61113 curveto
26.35616 57.61113 26.2928 57.58488 26.2461 57.53818 curveto
26.19939 57.49147 26.17314 57.42812 26.17314 57.36206 curveto
26.17314 57.296 26.19939 57.23265 26.2461 57.18594 curveto
26.2928 57.13924 26.35616 57.11299 26.42221 57.11299 curveto
26.48827 57.11299 26.55162 57.13924 26.59833 57.18594 curveto
26.64503 57.23265 26.67128 57.296 26.67128 57.36206 curveto closepath fill
newpath 29.2858 58.87155 moveto
29.2858 58.9376 29.25955 59.00096 29.21284 59.04767 curveto
29.16614 59.09438 29.10278 59.12062 29.03673 59.12062 curveto
28.97067 59.12062 28.90732 59.09438 28.86061 59.04767 curveto
28.8139 59.00096 28.78766 58.9376 28.78766 58.87155 curveto
28.78766 58.8055 28.8139 58.74214 28.86061 58.69543 curveto
28.90732 58.64873 28.97067 58.62248 29.03673 58.62248 curveto
29.10278 58.62248 29.16614 58.64873 29.21284 58.69543 curveto
29.25955 58.74214 29.2858 58.8055 29.2858 58.87155 curveto closepath fill
newpath 31.90031 60.38104 moveto
31.90031 60.4471 31.87407 60.51045 31.82736 60.55716 curveto
31.78065 60.60387 31.7173 60.63011 31.65125 60.63011 curveto
31.58519 60.63011 31.52184 60.60387 31.47513 60.55716 curveto
31.42842 60.51045 31.40218 60.4471 31.40218 60.38104 curveto
31.40218 60.31499 31.42842 60.25163 31.47513 60.20493 curveto
31.52184 60.15822 31.58519 60.13197 31.65125 60.13197 curveto
31.7173 60.13197 31.78065 60.15822 31.82736 60.20493 curveto
31.87407 60.25163 31.90031 60.31499 31.90031 60.38104 curveto closepath fill
newpath 34.51485 61.89052 moveto
34.51485 61.95657 34.4886 62.01993 34.4419 62.06664 curveto
34.39519 62.11334 34.33183 62.13959 34.26578 62.13959 curveto
34.19972 62.13959 34.13637 62.11334 34.08966 62.06664 curveto
34.04295 62.01993 34.01671 61.95657 34.01671 61.89052 curveto
34.01671 61.82446 34.04295 61.76111 34.08966 61.7144 curveto
34.13637 61.6677 34.19972 61.64145 34.26578 61.64145 curveto
34.33183 61.64145 34.39519 61.6677 34.4419 61.7144 curveto
34.4886 61.76111 34.51485 61.82446 34.51485 61.89052 curveto closepath fill
newpath 37.12804 63.39925 moveto
37.12804 63.4653 37.10179 63.52866 37.05508 63.57536 curveto
37.00838 63.62207 36.94502 63.64832 36.87897 63.64832 curveto
36.81291 63.64832 36.74956 63.62207 36.70285 63.57536 curveto
36.65614 63.52866 36.6299 63.4653 36.6299 63.39925 curveto
36.6299 63.33319 36.65614 63.26984 36.70285 63.22313 curveto
36.74956 63.17642 36.81291 63.15018 36.87897 63.15018 curveto
36.94502 63.15018 37.00838 63.17642 37.05508 63.22313 curveto
37.10179 63.26984 37.12804 63.33319 37.12804 63.39925 curveto closepath fill
newpath 39.74257 64.90874 moveto
39.74257 64.9748 39.71632 65.03815 39.66962 65.08485 curveto
39.62291 65.13156 39.55956 65.1578 39.4935 65.1578 curveto
39.42744 65.1578 39.36409 65.13156 39.31738 65.08485 curveto
39.27068 65.03815 39.24443 64.9748 39.24443 64.90874 curveto
39.24443 64.84268 39.27068 64.77933 39.31738 64.73262 curveto
39.36409 64.68591 39.42744 64.65967 39.4935 64.65967 curveto
39.55956 64.65967 39.62291 64.68591 39.66962 64.73262 curveto
39.71632 64.77933 39.74257 64.84268 39.74257 64.90874 curveto closepath fill
newpath 42.35709 66.41821 moveto
42.35709 66.48427 42.33084 66.54762 42.28413 66.59433 curveto
42.23743 66.64104 42.17407 66.66728 42.10802 66.66728 curveto
42.04196 66.66728 41.9786 66.64104 41.9319 66.59433 curveto
41.8852 66.54762 41.85895 66.48427 41.85895 66.41821 curveto
41.85895 66.35216 41.8852 66.2888 41.9319 66.2421 curveto
41.9786 66.19539 42.04196 66.16914 42.10802 66.16914 curveto
42.17407 66.16914 42.23743 66.19539 42.28413 66.2421 curveto
42.33084 66.2888 42.35709 66.35216 42.35709 66.41821 curveto closepath fill
newpath 44.97159 67.9277 moveto
44.97159 67.99376 44.94534 68.05711 44.89864 68.10382 curveto
44.85193 68.15053 44.78857 68.17677 44.72252 68.17677 curveto
44.65646 68.17677 44.59311 68.15053 44.5464 68.10382 curveto
44.4997 68.05711 44.47345 67.99376 44.47345 67.9277 curveto
44.47345 67.86165 44.4997 67.7983 44.5464 67.75159 curveto
44.59311 67.70488 44.65646 67.67863 44.72252 67.67863 curveto
44.78857 67.67863 44.85193 67.70488 44.89864 67.75159 curveto
44.94534 67.7983 44.97159 67.86165 44.97159 67.9277 curveto closepath fill
newpath 47.5861 69.43718 moveto
47.5861 69.50323 47.55986 69.56659 47.51315 69.6133 curveto
47.46645 69.66 47.40309 69.68625 47.33704 69.68625 curveto
47.27098 69.68625 47.20763 69.66 47.16092 69.6133 curveto
47.11421 69.56659 47.08797 69.50323 47.08797 69.43718 curveto
47.08797 69.37112 47.11421 69.30777 47.16092 69.26106 curveto
47.20763 69.21436 47.27098 69.18811 47.33704 69.18811 curveto
47.40309 69.18811 47.46645 69.21436 47.51315 69.26106 curveto
47.55986 69.30777 47.5861 69.37112 47.5861 69.43718 curveto closepath fill
newpath 50.20064 70.94667 moveto
50.20064 71.01273 50.1744 71.07608 50.12769 71.12279 curveto
50.08098 71.1695 50.01762 71.19574 49.95157 71.19574 curveto
49.88551 71.19574 49.82216 71.1695 49.77545 71.12279 curveto
49.72874 71.07608 49.7025 71.01273 49.7025 70.94667 curveto
49.7025 70.88062 49.72874 70.81726 49.77545 70.77055 curveto
49.82216 70.72385 49.88551 70.6976 49.95157 70.6976 curveto
50.01762 70.6976 50.08098 70.72385 50.12769 70.77055 curveto
50.1744 70.81726 50.20064 70.88062 50.20064 70.94667 curveto closepath fill
newpath 52.81514 72.45615 moveto
52.81514 72.5222 52.7889 72.58556 52.74219 72.63226 curveto
52.69548 72.67897 52.63213 72.70522 52.56607 72.70522 curveto
52.50002 72.70522 52.43666 72.67897 52.38995 72.63226 curveto
52.34325 72.58556 52.317 72.5222 52.317 72.45615 curveto
52.317 72.39009 52.34325 72.32674 52.38995 72.28003 curveto
52.43666 72.23332 52.50002 72.20708 52.56607 72.20708 curveto
52.63213 72.20708 52.69548 72.23332 52.74219 72.28003 curveto
52.7889 72.32674 52.81514 72.39009 52.81514 72.45615 curveto closepath fill
newpath 55.42966 73.96564 moveto
55.42966 74.0317 55.40341 74.09505 55.3567 74.14175 curveto
55.31 74.18846 55.24664 74.2147 55.18059 74.2147 curveto
55.11453 74.2147 55.05118 74.18846 55.00447 74.14175 curveto
54.95776 74.09505 54.93152 74.0317 54.93152 73.96564 curveto
54.93152 73.89958 54.95776 73.83623 55.00447 73.78952 curveto
55.05118 73.74281 55.11453 73.71657 55.18059 73.71657 curveto
55.24664 73.71657 55.31 73.74281 55.3567 73.78952 curveto
55.40341 73.83623 55.42966 73.89958 55.42966 73.96564 curveto closepath fill
newpath 58.0442 75.47513 moveto
58.0442 75.54118 58.01796 75.60454 57.97125 75.65125 curveto
57.92455 75.69795 57.86119 75.7242 57.79514 75.7242 curveto
57.72908 75.7242 57.66573 75.69795 57.61902 75.65125 curveto
57.57231 75.60454 57.54607 75.54118 57.54607 75.47513 curveto
57.54607 75.40907 57.57231 75.34572 57.61902 75.29901 curveto
57.66573 75.2523 57.72908 75.22606 57.79514 75.22606 curveto
57.86119 75.22606 57.92455 75.2523 57.97125 75.29901 curveto
58.01796 75.34572 58.0442 75.40907 58.0442 75.47513 curveto closepath fill
newpath 60.65872 76.9846 moveto
60.65872 77.05066 60.63248 77.11401 60.58577 77.16072 curveto
60.53906 77.20743 60.47571 77.23367 60.40965 77.23367 curveto
60.3436 77.23367 60.28024 77.20743 60.23354 77.16072 curveto
60.18683 77.11401 60.16058 77.05066 60.16058 76.9846 curveto
60.16058 76.91855 60.18683 76.8552 60.23354 76.80849 curveto
60.28024 76.76178 60.3436 76.73553 60.40965 76.73553 curveto
60.47571 76.73553 60.53906 76.76178 60.58577 76.80849 curveto
60.63248 76.8552 60.65872 76.91855 60.65872 76.9846 curveto closepath fill
newpath 63.27322 78.49408 moveto
63.27322 78.56013 63.24698 78.62349 63.20027 78.6702 curveto
63.15356 78.7169 63.09021 78.74315 63.02415 78.74315 curveto
62.9581 78.74315 62.89474 78.7169 62.84804 78.6702 curveto
62.80133 78.62349 62.77509 78.56013 62.77509 78.49408 curveto
62.77509 78.42802 62.80133 78.36467 62.84804 78.31796 curveto
62.89474 78.27126 62.9581 78.24501 63.02415 78.24501 curveto
63.09021 78.24501 63.15356 78.27126 63.20027 78.31796 curveto
63.24698 78.36467 63.27322 78.42802 63.27322 78.49408 curveto closepath fill
newpath 65.88776 80.00357 moveto
65.88776 80.06963 65.86151 80.13298 65.8148 80.17969 curveto
65.7681 80.2264 65.70474 80.25264 65.63869 80.25264 curveto
65.57263 80.25264 65.50928 80.2264 65.46257 80.17969 curveto
65.41586 80.13298 65.38962 80.06963 65.38962 80.00357 curveto
65.38962 79.93752 65.41586 79.87416 65.46257 79.82745 curveto
65.50928 79.78075 65.57263 79.7545 65.63869 79.7545 curveto
65.70474 79.7545 65.7681 79.78075 65.8148 79.82745 curveto
65.86151 79.87416 65.88776 79.93752 65.88776 80.00357 curveto closepath fill
newpath 68.50227 81.51305 moveto
68.50227 81.5791 68.47603 81.64246 68.42932 81.68916 curveto
68.38261 81.73587 68.31926 81.76212 68.2532 81.76212 curveto
68.18715 81.76212 68.1238 81.73587 68.07709 81.68916 curveto
68.03038 81.64246 68.00414 81.5791 68.00414 81.51305 curveto
68.00414 81.44699 68.03038 81.38364 68.07709 81.33693 curveto
68.1238 81.29022 68.18715 81.26398 68.2532 81.26398 curveto
68.31926 81.26398 68.38261 81.29022 68.42932 81.33693 curveto
68.47603 81.38364 68.50227 81.44699 68.50227 81.51305 curveto closepath fill
newpath 71.11678 83.02254 moveto
71.11678 83.0886 71.09053 83.15195 71.04382 83.19865 curveto
70.99712 83.24536 70.93376 83.2716 70.8677 83.2716 curveto
70.80165 83.2716 70.7383 83.24536 70.69159 83.19865 curveto
70.64488 83.15195 70.61864 83.0886 70.61864 83.02254 curveto
70.61864 82.95648 70.64488 82.89313 70.69159 82.84642 curveto
70.7383 82.79971 70.80165 82.77347 70.8677 82.77347 curveto
70.93376 82.77347 70.99712 82.79971 71.04382 82.84642 curveto
71.09053 82.89313 71.11678 82.95648 71.11678 83.02254 curveto closepath fill
newpath 73.7313 84.53201 moveto
73.7313 84.59807 73.70505 84.66142 73.65834 84.70813 curveto
73.61163 84.75484 73.54828 84.78108 73.48222 84.78108 curveto
73.41617 84.78108 73.35281 84.75484 73.3061 84.70813 curveto
73.2594 84.66142 73.23315 84.59807 73.23315 84.53201 curveto
73.23315 84.46596 73.2594 84.4026 73.3061 84.3559 curveto
73.35281 84.30919 73.41617 84.28294 73.48222 84.28294 curveto
73.54828 84.28294 73.61163 84.30919 73.65834 84.3559 curveto
73.70505 84.4026 73.7313 84.46596 73.7313 84.53201 curveto closepath fill
newpath 76.34583 86.0415 moveto
76.34583 86.10756 76.31958 86.17091 76.27287 86.21762 curveto
76.22617 86.26433 76.16281 86.29057 76.09676 86.29057 curveto
76.0307 86.29057 75.96735 86.26433 75.92064 86.21762 curveto
75.87393 86.17091 75.84769 86.10756 75.84769 86.0415 curveto
75.84769 85.97545 75.87393 85.9121 75.92064 85.86539 curveto
75.96735 85.81868 76.0307 85.79243 76.09676 85.79243 curveto
76.16281 85.79243 76.22617 85.81868 76.27287 85.86539 curveto
76.31958 85.9121 76.34583 85.97545 76.34583 86.0415 curveto closepath fill
newpath 78.96033 87.551 moveto
78.96033 87.61705 78.93408 87.6804 78.88737 87.72711 curveto
78.84067 87.77382 78.77731 87.80006 78.71126 87.80006 curveto
78.6452 87.80006 78.58185 87.77382 78.53514 87.72711 curveto
78.48843 87.6804 78.46219 87.61705 78.46219 87.551 curveto
78.46219 87.48494 78.48843 87.42159 78.53514 87.37488 curveto
78.58185 87.32817 78.6452 87.30193 78.71126 87.30193 curveto
78.77731 87.30193 78.84067 87.32817 78.88737 87.37488 curveto
78.93408 87.42159 78.96033 87.48494 78.96033 87.551 curveto closepath fill
newpath 81.57486 89.06047 moveto
81.57486 89.12653 81.54861 89.18988 81.5019 89.23659 curveto
81.4552 89.2833 81.39185 89.30954 81.32579 89.30954 curveto
81.25974 89.30954 81.19638 89.2833 81.14967 89.23659 curveto
81.10297 89.18988 81.07672 89.12653 81.07672 89.06047 curveto
81.07672 88.99442 81.10297 88.93106 81.14967 88.88435 curveto
81.19638 88.83765 81.25974 88.8114 81.32579 88.8114 curveto
81.39185 88.8114 81.4552 88.83765 81.5019 88.88435 curveto
81.54861 88.93106 81.57486 88.99442 81.57486 89.06047 curveto closepath fill
newpath 84.18806 90.5692 moveto
84.18806 90.63525 84.16182 90.69861 84.11511 90.74532 curveto
84.0684 90.79202 84.00505 90.81827 83.939 90.81827 curveto
83.87294 90.81827 83.80959 90.79202 83.76288 90.74532 curveto
83.71617 90.69861 83.68993 90.63525 83.68993 90.5692 curveto
83.68993 90.50314 83.71617 90.43979 83.76288 90.39308 curveto
83.80959 90.34637 83.87294 90.32013 83.939 90.32013 curveto
84.00505 90.32013 84.0684 90.34637 84.11511 90.39308 curveto
84.16182 90.43979 84.18806 90.50314 84.18806 90.5692 curveto closepath fill
newpath 86.80258 92.07869 moveto
86.80258 92.14474 86.77634 92.2081 86.72963 92.2548 curveto
86.68292 92.30151 86.61957 92.32776 86.55351 92.32776 curveto
86.48746 92.32776 86.4241 92.30151 86.3774 92.2548 curveto
86.33069 92.2081 86.30444 92.14474 86.30444 92.07869 curveto
86.30444 92.01263 86.33069 91.94928 86.3774 91.90257 curveto
86.4241 91.85587 86.48746 91.82962 86.55351 91.82962 curveto
86.61957 91.82962 86.68292 91.85587 86.72963 91.90257 curveto
86.77634 91.94928 86.80258 92.01263 86.80258 92.07869 curveto closepath fill
newpath 89.41711 93.5882 moveto
89.41711 93.65425 89.39087 93.7176 89.34416 93.76431 curveto
89.29745 93.81102 89.2341 93.83727 89.16805 93.83727 curveto
89.10199 93.83727 89.03864 93.81102 88.99193 93.76431 curveto
88.94522 93.7176 88.91898 93.65425 88.91898 93.5882 curveto
88.91898 93.52214 88.94522 93.45879 88.99193 93.41208 curveto
89.03864 93.36537 89.10199 93.33913 89.16805 93.33913 curveto
89.2341 93.33913 89.29745 93.36537 89.34416 93.41208 curveto
89.39087 93.45879 89.41711 93.52214 89.41711 93.5882 curveto closepath fill
newpath 92.03163 95.09769 moveto
92.03163 95.16374 92.00539 95.2271 91.95868 95.2738 curveto
91.91197 95.32051 91.84862 95.34676 91.78256 95.34676 curveto
91.7165 95.34676 91.65315 95.32051 91.60645 95.2738 curveto
91.55974 95.2271 91.5335 95.16374 91.5335 95.09769 curveto
91.5335 95.03163 91.55974 94.96828 91.60645 94.92157 curveto
91.65315 94.87486 91.7165 94.84862 91.78256 94.84862 curveto
91.84862 94.84862 91.91197 94.87486 91.95868 94.92157 curveto
92.00539 94.96828 92.03163 95.03163 92.03163 95.09769 curveto closepath fill
newpath 94.64616 96.60716 moveto
94.64616 96.67322 94.61992 96.73657 94.57321 96.78328 curveto
94.5265 96.82999 94.46315 96.85623 94.3971 96.85623 curveto
94.33104 96.85623 94.26768 96.82999 94.22098 96.78328 curveto
94.17427 96.73657 94.14803 96.67322 94.14803 96.60716 curveto
94.14803 96.5411 94.17427 96.47775 94.22098 96.43105 curveto
94.26768 96.38434 94.33104 96.3581 94.3971 96.3581 curveto
94.46315 96.3581 94.5265 96.38434 94.57321 96.43105 curveto
94.61992 96.47775 94.64616 96.5411 94.64616 96.60716 curveto closepath fill
newpath 97.26071 98.11668 moveto
97.26071 98.18274 97.23447 98.2461 97.18776 98.2928 curveto
97.14105 98.33951 97.0777 98.36575 97.01164 98.36575 curveto
96.94559 98.36575 96.88223 98.33951 96.83553 98.2928 curveto
96.78882 98.2461 96.76257 98.18274 96.76257 98.11668 curveto
96.76257 98.05063 96.78882 97.98727 96.83553 97.94057 curveto
96.88223 97.89386 96.94559 97.86761 97.01164 97.86761 curveto
97.0777 97.86761 97.14105 97.89386 97.18776 97.94057 curveto
97.23447 97.98727 97.26071 98.05063 97.26071 98.11668 curveto closepath fill
newpath 99.87523 99.62616 moveto
99.87523 99.69221 99.84898 99.75557 99.80228 99.80228 curveto
99.75557 99.84898 99.69221 99.87523 99.62616 99.87523 curveto
99.5601 99.87523 99.49675 99.84898 99.45004 99.80228 curveto
99.40334 99.75557 99.37709 99.69221 99.37709 99.62616 curveto
99.37709 99.5601 99.40334 99.49675 99.45004 99.45004 curveto
99.49675 99.40334 99.5601 99.37709 99.62616 99.37709 curveto
99.69221 99.37709 99.75557 99.40334 99.80228 99.45004 curveto
99.84898 99.49675 99.87523 99.5601 99.87523 99.62616 curveto closepath fill
newpath -3.90564 159.40063 moveto
-2.91037 157.67679 lineto stroke
newpath -0.9191 154.22774 moveto
1.07195 150.77913 lineto stroke
newpath 3.0627 147.33101 moveto
5.05388 143.88213 lineto stroke
newpath 7.0453 140.43292 moveto
9.03575 136.98541 lineto stroke
newpath 11.02711 133.53622 moveto
13.01784 130.08821 lineto stroke
newpath 15.00893 126.63951 moveto
16.99997 123.1909 lineto stroke
newpath 18.99075 119.7428 moveto
20.98189 116.29405 lineto stroke
newpath 22.97337 112.84473 moveto
24.964 109.39685 lineto stroke
newpath 26.95518 105.94803 moveto
28.94568 102.50043 lineto stroke
newpath 30.93701 99.05132 moveto
32.92822 95.60243 lineto stroke
newpath 34.91882 92.1546 moveto
36.91011 88.70557 lineto stroke
newpath 38.90143 85.25653 moveto
40.89192 81.80884 lineto stroke
newpath 42.88322 78.35979 moveto
44.87372 74.91214 lineto stroke
newpath 46.86499 71.46307 moveto
47.86026 69.73923 lineto stroke
newpath 52.17421 72.22987 moveto
49.68356 76.54352 lineto
45.36961 74.05287 lineto stroke
 0 1.24533 dtransform truncate idtransform setlinewidth pop
newpath 99.62616 99.62616 moveto
47.86026 69.73923 lineto stroke
newpath 53.41954 70.0729 moveto
51.6172 70.8428 49.55757 70.71918 47.86026 69.73923 curveto
49.55757 70.71918 50.69444 72.44104 50.92888 74.38687 curveto
 closepath fill
showpage
%%EOF
