%!PS
%%BoundingBox: 72 72 151 153 
%%HiResBoundingBox: 72.7271 72.22896 150.0619 152.99341 
%%Creator: MetaPost 2.000
%%CreationDate: 2017.06.22:1142
%%Pages: 1
%%BeginProlog
%%EndProlog
%%Page: 1 1
 0 0 0 setrgbcolor
newpath 74.71962 76.71214 moveto
74.19115 76.71214 73.68439 76.50218 73.31071 76.12852 curveto
72.93706 75.75485 72.7271 75.2481 72.7271 74.71962 curveto
72.7271 74.19115 72.93706 73.68439 73.31071 73.31071 curveto
73.68439 72.93706 74.19115 72.7271 74.71962 72.7271 curveto
75.2481 72.7271 75.75485 72.93706 76.12852 73.31071 curveto
76.50218 73.68439 76.71214 74.19115 76.71214 74.71962 curveto
76.71214 75.2481 76.50218 75.75485 76.12852 76.12852 curveto
75.75485 76.50218 75.2481 76.71214 74.71962 76.71214 curveto closepath fill
 0 0.49814 dtransform truncate idtransform setlinewidth pop [] 0 setdash 1 setlinecap 1 setlinejoin
 10 setmiterlimit
newpath 89.55226 76.54086 moveto
89.498 76.98187 89.42412 77.42036 89.33086 77.85498 curveto
89.2376 78.2896 89.12494 78.71965 88.99338 79.14424 curveto
88.8618 79.56882 88.7113 79.98703 88.54257 80.39816 curveto
88.3736 80.80928 88.18639 81.21266 87.98163 81.60715 curveto
87.77686 82.00163 87.55453 82.38655 87.31532 82.76118 curveto
87.07613 83.13583 86.82051 83.49954 86.54893 83.85138 curveto
86.27736 84.20323 85.99026 84.54253 85.68837 84.86884 curveto
85.38646 85.19492 85.07042 85.50754 84.74069 85.80557 curveto
84.41096 86.10359 84.06824 86.38681 83.7132 86.65428 curveto stroke
newpath 85.20116 83.6623 moveto
85.20369 84.83823 84.65242 85.9467 83.7132 86.65428 curveto
84.65242 85.9467 85.86998 85.72263 86.99956 86.04947 curveto stroke
newpath 90.67052 79.68979 moveto
89.82295 78.87463 89.40866 77.70801 89.55226 76.54086 curveto
89.40866 77.70801 88.72392 78.73941 87.70406 79.3248 curveto stroke
 0 1.24533 dtransform truncate idtransform setlinewidth pop
newpath 74.71962 74.71962 moveto
149.43924 74.71962 lineto stroke
newpath 144.45793 77.21028 moveto
145.63387 75.64236 147.47935 74.71962 149.43924 74.71962 curveto
147.47935 74.71962 145.63387 73.79688 144.45793 72.22896 curveto
 closepath fill
newpath 74.71962 74.71962 moveto
119.55139 152.37074 lineto stroke
newpath 114.90375 149.30212 moveto
116.84958 149.53656 118.57144 150.67343 119.55139 152.37074 curveto
118.57144 150.67343 118.44781 148.6138 119.21771 146.81146 curveto
 closepath fill
showpage
%%EOF
