%!PS
%%BoundingBox: 14 55 150 109 
%%HiResBoundingBox: 14.43143 55.52722 149.68831 108.85594 
%%Creator: MetaPost 2.000
%%CreationDate: 2017.06.22:1142
%%Pages: 1
%%BeginProlog
%%EndProlog
%%Page: 1 1
 0 0 0 setrgbcolor 0 0.49814 dtransform truncate idtransform setlinewidth pop [] 0 setdash 1 setlinecap
 1 setlinejoin 10 setmiterlimit
newpath 74.71962 74.71962 moveto
76.79466 74.71962 lineto stroke
newpath 80.94589 74.71962 moveto
85.09712 74.71962 lineto stroke
newpath 89.24832 74.71962 moveto
93.39969 74.71962 lineto stroke
newpath 97.55075 74.71962 moveto
101.70193 74.71962 lineto stroke
newpath 105.85318 74.71962 moveto
110.00455 74.71962 lineto stroke
newpath 114.15561 74.71962 moveto
118.30656 74.71962 lineto stroke
newpath 122.4569 74.71962 moveto
126.60825 74.71962 lineto stroke
newpath 130.75932 74.71962 moveto
134.91055 74.71962 lineto stroke
newpath 139.06175 74.71962 moveto
143.21301 74.71962 lineto stroke
newpath 147.3642 74.71962 moveto
149.43924 74.71962 lineto stroke
newpath 104.49391 77.32458 moveto
104.41798 78.19063 104.3042 79.05325 104.15324 79.9095 curveto
104.00229 80.76573 103.81416 81.61536 103.5891 82.45518 curveto
103.36404 83.29523 103.1025 84.12479 102.80515 84.94203 curveto
102.5078 85.75905 102.17488 86.56285 101.80731 87.3509 curveto stroke
newpath 101.71634 84.01059 moveto
102.27068 85.04767 102.30438 86.2852 101.80731 87.3509 curveto
102.30438 86.2852 103.27419 85.51572 104.42499 85.27396 curveto stroke
newpath 105.72156 80.4325 moveto
104.84604 79.64746 104.3912 78.49603 104.49391 77.32458 curveto
104.3912 78.49603 103.74295 79.55075 102.74417 80.17145 curveto stroke
 0 1.025 dtransform truncate idtransform setlinewidth pop
newpath 74.71962 74.71962 moveto
126.48703 104.60747 lineto stroke
newpath 127.02336 104.60747 moveto
130.75934 104.60747 lineto
130.75934 108.34344 lineto
127.02336 108.34344 lineto
 closepath stroke
newpath 14.94392 74.71962 moveto
74.71962 74.71962 lineto
74.71962 104.60747 lineto
14.94392 104.60747 lineto
 closepath stroke
 1 1 1 setrgbcolor
newpath 41.0958 67.24765 moveto
41.0958 70.22043 39.91484 73.07098 37.8129 75.17271 curveto
35.71118 77.27466 32.86063 78.4556 29.88785 78.4556 curveto
26.91507 78.4556 24.06451 77.27466 21.9628 75.17271 curveto
19.86086 73.07098 18.6799 70.22043 18.6799 67.24765 curveto
18.6799 64.27489 19.86086 61.42433 21.9628 59.3226 curveto
24.06451 57.22066 26.91507 56.03972 29.88785 56.03972 curveto
32.86063 56.03972 35.71118 57.22066 37.8129 59.3226 curveto
39.91484 61.42433 41.0958 64.27489 41.0958 67.24765 curveto closepath fill
 0 0 0 setrgbcolor
newpath 41.0958 67.24765 moveto
41.0958 70.22043 39.91484 73.07098 37.8129 75.17271 curveto
35.71118 77.27466 32.86063 78.4556 29.88785 78.4556 curveto
26.91507 78.4556 24.06451 77.27466 21.9628 75.17271 curveto
19.86086 73.07098 18.6799 70.22043 18.6799 67.24765 curveto
18.6799 64.27489 19.86086 61.42433 21.9628 59.3226 curveto
24.06451 57.22066 26.91507 56.03972 29.88785 56.03972 curveto
32.86063 56.03972 35.71118 57.22066 37.8129 59.3226 curveto
39.91484 61.42433 41.0958 64.27489 41.0958 67.24765 curveto closepath stroke
 1 1 1 setrgbcolor
newpath 70.98364 67.24765 moveto
70.98364 70.22043 69.80269 73.07098 67.70074 75.17271 curveto
65.59903 77.27466 62.74847 78.4556 59.7757 78.4556 curveto
56.80292 78.4556 53.95236 77.27466 51.85065 75.17271 curveto
49.7487 73.07098 48.56775 70.22043 48.56775 67.24765 curveto
48.56775 64.27489 49.7487 61.42433 51.85065 59.3226 curveto
53.95236 57.22066 56.80292 56.03972 59.7757 56.03972 curveto
62.74847 56.03972 65.59903 57.22066 67.70074 59.3226 curveto
69.80269 61.42433 70.98364 64.27489 70.98364 67.24765 curveto closepath fill
 0 0 0 setrgbcolor
newpath 70.98364 67.24765 moveto
70.98364 70.22043 69.80269 73.07098 67.70074 75.17271 curveto
65.59903 77.27466 62.74847 78.4556 59.7757 78.4556 curveto
56.80292 78.4556 53.95236 77.27466 51.85065 75.17271 curveto
49.7487 73.07098 48.56775 70.22043 48.56775 67.24765 curveto
48.56775 64.27489 49.7487 61.42433 51.85065 59.3226 curveto
53.95236 57.22066 56.80292 56.03972 59.7757 56.03972 curveto
62.74847 56.03972 65.59903 57.22066 67.70074 59.3226 curveto
69.80269 61.42433 70.98364 64.27489 70.98364 67.24765 curveto closepath stroke
newpath 59.7757 69.73831 moveto
59.1151 69.73831 58.48164 69.47585 58.01457 69.00877 curveto
57.5475 68.5417 57.28503 67.90825 57.28503 67.24765 curveto
57.28503 66.58705 57.5475 65.9536 58.01457 65.48653 curveto
58.48164 65.01945 59.1151 64.75699 59.7757 64.75699 curveto
60.4363 64.75699 61.06975 65.01945 61.53682 65.48653 curveto
62.00389 65.9536 62.26636 66.58705 62.26636 67.24765 curveto
62.26636 67.90825 62.00389 68.5417 61.53682 69.00877 curveto
61.06975 69.47585 60.4363 69.73831 59.7757 69.73831 curveto closepath fill
newpath 29.88785 69.73831 moveto
29.22725 69.73831 28.5938 69.47585 28.12672 69.00877 curveto
27.65965 68.5417 27.39719 67.90825 27.39719 67.24765 curveto
27.39719 66.58705 27.65965 65.9536 28.12672 65.48653 curveto
28.5938 65.01945 29.22725 64.75699 29.88785 64.75699 curveto
30.54845 64.75699 31.1819 65.01945 31.64897 65.48653 curveto
32.11604 65.9536 32.37851 66.58705 32.37851 67.24765 curveto
32.37851 67.90825 32.11604 68.5417 31.64897 69.00877 curveto
31.1819 69.47585 30.54845 69.73831 29.88785 69.73831 curveto closepath fill
showpage
%%EOF
