%!PS
%%BoundingBox: 97 97 154 222 
%%HiResBoundingBox: 97.63364 97.63364 153.3861 221.17007 
%%Creator: MetaPost 2.000
%%CreationDate: 2017.06.22:1142
%%Pages: 1
%%BeginProlog
%%EndProlog
%%Page: 1 1
 0 0 0 setrgbcolor
newpath 99.62616 101.61868 moveto
99.09769 101.61868 98.59093 101.40872 98.21725 101.03506 curveto
97.8436 100.66139 97.63364 100.15463 97.63364 99.62616 curveto
97.63364 99.09769 97.8436 98.59093 98.21725 98.21725 curveto
98.59093 97.8436 99.09769 97.63364 99.62616 97.63364 curveto
100.15463 97.63364 100.66139 97.8436 101.03506 98.21725 curveto
101.40872 98.59093 101.61868 99.09769 101.61868 99.62616 curveto
101.61868 100.15463 101.40872 100.66139 101.03506 101.03506 curveto
100.66139 101.40872 100.15463 101.61868 99.62616 101.61868 curveto closepath fill
newpath 151.39357 131.50653 moveto
150.8651 131.50653 150.35834 131.29657 149.98466 130.92291 curveto
149.61101 130.54924 149.40105 130.04248 149.40105 129.514 curveto
149.40105 128.98553 149.61101 128.47878 149.98466 128.1051 curveto
150.35834 127.73145 150.8651 127.52148 151.39357 127.52148 curveto
151.92204 127.52148 152.4288 127.73145 152.80247 128.1051 curveto
153.17613 128.47878 153.3861 128.98553 153.3861 129.514 curveto
153.3861 130.04248 153.17613 130.54924 152.80247 130.92291 curveto
152.4288 131.29657 151.92204 131.50653 151.39357 131.50653 curveto closepath fill
newpath 99.62616 221.17007 moveto
99.09769 221.17007 98.59093 220.96011 98.21725 220.58646 curveto
97.8436 220.21278 97.63364 219.70602 97.63364 219.17755 curveto
97.63364 218.64908 97.8436 218.14232 98.21725 217.76865 curveto
98.59093 217.39499 99.09769 217.18503 99.62616 217.18503 curveto
100.15463 217.18503 100.66139 217.39499 101.03506 217.76865 curveto
101.40872 218.14232 101.61868 218.64908 101.61868 219.17755 curveto
101.61868 219.70602 101.40872 220.21278 101.03506 220.58646 curveto
100.66139 220.96011 100.15463 221.17007 99.62616 221.17007 curveto closepath fill
 0 0.49814 dtransform truncate idtransform setlinewidth pop [] 0 setdash 1 setlinecap 1 setlinejoin
 10 setmiterlimit
newpath 114.88962 112.43393 moveto
114.51718 112.87813 114.12527 113.3056 113.71544 113.71544 curveto
113.3056 114.12527 112.87782 114.51718 112.43393 114.88962 curveto
111.98975 115.26237 111.52974 115.61536 111.05482 115.94797 curveto
110.57993 116.28058 110.09074 116.59222 109.58878 116.88196 curveto
109.0868 117.1717 108.57239 117.43956 108.04701 117.68462 curveto
107.52164 117.92967 106.98593 118.15161 106.4411 118.34984 curveto
105.89627 118.54808 105.34323 118.7226 104.7832 118.87248 curveto
104.22318 119.02267 103.65706 119.14793 103.08607 119.24857 curveto stroke
newpath 105.7701 117.2581 moveto
105.23854 118.30702 104.24416 119.04446 103.08607 119.24857 curveto
104.24416 119.04446 105.43074 119.3975 106.28886 120.20152 curveto stroke
newpath 114.11447 115.68439 moveto
113.8469 114.53929 114.13408 113.33504 114.88962 112.43393 curveto
114.13408 113.33504 112.99838 113.82784 111.82416 113.76407 curveto stroke
newpath 147.07811 127.02245 moveto
144.58775 131.3364 lineto
148.9014 133.82704 lineto stroke
 1.24533 0 dtransform exch truncate exch idtransform pop setlinewidth
newpath 99.62616 99.62616 moveto
99.62616 219.17451 lineto stroke
 0 1.24533 dtransform truncate idtransform setlinewidth pop
newpath 99.62616 219.17451 moveto
151.39206 129.51309 lineto stroke
newpath 99.62616 99.62616 moveto
151.39206 129.51309 lineto stroke
showpage
%%EOF
