%!PS
%%BoundingBox: -1 -1 173 101 
%%HiResBoundingBox: -0.62267 -0.62267 172.97626 100.24883 
%%Creator: MetaPost 2.000
%%CreationDate: 2017.06.19:1415
%%Pages: 1
%%BeginProlog
%%EndProlog
%%Page: 1 1
 0 0 0 setrgbcolor 0 0.49814 dtransform truncate idtransform setlinewidth pop [] 0 setdash 1 setlinecap
 1 setlinejoin 10 setmiterlimit
newpath 24.81229 2.1708 moveto
24.74844 2.89214 24.65419 3.61118 24.52802 4.32489 curveto
24.4026 5.03862 24.24527 5.74626 24.05829 6.4463 curveto
23.87054 7.14635 23.65239 7.83801 23.4046 8.51906 curveto
23.15681 9.2001 22.8794 9.86974 22.57307 10.52644 curveto stroke
newpath 22.48215 7.18611 moveto
23.03647 8.22319 23.07016 9.46074 22.57307 10.52644 curveto
23.07016 9.46074 24.03998 8.69127 25.1908 8.44951 curveto stroke
newpath 26.03737 5.27972 moveto
25.16248 4.49397 24.7086 3.34216 24.81229 2.1708 curveto
24.7086 3.34216 24.05948 4.39635 23.0602 5.0162 curveto stroke
newpath 70.07549 8.80562 moveto
69.81934 9.06177 69.55179 9.30727 69.27435 9.53986 curveto
68.99692 9.77245 68.70961 9.99362 68.41318 10.20113 curveto
68.11598 10.40863 67.81042 10.60397 67.4965 10.78488 curveto
67.1826 10.96577 66.86183 11.13376 66.53348 11.28653 curveto
66.20512 11.43932 65.86992 11.57841 65.5294 11.7023 curveto
65.18889 11.8262 64.84305 11.93565 64.49265 12.02914 curveto
64.143 12.12263 63.7888 12.20093 63.43233 12.264 curveto
63.07509 12.3271 62.71632 12.37422 62.35529 12.40614 curveto
61.99423 12.43806 61.63243 12.45328 61.26988 12.45328 curveto
60.90732 12.45328 60.54552 12.43806 60.18446 12.40614 curveto
59.82343 12.37422 59.46466 12.3271 59.10742 12.264 curveto
58.75095 12.20093 58.39674 12.12263 58.0471 12.02914 curveto
57.6967 11.93565 57.35086 11.8262 57.01035 11.7023 curveto
56.66983 11.57841 56.33539 11.43932 56.00703 11.28653 curveto
55.67868 11.13376 55.35716 10.96577 55.04324 10.78488 curveto
54.72932 10.60397 54.42377 10.40863 54.12657 10.20113 curveto
53.83014 9.99362 53.54283 9.77245 53.2654 9.53986 curveto
52.98796 9.30727 52.72041 9.06177 52.46426 8.80562 curveto
52.20811 8.54947 51.9626 8.2819 51.73003 8.00449 curveto
51.49744 7.72705 51.27625 7.43973 51.06874 7.1433 curveto
50.86124 6.8461 50.6659 6.54056 50.485 6.22664 curveto
50.3041 5.91272 50.13612 5.5912 49.98334 5.26285 curveto
49.83057 4.9345 49.69147 4.60005 49.56757 4.25952 curveto
49.44368 3.919 49.33423 3.57317 49.24074 3.22276 curveto
49.14725 2.87312 49.06895 2.51894 49.00587 2.16245 curveto
48.94278 1.8052 48.89566 1.44644 48.86372 1.0854 curveto stroke
newpath 50.61568 3.93088 moveto
49.61642 3.31097 48.96735 2.25676 48.86372 1.0854 curveto
48.96735 2.25676 48.51343 3.40854 47.6385 4.19424 curveto stroke
newpath 69.0188 11.97571 moveto
68.8525 10.8116 69.24397 9.63713 70.07549 8.80562 curveto
69.24397 9.63713 68.0695 10.02861 66.9054 9.8623 curveto stroke
 0 1.24533 dtransform truncate idtransform setlinewidth pop
newpath 0 0 moveto
172.35359 99.62616 lineto
61.26988 0 lineto
0 0 lineto stroke
showpage
%%EOF
