%!PS
%%BoundingBox: -1 -1 228 81 
%%HiResBoundingBox: -0.62267 -0.62267 227.77019 80.3236 
%%Creator: MetaPost 2.000
%%CreationDate: 2017.06.19:1415
%%Pages: 1
%%BeginProlog
%%EndProlog
%%Page: 1 1
 0 0 0 setrgbcolor 0 0.49814 dtransform truncate idtransform setlinewidth pop [] 0 setdash 1 setlinecap
 1 setlinejoin 10 setmiterlimit
newpath 49.62398 4.34161 moveto
49.4975 5.78517 49.30777 7.22266 49.05603 8.6498 curveto
48.80429 10.07693 48.49113 11.49313 48.11595 12.8929 curveto
47.74078 14.29268 47.3048 15.67543 46.80922 17.0375 curveto
46.31364 18.39897 45.75847 19.73856 45.14615 21.05199 curveto stroke
newpath 45.05457 17.7117 moveto
45.60909 18.74866 45.64302 19.98619 45.14615 21.05199 curveto
45.64302 19.98619 46.61269 19.21652 47.76343 18.97455 curveto stroke
newpath 50.8518 7.44943 moveto
49.97624 6.66446 49.52135 5.51306 49.62398 4.34161 curveto
49.52135 5.51306 48.87315 6.56781 47.87442 7.18857 curveto stroke
newpath 121.56107 68.27226 moveto
121.887 67.80708 122.23238 67.3559 122.5966 66.9199 curveto
122.96085 66.48392 123.34453 66.06375 123.74464 65.6606 curveto
124.14474 65.25745 124.56189 64.87193 124.99483 64.50465 curveto
125.42839 64.13737 125.87714 63.78835 126.34048 63.45938 curveto
126.80383 63.13042 127.28056 62.82152 127.77007 62.53268 curveto
128.25955 62.24446 128.7606 61.97691 129.27321 61.73125 curveto
129.78581 61.4856 130.30815 61.26242 130.8396 61.06177 curveto
131.37105 60.8611 131.91042 60.68294 132.45706 60.52849 curveto
133.00372 60.37404 133.55646 60.24269 134.11467 60.13507 curveto
134.67226 60.02744 135.23534 59.94414 135.80023 59.88454 curveto
136.36513 59.82495 136.93246 59.79028 137.5004 59.77934 curveto
138.06833 59.7684 138.63689 59.78178 139.2036 59.81947 curveto
139.77032 59.85718 140.33522 59.9192 140.89647 60.00494 curveto
141.45833 60.09068 142.01593 60.20013 142.56805 60.33391 curveto
143.12018 60.46707 143.66684 60.62517 144.20558 60.80516 curveto
144.74434 60.98515 145.27518 61.18884 145.7963 61.41444 curveto
146.31741 61.64005 146.8288 61.88753 147.32924 62.15689 curveto
147.82968 62.42627 148.31796 62.71632 148.79347 63.02765 curveto
149.26898 63.33838 149.7305 63.66977 150.17743 64.02063 curveto
150.62437 64.37149 151.0567 64.7412 151.47202 65.12854 curveto stroke
newpath 148.26709 64.18288 moveto
149.42468 63.97614 150.61206 64.32649 151.47202 65.12854 curveto
150.61206 64.32649 150.17993 63.16638 150.3056 61.99718 curveto stroke
newpath 122.0522 64.96698 moveto
122.4178 66.08463 122.23584 67.30919 121.56107 68.27226 curveto
122.23584 67.30919 123.32466 66.72003 124.49998 66.682 curveto stroke
newpath 202.66481 17.14331 moveto
202.16618 16.43065 201.69858 15.69733 201.26381 14.94392 curveto
200.82904 14.19113 200.42711 13.4195 200.05983 12.63144 curveto
199.69257 11.84337 199.35934 11.0395 199.062 10.22226 curveto
198.76465 9.40501 198.50317 8.5756 198.2782 7.73587 curveto
198.0532 6.89551 197.8647 6.04604 197.7139 5.18988 curveto
197.5631 4.33371 197.44939 3.47086 197.37338 2.60497 curveto stroke
newpath 199.12338 5.45164 moveto
198.12454 4.83105 197.4762 3.7764 197.37338 2.60497 curveto
197.4762 3.7764 197.02148 4.92786 196.14603 5.71297 curveto stroke
newpath 199.72693 15.55116 moveto
200.90224 15.58994 201.99066 16.17981 202.66481 17.14331 curveto
201.99066 16.17981 201.8095 14.95514 202.17581 13.83772 curveto stroke
 0 1.24533 dtransform truncate idtransform setlinewidth pop
newpath 0 0 moveto
137.88287 79.70093 lineto
227.14752 0 lineto
0 0 lineto stroke
showpage
%%EOF
