%!PS
%%BoundingBox: 22 102 240 253 
%%HiResBoundingBox: 22.91402 102.86392 239.96729 252.90105 
%%Creator: MetaPost 2.000
%%CreationDate: 2017.06.19:1415
%%Pages: 1
%%BeginProlog
%%EndProlog
%%Page: 1 1
 0 0 0 setrgbcolor 0 0.49814 dtransform truncate idtransform setlinewidth pop [] 0 setdash 1 setlinecap
 1 setlinejoin 10 setmiterlimit
newpath 136.89134 126.7035 moveto
136.82825 127.4256 136.73325 128.14388 136.60745 128.85759 curveto
136.48166 129.57132 136.32507 130.27896 136.13733 130.979 curveto
135.94997 131.67905 135.73183 132.37035 135.48404 133.05138 curveto
135.23625 133.73242 134.95882 134.40205 134.6525 135.05876 curveto
134.34619 135.71548 134.01137 136.35852 133.64919 136.98598 curveto
133.287 137.61342 132.89746 138.22491 132.48169 138.81854 curveto stroke
newpath 132.97227 135.51318 moveto
133.33807 136.63077 133.15631 137.85536 132.48169 138.81854 curveto
133.15631 137.85536 134.24503 137.26602 135.42033 137.22781 curveto stroke
newpath 138.11989 129.81104 moveto
137.24413 129.02626 136.78897 127.87497 136.89134 126.7035 curveto
136.78897 127.87497 136.14104 128.92986 135.14244 129.55084 curveto stroke
newpath 55.92152 127.24622 moveto
55.84247 128.14844 55.72389 129.04686 55.56656 129.93883 curveto
55.40923 130.83078 55.2135 131.71591 54.97902 132.59076 curveto
54.74452 133.46562 54.47203 134.32985 54.1623 135.18114 curveto
53.85257 136.03206 53.50558 136.8693 53.12288 137.69019 curveto stroke
newpath 53.03134 134.34987 moveto
53.58585 135.38684 53.61977 136.62439 53.12288 137.69019 curveto
53.61977 136.62439 54.58945 135.85474 55.7402 135.61278 curveto stroke
newpath 57.1493 130.35405 moveto
56.27376 129.56906 55.81886 128.41766 55.92152 127.24622 curveto
55.81886 128.41766 55.17067 129.47241 54.17192 130.09315 curveto stroke
newpath 120.08429 134.07256 moveto
119.80685 134.30553 119.51955 134.52594 119.22273 134.73383 curveto
118.92592 134.94171 118.61998 135.13629 118.30606 135.31758 curveto
117.99214 135.49886 117.671 135.66608 117.34265 135.81923 curveto
117.0143 135.9724 116.6791 136.11111 116.33858 136.235 curveto
115.99806 136.3589 115.6526 136.46797 115.30258 136.56184 curveto
114.95256 136.65533 114.59874 136.734 114.24188 136.7967 curveto
113.88501 136.8598 113.5255 136.9073 113.16484 136.93884 curveto
112.80379 136.97038 112.44124 136.98598 112.07906 136.98598 curveto
111.71687 136.98598 111.35469 136.97038 110.99402 136.93884 curveto
110.63336 136.9073 110.27385 136.86017 109.91698 136.79709 curveto
109.56012 136.73438 109.2063 136.65572 108.85628 136.56184 curveto
108.50626 136.46797 108.1608 136.3589 107.82028 136.235 curveto
107.47977 136.11111 107.14456 135.9724 106.81621 135.81923 curveto
106.48785 135.66608 106.16672 135.49886 105.8528 135.31758 curveto
105.53888 135.13629 105.23294 134.94171 104.93613 134.73383 curveto
104.63931 134.52594 104.352 134.30553 104.07457 134.07256 curveto
103.79713 133.83958 103.52997 133.59483 103.27382 133.33868 curveto
103.01767 133.08253 102.77254 132.81499 102.53958 132.53755 curveto
102.30661 132.26013 102.08618 131.97281 101.8783 131.676 curveto
101.67041 131.37918 101.47583 131.07326 101.29456 130.75934 curveto
101.11327 130.44542 100.94604 130.12428 100.7929 129.79593 curveto
100.63974 129.46756 100.50102 129.13237 100.37712 128.79185 curveto
100.25323 128.45132 100.14417 128.10587 100.0503 127.75584 curveto
99.95642 127.40582 99.87775 127.052 99.81505 126.69514 curveto
99.75195 126.33829 99.70483 125.97876 99.67328 125.6181 curveto stroke
newpath 101.4225 128.46529 moveto
100.42383 127.8444 99.77577 126.78957 99.67328 125.6181 curveto
99.77577 126.78957 99.32074 127.9409 98.44505 128.72578 curveto stroke
newpath 118.75645 137.13896 moveto
118.6918 135.96483 119.18375 134.82877 120.08429 134.07256 curveto
119.18375 134.82877 117.97974 135.11684 116.83446 134.85011 curveto stroke
newpath 194.368 222.66833 moveto
195.21283 221.31651 196.12228 220.00574 197.09291 218.74095 curveto
198.06354 217.47617 199.09384 216.2589 200.18115 215.09329 curveto stroke
newpath 199.23517 218.29817 moveto
199.02853 217.14052 199.37901 215.95317 200.18115 215.09329 curveto
199.37901 215.95317 198.21884 216.38521 197.04965 216.25941 curveto stroke
newpath 194.68466 219.34178 moveto
195.10852 220.43869 194.99121 221.67111 194.368 222.66833 curveto
194.99121 221.67111 196.04755 221.02551 197.21924 220.92577 curveto stroke
newpath 24.90654 104.60739 moveto
112.07942 104.60739 lineto stroke
newpath 109.09064 106.10179 moveto
109.79619 105.16104 110.90349 104.60739 112.07942 104.60739 curveto
110.90349 104.60739 109.79619 104.05374 109.09064 103.11299 curveto stroke
newpath 27.89532 103.11299 moveto
27.18977 104.05374 26.08247 104.60739 24.90654 104.60739 curveto
26.08247 104.60739 27.18977 105.16104 27.89532 106.10179 curveto stroke
newpath 112.07942 126.52522 moveto
111.55095 126.52522 111.04419 126.31526 110.67052 125.9416 curveto
110.29686 125.56793 110.0869 125.06117 110.0869 124.5327 curveto
110.0869 124.00423 110.29686 123.49747 110.67052 123.1238 curveto
111.04419 122.75014 111.55095 122.54018 112.07942 122.54018 curveto
112.6079 122.54018 113.11465 122.75014 113.48833 123.1238 curveto
113.86198 123.49747 114.07195 124.00423 114.07195 124.5327 curveto
114.07195 125.06117 113.86198 125.56793 113.48833 125.9416 curveto
113.11465 126.31526 112.6079 126.52522 112.07942 126.52522 curveto closepath fill
newpath 24.90654 126.52522 moveto
24.37807 126.52522 23.8713 126.31526 23.49763 125.9416 curveto
23.12398 125.56793 22.91402 125.06117 22.91402 124.5327 curveto
22.91402 124.00423 23.12398 123.49747 23.49763 123.1238 curveto
23.8713 122.75014 24.37807 122.54018 24.90654 122.54018 curveto
25.43501 122.54018 25.94177 122.75014 26.31544 123.1238 curveto
26.6891 123.49747 26.89906 124.00423 26.89906 124.5327 curveto
26.89906 125.06117 26.6891 125.56793 26.31544 125.9416 curveto
25.94177 126.31526 25.43501 126.52522 24.90654 126.52522 curveto closepath fill
newpath 236.61214 249.0654 moveto
236.61214 252.65198 lineto
236.61214 245.47882 lineto
236.61214 249.0654 lineto
239.71822 250.85869 lineto
233.50606 247.27211 lineto
236.61214 249.0654 lineto
239.71822 247.27211 lineto
233.50606 250.85869 lineto stroke
newpath 112.07942 124.5327 moveto
180.57242 124.5327 lineto stroke
 0 1.24533 dtransform truncate idtransform setlinewidth pop
newpath 24.90654 124.5327 moveto
112.07942 124.5327 lineto
236.61214 249.0654 lineto
24.90654 124.5327 lineto stroke
showpage
%%EOF
