%!PS
%%BoundingBox: 110 102 240 253 
%%HiResBoundingBox: 110.0869 102.86392 239.96729 252.90105 
%%Creator: MetaPost 2.000
%%CreationDate: 2017.06.19:1415
%%Pages: 1
%%BeginProlog
%%EndProlog
%%Page: 1 1
 0 0 0 setrgbcolor 0 0.49814 dtransform truncate idtransform setlinewidth pop [] 0 setdash 1 setlinecap
 1 setlinejoin 10 setmiterlimit
newpath 230.3855 124.5327 moveto
230.3855 130.75934 lineto
236.61214 130.75934 lineto stroke
newpath 136.89134 126.7035 moveto
136.82825 127.4256 136.73325 128.14388 136.60745 128.85759 curveto
136.48166 129.57132 136.32507 130.27896 136.13733 130.979 curveto
135.94997 131.67905 135.73183 132.37035 135.48404 133.05138 curveto
135.23625 133.73242 134.95882 134.40205 134.6525 135.05876 curveto
134.34619 135.71548 134.01137 136.35852 133.64919 136.98598 curveto
133.287 137.61342 132.89746 138.22491 132.48169 138.81854 curveto stroke
newpath 132.97227 135.51318 moveto
133.33807 136.63077 133.15631 137.85536 132.48169 138.81854 curveto
133.15631 137.85536 134.24503 137.26602 135.42033 137.22781 curveto stroke
newpath 138.11989 129.81104 moveto
137.24413 129.02626 136.78897 127.87497 136.89134 126.7035 curveto
136.78897 127.87497 136.14104 128.92986 135.14244 129.55084 curveto stroke
newpath 220.60242 229.98607 moveto
221.15765 229.52014 221.73267 229.0789 222.3263 228.66313 curveto
222.91992 228.24738 223.5314 227.85782 224.15886 227.49564 curveto
224.78632 227.13345 225.42935 226.79865 226.08606 226.49232 curveto
226.74278 226.186 227.41241 225.90858 228.09344 225.6608 curveto
228.77449 225.41301 229.46579 225.19485 230.16583 225.00749 curveto
230.86588 224.81975 231.57352 224.66318 232.28723 224.53738 curveto
233.00096 224.41159 233.71924 224.31657 234.44131 224.2535 curveto stroke
newpath 231.59393 226.0023 moveto
232.21494 225.00372 233.26985 224.35582 234.44131 224.2535 curveto
233.26985 224.35582 232.11859 223.90063 231.33383 223.02486 curveto stroke
newpath 221.93127 226.9201 moveto
221.99553 228.09428 221.5032 229.23016 220.60242 229.98607 curveto
221.5032 229.23016 222.70732 228.94249 223.85251 229.2096 curveto stroke
newpath 112.07942 104.60739 moveto
236.61214 104.60739 lineto stroke
newpath 233.62335 106.10179 moveto
234.3289 105.16104 235.4362 104.60739 236.61214 104.60739 curveto
235.4362 104.60739 234.3289 104.05374 233.62335 103.11299 curveto stroke
newpath 115.0682 103.11299 moveto
114.36266 104.05374 113.25536 104.60739 112.07942 104.60739 curveto
113.25536 104.60739 114.36266 105.16104 115.0682 106.10179 curveto stroke
newpath 112.07942 126.52522 moveto
111.55095 126.52522 111.04419 126.31526 110.67052 125.9416 curveto
110.29686 125.56793 110.0869 125.06117 110.0869 124.5327 curveto
110.0869 124.00423 110.29686 123.49747 110.67052 123.1238 curveto
111.04419 122.75014 111.55095 122.54018 112.07942 122.54018 curveto
112.6079 122.54018 113.11465 122.75014 113.48833 123.1238 curveto
113.86198 123.49747 114.07195 124.00423 114.07195 124.5327 curveto
114.07195 125.06117 113.86198 125.56793 113.48833 125.9416 curveto
113.11465 126.31526 112.6079 126.52522 112.07942 126.52522 curveto closepath fill
newpath 236.61214 126.52522 moveto
236.08366 126.52522 235.5769 126.31526 235.20323 125.9416 curveto
234.82957 125.56793 234.61961 125.06117 234.61961 124.5327 curveto
234.61961 124.00423 234.82957 123.49747 235.20323 123.1238 curveto
235.5769 122.75014 236.08366 122.54018 236.61214 122.54018 curveto
237.14061 122.54018 237.64737 122.75014 238.02104 123.1238 curveto
238.3947 123.49747 238.60466 124.00423 238.60466 124.5327 curveto
238.60466 125.06117 238.3947 125.56793 238.02104 125.9416 curveto
237.64737 126.31526 237.14061 126.52522 236.61214 126.52522 curveto closepath fill
newpath 236.61214 249.0654 moveto
236.61214 252.65198 lineto
236.61214 245.47882 lineto
236.61214 249.0654 lineto
239.71822 250.85869 lineto
233.50606 247.27211 lineto
236.61214 249.0654 lineto
239.71822 247.27211 lineto
233.50606 250.85869 lineto stroke
 0 1.24533 dtransform truncate idtransform setlinewidth pop
newpath 112.07942 124.5327 moveto
236.61214 249.0654 lineto
236.61214 124.5327 lineto
112.07942 124.5327 lineto stroke
showpage
%%EOF
