%!PS
%%BoundingBox: -1 -1 277 81 
%%HiResBoundingBox: -0.62267 -0.62267 276.78609 80.3236 
%%Creator: MetaPost 2.000
%%CreationDate: 2017.06.19:1415
%%Pages: 1
%%BeginProlog
%%EndProlog
%%Page: 1 1
 0 0 0 setrgbcolor 0 0.49814 dtransform truncate idtransform setlinewidth pop [] 0 setdash 1 setlinecap
 1 setlinejoin 10 setmiterlimit
newpath 49.62398 4.34161 moveto
49.4975 5.78517 49.30777 7.22266 49.05603 8.6498 curveto
48.80429 10.07693 48.49113 11.49313 48.11595 12.8929 curveto
47.74078 14.29268 47.3048 15.67543 46.80922 17.0375 curveto
46.31364 18.39897 45.75847 19.73856 45.14615 21.05199 curveto stroke
newpath 45.05457 17.7117 moveto
45.60909 18.74866 45.64302 19.98619 45.14615 21.05199 curveto
45.64302 19.98619 46.61269 19.21652 47.76343 18.97455 curveto stroke
newpath 50.8518 7.44943 moveto
49.97624 6.66446 49.52135 5.51306 49.62398 4.34161 curveto
49.52135 5.51306 48.87315 6.56781 47.87442 7.18857 curveto stroke
newpath 121.56107 68.27226 moveto
121.89368 67.79735 122.24635 67.33705 122.61911 66.89316 curveto
122.99185 66.44926 123.38345 66.02118 123.79329 65.61134 curveto
124.20313 65.2015 124.63121 64.8099 125.0751 64.43716 curveto
125.51898 64.0644 125.9793 63.71173 126.4542 63.37912 curveto
126.92911 63.04651 127.41798 62.73517 127.92026 62.44513 curveto
128.42192 62.15508 128.93634 61.88753 129.46172 61.64247 curveto
129.98709 61.39742 130.5228 61.17548 131.06763 60.97725 curveto
131.61246 60.779 132.1658 60.60449 132.72583 60.4543 curveto
133.28526 60.30472 133.85197 60.17885 134.42235 60.07852 curveto
134.99333 59.97757 135.56856 59.90157 136.14622 59.85109 curveto
136.72389 59.80063 137.30338 59.7757 137.88287 59.7757 curveto
138.46236 59.7757 139.04185 59.80063 139.61952 59.85109 curveto
140.19719 59.90157 140.77242 59.97757 141.3434 60.07852 curveto
141.91377 60.17885 142.48048 60.30472 143.03992 60.4543 curveto
143.59995 60.60449 144.15329 60.779 144.69812 60.97725 curveto
145.24295 61.17548 145.77866 61.39742 146.30403 61.64247 curveto
146.8294 61.88753 147.34383 62.15508 147.84549 62.44513 curveto
148.34775 62.73517 148.83664 63.04651 149.31154 63.37912 curveto
149.78645 63.71173 150.24675 64.0644 150.69064 64.43716 curveto
151.13454 64.8099 151.56262 65.2015 151.97246 65.61134 curveto
152.3823 66.02118 152.7739 66.44926 153.14664 66.89316 curveto
153.5194 67.33705 153.87207 67.79735 154.20468 68.27226 curveto stroke
newpath 151.26611 66.68144 moveto
152.4414 66.71968 153.5301 67.30907 154.20468 68.27226 curveto
153.5301 67.30907 153.34839 66.08449 153.7142 64.9669 curveto stroke
newpath 122.05154 64.9669 moveto
122.41736 66.08449 122.23564 67.30907 121.56107 68.27226 curveto
122.23564 67.30907 123.32434 66.71968 124.49963 66.68144 curveto stroke
newpath 231.01727 21.05199 moveto
230.40495 19.73856 229.84978 18.39897 229.3542 17.0375 curveto
228.85863 15.67543 228.42264 14.29268 228.04747 12.8929 curveto
227.67229 11.49313 227.35913 10.07693 227.10739 8.6498 curveto
226.85565 7.22266 226.66592 5.78517 226.53946 4.34161 curveto stroke
newpath 228.28897 7.1886 moveto
227.29025 6.56783 226.64207 5.51306 226.53946 4.34161 curveto
226.64207 5.51306 226.18716 6.66444 225.31158 7.4494 curveto stroke
newpath 228.4 18.97455 moveto
229.55074 19.21652 230.5204 19.98619 231.01727 21.05199 curveto
230.5204 19.98619 230.55434 18.74866 231.10886 17.7117 curveto stroke
 0 1.24533 dtransform truncate idtransform setlinewidth pop
newpath 0 0 moveto
137.88287 79.70093 lineto
276.16342 0 lineto
0 0 lineto stroke
showpage
%%EOF
