%!PS
%%BoundingBox: -1 -1 161 81 
%%HiResBoundingBox: -0.62267 -0.62267 160.02452 80.3236 
%%Creator: MetaPost 2.000
%%CreationDate: 2017.06.19:1415
%%Pages: 1
%%BeginProlog
%%EndProlog
%%Page: 1 1
 0 0 0 setrgbcolor 0 0.49814 dtransform truncate idtransform setlinewidth pop [] 0 setdash 1 setlinecap
 1 setlinejoin 10 setmiterlimit
newpath 49.62398 4.34161 moveto
49.4975 5.78517 49.30777 7.22266 49.05603 8.6498 curveto
48.80429 10.07693 48.49113 11.49313 48.11595 12.8929 curveto
47.74078 14.29268 47.3048 15.67543 46.80922 17.0375 curveto
46.31364 18.39897 45.75847 19.73856 45.14615 21.05199 curveto stroke
newpath 45.05457 17.7117 moveto
45.60909 18.74866 45.64302 19.98619 45.14615 21.05199 curveto
45.64302 19.98619 46.61269 19.21652 47.76343 18.97455 curveto stroke
newpath 50.8518 7.44943 moveto
49.97624 6.66446 49.52135 5.51306 49.62398 4.34161 curveto
49.52135 5.51306 48.87315 6.56781 47.87442 7.18857 curveto stroke
newpath 118.20671 45.18932 moveto
118.20671 45.25537 118.18047 45.31873 118.13376 45.36543 curveto
118.08705 45.41214 118.0237 45.43839 117.95764 45.43839 curveto
117.89159 45.43839 117.82823 45.41214 117.78152 45.36543 curveto
117.73482 45.31873 117.70857 45.25537 117.70857 45.18932 curveto
117.70857 45.12326 117.73482 45.0599 117.78152 45.0132 curveto
117.82823 44.96649 117.89159 44.94025 117.95764 44.94025 curveto
118.0237 44.94025 118.08705 44.96649 118.13376 45.0132 curveto
118.18047 45.0599 118.20671 45.12326 118.20671 45.18932 curveto closepath fill
newpath 120.8415 43.79672 moveto
120.8415 43.86278 120.81526 43.92613 120.76855 43.97284 curveto
120.72185 44.01955 120.6585 44.04579 120.59244 44.04579 curveto
120.52638 44.04579 120.46303 44.01955 120.41632 43.97284 curveto
120.36961 43.92613 120.34337 43.86278 120.34337 43.79672 curveto
120.34337 43.73067 120.36961 43.66731 120.41632 43.6206 curveto
120.46303 43.5739 120.52638 43.54765 120.59244 43.54765 curveto
120.6585 43.54765 120.72185 43.5739 120.76855 43.6206 curveto
120.81526 43.66731 120.8415 43.73067 120.8415 43.79672 curveto closepath fill
newpath 123.57295 42.60501 moveto
123.57295 42.67107 123.5467 42.73442 123.5 42.78113 curveto
123.4533 42.82784 123.38994 42.85408 123.32388 42.85408 curveto
123.25783 42.85408 123.19447 42.82784 123.14777 42.78113 curveto
123.10106 42.73442 123.07481 42.67107 123.07481 42.60501 curveto
123.07481 42.53896 123.10106 42.4756 123.14777 42.4289 curveto
123.19447 42.38219 123.25783 42.35594 123.32388 42.35594 curveto
123.38994 42.35594 123.4533 42.38219 123.5 42.4289 curveto
123.5467 42.4756 123.57295 42.53896 123.57295 42.60501 curveto closepath fill
newpath 126.38591 41.62071 moveto
126.38591 41.68677 126.35966 41.75012 126.31296 41.79683 curveto
126.26625 41.84354 126.2029 41.86978 126.13684 41.86978 curveto
126.07079 41.86978 126.00743 41.84354 125.96072 41.79683 curveto
125.91402 41.75012 125.88777 41.68677 125.88777 41.62071 curveto
125.88777 41.55466 125.91402 41.4913 125.96072 41.4446 curveto
126.00743 41.39789 126.07079 41.37164 126.13684 41.37164 curveto
126.2029 41.37164 126.26625 41.39789 126.31296 41.4446 curveto
126.35966 41.4913 126.38591 41.55466 126.38591 41.62071 curveto closepath fill
newpath 129.26453 40.84943 moveto
129.26453 40.91548 129.23828 40.97884 129.19157 41.02554 curveto
129.14487 41.07225 129.08151 41.0985 129.01546 41.0985 curveto
128.9494 41.0985 128.88605 41.07225 128.83934 41.02554 curveto
128.79263 40.97884 128.76639 40.91548 128.76639 40.84943 curveto
128.76639 40.78337 128.79263 40.72002 128.83934 40.67331 curveto
128.88605 40.6266 128.9494 40.60036 129.01546 40.60036 curveto
129.08151 40.60036 129.14487 40.6266 129.19157 40.67331 curveto
129.23828 40.72002 129.26453 40.78337 129.26453 40.84943 curveto closepath fill
newpath 132.19272 40.29562 moveto
132.19272 40.36168 132.16647 40.42503 132.11977 40.47174 curveto
132.07306 40.51845 132.0097 40.5447 131.94365 40.5447 curveto
131.8776 40.5447 131.81424 40.51845 131.76753 40.47174 curveto
131.72083 40.42503 131.69458 40.36168 131.69458 40.29562 curveto
131.69458 40.22957 131.72083 40.16621 131.76753 40.1195 curveto
131.81424 40.0728 131.8776 40.04655 131.94365 40.04655 curveto
132.0097 40.04655 132.07306 40.0728 132.11977 40.1195 curveto
132.16647 40.16621 132.19272 40.22957 132.19272 40.29562 curveto closepath fill
newpath 135.15402 39.96173 moveto
135.15402 40.02779 135.12778 40.09114 135.08107 40.13785 curveto
135.03436 40.18456 134.97101 40.2108 134.90495 40.2108 curveto
134.8389 40.2108 134.77554 40.18456 134.72884 40.13785 curveto
134.68213 40.09114 134.65588 40.02779 134.65588 39.96173 curveto
134.65588 39.89568 134.68213 39.83232 134.72884 39.78561 curveto
134.77554 39.7389 134.8389 39.71266 134.90495 39.71266 curveto
134.97101 39.71266 135.03436 39.7389 135.08107 39.78561 curveto
135.12778 39.83232 135.15402 39.89568 135.15402 39.96173 curveto closepath fill
newpath 138.13217 39.85046 moveto
138.13217 39.91652 138.10593 39.97987 138.05922 40.02658 curveto
138.01251 40.07329 137.94916 40.09953 137.8831 40.09953 curveto
137.81705 40.09953 137.7537 40.07329 137.70699 40.02658 curveto
137.66028 39.97987 137.63403 39.91652 137.63403 39.85046 curveto
137.63403 39.78441 137.66028 39.72105 137.70699 39.67435 curveto
137.7537 39.62764 137.81705 39.6014 137.8831 39.6014 curveto
137.94916 39.6014 138.01251 39.62764 138.05922 39.67435 curveto
138.10593 39.72105 138.13217 39.78441 138.13217 39.85046 curveto closepath fill
newpath 141.11017 39.96176 moveto
141.11017 40.02782 141.08392 40.09117 141.03722 40.13788 curveto
140.99051 40.18459 140.92715 40.21083 140.8611 40.21083 curveto
140.79504 40.21083 140.73169 40.18459 140.68498 40.13788 curveto
140.63828 40.09117 140.61203 40.02782 140.61203 39.96176 curveto
140.61203 39.8957 140.63828 39.83235 140.68498 39.78564 curveto
140.73169 39.73894 140.79504 39.71269 140.8611 39.71269 curveto
140.92715 39.71269 140.99051 39.73894 141.03722 39.78564 curveto
141.08392 39.83235 141.11017 39.8957 141.11017 39.96176 curveto closepath fill
newpath 144.07144 40.29567 moveto
144.07144 40.36172 144.0452 40.42508 143.99849 40.47179 curveto
143.95178 40.5185 143.88843 40.54474 143.82237 40.54474 curveto
143.75632 40.54474 143.69296 40.5185 143.64626 40.47179 curveto
143.59955 40.42508 143.5733 40.36172 143.5733 40.29567 curveto
143.5733 40.22961 143.59955 40.16626 143.64626 40.11955 curveto
143.69296 40.07285 143.75632 40.0466 143.82237 40.0466 curveto
143.88843 40.0466 143.95178 40.07285 143.99849 40.11955 curveto
144.0452 40.16626 144.07144 40.22961 144.07144 40.29567 curveto closepath fill
newpath 146.99966 40.8495 moveto
146.99966 40.91556 146.97342 40.97891 146.92671 41.02562 curveto
146.88 41.07233 146.81665 41.09857 146.7506 41.09857 curveto
146.68454 41.09857 146.62119 41.07233 146.57448 41.02562 curveto
146.52777 40.97891 146.50153 40.91556 146.50153 40.8495 curveto
146.50153 40.78345 146.52777 40.7201 146.57448 40.67339 curveto
146.62119 40.62668 146.68454 40.60043 146.7506 40.60043 curveto
146.81665 40.60043 146.88 40.62668 146.92671 40.67339 curveto
146.97342 40.7201 146.99966 40.78345 146.99966 40.8495 curveto closepath fill
newpath 149.87828 41.62082 moveto
149.87828 41.68687 149.85204 41.75023 149.80533 41.79694 curveto
149.75862 41.84364 149.69527 41.86989 149.62921 41.86989 curveto
149.56316 41.86989 149.4998 41.84364 149.4531 41.79694 curveto
149.40639 41.75023 149.38014 41.68687 149.38014 41.62082 curveto
149.38014 41.55476 149.40639 41.49141 149.4531 41.4447 curveto
149.4998 41.398 149.56316 41.37175 149.62921 41.37175 curveto
149.69527 41.37175 149.75862 41.398 149.80533 41.4447 curveto
149.85204 41.49141 149.87828 41.55476 149.87828 41.62082 curveto closepath fill
newpath 152.69118 42.60512 moveto
152.69118 42.67117 152.66493 42.73453 152.61823 42.78123 curveto
152.57152 42.82794 152.50816 42.85419 152.44211 42.85419 curveto
152.37605 42.85419 152.3127 42.82794 152.26599 42.78123 curveto
152.21928 42.73453 152.19304 42.67117 152.19304 42.60512 curveto
152.19304 42.53906 152.21928 42.47571 152.26599 42.429 curveto
152.3127 42.3823 152.37605 42.35605 152.44211 42.35605 curveto
152.50816 42.35605 152.57152 42.3823 152.61823 42.429 curveto
152.66493 42.47571 152.69118 42.53906 152.69118 42.60512 curveto closepath fill
newpath 155.4226 43.79683 moveto
155.4226 43.86288 155.39636 43.92624 155.34966 43.97295 curveto
155.30295 44.01965 155.2396 44.0459 155.17354 44.0459 curveto
155.10748 44.0459 155.04413 44.01965 154.99742 43.97295 curveto
154.95071 43.92624 154.92447 43.86288 154.92447 43.79683 curveto
154.92447 43.73077 154.95071 43.66742 154.99742 43.62071 curveto
155.04413 43.574 155.10748 43.54776 155.17354 43.54776 curveto
155.2396 43.54776 155.30295 43.574 155.34966 43.62071 curveto
155.39636 43.66742 155.4226 43.73077 155.4226 43.79683 curveto closepath fill
newpath 158.05717 45.18932 moveto
158.05717 45.25537 158.03093 45.31873 157.98422 45.36543 curveto
157.93752 45.41214 157.87416 45.43839 157.8081 45.43839 curveto
157.74205 45.43839 157.6787 45.41214 157.63199 45.36543 curveto
157.58528 45.31873 157.55904 45.25537 157.55904 45.18932 curveto
157.55904 45.12326 157.58528 45.0599 157.63199 45.0132 curveto
157.6787 44.96649 157.74205 44.94025 157.8081 44.94025 curveto
157.87416 44.94025 157.93752 44.96649 157.98422 45.0132 curveto
158.03093 45.0599 158.05717 45.12326 158.05717 45.18932 curveto closepath fill
 0 1.24533 dtransform truncate idtransform setlinewidth pop
newpath 159.40186 0 moveto
0 0 lineto
137.88287 79.70093 lineto
137.88287 39.85046 lineto stroke
showpage
%%EOF
