%!PS
%%BoundingBox: -1 -1 285 101 
%%HiResBoundingBox: -0.62267 -0.62267 284.55707 100.24883 
%%Creator: MetaPost 2.000
%%CreationDate: 2017.06.19:1415
%%Pages: 1
%%BeginProlog
%%EndProlog
%%Page: 1 1
 0 0 0 setrgbcolor 0.49814 0 dtransform exch truncate exch idtransform pop setlinewidth [] 0 setdash
 1 setlinecap 1 setlinejoin 10 setmiterlimit
newpath 172.35359 94.64455 moveto
172.35359 4.98161 lineto stroke
 0 0.49814 dtransform truncate idtransform setlinewidth pop
newpath 173.84799 7.9704 moveto
172.90724 7.26485 172.35359 6.15755 172.35359 4.98161 curveto
172.35359 6.15755 171.79994 7.26485 170.85919 7.9704 curveto stroke
newpath 170.85919 91.65576 moveto
171.79994 92.36131 172.35359 93.46861 172.35359 94.64455 curveto
172.35359 93.46861 172.90724 92.36131 173.84799 91.65576 curveto stroke
newpath 29.7749 2.60481 moveto
29.69888 3.47131 29.58488 4.33325 29.43362 5.18988 curveto
29.28236 6.0465 29.09462 6.89551 28.86963 7.73541 curveto
28.64465 8.5753 28.38318 9.40532 28.08598 10.22241 curveto
27.78879 11.0395 27.45587 11.84293 27.088 12.63113 curveto stroke
newpath 26.99792 9.29077 moveto
27.55199 10.328 27.58536 11.56555 27.088 12.63113 curveto
27.58536 11.56555 28.55537 10.79633 29.70624 10.55487 curveto stroke
newpath 31.00235 5.71277 moveto
30.12688 4.92769 29.67212 3.77625 29.7749 2.60481 curveto
29.67212 3.77625 29.02382 4.83092 28.025 5.45154 curveto stroke
newpath 263.53214 14.28584 moveto
263.11638 13.69221 262.7272 13.0811 262.36464 12.45328 curveto
262.00209 11.8262 261.66765 11.18317 261.36133 10.52644 curveto
261.05502 9.86974 260.77759 9.2001 260.5298 8.51906 curveto
260.28201 7.83801 260.06386 7.14635 259.87611 6.4463 curveto
259.68913 5.74626 259.5318 5.03862 259.40639 4.32489 curveto
259.28021 3.61118 259.18596 2.89214 259.12212 2.1708 curveto stroke
newpath 260.8742 5.0162 moveto
259.87492 4.39635 259.2258 3.34216 259.12212 2.1708 curveto
259.2258 3.34216 258.77193 4.49397 257.89703 5.27972 curveto stroke
newpath 260.59357 12.69502 moveto
261.76886 12.73326 262.85756 13.32265 263.53214 14.28584 curveto
262.85756 13.32265 262.67584 12.09807 263.04166 10.98048 curveto stroke
newpath 70.07549 8.80562 moveto
69.81934 9.06177 69.55179 9.30727 69.27435 9.53986 curveto
68.99692 9.77245 68.70961 9.99362 68.41318 10.20113 curveto
68.11598 10.40863 67.81042 10.60397 67.4965 10.78488 curveto
67.1826 10.96577 66.86183 11.13376 66.53348 11.28653 curveto
66.20512 11.43932 65.86992 11.57841 65.5294 11.7023 curveto
65.18889 11.8262 64.84305 11.93565 64.49265 12.02914 curveto
64.143 12.12263 63.7888 12.20093 63.43233 12.264 curveto
63.07509 12.3271 62.71632 12.37422 62.35529 12.40614 curveto
61.99423 12.43806 61.63243 12.45328 61.26988 12.45328 curveto
60.90732 12.45328 60.54552 12.43806 60.18446 12.40614 curveto
59.82343 12.37422 59.46466 12.3271 59.10742 12.264 curveto
58.75095 12.20093 58.39674 12.12263 58.0471 12.02914 curveto
57.6967 11.93565 57.35086 11.8262 57.01035 11.7023 curveto
56.66983 11.57841 56.33539 11.43932 56.00703 11.28653 curveto
55.67868 11.13376 55.35716 10.96577 55.04324 10.78488 curveto
54.72932 10.60397 54.42377 10.40863 54.12657 10.20113 curveto
53.83014 9.99362 53.54283 9.77245 53.2654 9.53986 curveto
52.98796 9.30727 52.72041 9.06177 52.46426 8.80562 curveto
52.20811 8.54947 51.9626 8.2819 51.73003 8.00449 curveto
51.49744 7.72705 51.27625 7.43973 51.06874 7.1433 curveto
50.86124 6.8461 50.6659 6.54056 50.485 6.22664 curveto
50.3041 5.91272 50.13612 5.5912 49.98334 5.26285 curveto
49.83057 4.9345 49.69147 4.60005 49.56757 4.25952 curveto
49.44368 3.919 49.33423 3.57317 49.24074 3.22276 curveto
49.14725 2.87312 49.06895 2.51894 49.00587 2.16245 curveto
48.94278 1.8052 48.89566 1.44644 48.86372 1.0854 curveto stroke
newpath 50.61568 3.93088 moveto
49.61642 3.31097 48.96735 2.25676 48.86372 1.0854 curveto
48.96735 2.25676 48.51343 3.40854 47.6385 4.19424 curveto stroke
newpath 69.0188 11.97571 moveto
68.8525 10.8116 69.24397 9.63713 70.07549 8.80562 curveto
69.24397 9.63713 68.0695 10.02861 66.9054 9.8623 curveto stroke
newpath 86.08217 2.1708 moveto
86.01831 2.89214 85.92407 3.61118 85.7979 4.32489 curveto
85.67247 5.03862 85.51514 5.74626 85.32816 6.4463 curveto
85.14041 7.14635 84.92227 7.83801 84.67448 8.51906 curveto
84.4267 9.2001 84.14926 9.86974 83.84294 10.52644 curveto
83.53664 11.18317 83.2022 11.8262 82.83963 12.45328 curveto
82.47707 13.0811 82.0879 13.69221 81.67213 14.28584 curveto stroke
newpath 82.16272 10.98048 moveto
82.52852 12.09807 82.34676 13.32266 81.67213 14.28584 curveto
82.34676 13.32266 83.43547 12.73332 84.61078 12.69511 curveto stroke
newpath 87.3072 5.27974 moveto
86.43233 4.49399 85.97847 3.34216 86.08217 2.1708 curveto
85.97847 3.34216 85.32933 4.39633 84.33003 5.01619 curveto stroke
 0 1.24533 dtransform truncate idtransform setlinewidth pop
newpath 0 0 moveto
61.26988 0 lineto
172.35359 99.62616 lineto
0 0 lineto stroke
newpath 0 0 moveto
172.35359 99.62616 lineto
283.9344 0 lineto
0 0 lineto stroke
showpage
%%EOF
