%!PS
%%BoundingBox: -1 -1 135 165 
%%HiResBoundingBox: -0.24907 -0.24907 134.74438 164.63223 
%%Creator: MetaPost 2.000
%%CreationDate: 2017.06.21:2222
%%Pages: 1
%%BeginProlog
%%EndProlog
%%Page: 1 1
 0 0 0 setrgbcolor 0 0.49814 dtransform truncate idtransform setlinewidth pop [] 0 setdash 1 setlinecap
 1 setlinejoin 10 setmiterlimit
newpath 0 29.88785 moveto
134.49532 29.88785 lineto stroke
newpath 129.514 32.37851 moveto
130.68994 30.8106 132.53543 29.88785 134.49532 29.88785 curveto
132.53543 29.88785 130.68994 28.9651 129.514 27.39719 curveto stroke
 0.49814 0 dtransform exch truncate exch idtransform pop setlinewidth
newpath 14.94392 0 moveto
14.94392 164.38316 lineto stroke
 0 0.49814 dtransform truncate idtransform setlinewidth pop
newpath 12.45326 159.40186 moveto
14.02118 160.57779 14.94392 162.42328 14.94392 164.38316 curveto
14.94392 162.42328 15.86667 160.57779 17.43459 159.40186 curveto stroke
newpath 18.85138 74.54929 moveto
20.15068 74.43527 21.44426 74.26471 22.72874 74.03828 curveto
24.01321 73.81184 25.28741 73.52956 26.54727 73.19208 curveto
27.80711 72.8546 29.05191 72.46216 30.27754 72.01614 curveto
31.50319 71.57013 32.70876 71.07051 33.89085 70.51938 curveto
35.07294 69.96823 36.23016 69.36557 37.35982 68.71341 curveto
38.48946 68.06125 39.5899 67.36008 40.65843 66.61192 curveto stroke
newpath 39.06725 69.55034 moveto
39.10564 68.37503 39.69514 67.28639 40.65843 66.61192 curveto
39.69514 67.28639 38.47054 67.46796 37.35298 67.102 curveto stroke
newpath 59.60536 33.7953 moveto
59.49135 35.0946 59.32079 36.38818 59.09436 37.67267 curveto
58.86792 38.95714 58.58563 40.23134 58.24815 41.4912 curveto
57.91068 42.75104 57.51823 43.99583 57.07222 45.22147 curveto
56.6262 46.44711 56.12659 47.65268 55.57545 48.83478 curveto
55.0243 50.01686 54.42165 51.17409 53.76949 52.30374 curveto
53.11732 53.43338 52.41615 54.53383 51.668 55.60236 curveto
50.91985 56.6709 50.12517 57.70613 49.28671 58.70534 curveto
48.4485 59.70433 47.56694 60.66637 46.6448 61.58873 curveto stroke
newpath 47.70108 58.4185 moveto
47.86755 59.5826 47.47621 60.75711 46.6448 61.58873 curveto
47.47621 60.75711 48.65063 60.36546 49.81476 60.53163 curveto stroke
newpath 16.89766 7.55702 moveto
17.54753 7.61403 18.19444 7.69931 18.83679 7.81264 curveto
19.47891 7.92596 20.11578 8.06688 20.74559 8.23563 curveto
21.37563 8.40436 21.99791 8.6007 22.61086 8.8237 curveto
23.22356 9.0467 23.82623 9.2964 24.41704 9.57208 curveto
25.00809 9.84776 25.58705 10.14899 26.15187 10.47507 curveto
26.71669 10.80115 27.26692 11.15186 27.80118 11.52582 curveto
28.33545 11.89978 28.85306 12.297 29.35268 12.71611 curveto
29.85228 13.13522 30.3334 13.57622 30.79448 14.0373 curveto
31.25555 14.49837 31.69632 14.97949 32.11543 15.4791 curveto
32.53455 15.97871 32.93176 16.49632 33.30595 17.0306 curveto stroke
newpath 30.36736 15.43983 moveto
31.54266 15.47806 32.63136 16.06741 33.30595 17.0306 curveto
32.63136 16.06741 32.44962 14.84283 32.81541 13.72527 curveto stroke
newpath 37.27475 27.93411 moveto
37.21774 27.28447 37.13246 26.63756 37.01913 25.99544 curveto
36.9058 25.35309 36.7649 24.71622 36.59615 24.08618 curveto
36.42741 23.45615 36.23108 22.83386 36.00807 22.22092 curveto
35.78506 21.60822 35.53537 21.00531 35.25969 20.41428 curveto stroke
newpath 37.87741 22.49121 moveto
36.7266 22.24945 35.75677 21.47998 35.25969 20.41428 curveto
35.75677 21.47998 35.72308 22.71753 35.16876 23.75461 curveto stroke
 0 1.24533 dtransform truncate idtransform setlinewidth pop
newpath 14.94392 29.88785 moveto
111.03325 144.35835 lineto stroke
newpath 106.94504 142.5872 moveto
108.5106 142.5013 110.02519 143.15747 111.03325 144.35835 curveto
110.02519 143.15747 109.64137 141.55208 109.99725 140.0251 curveto
 closepath fill
newpath 14.94392 29.88785 moveto
40.79684 14.94392 lineto stroke
newpath 38.34386 18.66328 moveto
38.53061 17.10652 39.4394 15.72856 40.79684 14.94392 curveto
39.4394 15.72856 37.79178 15.82832 36.34956 15.21315 curveto
 closepath fill
showpage
%%EOF
