%!PS
%%BoundingBox: -1 -1 109 109 
%%HiResBoundingBox: -0.62267 -0.62267 108.21892 108.21892 
%%Creator: MetaPost 2.000
%%CreationDate: 2017.06.21:2222
%%Pages: 1
%%BeginProlog
%%EndProlog
%%Page: 1 1
 0 0 0 setrgbcolor
newpath 0.24907 35.86542 moveto
0.24907 35.93147 0.22282 35.99483 0.17612 36.04153 curveto
0.12941 36.08824 0.06606 36.11449 0 36.11449 curveto
-0.06606 36.11449 -0.12941 36.08824 -0.17612 36.04153 curveto
-0.22282 35.99483 -0.24907 35.93147 -0.24907 35.86542 curveto
-0.24907 35.79936 -0.22282 35.73601 -0.17612 35.6893 curveto
-0.12941 35.6426 -0.06606 35.61635 0 35.61635 curveto
0.06606 35.61635 0.12941 35.6426 0.17612 35.6893 curveto
0.22282 35.73601 0.24907 35.79936 0.24907 35.86542 curveto closepath fill
newpath 3.23877 35.86542 moveto
3.23877 35.93147 3.21252 35.99483 3.16582 36.04153 curveto
3.11911 36.08824 3.05576 36.11449 2.9897 36.11449 curveto
2.92365 36.11449 2.86029 36.08824 2.81358 36.04153 curveto
2.76688 35.99483 2.74063 35.93147 2.74063 35.86542 curveto
2.74063 35.79936 2.76688 35.73601 2.81358 35.6893 curveto
2.86029 35.6426 2.92365 35.61635 2.9897 35.61635 curveto
3.05576 35.61635 3.11911 35.6426 3.16582 35.6893 curveto
3.21252 35.73601 3.23877 35.79936 3.23877 35.86542 curveto closepath fill
newpath 6.22682 35.86542 moveto
6.22682 35.93147 6.20058 35.99483 6.15387 36.04153 curveto
6.10716 36.08824 6.04381 36.11449 5.97775 36.11449 curveto
5.9117 36.11449 5.84834 36.08824 5.80164 36.04153 curveto
5.75493 35.99483 5.72868 35.93147 5.72868 35.86542 curveto
5.72868 35.79936 5.75493 35.73601 5.80164 35.6893 curveto
5.84834 35.6426 5.9117 35.61635 5.97775 35.61635 curveto
6.04381 35.61635 6.10716 35.6426 6.15387 35.6893 curveto
6.20058 35.73601 6.22682 35.79936 6.22682 35.86542 curveto closepath fill
newpath 9.21487 35.86542 moveto
9.21487 35.93147 9.18863 35.99483 9.14192 36.04153 curveto
9.09521 36.08824 9.03186 36.11449 8.9658 36.11449 curveto
8.89975 36.11449 8.8364 36.08824 8.78969 36.04153 curveto
8.74298 35.99483 8.71674 35.93147 8.71674 35.86542 curveto
8.71674 35.79936 8.74298 35.73601 8.78969 35.6893 curveto
8.8364 35.6426 8.89975 35.61635 8.9658 35.61635 curveto
9.03186 35.61635 9.09521 35.6426 9.14192 35.6893 curveto
9.18863 35.73601 9.21487 35.79936 9.21487 35.86542 curveto closepath fill
newpath 12.20457 35.86542 moveto
12.20457 35.93147 12.17833 35.99483 12.13162 36.04153 curveto
12.08492 36.08824 12.02156 36.11449 11.9555 36.11449 curveto
11.88945 36.11449 11.8261 36.08824 11.77939 36.04153 curveto
11.73268 35.99483 11.70644 35.93147 11.70644 35.86542 curveto
11.70644 35.79936 11.73268 35.73601 11.77939 35.6893 curveto
11.8261 35.6426 11.88945 35.61635 11.9555 35.61635 curveto
12.02156 35.61635 12.08492 35.6426 12.13162 35.6893 curveto
12.17833 35.73601 12.20457 35.79936 12.20457 35.86542 curveto closepath fill
newpath 15.19263 35.86542 moveto
15.19263 35.93147 15.16638 35.99483 15.11967 36.04153 curveto
15.07297 36.08824 15.00961 36.11449 14.94356 36.11449 curveto
14.8775 36.11449 14.81415 36.08824 14.76744 36.04153 curveto
14.72073 35.99483 14.69449 35.93147 14.69449 35.86542 curveto
14.69449 35.79936 14.72073 35.73601 14.76744 35.6893 curveto
14.81415 35.6426 14.8775 35.61635 14.94356 35.61635 curveto
15.00961 35.61635 15.07297 35.6426 15.11967 35.6893 curveto
15.16638 35.73601 15.19263 35.79936 15.19263 35.86542 curveto closepath fill
newpath 18.18233 35.86542 moveto
18.18233 35.93147 18.15608 35.99483 18.10938 36.04153 curveto
18.06267 36.08824 17.99931 36.11449 17.93326 36.11449 curveto
17.8672 36.11449 17.80385 36.08824 17.75714 36.04153 curveto
17.71043 35.99483 17.68419 35.93147 17.68419 35.86542 curveto
17.68419 35.79936 17.71043 35.73601 17.75714 35.6893 curveto
17.80385 35.6426 17.8672 35.61635 17.93326 35.61635 curveto
17.99931 35.61635 18.06267 35.6426 18.10938 35.6893 curveto
18.15608 35.73601 18.18233 35.79936 18.18233 35.86542 curveto closepath fill
newpath 21.17038 35.86542 moveto
21.17038 35.93147 21.14413 35.99483 21.09743 36.04153 curveto
21.05072 36.08824 20.98737 36.11449 20.92131 36.11449 curveto
20.85526 36.11449 20.7919 36.08824 20.7452 36.04153 curveto
20.69849 35.99483 20.67224 35.93147 20.67224 35.86542 curveto
20.67224 35.79936 20.69849 35.73601 20.7452 35.6893 curveto
20.7919 35.6426 20.85526 35.61635 20.92131 35.61635 curveto
20.98737 35.61635 21.05072 35.6426 21.09743 35.6893 curveto
21.14413 35.73601 21.17038 35.79936 21.17038 35.86542 curveto closepath fill
newpath 24.16008 35.86542 moveto
24.16008 35.93147 24.13383 35.99483 24.08713 36.04153 curveto
24.04042 36.08824 23.97707 36.11449 23.91101 36.11449 curveto
23.84496 36.11449 23.7816 36.08824 23.7349 36.04153 curveto
23.68819 35.99483 23.66194 35.93147 23.66194 35.86542 curveto
23.66194 35.79936 23.68819 35.73601 23.7349 35.6893 curveto
23.7816 35.6426 23.84496 35.61635 23.91101 35.61635 curveto
23.97707 35.61635 24.04042 35.6426 24.08713 35.6893 curveto
24.13383 35.73601 24.16008 35.79936 24.16008 35.86542 curveto closepath fill
newpath 27.14813 35.86542 moveto
27.14813 35.93147 27.12189 35.99483 27.07518 36.04153 curveto
27.02847 36.08824 26.96512 36.11449 26.89906 36.11449 curveto
26.83301 36.11449 26.76965 36.08824 26.72295 36.04153 curveto
26.67624 35.99483 26.65 35.93147 26.65 35.86542 curveto
26.65 35.79936 26.67624 35.73601 26.72295 35.6893 curveto
26.76965 35.6426 26.83301 35.61635 26.89906 35.61635 curveto
26.96512 35.61635 27.02847 35.6426 27.07518 35.6893 curveto
27.12189 35.73601 27.14813 35.79936 27.14813 35.86542 curveto closepath fill
newpath 30.13783 35.86542 moveto
30.13783 35.93147 30.11159 35.99483 30.06488 36.04153 curveto
30.01817 36.08824 29.95482 36.11449 29.88876 36.11449 curveto
29.82271 36.11449 29.75935 36.08824 29.71265 36.04153 curveto
29.66594 35.99483 29.6397 35.93147 29.6397 35.86542 curveto
29.6397 35.79936 29.66594 35.73601 29.71265 35.6893 curveto
29.75935 35.6426 29.82271 35.61635 29.88876 35.61635 curveto
29.95482 35.61635 30.01817 35.6426 30.06488 35.6893 curveto
30.11159 35.73601 30.13783 35.79936 30.13783 35.86542 curveto closepath fill
newpath 33.12589 35.86542 moveto
33.12589 35.93147 33.09964 35.99483 33.05293 36.04153 curveto
33.00623 36.08824 32.94287 36.11449 32.87682 36.11449 curveto
32.81076 36.11449 32.7474 36.08824 32.7007 36.04153 curveto
32.65399 35.99483 32.62775 35.93147 32.62775 35.86542 curveto
32.62775 35.79936 32.65399 35.73601 32.7007 35.6893 curveto
32.7474 35.6426 32.81076 35.61635 32.87682 35.61635 curveto
32.94287 35.61635 33.00623 35.6426 33.05293 35.6893 curveto
33.09964 35.73601 33.12589 35.79936 33.12589 35.86542 curveto closepath fill
newpath 36.11394 35.86542 moveto
36.11394 35.93147 36.08769 35.99483 36.04099 36.04153 curveto
35.99428 36.08824 35.93092 36.11449 35.86487 36.11449 curveto
35.79881 36.11449 35.73546 36.08824 35.68875 36.04153 curveto
35.64204 35.99483 35.6158 35.93147 35.6158 35.86542 curveto
35.6158 35.79936 35.64204 35.73601 35.68875 35.6893 curveto
35.73546 35.6426 35.79881 35.61635 35.86487 35.61635 curveto
35.93092 35.61635 35.99428 35.6426 36.04099 35.6893 curveto
36.08769 35.73601 36.11394 35.79936 36.11394 35.86542 curveto closepath fill
newpath 39.10364 35.86542 moveto
39.10364 35.93147 39.0774 35.99483 39.03069 36.04153 curveto
38.98398 36.08824 38.92062 36.11449 38.85457 36.11449 curveto
38.78851 36.11449 38.72516 36.08824 38.67845 36.04153 curveto
38.63174 35.99483 38.6055 35.93147 38.6055 35.86542 curveto
38.6055 35.79936 38.63174 35.73601 38.67845 35.6893 curveto
38.72516 35.6426 38.78851 35.61635 38.85457 35.61635 curveto
38.92062 35.61635 38.98398 35.6426 39.03069 35.6893 curveto
39.0774 35.73601 39.10364 35.79936 39.10364 35.86542 curveto closepath fill
newpath 42.09169 35.86542 moveto
42.09169 35.93147 42.06544 35.99483 42.01874 36.04153 curveto
41.97203 36.08824 41.90868 36.11449 41.84262 36.11449 curveto
41.77657 36.11449 41.71321 36.08824 41.6665 36.04153 curveto
41.6198 35.99483 41.59355 35.93147 41.59355 35.86542 curveto
41.59355 35.79936 41.6198 35.73601 41.6665 35.6893 curveto
41.71321 35.6426 41.77657 35.61635 41.84262 35.61635 curveto
41.90868 35.61635 41.97203 35.6426 42.01874 35.6893 curveto
42.06544 35.73601 42.09169 35.79936 42.09169 35.86542 curveto closepath fill
newpath 45.08139 35.86542 moveto
45.08139 35.93147 45.05515 35.99483 45.00844 36.04153 curveto
44.96173 36.08824 44.89838 36.11449 44.83232 36.11449 curveto
44.76627 36.11449 44.70291 36.08824 44.6562 36.04153 curveto
44.6095 35.99483 44.58325 35.93147 44.58325 35.86542 curveto
44.58325 35.79936 44.6095 35.73601 44.6562 35.6893 curveto
44.70291 35.6426 44.76627 35.61635 44.83232 35.61635 curveto
44.89838 35.61635 44.96173 35.6426 45.00844 35.6893 curveto
45.05515 35.73601 45.08139 35.79936 45.08139 35.86542 curveto closepath fill
newpath 48.06944 35.86542 moveto
48.06944 35.93147 48.0432 35.99483 47.99649 36.04153 curveto
47.94978 36.08824 47.88643 36.11449 47.82037 36.11449 curveto
47.75432 36.11449 47.69096 36.08824 47.64426 36.04153 curveto
47.59755 35.99483 47.5713 35.93147 47.5713 35.86542 curveto
47.5713 35.79936 47.59755 35.73601 47.64426 35.6893 curveto
47.69096 35.6426 47.75432 35.61635 47.82037 35.61635 curveto
47.88643 35.61635 47.94978 35.6426 47.99649 35.6893 curveto
48.0432 35.73601 48.06944 35.79936 48.06944 35.86542 curveto closepath fill
newpath 51.05914 35.86542 moveto
51.05914 35.93147 51.0329 35.99483 50.98619 36.04153 curveto
50.93948 36.08824 50.87613 36.11449 50.81007 36.11449 curveto
50.74402 36.11449 50.68066 36.08824 50.63396 36.04153 curveto
50.58725 35.99483 50.561 35.93147 50.561 35.86542 curveto
50.561 35.79936 50.58725 35.73601 50.63396 35.6893 curveto
50.68066 35.6426 50.74402 35.61635 50.81007 35.61635 curveto
50.87613 35.61635 50.93948 35.6426 50.98619 35.6893 curveto
51.0329 35.73601 51.05914 35.79936 51.05914 35.86542 curveto closepath fill
newpath 54.0472 35.86542 moveto
54.0472 35.93147 54.02095 35.99483 53.97424 36.04153 curveto
53.92754 36.08824 53.86418 36.11449 53.79813 36.11449 curveto
53.73207 36.11449 53.66872 36.08824 53.62201 36.04153 curveto
53.5753 35.99483 53.54906 35.93147 53.54906 35.86542 curveto
53.54906 35.79936 53.5753 35.73601 53.62201 35.6893 curveto
53.66872 35.6426 53.73207 35.61635 53.79813 35.61635 curveto
53.86418 35.61635 53.92754 35.6426 53.97424 35.6893 curveto
54.02095 35.73601 54.0472 35.79936 54.0472 35.86542 curveto closepath fill
newpath 57.0369 35.86542 moveto
57.0369 35.93147 57.01065 35.99483 56.96394 36.04153 curveto
56.91724 36.08824 56.85388 36.11449 56.78783 36.11449 curveto
56.72177 36.11449 56.65842 36.08824 56.61171 36.04153 curveto
56.565 35.99483 56.53876 35.93147 56.53876 35.86542 curveto
56.53876 35.79936 56.565 35.73601 56.61171 35.6893 curveto
56.65842 35.6426 56.72177 35.61635 56.78783 35.61635 curveto
56.85388 35.61635 56.91724 35.6426 56.96394 35.6893 curveto
57.01065 35.73601 57.0369 35.79936 57.0369 35.86542 curveto closepath fill
newpath 60.02495 35.86542 moveto
60.02495 35.93147 59.9987 35.99483 59.952 36.04153 curveto
59.90529 36.08824 59.84193 36.11449 59.77588 36.11449 curveto
59.70982 36.11449 59.64647 36.08824 59.59976 36.04153 curveto
59.55305 35.99483 59.52681 35.93147 59.52681 35.86542 curveto
59.52681 35.79936 59.55305 35.73601 59.59976 35.6893 curveto
59.64647 35.6426 59.70982 35.61635 59.77588 35.61635 curveto
59.84193 35.61635 59.90529 35.6426 59.952 35.6893 curveto
59.9987 35.73601 60.02495 35.79936 60.02495 35.86542 curveto closepath fill
newpath 63.01465 35.86542 moveto
63.01465 35.93147 62.9884 35.99483 62.9417 36.04153 curveto
62.89499 36.08824 62.83163 36.11449 62.76558 36.11449 curveto
62.69952 36.11449 62.63617 36.08824 62.58946 36.04153 curveto
62.54276 35.99483 62.51651 35.93147 62.51651 35.86542 curveto
62.51651 35.79936 62.54276 35.73601 62.58946 35.6893 curveto
62.63617 35.6426 62.69952 35.61635 62.76558 35.61635 curveto
62.83163 35.61635 62.89499 35.6426 62.9417 35.6893 curveto
62.9884 35.73601 63.01465 35.79936 63.01465 35.86542 curveto closepath fill
newpath 66.0027 35.86542 moveto
66.0027 35.93147 65.97646 35.99483 65.92975 36.04153 curveto
65.88304 36.08824 65.81969 36.11449 65.75363 36.11449 curveto
65.68758 36.11449 65.62422 36.08824 65.57751 36.04153 curveto
65.5308 35.99483 65.50456 35.93147 65.50456 35.86542 curveto
65.50456 35.79936 65.5308 35.73601 65.57751 35.6893 curveto
65.62422 35.6426 65.68758 35.61635 65.75363 35.61635 curveto
65.81969 35.61635 65.88304 35.6426 65.92975 35.6893 curveto
65.97646 35.73601 66.0027 35.79936 66.0027 35.86542 curveto closepath fill
newpath 68.99075 35.86542 moveto
68.99075 35.93147 68.96451 35.99483 68.9178 36.04153 curveto
68.8711 36.08824 68.80774 36.11449 68.74168 36.11449 curveto
68.67563 36.11449 68.61227 36.08824 68.56557 36.04153 curveto
68.51886 35.99483 68.49261 35.93147 68.49261 35.86542 curveto
68.49261 35.79936 68.51886 35.73601 68.56557 35.6893 curveto
68.61227 35.6426 68.67563 35.61635 68.74168 35.61635 curveto
68.80774 35.61635 68.8711 35.6426 68.9178 35.6893 curveto
68.96451 35.73601 68.99075 35.79936 68.99075 35.86542 curveto closepath fill
newpath 71.98045 35.86542 moveto
71.98045 35.93147 71.95421 35.99483 71.9075 36.04153 curveto
71.8608 36.08824 71.79744 36.11449 71.73138 36.11449 curveto
71.66533 36.11449 71.60197 36.08824 71.55527 36.04153 curveto
71.50856 35.99483 71.48232 35.93147 71.48232 35.86542 curveto
71.48232 35.79936 71.50856 35.73601 71.55527 35.6893 curveto
71.60197 35.6426 71.66533 35.61635 71.73138 35.61635 curveto
71.79744 35.61635 71.8608 35.6426 71.9075 35.6893 curveto
71.95421 35.73601 71.98045 35.79936 71.98045 35.86542 curveto closepath fill
newpath 74.9685 35.86542 moveto
74.9685 35.93147 74.94226 35.99483 74.89555 36.04153 curveto
74.84885 36.08824 74.78549 36.11449 74.71944 36.11449 curveto
74.65338 36.11449 74.59003 36.08824 74.54332 36.04153 curveto
74.49661 35.99483 74.47037 35.93147 74.47037 35.86542 curveto
74.47037 35.79936 74.49661 35.73601 74.54332 35.6893 curveto
74.59003 35.6426 74.65338 35.61635 74.71944 35.61635 curveto
74.78549 35.61635 74.84885 35.6426 74.89555 35.6893 curveto
74.94226 35.73601 74.9685 35.79936 74.9685 35.86542 curveto closepath fill
newpath 77.9582 35.86542 moveto
77.9582 35.93147 77.93196 35.99483 77.88525 36.04153 curveto
77.83855 36.08824 77.77519 36.11449 77.70914 36.11449 curveto
77.64308 36.11449 77.57973 36.08824 77.53302 36.04153 curveto
77.48631 35.99483 77.46007 35.93147 77.46007 35.86542 curveto
77.46007 35.79936 77.48631 35.73601 77.53302 35.6893 curveto
77.57973 35.6426 77.64308 35.61635 77.70914 35.61635 curveto
77.77519 35.61635 77.83855 35.6426 77.88525 35.6893 curveto
77.93196 35.73601 77.9582 35.79936 77.9582 35.86542 curveto closepath fill
newpath 80.94626 35.86542 moveto
80.94626 35.93147 80.92001 35.99483 80.8733 36.04153 curveto
80.8266 36.08824 80.76324 36.11449 80.69719 36.11449 curveto
80.63113 36.11449 80.56778 36.08824 80.52107 36.04153 curveto
80.47437 35.99483 80.44812 35.93147 80.44812 35.86542 curveto
80.44812 35.79936 80.47437 35.73601 80.52107 35.6893 curveto
80.56778 35.6426 80.63113 35.61635 80.69719 35.61635 curveto
80.76324 35.61635 80.8266 35.6426 80.8733 35.6893 curveto
80.92001 35.73601 80.94626 35.79936 80.94626 35.86542 curveto closepath fill
newpath 83.93596 35.86542 moveto
83.93596 35.93147 83.90971 35.99483 83.863 36.04153 curveto
83.8163 36.08824 83.75294 36.11449 83.68689 36.11449 curveto
83.62083 36.11449 83.55748 36.08824 83.51077 36.04153 curveto
83.46407 35.99483 83.43782 35.93147 83.43782 35.86542 curveto
83.43782 35.79936 83.46407 35.73601 83.51077 35.6893 curveto
83.55748 35.6426 83.62083 35.61635 83.68689 35.61635 curveto
83.75294 35.61635 83.8163 35.6426 83.863 35.6893 curveto
83.90971 35.73601 83.93596 35.79936 83.93596 35.86542 curveto closepath fill
newpath 86.92401 35.86542 moveto
86.92401 35.93147 86.89777 35.99483 86.85106 36.04153 curveto
86.80435 36.08824 86.741 36.11449 86.67494 36.11449 curveto
86.60889 36.11449 86.54553 36.08824 86.49883 36.04153 curveto
86.45212 35.99483 86.42587 35.93147 86.42587 35.86542 curveto
86.42587 35.79936 86.45212 35.73601 86.49883 35.6893 curveto
86.54553 35.6426 86.60889 35.61635 86.67494 35.61635 curveto
86.741 35.61635 86.80435 35.6426 86.85106 35.6893 curveto
86.89777 35.73601 86.92401 35.79936 86.92401 35.86542 curveto closepath fill
newpath 89.91371 35.86542 moveto
89.91371 35.93147 89.88747 35.99483 89.84076 36.04153 curveto
89.79405 36.08824 89.7307 36.11449 89.66464 36.11449 curveto
89.59859 36.11449 89.53523 36.08824 89.48853 36.04153 curveto
89.44182 35.99483 89.41557 35.93147 89.41557 35.86542 curveto
89.41557 35.79936 89.44182 35.73601 89.48853 35.6893 curveto
89.53523 35.6426 89.59859 35.61635 89.66464 35.61635 curveto
89.7307 35.61635 89.79405 35.6426 89.84076 35.6893 curveto
89.88747 35.73601 89.91371 35.79936 89.91371 35.86542 curveto closepath fill
newpath 92.90176 35.86542 moveto
92.90176 35.93147 92.87552 35.99483 92.82881 36.04153 curveto
92.7821 36.08824 92.71875 36.11449 92.6527 36.11449 curveto
92.58664 36.11449 92.52328 36.08824 92.47658 36.04153 curveto
92.42987 35.99483 92.40363 35.93147 92.40363 35.86542 curveto
92.40363 35.79936 92.42987 35.73601 92.47658 35.6893 curveto
92.52328 35.6426 92.58664 35.61635 92.6527 35.61635 curveto
92.71875 35.61635 92.7821 35.6426 92.82881 35.6893 curveto
92.87552 35.73601 92.90176 35.79936 92.90176 35.86542 curveto closepath fill
newpath 95.89146 35.86542 moveto
95.89146 35.93147 95.86522 35.99483 95.81851 36.04153 curveto
95.7718 36.08824 95.70845 36.11449 95.6424 36.11449 curveto
95.57634 36.11449 95.51299 36.08824 95.46628 36.04153 curveto
95.41957 35.99483 95.39333 35.93147 95.39333 35.86542 curveto
95.39333 35.79936 95.41957 35.73601 95.46628 35.6893 curveto
95.51299 35.6426 95.57634 35.61635 95.6424 35.61635 curveto
95.70845 35.61635 95.7718 35.6426 95.81851 35.6893 curveto
95.86522 35.73601 95.89146 35.79936 95.89146 35.86542 curveto closepath fill
newpath 98.87952 35.86542 moveto
98.87952 35.93147 98.85327 35.99483 98.80656 36.04153 curveto
98.75986 36.08824 98.6965 36.11449 98.63045 36.11449 curveto
98.56439 36.11449 98.50104 36.08824 98.45433 36.04153 curveto
98.40762 35.99483 98.38138 35.93147 98.38138 35.86542 curveto
98.38138 35.79936 98.40762 35.73601 98.45433 35.6893 curveto
98.50104 35.6426 98.56439 35.61635 98.63045 35.61635 curveto
98.6965 35.61635 98.75986 35.6426 98.80656 35.6893 curveto
98.85327 35.73601 98.87952 35.79936 98.87952 35.86542 curveto closepath fill
newpath 101.86757 35.86542 moveto
101.86757 35.93147 101.84132 35.99483 101.79462 36.04153 curveto
101.74791 36.08824 101.68456 36.11449 101.6185 36.11449 curveto
101.55244 36.11449 101.48909 36.08824 101.44238 36.04153 curveto
101.39568 35.99483 101.36943 35.93147 101.36943 35.86542 curveto
101.36943 35.79936 101.39568 35.73601 101.44238 35.6893 curveto
101.48909 35.6426 101.55244 35.61635 101.6185 35.61635 curveto
101.68456 35.61635 101.74791 35.6426 101.79462 35.6893 curveto
101.84132 35.73601 101.86757 35.79936 101.86757 35.86542 curveto closepath fill
newpath 104.85727 35.86542 moveto
104.85727 35.93147 104.83102 35.99483 104.78432 36.04153 curveto
104.73761 36.08824 104.67426 36.11449 104.6082 36.11449 curveto
104.54214 36.11449 104.47879 36.08824 104.43208 36.04153 curveto
104.38538 35.99483 104.35913 35.93147 104.35913 35.86542 curveto
104.35913 35.79936 104.38538 35.73601 104.43208 35.6893 curveto
104.47879 35.6426 104.54214 35.61635 104.6082 35.61635 curveto
104.67426 35.61635 104.73761 35.6426 104.78432 35.6893 curveto
104.83102 35.73601 104.85727 35.79936 104.85727 35.86542 curveto closepath fill
newpath 107.84532 35.86542 moveto
107.84532 35.93147 107.81908 35.99483 107.77237 36.04153 curveto
107.72566 36.08824 107.66231 36.11449 107.59625 36.11449 curveto
107.5302 36.11449 107.46684 36.08824 107.42014 36.04153 curveto
107.37343 35.99483 107.34718 35.93147 107.34718 35.86542 curveto
107.34718 35.79936 107.37343 35.73601 107.42014 35.6893 curveto
107.46684 35.6426 107.5302 35.61635 107.59625 35.61635 curveto
107.66231 35.61635 107.72566 35.6426 107.77237 35.6893 curveto
107.81908 35.73601 107.84532 35.79936 107.84532 35.86542 curveto closepath fill
 0 1.24533 dtransform truncate idtransform setlinewidth pop [] 0 setdash 1 setlinecap 1 setlinejoin
 10 setmiterlimit
newpath 0 35.86542 moveto
17.93271 71.73083 lineto stroke
newpath 13.47734 68.38927 moveto
14.44147 68.56453 17.49449 70.85439 17.93271 71.73083 curveto
17.49449 70.85439 17.49448 67.03804 17.93275 66.1616 curveto
 closepath fill
newpath 35.86542 35.86542 moveto
71.73083 107.59625 lineto stroke
newpath 67.27539 104.25473 moveto
68.23952 104.42998 71.2926 106.7198 71.73083 107.59625 curveto
71.2926 106.7198 71.29253 102.90343 71.7308 102.02698 curveto
 closepath fill
newpath 71.73083 35.86542 moveto
80.69719 53.79813 lineto stroke
newpath 76.24167 50.45663 moveto
77.20581 50.63187 80.25894 52.92168 80.69719 53.79813 curveto
80.25894 52.92168 80.25882 49.10529 80.69708 48.22882 curveto
 closepath fill
newpath 107.59625 35.86542 moveto
89.66354 0 lineto stroke
newpath 94.11891 3.34157 moveto
93.15479 3.1663 90.10176 0.87645 89.66354 0 curveto
90.10176 0.87645 90.10178 4.6928 89.6635 5.56923 curveto
 closepath fill
showpage
%%EOF
