%!PS
%%BoundingBox: -1 17 198 162 
%%HiResBoundingBox: -0.24907 17.31004 197.50887 161.64345 
%%Creator: MetaPost 2.000
%%CreationDate: 2017.06.21:2222
%%Pages: 1
%%BeginProlog
%%EndProlog
%%Page: 1 1
 0 0 0 setrgbcolor
newpath 143.71074 89.66354 moveto
143.71074 89.7296 143.6845 89.79295 143.63779 89.83966 curveto
143.59108 89.88637 143.52773 89.91261 143.46167 89.91261 curveto
143.39561 89.91261 143.33226 89.88637 143.28555 89.83966 curveto
143.23885 89.79295 143.2126 89.7296 143.2126 89.66354 curveto
143.2126 89.59749 143.23885 89.53413 143.28555 89.48743 curveto
143.33226 89.44072 143.39561 89.41447 143.46167 89.41447 curveto
143.52773 89.41447 143.59108 89.44072 143.63779 89.48743 curveto
143.6845 89.53413 143.71074 89.59749 143.71074 89.66354 curveto closepath fill
newpath 141.12236 91.15755 moveto
141.12236 91.2236 141.09612 91.28696 141.04941 91.33366 curveto
141.0027 91.38037 140.93935 91.40662 140.87329 91.40662 curveto
140.80724 91.40662 140.74388 91.38037 140.69717 91.33366 curveto
140.65047 91.28696 140.62422 91.2236 140.62422 91.15755 curveto
140.62422 91.09149 140.65047 91.02814 140.69717 90.98143 curveto
140.74388 90.93472 140.80724 90.90848 140.87329 90.90848 curveto
140.93935 90.90848 141.0027 90.93472 141.04941 90.98143 curveto
141.09612 91.02814 141.12236 91.09149 141.12236 91.15755 curveto closepath fill
newpath 138.53206 92.6527 moveto
138.53206 92.71875 138.50581 92.7821 138.4591 92.82881 curveto
138.4124 92.87552 138.34904 92.90176 138.28299 92.90176 curveto
138.21693 92.90176 138.15358 92.87552 138.10687 92.82881 curveto
138.06017 92.7821 138.03392 92.71875 138.03392 92.6527 curveto
138.03392 92.58664 138.06017 92.52328 138.10687 92.47658 curveto
138.15358 92.42987 138.21693 92.40363 138.28299 92.40363 curveto
138.34904 92.40363 138.4124 92.42987 138.4591 92.47658 curveto
138.50581 92.52328 138.53206 92.58664 138.53206 92.6527 curveto closepath fill
newpath 135.94363 94.1467 moveto
135.94363 94.21275 135.91739 94.27611 135.87068 94.32281 curveto
135.82397 94.36952 135.76062 94.39577 135.69456 94.39577 curveto
135.62851 94.39577 135.56516 94.36952 135.51845 94.32281 curveto
135.47174 94.27611 135.4455 94.21275 135.4455 94.1467 curveto
135.4455 94.08064 135.47174 94.01729 135.51845 93.97058 curveto
135.56516 93.92387 135.62851 93.89763 135.69456 93.89763 curveto
135.76062 93.89763 135.82397 93.92387 135.87068 93.97058 curveto
135.91739 94.01729 135.94363 94.08064 135.94363 94.1467 curveto closepath fill
newpath 133.35526 95.64075 moveto
133.35526 95.7068 133.32901 95.77016 133.2823 95.81686 curveto
133.2356 95.86357 133.17224 95.88982 133.10619 95.88982 curveto
133.04013 95.88982 132.97678 95.86357 132.93007 95.81686 curveto
132.88336 95.77016 132.85712 95.7068 132.85712 95.64075 curveto
132.85712 95.57469 132.88336 95.51134 132.93007 95.46463 curveto
132.97678 95.41792 133.04013 95.39168 133.10619 95.39168 curveto
133.17224 95.39168 133.2356 95.41792 133.2823 95.46463 curveto
133.32901 95.51134 133.35526 95.57469 133.35526 95.64075 curveto closepath fill
newpath 130.76495 97.13585 moveto
130.76495 97.2019 130.73871 97.26526 130.692 97.31197 curveto
130.6453 97.35867 130.58194 97.38492 130.51588 97.38492 curveto
130.44983 97.38492 130.38647 97.35867 130.33977 97.31197 curveto
130.29306 97.26526 130.26682 97.2019 130.26682 97.13585 curveto
130.26682 97.0698 130.29306 97.00644 130.33977 96.95973 curveto
130.38647 96.91302 130.44983 96.88678 130.51588 96.88678 curveto
130.58194 96.88678 130.6453 96.91302 130.692 96.95973 curveto
130.73871 97.00644 130.76495 97.0698 130.76495 97.13585 curveto closepath fill
newpath 128.17653 98.62988 moveto
128.17653 98.69594 128.15028 98.7593 128.10358 98.806 curveto
128.05687 98.8527 127.99352 98.87895 127.92746 98.87895 curveto
127.8614 98.87895 127.79805 98.8527 127.75134 98.806 curveto
127.70464 98.7593 127.67839 98.69594 127.67839 98.62988 curveto
127.67839 98.56383 127.70464 98.50047 127.75134 98.45377 curveto
127.79805 98.40706 127.8614 98.38081 127.92746 98.38081 curveto
127.99352 98.38081 128.05687 98.40706 128.10358 98.45377 curveto
128.15028 98.50047 128.17653 98.56383 128.17653 98.62988 curveto closepath fill
newpath 125.58815 100.1239 moveto
125.58815 100.18996 125.5619 100.25331 125.5152 100.30002 curveto
125.46849 100.34673 125.40514 100.37297 125.33908 100.37297 curveto
125.27303 100.37297 125.20967 100.34673 125.16296 100.30002 curveto
125.11626 100.25331 125.09001 100.18996 125.09001 100.1239 curveto
125.09001 100.05785 125.11626 99.99449 125.16296 99.94778 curveto
125.20967 99.90108 125.27303 99.87483 125.33908 99.87483 curveto
125.40514 99.87483 125.46849 99.90108 125.5152 99.94778 curveto
125.5619 99.99449 125.58815 100.05785 125.58815 100.1239 curveto closepath fill
newpath 122.99785 101.61902 moveto
122.99785 101.68507 122.9716 101.74843 122.9249 101.79514 curveto
122.87819 101.84184 122.81483 101.86809 122.74878 101.86809 curveto
122.68272 101.86809 122.61937 101.84184 122.57266 101.79514 curveto
122.52596 101.74843 122.49971 101.68507 122.49971 101.61902 curveto
122.49971 101.55296 122.52596 101.48961 122.57266 101.4429 curveto
122.61937 101.3962 122.68272 101.36995 122.74878 101.36995 curveto
122.81483 101.36995 122.87819 101.3962 122.9249 101.4429 curveto
122.9716 101.48961 122.99785 101.55296 122.99785 101.61902 curveto closepath fill
newpath 120.40947 103.11305 moveto
120.40947 103.17911 120.38322 103.24246 120.33652 103.28917 curveto
120.28981 103.33588 120.22646 103.36212 120.1604 103.36212 curveto
120.09435 103.36212 120.03099 103.33588 119.98428 103.28917 curveto
119.93758 103.24246 119.91133 103.17911 119.91133 103.11305 curveto
119.91133 103.047 119.93758 102.98364 119.98428 102.93694 curveto
120.03099 102.89023 120.09435 102.86398 120.1604 102.86398 curveto
120.22646 102.86398 120.28981 102.89023 120.33652 102.93694 curveto
120.38322 102.98364 120.40947 103.047 120.40947 103.11305 curveto closepath fill
newpath 117.82104 104.60709 moveto
117.82104 104.67314 117.7948 104.7365 117.7481 104.7832 curveto
117.70139 104.82991 117.63803 104.85616 117.57198 104.85616 curveto
117.50592 104.85616 117.44257 104.82991 117.39586 104.7832 curveto
117.34915 104.7365 117.3229 104.67314 117.3229 104.60709 curveto
117.3229 104.54103 117.34915 104.47768 117.39586 104.43097 curveto
117.44257 104.38426 117.50592 104.35802 117.57198 104.35802 curveto
117.63803 104.35802 117.70139 104.38426 117.7481 104.43097 curveto
117.7948 104.47768 117.82104 104.54103 117.82104 104.60709 curveto closepath fill
newpath 115.23074 106.10219 moveto
115.23074 106.16824 115.2045 106.2316 115.15779 106.2783 curveto
115.11108 106.32501 115.04773 106.35126 114.98167 106.35126 curveto
114.91562 106.35126 114.85226 106.32501 114.80556 106.2783 curveto
114.75885 106.2316 114.7326 106.16824 114.7326 106.10219 curveto
114.7326 106.03613 114.75885 105.97278 114.80556 105.92607 curveto
114.85226 105.87936 114.91562 105.85312 114.98167 105.85312 curveto
115.04773 105.85312 115.11108 105.87936 115.15779 105.92607 curveto
115.2045 105.97278 115.23074 106.03613 115.23074 106.10219 curveto closepath fill
newpath 112.64236 107.59624 moveto
112.64236 107.6623 112.61612 107.72565 112.56941 107.77235 curveto
112.5227 107.81906 112.45935 107.8453 112.3933 107.8453 curveto
112.32724 107.8453 112.26389 107.81906 112.21718 107.77235 curveto
112.17047 107.72565 112.14423 107.6623 112.14423 107.59624 curveto
112.14423 107.53018 112.17047 107.46683 112.21718 107.42012 curveto
112.26389 107.37341 112.32724 107.34717 112.3933 107.34717 curveto
112.45935 107.34717 112.5227 107.37341 112.56941 107.42012 curveto
112.61612 107.46683 112.64236 107.53018 112.64236 107.59624 curveto closepath fill
newpath 110.05394 109.09026 moveto
110.05394 109.15631 110.0277 109.21967 109.98099 109.26637 curveto
109.93428 109.31308 109.87093 109.33932 109.80487 109.33932 curveto
109.73882 109.33932 109.67546 109.31308 109.62875 109.26637 curveto
109.58205 109.21967 109.5558 109.15631 109.5558 109.09026 curveto
109.5558 109.0242 109.58205 108.96085 109.62875 108.91414 curveto
109.67546 108.86743 109.73882 108.84119 109.80487 108.84119 curveto
109.87093 108.84119 109.93428 108.86743 109.98099 108.91414 curveto
110.0277 108.96085 110.05394 109.0242 110.05394 109.09026 curveto closepath fill
newpath 107.46364 110.58537 moveto
107.46364 110.65143 107.4374 110.71478 107.39069 110.76149 curveto
107.34398 110.8082 107.28062 110.83444 107.21457 110.83444 curveto
107.14851 110.83444 107.08516 110.8082 107.03845 110.76149 curveto
106.99174 110.71478 106.9655 110.65143 106.9655 110.58537 curveto
106.9655 110.51932 106.99174 110.45596 107.03845 110.40926 curveto
107.08516 110.36255 107.14851 110.3363 107.21457 110.3363 curveto
107.28062 110.3363 107.34398 110.36255 107.39069 110.40926 curveto
107.4374 110.45596 107.46364 110.51932 107.46364 110.58537 curveto closepath fill
newpath 104.87526 112.0794 moveto
104.87526 112.14546 104.84901 112.20882 104.8023 112.25552 curveto
104.7556 112.30223 104.69225 112.32848 104.62619 112.32848 curveto
104.56013 112.32848 104.49678 112.30223 104.45007 112.25552 curveto
104.40337 112.20882 104.37712 112.14546 104.37712 112.0794 curveto
104.37712 112.01335 104.40337 111.95 104.45007 111.90329 curveto
104.49678 111.85658 104.56013 111.83034 104.62619 111.83034 curveto
104.69225 111.83034 104.7556 111.85658 104.8023 111.90329 curveto
104.84901 111.95 104.87526 112.01335 104.87526 112.0794 curveto closepath fill
newpath 102.28683 113.57344 moveto
102.28683 113.6395 102.26059 113.70285 102.21388 113.74956 curveto
102.16718 113.79626 102.10382 113.82251 102.03777 113.82251 curveto
101.97171 113.82251 101.90836 113.79626 101.86165 113.74956 curveto
101.81494 113.70285 101.7887 113.6395 101.7887 113.57344 curveto
101.7887 113.50739 101.81494 113.44403 101.86165 113.39732 curveto
101.90836 113.35062 101.97171 113.32437 102.03777 113.32437 curveto
102.10382 113.32437 102.16718 113.35062 102.21388 113.39732 curveto
102.26059 113.44403 102.28683 113.50739 102.28683 113.57344 curveto closepath fill
newpath 99.69658 115.06856 moveto
99.69658 115.13461 99.67033 115.19797 99.62363 115.24467 curveto
99.57692 115.29138 99.51357 115.31763 99.44751 115.31763 curveto
99.38145 115.31763 99.3181 115.29138 99.2714 115.24467 curveto
99.22469 115.19797 99.19844 115.13461 99.19844 115.06856 curveto
99.19844 115.0025 99.22469 114.93915 99.2714 114.89244 curveto
99.3181 114.84573 99.38145 114.81949 99.44751 114.81949 curveto
99.51357 114.81949 99.57692 114.84573 99.62363 114.89244 curveto
99.67033 114.93915 99.69658 115.0025 99.69658 115.06856 curveto closepath fill
newpath 97.10815 116.56259 moveto
97.10815 116.62865 97.08191 116.692 97.0352 116.73871 curveto
96.9885 116.78542 96.92514 116.81166 96.85909 116.81166 curveto
96.79303 116.81166 96.72968 116.78542 96.68297 116.73871 curveto
96.63626 116.692 96.61002 116.62865 96.61002 116.56259 curveto
96.61002 116.49654 96.63626 116.43318 96.68297 116.38647 curveto
96.72968 116.33977 96.79303 116.31352 96.85909 116.31352 curveto
96.92514 116.31352 96.9885 116.33977 97.0352 116.38647 curveto
97.08191 116.43318 97.10815 116.49654 97.10815 116.56259 curveto closepath fill
newpath 94.51978 118.05663 moveto
94.51978 118.12268 94.49353 118.18604 94.44682 118.23274 curveto
94.40012 118.27945 94.33676 118.3057 94.2707 118.3057 curveto
94.20465 118.3057 94.1413 118.27945 94.09459 118.23274 curveto
94.04788 118.18604 94.02164 118.12268 94.02164 118.05663 curveto
94.02164 117.99057 94.04788 117.92722 94.09459 117.88051 curveto
94.1413 117.8338 94.20465 117.80756 94.2707 117.80756 curveto
94.33676 117.80756 94.40012 117.8338 94.44682 117.88051 curveto
94.49353 117.92722 94.51978 117.99057 94.51978 118.05663 curveto closepath fill
newpath 91.92947 119.55174 moveto
91.92947 119.6178 91.90323 119.68115 91.85652 119.72786 curveto
91.80981 119.77457 91.74646 119.80081 91.6804 119.80081 curveto
91.61435 119.80081 91.551 119.77457 91.50429 119.72786 curveto
91.45758 119.68115 91.43134 119.6178 91.43134 119.55174 curveto
91.43134 119.48569 91.45758 119.42233 91.50429 119.37563 curveto
91.551 119.32892 91.61435 119.30267 91.6804 119.30267 curveto
91.74646 119.30267 91.80981 119.32892 91.85652 119.37563 curveto
91.90323 119.42233 91.92947 119.48569 91.92947 119.55174 curveto closepath fill
newpath 89.34105 121.04578 moveto
89.34105 121.11183 89.3148 121.17519 89.2681 121.2219 curveto
89.22139 121.2686 89.15804 121.29485 89.09198 121.29485 curveto
89.02592 121.29485 88.96257 121.2686 88.91586 121.2219 curveto
88.86916 121.17519 88.84291 121.11183 88.84291 121.04578 curveto
88.84291 120.97972 88.86916 120.91637 88.91586 120.86966 curveto
88.96257 120.82295 89.02592 120.7967 89.09198 120.7967 curveto
89.15804 120.7967 89.22139 120.82295 89.2681 120.86966 curveto
89.3148 120.91637 89.34105 120.97972 89.34105 121.04578 curveto closepath fill
newpath 86.75267 122.5398 moveto
86.75267 122.60585 86.72643 122.6692 86.67972 122.71591 curveto
86.63301 122.76262 86.56966 122.78886 86.5036 122.78886 curveto
86.43755 122.78886 86.37419 122.76262 86.32748 122.71591 curveto
86.28078 122.6692 86.25453 122.60585 86.25453 122.5398 curveto
86.25453 122.47374 86.28078 122.41039 86.32748 122.36368 curveto
86.37419 122.31697 86.43755 122.29073 86.5036 122.29073 curveto
86.56966 122.29073 86.63301 122.31697 86.67972 122.36368 curveto
86.72643 122.41039 86.75267 122.47374 86.75267 122.5398 curveto closepath fill
newpath 84.16237 124.03493 moveto
84.16237 124.10098 84.13612 124.16434 84.08942 124.21104 curveto
84.04271 124.25775 83.97935 124.284 83.9133 124.284 curveto
83.84724 124.284 83.78389 124.25775 83.73718 124.21104 curveto
83.69048 124.16434 83.66423 124.10098 83.66423 124.03493 curveto
83.66423 123.96887 83.69048 123.90552 83.73718 123.85881 curveto
83.78389 123.8121 83.84724 123.78586 83.9133 123.78586 curveto
83.97935 123.78586 84.04271 123.8121 84.08942 123.85881 curveto
84.13612 123.90552 84.16237 123.96887 84.16237 124.03493 curveto closepath fill
newpath 81.57394 125.52898 moveto
81.57394 125.59503 81.5477 125.65839 81.50099 125.7051 curveto
81.45428 125.7518 81.39093 125.77805 81.32487 125.77805 curveto
81.25882 125.77805 81.19547 125.7518 81.14876 125.7051 curveto
81.10205 125.65839 81.0758 125.59503 81.0758 125.52898 curveto
81.0758 125.46292 81.10205 125.39957 81.14876 125.35286 curveto
81.19547 125.30615 81.25882 125.2799 81.32487 125.2799 curveto
81.39093 125.2799 81.45428 125.30615 81.50099 125.35286 curveto
81.5477 125.39957 81.57394 125.46292 81.57394 125.52898 curveto closepath fill
newpath 78.98557 127.023 moveto
78.98557 127.08905 78.95932 127.1524 78.91261 127.19911 curveto
78.8659 127.24582 78.80255 127.27206 78.7365 127.27206 curveto
78.67044 127.27206 78.60709 127.24582 78.56038 127.19911 curveto
78.51367 127.1524 78.48743 127.08905 78.48743 127.023 curveto
78.48743 126.95694 78.51367 126.89359 78.56038 126.84688 curveto
78.60709 126.80017 78.67044 126.77393 78.7365 126.77393 curveto
78.80255 126.77393 78.8659 126.80017 78.91261 126.84688 curveto
78.95932 126.89359 78.98557 126.95694 78.98557 127.023 curveto closepath fill
newpath 76.39526 128.51813 moveto
76.39526 128.58418 76.36902 128.64754 76.32231 128.69424 curveto
76.2756 128.74095 76.21225 128.7672 76.1462 128.7672 curveto
76.08014 128.7672 76.01678 128.74095 75.97008 128.69424 curveto
75.92337 128.64754 75.89713 128.58418 75.89713 128.51813 curveto
75.89713 128.45207 75.92337 128.38872 75.97008 128.34201 curveto
76.01678 128.2953 76.08014 128.26906 76.1462 128.26906 curveto
76.21225 128.26906 76.2756 128.2953 76.32231 128.34201 curveto
76.36902 128.38872 76.39526 128.45207 76.39526 128.51813 curveto closepath fill
newpath 73.80688 130.01215 moveto
73.80688 130.0782 73.78064 130.14156 73.73393 130.18826 curveto
73.68723 130.23497 73.62387 130.26122 73.55782 130.26122 curveto
73.49176 130.26122 73.4284 130.23497 73.3817 130.18826 curveto
73.33499 130.14156 73.30875 130.0782 73.30875 130.01215 curveto
73.30875 129.94609 73.33499 129.88274 73.3817 129.83603 curveto
73.4284 129.78932 73.49176 129.76308 73.55782 129.76308 curveto
73.62387 129.76308 73.68723 129.78932 73.73393 129.83603 curveto
73.78064 129.88274 73.80688 129.94609 73.80688 130.01215 curveto closepath fill
newpath 71.21846 131.50618 moveto
71.21846 131.57224 71.19221 131.63559 71.14551 131.6823 curveto
71.0988 131.729 71.03545 131.75525 70.96939 131.75525 curveto
70.90334 131.75525 70.83998 131.729 70.79327 131.6823 curveto
70.74657 131.63559 70.72032 131.57224 70.72032 131.50618 curveto
70.72032 131.44012 70.74657 131.37677 70.79327 131.33006 curveto
70.83998 131.28336 70.90334 131.25711 70.96939 131.25711 curveto
71.03545 131.25711 71.0988 131.28336 71.14551 131.33006 curveto
71.19221 131.37677 71.21846 131.44012 71.21846 131.50618 curveto closepath fill
newpath 68.63008 133.00021 moveto
68.63008 133.06627 68.60384 133.12962 68.55713 133.17633 curveto
68.51042 133.22304 68.44707 133.24928 68.38101 133.24928 curveto
68.31496 133.24928 68.2516 133.22304 68.2049 133.17633 curveto
68.15819 133.12962 68.13194 133.06627 68.13194 133.00021 curveto
68.13194 132.93416 68.15819 132.8708 68.2049 132.8241 curveto
68.2516 132.77739 68.31496 132.75114 68.38101 132.75114 curveto
68.44707 132.75114 68.51042 132.77739 68.55713 132.8241 curveto
68.60384 132.8708 68.63008 132.93416 68.63008 133.00021 curveto closepath fill
newpath 66.03978 134.49533 moveto
66.03978 134.56139 66.01353 134.62474 65.96683 134.67145 curveto
65.92012 134.71815 65.85677 134.7444 65.79071 134.7444 curveto
65.72466 134.7444 65.6613 134.71815 65.6146 134.67145 curveto
65.56789 134.62474 65.54164 134.56139 65.54164 134.49533 curveto
65.54164 134.42928 65.56789 134.36592 65.6146 134.31921 curveto
65.6613 134.2725 65.72466 134.24626 65.79071 134.24626 curveto
65.85677 134.24626 65.92012 134.2725 65.96683 134.31921 curveto
66.01353 134.36592 66.03978 134.42928 66.03978 134.49533 curveto closepath fill
newpath 63.45135 135.98936 moveto
63.45135 136.05542 63.42511 136.11877 63.3784 136.16548 curveto
63.3317 136.21219 63.26834 136.23843 63.20229 136.23843 curveto
63.13623 136.23843 63.07288 136.21219 63.02617 136.16548 curveto
62.97946 136.11877 62.95322 136.05542 62.95322 135.98936 curveto
62.95322 135.92331 62.97946 135.85995 63.02617 135.81325 curveto
63.07288 135.76654 63.13623 135.7403 63.20229 135.7403 curveto
63.26834 135.7403 63.3317 135.76654 63.3784 135.81325 curveto
63.42511 135.85995 63.45135 135.92331 63.45135 135.98936 curveto closepath fill
newpath 60.86298 137.48338 moveto
60.86298 137.54944 60.83673 137.6128 60.79002 137.6595 curveto
60.74332 137.7062 60.67996 137.73245 60.6139 137.73245 curveto
60.54785 137.73245 60.4845 137.7062 60.43779 137.6595 curveto
60.39108 137.6128 60.36484 137.54944 60.36484 137.48338 curveto
60.36484 137.41733 60.39108 137.35397 60.43779 137.30727 curveto
60.4845 137.26056 60.54785 137.23431 60.6139 137.23431 curveto
60.67996 137.23431 60.74332 137.26056 60.79002 137.30727 curveto
60.83673 137.35397 60.86298 137.41733 60.86298 137.48338 curveto closepath fill
newpath 58.27267 138.97852 moveto
58.27267 139.04457 58.24643 139.10793 58.19972 139.15463 curveto
58.15302 139.20134 58.08966 139.22758 58.0236 139.22758 curveto
57.95755 139.22758 57.8942 139.20134 57.84749 139.15463 curveto
57.80078 139.10793 57.77454 139.04457 57.77454 138.97852 curveto
57.77454 138.91246 57.80078 138.8491 57.84749 138.8024 curveto
57.8942 138.75569 57.95755 138.72945 58.0236 138.72945 curveto
58.08966 138.72945 58.15302 138.75569 58.19972 138.8024 curveto
58.24643 138.8491 58.27267 138.91246 58.27267 138.97852 curveto closepath fill
newpath 55.6843 140.47255 moveto
55.6843 140.5386 55.65805 140.60196 55.61134 140.64867 curveto
55.56464 140.69537 55.50128 140.72162 55.43523 140.72162 curveto
55.36917 140.72162 55.30582 140.69537 55.25911 140.64867 curveto
55.2124 140.60196 55.18616 140.5386 55.18616 140.47255 curveto
55.18616 140.4065 55.2124 140.34314 55.25911 140.29643 curveto
55.30582 140.24973 55.36917 140.22348 55.43523 140.22348 curveto
55.50128 140.22348 55.56464 140.24973 55.61134 140.29643 curveto
55.65805 140.34314 55.6843 140.4065 55.6843 140.47255 curveto closepath fill
newpath 53.09587 141.96657 moveto
53.09587 142.03262 53.06963 142.09598 53.02292 142.14268 curveto
52.97621 142.18939 52.91286 142.21564 52.8468 142.21564 curveto
52.78075 142.21564 52.71739 142.18939 52.67068 142.14268 curveto
52.62398 142.09598 52.59773 142.03262 52.59773 141.96657 curveto
52.59773 141.90051 52.62398 141.83716 52.67068 141.79045 curveto
52.71739 141.74374 52.78075 141.7175 52.8468 141.7175 curveto
52.91286 141.7175 52.97621 141.74374 53.02292 141.79045 curveto
53.06963 141.83716 53.09587 141.90051 53.09587 141.96657 curveto closepath fill
newpath 50.50557 143.4617 moveto
50.50557 143.52776 50.47932 143.59111 50.43262 143.63782 curveto
50.38591 143.68452 50.32256 143.71077 50.2565 143.71077 curveto
50.19044 143.71077 50.12709 143.68452 50.08038 143.63782 curveto
50.03368 143.59111 50.00743 143.52776 50.00743 143.4617 curveto
50.00743 143.39565 50.03368 143.33229 50.08038 143.28558 curveto
50.12709 143.23888 50.19044 143.21263 50.2565 143.21263 curveto
50.32256 143.21263 50.38591 143.23888 50.43262 143.28558 curveto
50.47932 143.33229 50.50557 143.39565 50.50557 143.4617 curveto closepath fill
newpath 47.91719 144.95573 moveto
47.91719 145.02179 47.89095 145.08514 47.84424 145.13185 curveto
47.79753 145.17856 47.73418 145.2048 47.66812 145.2048 curveto
47.60207 145.2048 47.53871 145.17856 47.492 145.13185 curveto
47.4453 145.08514 47.41905 145.02179 47.41905 144.95573 curveto
47.41905 144.88968 47.4453 144.82632 47.492 144.77962 curveto
47.53871 144.73291 47.60207 144.70667 47.66812 144.70667 curveto
47.73418 144.70667 47.79753 144.73291 47.84424 144.77962 curveto
47.89095 144.82632 47.91719 144.88968 47.91719 144.95573 curveto closepath fill
newpath 45.32877 146.44975 moveto
45.32877 146.51581 45.30252 146.57916 45.25581 146.62587 curveto
45.2091 146.67258 45.14575 146.69882 45.0797 146.69882 curveto
45.01364 146.69882 44.95029 146.67258 44.90358 146.62587 curveto
44.85687 146.57916 44.83063 146.51581 44.83063 146.44975 curveto
44.83063 146.3837 44.85687 146.32034 44.90358 146.27364 curveto
44.95029 146.22693 45.01364 146.20068 45.0797 146.20068 curveto
45.14575 146.20068 45.2091 146.22693 45.25581 146.27364 curveto
45.30252 146.32034 45.32877 146.3837 45.32877 146.44975 curveto closepath fill
newpath 42.73846 147.94489 moveto
42.73846 148.01094 42.71222 148.0743 42.66551 148.121 curveto
42.6188 148.16771 42.55545 148.19395 42.4894 148.19395 curveto
42.42334 148.19395 42.35999 148.16771 42.31328 148.121 curveto
42.26657 148.0743 42.24033 148.01094 42.24033 147.94489 curveto
42.24033 147.87883 42.26657 147.81548 42.31328 147.76877 curveto
42.35999 147.72206 42.42334 147.69582 42.4894 147.69582 curveto
42.55545 147.69582 42.6188 147.72206 42.66551 147.76877 curveto
42.71222 147.81548 42.73846 147.87883 42.73846 147.94489 curveto closepath fill
newpath 40.15009 149.4389 moveto
40.15009 149.50496 40.12384 149.56831 40.07713 149.61502 curveto
40.03043 149.66173 39.96707 149.68797 39.90102 149.68797 curveto
39.83496 149.68797 39.7716 149.66173 39.7249 149.61502 curveto
39.67819 149.56831 39.65195 149.50496 39.65195 149.4389 curveto
39.65195 149.37285 39.67819 149.3095 39.7249 149.26279 curveto
39.7716 149.21608 39.83496 149.18983 39.90102 149.18983 curveto
39.96707 149.18983 40.03043 149.21608 40.07713 149.26279 curveto
40.12384 149.3095 40.15009 149.37285 40.15009 149.4389 curveto closepath fill
newpath 37.5617 150.93292 moveto
37.5617 150.99898 37.53546 151.06233 37.48875 151.10904 curveto
37.44205 151.15575 37.3787 151.18199 37.31264 151.18199 curveto
37.24658 151.18199 37.18323 151.15575 37.13652 151.10904 curveto
37.08981 151.06233 37.06357 150.99898 37.06357 150.93292 curveto
37.06357 150.86687 37.08981 150.80351 37.13652 150.7568 curveto
37.18323 150.7101 37.24658 150.68385 37.31264 150.68385 curveto
37.3787 150.68385 37.44205 150.7101 37.48875 150.7568 curveto
37.53546 150.80351 37.5617 150.86687 37.5617 150.93292 curveto closepath fill
newpath 34.9714 152.42805 moveto
34.9714 152.49411 34.94516 152.55746 34.89845 152.60417 curveto
34.85175 152.65088 34.78839 152.67712 34.72234 152.67712 curveto
34.65628 152.67712 34.59293 152.65088 34.54622 152.60417 curveto
34.49951 152.55746 34.47327 152.49411 34.47327 152.42805 curveto
34.47327 152.362 34.49951 152.29865 34.54622 152.25194 curveto
34.59293 152.20523 34.65628 152.17899 34.72234 152.17899 curveto
34.78839 152.17899 34.85175 152.20523 34.89845 152.25194 curveto
34.94516 152.29865 34.9714 152.362 34.9714 152.42805 curveto closepath fill
newpath 32.38298 153.92207 moveto
32.38298 153.98813 32.35674 154.05148 32.31003 154.09819 curveto
32.26332 154.1449 32.19997 154.17114 32.13391 154.17114 curveto
32.06786 154.17114 32.0045 154.1449 31.9578 154.09819 curveto
31.91109 154.05148 31.88484 153.98813 31.88484 153.92207 curveto
31.88484 153.85602 31.91109 153.79266 31.9578 153.74596 curveto
32.0045 153.69925 32.06786 153.673 32.13391 153.673 curveto
32.19997 153.673 32.26332 153.69925 32.31003 153.74596 curveto
32.35674 153.79266 32.38298 153.85602 32.38298 153.92207 curveto closepath fill
newpath 29.7946 155.41609 moveto
29.7946 155.48215 29.76836 155.5455 29.72165 155.59221 curveto
29.67494 155.63892 29.61159 155.66516 29.54553 155.66516 curveto
29.47948 155.66516 29.41612 155.63892 29.36942 155.59221 curveto
29.32271 155.5455 29.29646 155.48215 29.29646 155.41609 curveto
29.29646 155.35004 29.32271 155.28668 29.36942 155.23997 curveto
29.41612 155.19327 29.47948 155.16702 29.54553 155.16702 curveto
29.61159 155.16702 29.67494 155.19327 29.72165 155.23997 curveto
29.76836 155.28668 29.7946 155.35004 29.7946 155.41609 curveto closepath fill
newpath 27.2043 156.91122 moveto
27.2043 156.97728 27.17805 157.04063 27.13135 157.08734 curveto
27.08464 157.13405 27.02129 157.1603 26.95523 157.1603 curveto
26.88918 157.1603 26.82582 157.13405 26.77911 157.08734 curveto
26.7324 157.04063 26.70616 156.97728 26.70616 156.91122 curveto
26.70616 156.84517 26.7324 156.78181 26.77911 156.7351 curveto
26.82582 156.6884 26.88918 156.66216 26.95523 156.66216 curveto
27.02129 156.66216 27.08464 156.6884 27.13135 156.7351 curveto
27.17805 156.78181 27.2043 156.84517 27.2043 156.91122 curveto closepath fill
newpath 24.61588 158.40523 moveto
24.61588 158.47128 24.58963 158.53464 24.54292 158.58134 curveto
24.49622 158.62805 24.43286 158.6543 24.3668 158.6543 curveto
24.30075 158.6543 24.2374 158.62805 24.19069 158.58134 curveto
24.14398 158.53464 24.11774 158.47128 24.11774 158.40523 curveto
24.11774 158.33917 24.14398 158.27582 24.19069 158.22911 curveto
24.2374 158.1824 24.30075 158.15616 24.3668 158.15616 curveto
24.43286 158.15616 24.49622 158.1824 24.54292 158.22911 curveto
24.58963 158.27582 24.61588 158.33917 24.61588 158.40523 curveto closepath fill
newpath 22.0275 159.89928 moveto
22.0275 159.96533 22.00125 160.02869 21.95454 160.0754 curveto
21.90784 160.1221 21.84448 160.14835 21.77843 160.14835 curveto
21.71237 160.14835 21.64902 160.1221 21.60231 160.0754 curveto
21.5556 160.02869 21.52936 159.96533 21.52936 159.89928 curveto
21.52936 159.83322 21.5556 159.76987 21.60231 159.72316 curveto
21.64902 159.67645 21.71237 159.6502 21.77843 159.6502 curveto
21.84448 159.6502 21.90784 159.67645 21.95454 159.72316 curveto
22.00125 159.76987 22.0275 159.83322 22.0275 159.89928 curveto closepath fill
newpath 19.4372 161.39438 moveto
19.4372 161.46043 19.41095 161.52379 19.36424 161.5705 curveto
19.31754 161.6172 19.25418 161.64345 19.18813 161.64345 curveto
19.12207 161.64345 19.05872 161.6172 19.01201 161.5705 curveto
18.9653 161.52379 18.93906 161.46043 18.93906 161.39438 curveto
18.93906 161.32832 18.9653 161.26497 19.01201 161.21826 curveto
19.05872 161.17155 19.12207 161.14531 19.18813 161.14531 curveto
19.25418 161.14531 19.31754 161.17155 19.36424 161.21826 curveto
19.41095 161.26497 19.4372 161.32832 19.4372 161.39438 curveto closepath fill
newpath 143.71074 89.66354 moveto
143.71074 89.7296 143.6845 89.79295 143.63779 89.83966 curveto
143.59108 89.88637 143.52773 89.91261 143.46167 89.91261 curveto
143.39561 89.91261 143.33226 89.88637 143.28555 89.83966 curveto
143.23885 89.79295 143.2126 89.7296 143.2126 89.66354 curveto
143.2126 89.59749 143.23885 89.53413 143.28555 89.48743 curveto
143.33226 89.44072 143.39561 89.41447 143.46167 89.41447 curveto
143.52773 89.41447 143.59108 89.44072 143.63779 89.48743 curveto
143.6845 89.53413 143.71074 89.59749 143.71074 89.66354 curveto closepath fill
newpath 145.19046 92.22583 moveto
145.19046 92.29189 145.16422 92.35524 145.11751 92.40195 curveto
145.0708 92.44865 145.00745 92.4749 144.94139 92.4749 curveto
144.87534 92.4749 144.81198 92.44865 144.76527 92.40195 curveto
144.71857 92.35524 144.69232 92.29189 144.69232 92.22583 curveto
144.69232 92.15977 144.71857 92.09642 144.76527 92.04971 curveto
144.81198 92.003 144.87534 91.97676 144.94139 91.97676 curveto
145.00745 91.97676 145.0708 92.003 145.11751 92.04971 curveto
145.16422 92.09642 145.19046 92.15977 145.19046 92.22583 curveto closepath fill
newpath 146.66954 94.78702 moveto
146.66954 94.85307 146.6433 94.91643 146.59659 94.96313 curveto
146.54988 95.00984 146.48653 95.03609 146.42047 95.03609 curveto
146.35442 95.03609 146.29106 95.00984 146.24435 94.96313 curveto
146.19765 94.91643 146.1714 94.85307 146.1714 94.78702 curveto
146.1714 94.72096 146.19765 94.65761 146.24435 94.6109 curveto
146.29106 94.5642 146.35442 94.53795 146.42047 94.53795 curveto
146.48653 94.53795 146.54988 94.5642 146.59659 94.6109 curveto
146.6433 94.65761 146.66954 94.72096 146.66954 94.78702 curveto closepath fill
newpath 148.14928 97.34929 moveto
148.14928 97.41534 148.12303 97.4787 148.07632 97.5254 curveto
148.02962 97.57211 147.96626 97.59836 147.9002 97.59836 curveto
147.83415 97.59836 147.7708 97.57211 147.72409 97.5254 curveto
147.67738 97.4787 147.65114 97.41534 147.65114 97.34929 curveto
147.65114 97.28323 147.67738 97.21988 147.72409 97.17317 curveto
147.7708 97.12646 147.83415 97.10022 147.9002 97.10022 curveto
147.96626 97.10022 148.02962 97.12646 148.07632 97.17317 curveto
148.12303 97.21988 148.14928 97.28323 148.14928 97.34929 curveto closepath fill
newpath 149.62836 99.91048 moveto
149.62836 99.97653 149.60211 100.03989 149.5554 100.0866 curveto
149.5087 100.1333 149.44534 100.15955 149.37929 100.15955 curveto
149.31323 100.15955 149.24988 100.1333 149.20317 100.0866 curveto
149.15646 100.03989 149.13022 99.97653 149.13022 99.91048 curveto
149.13022 99.84442 149.15646 99.78107 149.20317 99.73436 curveto
149.24988 99.68765 149.31323 99.6614 149.37929 99.6614 curveto
149.44534 99.6614 149.5087 99.68765 149.5554 99.73436 curveto
149.60211 99.78107 149.62836 99.84442 149.62836 99.91048 curveto closepath fill
newpath 151.1081 102.47275 moveto
151.1081 102.5388 151.08185 102.60216 151.03514 102.64886 curveto
150.98843 102.69557 150.92508 102.72182 150.85902 102.72182 curveto
150.79297 102.72182 150.72961 102.69557 150.6829 102.64886 curveto
150.6362 102.60216 150.60995 102.5388 150.60995 102.47275 curveto
150.60995 102.4067 150.6362 102.34334 150.6829 102.29663 curveto
150.72961 102.24992 150.79297 102.22368 150.85902 102.22368 curveto
150.92508 102.22368 150.98843 102.24992 151.03514 102.29663 curveto
151.08185 102.34334 151.1081 102.4067 151.1081 102.47275 curveto closepath fill
newpath 152.58781 105.03505 moveto
152.58781 105.1011 152.56157 105.16446 152.51486 105.21117 curveto
152.46815 105.25787 152.4048 105.28412 152.33875 105.28412 curveto
152.27269 105.28412 152.20934 105.25787 152.16263 105.21117 curveto
152.11592 105.16446 152.08968 105.1011 152.08968 105.03505 curveto
152.08968 104.969 152.11592 104.90564 152.16263 104.85893 curveto
152.20934 104.81223 152.27269 104.78598 152.33875 104.78598 curveto
152.4048 104.78598 152.46815 104.81223 152.51486 104.85893 curveto
152.56157 104.90564 152.58781 104.969 152.58781 105.03505 curveto closepath fill
newpath 154.0669 107.59624 moveto
154.0669 107.6623 154.04065 107.72565 153.99394 107.77235 curveto
153.94724 107.81906 153.88388 107.8453 153.81783 107.8453 curveto
153.75177 107.8453 153.68842 107.81906 153.64171 107.77235 curveto
153.595 107.72565 153.56876 107.6623 153.56876 107.59624 curveto
153.56876 107.53018 153.595 107.46683 153.64171 107.42012 curveto
153.68842 107.37341 153.75177 107.34717 153.81783 107.34717 curveto
153.88388 107.34717 153.94724 107.37341 153.99394 107.42012 curveto
154.04065 107.46683 154.0669 107.53018 154.0669 107.59624 curveto closepath fill
newpath 155.54662 110.15851 moveto
155.54662 110.22456 155.52037 110.28792 155.47366 110.33463 curveto
155.42696 110.38133 155.3636 110.40758 155.29755 110.40758 curveto
155.23149 110.40758 155.16814 110.38133 155.12143 110.33463 curveto
155.07472 110.28792 155.04848 110.22456 155.04848 110.15851 curveto
155.04848 110.09245 155.07472 110.0291 155.12143 109.98239 curveto
155.16814 109.93568 155.23149 109.90944 155.29755 109.90944 curveto
155.3636 109.90944 155.42696 109.93568 155.47366 109.98239 curveto
155.52037 110.0291 155.54662 110.09245 155.54662 110.15851 curveto closepath fill
newpath 157.02568 112.71971 moveto
157.02568 112.78577 156.99944 112.84912 156.95273 112.89583 curveto
156.90602 112.94254 156.84267 112.96878 156.77661 112.96878 curveto
156.71056 112.96878 156.6472 112.94254 156.6005 112.89583 curveto
156.55379 112.84912 156.52754 112.78577 156.52754 112.71971 curveto
156.52754 112.65366 156.55379 112.5903 156.6005 112.5436 curveto
156.6472 112.49689 156.71056 112.47064 156.77661 112.47064 curveto
156.84267 112.47064 156.90602 112.49689 156.95273 112.5436 curveto
156.99944 112.5903 157.02568 112.65366 157.02568 112.71971 curveto closepath fill
newpath 158.5054 115.282 moveto
158.5054 115.34805 158.47916 115.4114 158.43245 115.45811 curveto
158.38574 115.50482 158.32239 115.53107 158.25633 115.53107 curveto
158.19028 115.53107 158.12692 115.50482 158.08022 115.45811 curveto
158.03351 115.4114 158.00726 115.34805 158.00726 115.282 curveto
158.00726 115.21594 158.03351 115.15259 158.08022 115.10588 curveto
158.12692 115.05917 158.19028 115.03293 158.25633 115.03293 curveto
158.32239 115.03293 158.38574 115.05917 158.43245 115.10588 curveto
158.47916 115.15259 158.5054 115.21594 158.5054 115.282 curveto closepath fill
newpath 159.98512 117.84428 moveto
159.98512 117.91034 159.95888 117.9737 159.91217 118.0204 curveto
159.86546 118.06711 159.80211 118.09335 159.73605 118.09335 curveto
159.67 118.09335 159.60664 118.06711 159.55994 118.0204 curveto
159.51323 117.9737 159.48698 117.91034 159.48698 117.84428 curveto
159.48698 117.77823 159.51323 117.71487 159.55994 117.66817 curveto
159.60664 117.62146 159.67 117.59521 159.73605 117.59521 curveto
159.80211 117.59521 159.86546 117.62146 159.91217 117.66817 curveto
159.95888 117.71487 159.98512 117.77823 159.98512 117.84428 curveto closepath fill
newpath 161.4642 120.40547 moveto
161.4642 120.47153 161.43796 120.53488 161.39125 120.58159 curveto
161.34454 120.6283 161.28119 120.65454 161.21513 120.65454 curveto
161.14908 120.65454 161.08572 120.6283 161.03902 120.58159 curveto
160.99231 120.53488 160.96606 120.47153 160.96606 120.40547 curveto
160.96606 120.33942 160.99231 120.27606 161.03902 120.22935 curveto
161.08572 120.18265 161.14908 120.1564 161.21513 120.1564 curveto
161.28119 120.1564 161.34454 120.18265 161.39125 120.22935 curveto
161.43796 120.27606 161.4642 120.33942 161.4642 120.40547 curveto closepath fill
newpath 162.94391 122.96776 moveto
162.94391 123.03381 162.91766 123.09717 162.87096 123.14388 curveto
162.82425 123.19058 162.7609 123.21683 162.69484 123.21683 curveto
162.62878 123.21683 162.56543 123.19058 162.51872 123.14388 curveto
162.47202 123.09717 162.44577 123.03381 162.44577 122.96776 curveto
162.44577 122.9017 162.47202 122.83835 162.51872 122.79164 curveto
162.56543 122.74493 162.62878 122.71869 162.69484 122.71869 curveto
162.7609 122.71869 162.82425 122.74493 162.87096 122.79164 curveto
162.91766 122.83835 162.94391 122.9017 162.94391 122.96776 curveto closepath fill
newpath 164.423 125.52898 moveto
164.423 125.59503 164.39676 125.65839 164.35005 125.7051 curveto
164.30334 125.7518 164.23999 125.77805 164.17393 125.77805 curveto
164.10788 125.77805 164.04453 125.7518 163.99782 125.7051 curveto
163.95111 125.65839 163.92487 125.59503 163.92487 125.52898 curveto
163.92487 125.46292 163.95111 125.39957 163.99782 125.35286 curveto
164.04453 125.30615 164.10788 125.2799 164.17393 125.2799 curveto
164.23999 125.2799 164.30334 125.30615 164.35005 125.35286 curveto
164.39676 125.39957 164.423 125.46292 164.423 125.52898 curveto closepath fill
newpath 165.90271 128.09126 moveto
165.90271 128.15732 165.87646 128.22067 165.82976 128.26738 curveto
165.78305 128.31409 165.7197 128.34033 165.65364 128.34033 curveto
165.58759 128.34033 165.52423 128.31409 165.47752 128.26738 curveto
165.43082 128.22067 165.40457 128.15732 165.40457 128.09126 curveto
165.40457 128.0252 165.43082 127.96185 165.47752 127.91515 curveto
165.52423 127.86844 165.58759 127.8422 165.65364 127.8422 curveto
165.7197 127.8422 165.78305 127.86844 165.82976 127.91515 curveto
165.87646 127.96185 165.90271 128.0252 165.90271 128.09126 curveto closepath fill
newpath 167.38243 130.65353 moveto
167.38243 130.71959 167.35619 130.78294 167.30948 130.82965 curveto
167.26277 130.87636 167.19942 130.9026 167.13336 130.9026 curveto
167.0673 130.9026 167.00395 130.87636 166.95724 130.82965 curveto
166.91054 130.78294 166.8843 130.71959 166.8843 130.65353 curveto
166.8843 130.58748 166.91054 130.52412 166.95724 130.47742 curveto
167.00395 130.43071 167.0673 130.40446 167.13336 130.40446 curveto
167.19942 130.40446 167.26277 130.43071 167.30948 130.47742 curveto
167.35619 130.52412 167.38243 130.58748 167.38243 130.65353 curveto closepath fill
newpath 168.86151 133.21474 moveto
168.86151 133.28079 168.83527 133.34415 168.78856 133.39085 curveto
168.74185 133.43756 168.6785 133.4638 168.61244 133.4638 curveto
168.54639 133.4638 168.48303 133.43756 168.43633 133.39085 curveto
168.38962 133.34415 168.36337 133.28079 168.36337 133.21474 curveto
168.36337 133.14868 168.38962 133.08533 168.43633 133.03862 curveto
168.48303 132.99191 168.54639 132.96567 168.61244 132.96567 curveto
168.6785 132.96567 168.74185 132.99191 168.78856 133.03862 curveto
168.83527 133.08533 168.86151 133.14868 168.86151 133.21474 curveto closepath fill
newpath 170.34123 135.77702 moveto
170.34123 135.84308 170.31499 135.90643 170.26828 135.95314 curveto
170.22157 135.99985 170.15822 136.0261 170.09216 136.0261 curveto
170.02611 136.0261 169.96275 135.99985 169.91605 135.95314 curveto
169.86934 135.90643 169.8431 135.84308 169.8431 135.77702 curveto
169.8431 135.71097 169.86934 135.64761 169.91605 135.6009 curveto
169.96275 135.5542 170.02611 135.52795 170.09216 135.52795 curveto
170.15822 135.52795 170.22157 135.5542 170.26828 135.6009 curveto
170.31499 135.64761 170.34123 135.71097 170.34123 135.77702 curveto closepath fill
newpath 171.82031 138.33821 moveto
171.82031 138.40427 171.79407 138.46762 171.74736 138.51433 curveto
171.70065 138.56104 171.6373 138.58728 171.57124 138.58728 curveto
171.50519 138.58728 171.44183 138.56104 171.39513 138.51433 curveto
171.34842 138.46762 171.32217 138.40427 171.32217 138.33821 curveto
171.32217 138.27216 171.34842 138.2088 171.39513 138.1621 curveto
171.44183 138.11539 171.50519 138.08914 171.57124 138.08914 curveto
171.6373 138.08914 171.70065 138.11539 171.74736 138.1621 curveto
171.79407 138.2088 171.82031 138.27216 171.82031 138.33821 curveto closepath fill
newpath 173.30002 140.90051 moveto
173.30002 140.96657 173.27377 141.02992 173.22707 141.07663 curveto
173.18036 141.12334 173.117 141.14958 173.05095 141.14958 curveto
172.9849 141.14958 172.92154 141.12334 172.87483 141.07663 curveto
172.82813 141.02992 172.80188 140.96657 172.80188 140.90051 curveto
172.80188 140.83446 172.82813 140.7711 172.87483 140.7244 curveto
172.92154 140.67769 172.9849 140.65144 173.05095 140.65144 curveto
173.117 140.65144 173.18036 140.67769 173.22707 140.7244 curveto
173.27377 140.7711 173.30002 140.83446 173.30002 140.90051 curveto closepath fill
newpath 174.77974 143.46278 moveto
174.77974 143.52884 174.7535 143.5922 174.70679 143.6389 curveto
174.66008 143.68561 174.59673 143.71185 174.53067 143.71185 curveto
174.46461 143.71185 174.40126 143.68561 174.35455 143.6389 curveto
174.30785 143.5922 174.2816 143.52884 174.2816 143.46278 curveto
174.2816 143.39673 174.30785 143.33337 174.35455 143.28667 curveto
174.40126 143.23996 174.46461 143.21371 174.53067 143.21371 curveto
174.59673 143.21371 174.66008 143.23996 174.70679 143.28667 curveto
174.7535 143.33337 174.77974 143.39673 174.77974 143.46278 curveto closepath fill
newpath 176.25882 146.02397 moveto
176.25882 146.09003 176.23257 146.15338 176.18587 146.20009 curveto
176.13916 146.2468 176.0758 146.27304 176.00975 146.27304 curveto
175.9437 146.27304 175.88034 146.2468 175.83363 146.20009 curveto
175.78693 146.15338 175.76068 146.09003 175.76068 146.02397 curveto
175.76068 145.95792 175.78693 145.89456 175.83363 145.84785 curveto
175.88034 145.80115 175.9437 145.7749 176.00975 145.7749 curveto
176.0758 145.7749 176.13916 145.80115 176.18587 145.84785 curveto
176.23257 145.89456 176.25882 145.95792 176.25882 146.02397 curveto closepath fill
newpath 177.73854 148.58626 moveto
177.73854 148.65231 177.7123 148.71567 177.66559 148.76237 curveto
177.61888 148.80908 177.55553 148.83533 177.48947 148.83533 curveto
177.42342 148.83533 177.36006 148.80908 177.31335 148.76237 curveto
177.26665 148.71567 177.2404 148.65231 177.2404 148.58626 curveto
177.2404 148.5202 177.26665 148.45685 177.31335 148.41014 curveto
177.36006 148.36343 177.42342 148.33719 177.48947 148.33719 curveto
177.55553 148.33719 177.61888 148.36343 177.66559 148.41014 curveto
177.7123 148.45685 177.73854 148.5202 177.73854 148.58626 curveto closepath fill
newpath 179.21764 151.14745 moveto
179.21764 151.2135 179.19139 151.27686 179.14468 151.32356 curveto
179.09798 151.37027 179.03462 151.39651 178.96857 151.39651 curveto
178.90251 151.39651 178.83916 151.37027 178.79245 151.32356 curveto
178.74574 151.27686 178.7195 151.2135 178.7195 151.14745 curveto
178.7195 151.08139 178.74574 151.01804 178.79245 150.97133 curveto
178.83916 150.92462 178.90251 150.89838 178.96857 150.89838 curveto
179.03462 150.89838 179.09798 150.92462 179.14468 150.97133 curveto
179.19139 151.01804 179.21764 151.08139 179.21764 151.14745 curveto closepath fill
newpath 180.69734 153.70973 moveto
180.69734 153.77579 180.6711 153.83914 180.62439 153.88585 curveto
180.57768 153.93256 180.51433 153.9588 180.44827 153.9588 curveto
180.38222 153.9588 180.31886 153.93256 180.27216 153.88585 curveto
180.22545 153.83914 180.1992 153.77579 180.1992 153.70973 curveto
180.1992 153.64368 180.22545 153.58032 180.27216 153.53362 curveto
180.31886 153.48691 180.38222 153.46066 180.44827 153.46066 curveto
180.51433 153.46066 180.57768 153.48691 180.62439 153.53362 curveto
180.6711 153.58032 180.69734 153.64368 180.69734 153.70973 curveto closepath fill
newpath 182.17706 156.272 moveto
182.17706 156.33806 182.15082 156.40141 182.10411 156.44812 curveto
182.0574 156.49483 181.99405 156.52107 181.928 156.52107 curveto
181.86194 156.52107 181.79858 156.49483 181.75188 156.44812 curveto
181.70517 156.40141 181.67892 156.33806 181.67892 156.272 curveto
181.67892 156.20595 181.70517 156.1426 181.75188 156.09589 curveto
181.79858 156.04918 181.86194 156.02293 181.928 156.02293 curveto
181.99405 156.02293 182.0574 156.04918 182.10411 156.09589 curveto
182.15082 156.1426 182.17706 156.20595 182.17706 156.272 curveto closepath fill
newpath 183.65617 158.83319 moveto
183.65617 158.89925 183.62993 158.9626 183.58322 159.00931 curveto
183.53651 159.05602 183.47316 159.08226 183.4071 159.08226 curveto
183.34105 159.08226 183.2777 159.05602 183.23099 159.00931 curveto
183.18428 158.9626 183.15804 158.89925 183.15804 158.83319 curveto
183.15804 158.76714 183.18428 158.70378 183.23099 158.65707 curveto
183.2777 158.61037 183.34105 158.58412 183.4071 158.58412 curveto
183.47316 158.58412 183.53651 158.61037 183.58322 158.65707 curveto
183.62993 158.70378 183.65617 158.76714 183.65617 158.83319 curveto closepath fill
newpath 185.13525 161.39438 moveto
185.13525 161.46043 185.10901 161.52379 185.0623 161.5705 curveto
185.0156 161.6172 184.95224 161.64345 184.88618 161.64345 curveto
184.82013 161.64345 184.75677 161.6172 184.71007 161.5705 curveto
184.66336 161.52379 184.63712 161.46043 184.63712 161.39438 curveto
184.63712 161.32832 184.66336 161.26497 184.71007 161.21826 curveto
184.75677 161.17155 184.82013 161.14531 184.88618 161.14531 curveto
184.95224 161.14531 185.0156 161.17155 185.0623 161.21826 curveto
185.10901 161.26497 185.13525 161.32832 185.13525 161.39438 curveto closepath fill
newpath 0.24907 161.39438 moveto
0.24907 161.46043 0.22282 161.52379 0.17612 161.5705 curveto
0.12941 161.6172 0.06606 161.64345 0 161.64345 curveto
-0.06606 161.64345 -0.12941 161.6172 -0.17612 161.5705 curveto
-0.22282 161.52379 -0.24907 161.46043 -0.24907 161.39438 curveto
-0.24907 161.32832 -0.22282 161.26497 -0.17612 161.21826 curveto
-0.12941 161.17155 -0.06606 161.14531 0 161.14531 curveto
0.06606 161.14531 0.12941 161.17155 0.17612 161.21826 curveto
0.22282 161.26497 0.24907 161.32832 0.24907 161.39438 curveto closepath fill
newpath 3.23795 161.39438 moveto
3.23795 161.46043 3.2117 161.52379 3.165 161.5705 curveto
3.11829 161.6172 3.05493 161.64345 2.98888 161.64345 curveto
2.92282 161.64345 2.85947 161.6172 2.81276 161.5705 curveto
2.76605 161.52379 2.7398 161.46043 2.7398 161.39438 curveto
2.7398 161.32832 2.76605 161.26497 2.81276 161.21826 curveto
2.85947 161.17155 2.92282 161.14531 2.98888 161.14531 curveto
3.05493 161.14531 3.11829 161.17155 3.165 161.21826 curveto
3.2117 161.26497 3.23795 161.32832 3.23795 161.39438 curveto closepath fill
newpath 6.22682 161.39438 moveto
6.22682 161.46043 6.20058 161.52379 6.15387 161.5705 curveto
6.10716 161.6172 6.04381 161.64345 5.97775 161.64345 curveto
5.9117 161.64345 5.84834 161.6172 5.80164 161.5705 curveto
5.75493 161.52379 5.72868 161.46043 5.72868 161.39438 curveto
5.72868 161.32832 5.75493 161.26497 5.80164 161.21826 curveto
5.84834 161.17155 5.9117 161.14531 5.97775 161.14531 curveto
6.04381 161.14531 6.10716 161.17155 6.15387 161.21826 curveto
6.20058 161.26497 6.22682 161.32832 6.22682 161.39438 curveto closepath fill
newpath 9.2157 161.39438 moveto
9.2157 161.46043 9.18945 161.52379 9.14275 161.5705 curveto
9.09604 161.6172 9.03268 161.64345 8.96663 161.64345 curveto
8.90057 161.64345 8.83722 161.6172 8.79051 161.5705 curveto
8.7438 161.52379 8.71756 161.46043 8.71756 161.39438 curveto
8.71756 161.32832 8.7438 161.26497 8.79051 161.21826 curveto
8.83722 161.17155 8.90057 161.14531 8.96663 161.14531 curveto
9.03268 161.14531 9.09604 161.17155 9.14275 161.21826 curveto
9.18945 161.26497 9.2157 161.32832 9.2157 161.39438 curveto closepath fill
newpath 12.20457 161.39438 moveto
12.20457 161.46043 12.17833 161.52379 12.13162 161.5705 curveto
12.08492 161.6172 12.02156 161.64345 11.9555 161.64345 curveto
11.88945 161.64345 11.8261 161.6172 11.77939 161.5705 curveto
11.73268 161.52379 11.70644 161.46043 11.70644 161.39438 curveto
11.70644 161.32832 11.73268 161.26497 11.77939 161.21826 curveto
11.8261 161.17155 11.88945 161.14531 11.9555 161.14531 curveto
12.02156 161.14531 12.08492 161.17155 12.13162 161.21826 curveto
12.17833 161.26497 12.20457 161.32832 12.20457 161.39438 curveto closepath fill
newpath 15.19345 161.39438 moveto
15.19345 161.46043 15.1672 161.52379 15.1205 161.5705 curveto
15.07379 161.6172 15.01044 161.64345 14.94438 161.64345 curveto
14.87833 161.64345 14.81497 161.6172 14.76826 161.5705 curveto
14.72156 161.52379 14.69531 161.46043 14.69531 161.39438 curveto
14.69531 161.32832 14.72156 161.26497 14.76826 161.21826 curveto
14.81497 161.17155 14.87833 161.14531 14.94438 161.14531 curveto
15.01044 161.14531 15.07379 161.17155 15.1205 161.21826 curveto
15.1672 161.26497 15.19345 161.32832 15.19345 161.39438 curveto closepath fill
newpath 18.18234 161.39438 moveto
18.18234 161.46043 18.1561 161.52379 18.10939 161.5705 curveto
18.06268 161.6172 17.99933 161.64345 17.93327 161.64345 curveto
17.86722 161.64345 17.80386 161.6172 17.75716 161.5705 curveto
17.71045 161.52379 17.6842 161.46043 17.6842 161.39438 curveto
17.6842 161.32832 17.71045 161.26497 17.75716 161.21826 curveto
17.80386 161.17155 17.86722 161.14531 17.93327 161.14531 curveto
17.99933 161.14531 18.06268 161.17155 18.10939 161.21826 curveto
18.1561 161.26497 18.18234 161.32832 18.18234 161.39438 curveto closepath fill
newpath 21.17122 161.39438 moveto
21.17122 161.46043 21.14497 161.52379 21.09827 161.5705 curveto
21.05156 161.6172 20.9882 161.64345 20.92215 161.64345 curveto
20.8561 161.64345 20.79274 161.6172 20.74603 161.5705 curveto
20.69933 161.52379 20.67308 161.46043 20.67308 161.39438 curveto
20.67308 161.32832 20.69933 161.26497 20.74603 161.21826 curveto
20.79274 161.17155 20.8561 161.14531 20.92215 161.14531 curveto
20.9882 161.14531 21.05156 161.17155 21.09827 161.21826 curveto
21.14497 161.26497 21.17122 161.32832 21.17122 161.39438 curveto closepath fill
newpath 24.1601 161.39438 moveto
24.1601 161.46043 24.13385 161.52379 24.08714 161.5705 curveto
24.04044 161.6172 23.97708 161.64345 23.91103 161.64345 curveto
23.84497 161.64345 23.78162 161.6172 23.73491 161.5705 curveto
23.6882 161.52379 23.66196 161.46043 23.66196 161.39438 curveto
23.66196 161.32832 23.6882 161.26497 23.73491 161.21826 curveto
23.78162 161.17155 23.84497 161.14531 23.91103 161.14531 curveto
23.97708 161.14531 24.04044 161.17155 24.08714 161.21826 curveto
24.13385 161.26497 24.1601 161.32832 24.1601 161.39438 curveto closepath fill
newpath 27.14897 161.39438 moveto
27.14897 161.46043 27.12273 161.52379 27.07602 161.5705 curveto
27.02931 161.6172 26.96596 161.64345 26.8999 161.64345 curveto
26.83385 161.64345 26.7705 161.6172 26.72379 161.5705 curveto
26.67708 161.52379 26.65083 161.46043 26.65083 161.39438 curveto
26.65083 161.32832 26.67708 161.26497 26.72379 161.21826 curveto
26.7705 161.17155 26.83385 161.14531 26.8999 161.14531 curveto
26.96596 161.14531 27.02931 161.17155 27.07602 161.21826 curveto
27.12273 161.26497 27.14897 161.32832 27.14897 161.39438 curveto closepath fill
newpath 30.13785 161.39438 moveto
30.13785 161.46043 30.1116 161.52379 30.0649 161.5705 curveto
30.01819 161.6172 29.95483 161.64345 29.88878 161.64345 curveto
29.82272 161.64345 29.75937 161.6172 29.71266 161.5705 curveto
29.66595 161.52379 29.63971 161.46043 29.63971 161.39438 curveto
29.63971 161.32832 29.66595 161.26497 29.71266 161.21826 curveto
29.75937 161.17155 29.82272 161.14531 29.88878 161.14531 curveto
29.95483 161.14531 30.01819 161.17155 30.0649 161.21826 curveto
30.1116 161.26497 30.13785 161.32832 30.13785 161.39438 curveto closepath fill
newpath 33.12672 161.39438 moveto
33.12672 161.46043 33.10048 161.52379 33.05377 161.5705 curveto
33.00706 161.6172 32.94371 161.64345 32.87766 161.64345 curveto
32.8116 161.64345 32.74825 161.6172 32.70154 161.5705 curveto
32.65483 161.52379 32.62859 161.46043 32.62859 161.39438 curveto
32.62859 161.32832 32.65483 161.26497 32.70154 161.21826 curveto
32.74825 161.17155 32.8116 161.14531 32.87766 161.14531 curveto
32.94371 161.14531 33.00706 161.17155 33.05377 161.21826 curveto
33.10048 161.26497 33.12672 161.32832 33.12672 161.39438 curveto closepath fill
newpath 36.1156 161.39438 moveto
36.1156 161.46043 36.08936 161.52379 36.04265 161.5705 curveto
35.99594 161.6172 35.93259 161.64345 35.86653 161.64345 curveto
35.80048 161.64345 35.73712 161.6172 35.69041 161.5705 curveto
35.6437 161.52379 35.61746 161.46043 35.61746 161.39438 curveto
35.61746 161.32832 35.6437 161.26497 35.69041 161.21826 curveto
35.73712 161.17155 35.80048 161.14531 35.86653 161.14531 curveto
35.93259 161.14531 35.99594 161.17155 36.04265 161.21826 curveto
36.08936 161.26497 36.1156 161.32832 36.1156 161.39438 curveto closepath fill
newpath 39.10448 161.39438 moveto
39.10448 161.46043 39.07823 161.52379 39.03152 161.5705 curveto
38.98482 161.6172 38.92146 161.64345 38.85541 161.64345 curveto
38.78935 161.64345 38.726 161.6172 38.67929 161.5705 curveto
38.63258 161.52379 38.60634 161.46043 38.60634 161.39438 curveto
38.60634 161.32832 38.63258 161.26497 38.67929 161.21826 curveto
38.726 161.17155 38.78935 161.14531 38.85541 161.14531 curveto
38.92146 161.14531 38.98482 161.17155 39.03152 161.21826 curveto
39.07823 161.26497 39.10448 161.32832 39.10448 161.39438 curveto closepath fill
newpath 42.09335 161.39438 moveto
42.09335 161.46043 42.06711 161.52379 42.0204 161.5705 curveto
41.9737 161.6172 41.91034 161.64345 41.84428 161.64345 curveto
41.77823 161.64345 41.71487 161.6172 41.66817 161.5705 curveto
41.62146 161.52379 41.59521 161.46043 41.59521 161.39438 curveto
41.59521 161.32832 41.62146 161.26497 41.66817 161.21826 curveto
41.71487 161.17155 41.77823 161.14531 41.84428 161.14531 curveto
41.91034 161.14531 41.9737 161.17155 42.0204 161.21826 curveto
42.06711 161.26497 42.09335 161.32832 42.09335 161.39438 curveto closepath fill
newpath 45.08223 161.39438 moveto
45.08223 161.46043 45.05598 161.52379 45.00928 161.5705 curveto
44.96257 161.6172 44.89922 161.64345 44.83316 161.64345 curveto
44.7671 161.64345 44.70375 161.6172 44.65704 161.5705 curveto
44.61034 161.52379 44.58409 161.46043 44.58409 161.39438 curveto
44.58409 161.32832 44.61034 161.26497 44.65704 161.21826 curveto
44.70375 161.17155 44.7671 161.14531 44.83316 161.14531 curveto
44.89922 161.14531 44.96257 161.17155 45.00928 161.21826 curveto
45.05598 161.26497 45.08223 161.32832 45.08223 161.39438 curveto closepath fill
newpath 48.0711 161.39438 moveto
48.0711 161.46043 48.04486 161.52379 47.99815 161.5705 curveto
47.95145 161.6172 47.88809 161.64345 47.82204 161.64345 curveto
47.75598 161.64345 47.69263 161.6172 47.64592 161.5705 curveto
47.59921 161.52379 47.57297 161.46043 47.57297 161.39438 curveto
47.57297 161.32832 47.59921 161.26497 47.64592 161.21826 curveto
47.69263 161.17155 47.75598 161.14531 47.82204 161.14531 curveto
47.88809 161.14531 47.95145 161.17155 47.99815 161.21826 curveto
48.04486 161.26497 48.0711 161.32832 48.0711 161.39438 curveto closepath fill
newpath 51.05998 161.39438 moveto
51.05998 161.46043 51.03374 161.52379 50.98703 161.5705 curveto
50.94032 161.6172 50.87697 161.64345 50.81091 161.64345 curveto
50.74486 161.64345 50.6815 161.6172 50.6348 161.5705 curveto
50.58809 161.52379 50.56184 161.46043 50.56184 161.39438 curveto
50.56184 161.32832 50.58809 161.26497 50.6348 161.21826 curveto
50.6815 161.17155 50.74486 161.14531 50.81091 161.14531 curveto
50.87697 161.14531 50.94032 161.17155 50.98703 161.21826 curveto
51.03374 161.26497 51.05998 161.32832 51.05998 161.39438 curveto closepath fill
newpath 54.04887 161.39438 moveto
54.04887 161.46043 54.02263 161.52379 53.97592 161.5705 curveto
53.92921 161.6172 53.86586 161.64345 53.7998 161.64345 curveto
53.73375 161.64345 53.6704 161.6172 53.62369 161.5705 curveto
53.57698 161.52379 53.55074 161.46043 53.55074 161.39438 curveto
53.55074 161.32832 53.57698 161.26497 53.62369 161.21826 curveto
53.6704 161.17155 53.73375 161.14531 53.7998 161.14531 curveto
53.86586 161.14531 53.92921 161.17155 53.97592 161.21826 curveto
54.02263 161.26497 54.04887 161.32832 54.04887 161.39438 curveto closepath fill
newpath 57.03773 161.39438 moveto
57.03773 161.46043 57.01149 161.52379 56.96478 161.5705 curveto
56.91808 161.6172 56.85472 161.64345 56.78867 161.64345 curveto
56.72261 161.64345 56.65926 161.6172 56.61255 161.5705 curveto
56.56584 161.52379 56.5396 161.46043 56.5396 161.39438 curveto
56.5396 161.32832 56.56584 161.26497 56.61255 161.21826 curveto
56.65926 161.17155 56.72261 161.14531 56.78867 161.14531 curveto
56.85472 161.14531 56.91808 161.17155 56.96478 161.21826 curveto
57.01149 161.26497 57.03773 161.32832 57.03773 161.39438 curveto closepath fill
newpath 60.02661 161.39438 moveto
60.02661 161.46043 60.00037 161.52379 59.95366 161.5705 curveto
59.90695 161.6172 59.8436 161.64345 59.77754 161.64345 curveto
59.71149 161.64345 59.64813 161.6172 59.60143 161.5705 curveto
59.55472 161.52379 59.52847 161.46043 59.52847 161.39438 curveto
59.52847 161.32832 59.55472 161.26497 59.60143 161.21826 curveto
59.64813 161.17155 59.71149 161.14531 59.77754 161.14531 curveto
59.8436 161.14531 59.90695 161.17155 59.95366 161.21826 curveto
60.00037 161.26497 60.02661 161.32832 60.02661 161.39438 curveto closepath fill
newpath 63.01247 161.39438 moveto
63.01247 161.46043 62.98622 161.52379 62.93951 161.5705 curveto
62.8928 161.6172 62.82945 161.64345 62.7634 161.64345 curveto
62.69734 161.64345 62.63399 161.6172 62.58728 161.5705 curveto
62.54057 161.52379 62.51433 161.46043 62.51433 161.39438 curveto
62.51433 161.32832 62.54057 161.26497 62.58728 161.21826 curveto
62.63399 161.17155 62.69734 161.14531 62.7634 161.14531 curveto
62.82945 161.14531 62.8928 161.17155 62.93951 161.21826 curveto
62.98622 161.26497 63.01247 161.32832 63.01247 161.39438 curveto closepath fill
newpath 66.00134 161.39438 moveto
66.00134 161.46043 65.9751 161.52379 65.92839 161.5705 curveto
65.88168 161.6172 65.81833 161.64345 65.75227 161.64345 curveto
65.68622 161.64345 65.62286 161.6172 65.57616 161.5705 curveto
65.52945 161.52379 65.5032 161.46043 65.5032 161.39438 curveto
65.5032 161.32832 65.52945 161.26497 65.57616 161.21826 curveto
65.62286 161.17155 65.68622 161.14531 65.75227 161.14531 curveto
65.81833 161.14531 65.88168 161.17155 65.92839 161.21826 curveto
65.9751 161.26497 66.00134 161.32832 66.00134 161.39438 curveto closepath fill
newpath 68.99022 161.39438 moveto
68.99022 161.46043 68.96397 161.52379 68.91727 161.5705 curveto
68.87056 161.6172 68.8072 161.64345 68.74115 161.64345 curveto
68.6751 161.64345 68.61174 161.6172 68.56503 161.5705 curveto
68.51833 161.52379 68.49208 161.46043 68.49208 161.39438 curveto
68.49208 161.32832 68.51833 161.26497 68.56503 161.21826 curveto
68.61174 161.17155 68.6751 161.14531 68.74115 161.14531 curveto
68.8072 161.14531 68.87056 161.17155 68.91727 161.21826 curveto
68.96397 161.26497 68.99022 161.32832 68.99022 161.39438 curveto closepath fill
newpath 71.9791 161.39438 moveto
71.9791 161.46043 71.95285 161.52379 71.90614 161.5705 curveto
71.85944 161.6172 71.79608 161.64345 71.73003 161.64345 curveto
71.66397 161.64345 71.60062 161.6172 71.55391 161.5705 curveto
71.5072 161.52379 71.48096 161.46043 71.48096 161.39438 curveto
71.48096 161.32832 71.5072 161.26497 71.55391 161.21826 curveto
71.60062 161.17155 71.66397 161.14531 71.73003 161.14531 curveto
71.79608 161.14531 71.85944 161.17155 71.90614 161.21826 curveto
71.95285 161.26497 71.9791 161.32832 71.9791 161.39438 curveto closepath fill
newpath 74.96797 161.39438 moveto
74.96797 161.46043 74.94173 161.52379 74.89502 161.5705 curveto
74.84831 161.6172 74.78496 161.64345 74.7189 161.64345 curveto
74.65285 161.64345 74.5895 161.6172 74.54279 161.5705 curveto
74.49608 161.52379 74.46983 161.46043 74.46983 161.39438 curveto
74.46983 161.32832 74.49608 161.26497 74.54279 161.21826 curveto
74.5895 161.17155 74.65285 161.14531 74.7189 161.14531 curveto
74.78496 161.14531 74.84831 161.17155 74.89502 161.21826 curveto
74.94173 161.26497 74.96797 161.32832 74.96797 161.39438 curveto closepath fill
newpath 77.95685 161.39438 moveto
77.95685 161.46043 77.9306 161.52379 77.8839 161.5705 curveto
77.83719 161.6172 77.77383 161.64345 77.70778 161.64345 curveto
77.64172 161.64345 77.57837 161.6172 77.53166 161.5705 curveto
77.48495 161.52379 77.45871 161.46043 77.45871 161.39438 curveto
77.45871 161.32832 77.48495 161.26497 77.53166 161.21826 curveto
77.57837 161.17155 77.64172 161.14531 77.70778 161.14531 curveto
77.77383 161.14531 77.83719 161.17155 77.8839 161.21826 curveto
77.9306 161.26497 77.95685 161.32832 77.95685 161.39438 curveto closepath fill
newpath 80.94572 161.39438 moveto
80.94572 161.46043 80.91948 161.52379 80.87277 161.5705 curveto
80.82607 161.6172 80.76271 161.64345 80.69666 161.64345 curveto
80.6306 161.64345 80.56725 161.6172 80.52054 161.5705 curveto
80.47383 161.52379 80.44759 161.46043 80.44759 161.39438 curveto
80.44759 161.32832 80.47383 161.26497 80.52054 161.21826 curveto
80.56725 161.17155 80.6306 161.14531 80.69666 161.14531 curveto
80.76271 161.14531 80.82607 161.17155 80.87277 161.21826 curveto
80.91948 161.26497 80.94572 161.32832 80.94572 161.39438 curveto closepath fill
newpath 83.9346 161.39438 moveto
83.9346 161.46043 83.90836 161.52379 83.86165 161.5705 curveto
83.81494 161.6172 83.75159 161.64345 83.68553 161.64345 curveto
83.61948 161.64345 83.55612 161.6172 83.50941 161.5705 curveto
83.4627 161.52379 83.43646 161.46043 83.43646 161.39438 curveto
83.43646 161.32832 83.4627 161.26497 83.50941 161.21826 curveto
83.55612 161.17155 83.61948 161.14531 83.68553 161.14531 curveto
83.75159 161.14531 83.81494 161.17155 83.86165 161.21826 curveto
83.90836 161.26497 83.9346 161.32832 83.9346 161.39438 curveto closepath fill
newpath 86.92348 161.39438 moveto
86.92348 161.46043 86.89723 161.52379 86.85052 161.5705 curveto
86.80382 161.6172 86.74046 161.64345 86.67441 161.64345 curveto
86.60835 161.64345 86.545 161.6172 86.49829 161.5705 curveto
86.45158 161.52379 86.42534 161.46043 86.42534 161.39438 curveto
86.42534 161.32832 86.45158 161.26497 86.49829 161.21826 curveto
86.545 161.17155 86.60835 161.14531 86.67441 161.14531 curveto
86.74046 161.14531 86.80382 161.17155 86.85052 161.21826 curveto
86.89723 161.26497 86.92348 161.32832 86.92348 161.39438 curveto closepath fill
newpath 89.91235 161.39438 moveto
89.91235 161.46043 89.88611 161.52379 89.8394 161.5705 curveto
89.7927 161.6172 89.72934 161.64345 89.66328 161.64345 curveto
89.59723 161.64345 89.53387 161.6172 89.48717 161.5705 curveto
89.44046 161.52379 89.41422 161.46043 89.41422 161.39438 curveto
89.41422 161.32832 89.44046 161.26497 89.48717 161.21826 curveto
89.53387 161.17155 89.59723 161.14531 89.66328 161.14531 curveto
89.72934 161.14531 89.7927 161.17155 89.8394 161.21826 curveto
89.88611 161.26497 89.91235 161.32832 89.91235 161.39438 curveto closepath fill
newpath 92.90123 161.39438 moveto
92.90123 161.46043 92.87498 161.52379 92.82828 161.5705 curveto
92.78157 161.6172 92.71822 161.64345 92.65216 161.64345 curveto
92.5861 161.64345 92.52275 161.6172 92.47604 161.5705 curveto
92.42934 161.52379 92.40309 161.46043 92.40309 161.39438 curveto
92.40309 161.32832 92.42934 161.26497 92.47604 161.21826 curveto
92.52275 161.17155 92.5861 161.14531 92.65216 161.14531 curveto
92.71822 161.14531 92.78157 161.17155 92.82828 161.21826 curveto
92.87498 161.26497 92.90123 161.32832 92.90123 161.39438 curveto closepath fill
newpath 95.8901 161.39438 moveto
95.8901 161.46043 95.86386 161.52379 95.81715 161.5705 curveto
95.77045 161.6172 95.70709 161.64345 95.64104 161.64345 curveto
95.57498 161.64345 95.51163 161.6172 95.46492 161.5705 curveto
95.41821 161.52379 95.39197 161.46043 95.39197 161.39438 curveto
95.39197 161.32832 95.41821 161.26497 95.46492 161.21826 curveto
95.51163 161.17155 95.57498 161.14531 95.64104 161.14531 curveto
95.70709 161.14531 95.77045 161.17155 95.81715 161.21826 curveto
95.86386 161.26497 95.8901 161.32832 95.8901 161.39438 curveto closepath fill
newpath 98.87898 161.39438 moveto
98.87898 161.46043 98.85274 161.52379 98.80603 161.5705 curveto
98.75932 161.6172 98.69597 161.64345 98.62991 161.64345 curveto
98.56386 161.64345 98.5005 161.6172 98.4538 161.5705 curveto
98.40709 161.52379 98.38084 161.46043 98.38084 161.39438 curveto
98.38084 161.32832 98.40709 161.26497 98.4538 161.21826 curveto
98.5005 161.17155 98.56386 161.14531 98.62991 161.14531 curveto
98.69597 161.14531 98.75932 161.17155 98.80603 161.21826 curveto
98.85274 161.26497 98.87898 161.32832 98.87898 161.39438 curveto closepath fill
newpath 101.86783 161.39438 moveto
101.86783 161.46043 101.84158 161.52379 101.79488 161.5705 curveto
101.74817 161.6172 101.68481 161.64345 101.61876 161.64345 curveto
101.5527 161.64345 101.48935 161.6172 101.44264 161.5705 curveto
101.39594 161.52379 101.36969 161.46043 101.36969 161.39438 curveto
101.36969 161.32832 101.39594 161.26497 101.44264 161.21826 curveto
101.48935 161.17155 101.5527 161.14531 101.61876 161.14531 curveto
101.68481 161.14531 101.74817 161.17155 101.79488 161.21826 curveto
101.84158 161.26497 101.86783 161.32832 101.86783 161.39438 curveto closepath fill
newpath 104.8567 161.39438 moveto
104.8567 161.46043 104.83046 161.52379 104.78375 161.5705 curveto
104.73705 161.6172 104.67369 161.64345 104.60764 161.64345 curveto
104.54158 161.64345 104.47823 161.6172 104.43152 161.5705 curveto
104.38481 161.52379 104.35857 161.46043 104.35857 161.39438 curveto
104.35857 161.32832 104.38481 161.26497 104.43152 161.21826 curveto
104.47823 161.17155 104.54158 161.14531 104.60764 161.14531 curveto
104.67369 161.14531 104.73705 161.17155 104.78375 161.21826 curveto
104.83046 161.26497 104.8567 161.32832 104.8567 161.39438 curveto closepath fill
newpath 107.84558 161.39438 moveto
107.84558 161.46043 107.81934 161.52379 107.77263 161.5705 curveto
107.72592 161.6172 107.66257 161.64345 107.59651 161.64345 curveto
107.53046 161.64345 107.4671 161.6172 107.4204 161.5705 curveto
107.37369 161.52379 107.34744 161.46043 107.34744 161.39438 curveto
107.34744 161.32832 107.37369 161.26497 107.4204 161.21826 curveto
107.4671 161.17155 107.53046 161.14531 107.59651 161.14531 curveto
107.66257 161.14531 107.72592 161.17155 107.77263 161.21826 curveto
107.81934 161.26497 107.84558 161.32832 107.84558 161.39438 curveto closepath fill
newpath 110.83446 161.39438 moveto
110.83446 161.46043 110.80821 161.52379 110.7615 161.5705 curveto
110.7148 161.6172 110.65144 161.64345 110.58539 161.64345 curveto
110.51933 161.64345 110.45598 161.6172 110.40927 161.5705 curveto
110.36256 161.52379 110.33632 161.46043 110.33632 161.39438 curveto
110.33632 161.32832 110.36256 161.26497 110.40927 161.21826 curveto
110.45598 161.17155 110.51933 161.14531 110.58539 161.14531 curveto
110.65144 161.14531 110.7148 161.17155 110.7615 161.21826 curveto
110.80821 161.26497 110.83446 161.32832 110.83446 161.39438 curveto closepath fill
newpath 113.82333 161.39438 moveto
113.82333 161.46043 113.79709 161.52379 113.75038 161.5705 curveto
113.70367 161.6172 113.64032 161.64345 113.57426 161.64345 curveto
113.50821 161.64345 113.44485 161.6172 113.39815 161.5705 curveto
113.35144 161.52379 113.3252 161.46043 113.3252 161.39438 curveto
113.3252 161.32832 113.35144 161.26497 113.39815 161.21826 curveto
113.44485 161.17155 113.50821 161.14531 113.57426 161.14531 curveto
113.64032 161.14531 113.70367 161.17155 113.75038 161.21826 curveto
113.79709 161.26497 113.82333 161.32832 113.82333 161.39438 curveto closepath fill
newpath 116.81221 161.39438 moveto
116.81221 161.46043 116.78596 161.52379 116.73926 161.5705 curveto
116.69255 161.6172 116.6292 161.64345 116.56314 161.64345 curveto
116.49709 161.64345 116.43373 161.6172 116.38702 161.5705 curveto
116.34032 161.52379 116.31407 161.46043 116.31407 161.39438 curveto
116.31407 161.32832 116.34032 161.26497 116.38702 161.21826 curveto
116.43373 161.17155 116.49709 161.14531 116.56314 161.14531 curveto
116.6292 161.14531 116.69255 161.17155 116.73926 161.21826 curveto
116.78596 161.26497 116.81221 161.32832 116.81221 161.39438 curveto closepath fill
newpath 119.80109 161.39438 moveto
119.80109 161.46043 119.77484 161.52379 119.72813 161.5705 curveto
119.68143 161.6172 119.61807 161.64345 119.55202 161.64345 curveto
119.48596 161.64345 119.4226 161.6172 119.3759 161.5705 curveto
119.3292 161.52379 119.30295 161.46043 119.30295 161.39438 curveto
119.30295 161.32832 119.3292 161.26497 119.3759 161.21826 curveto
119.4226 161.17155 119.48596 161.14531 119.55202 161.14531 curveto
119.61807 161.14531 119.68143 161.17155 119.72813 161.21826 curveto
119.77484 161.26497 119.80109 161.32832 119.80109 161.39438 curveto closepath fill
newpath 122.78996 161.39438 moveto
122.78996 161.46043 122.76372 161.52379 122.71701 161.5705 curveto
122.6703 161.6172 122.60695 161.64345 122.5409 161.64345 curveto
122.47484 161.64345 122.41148 161.6172 122.36478 161.5705 curveto
122.31807 161.52379 122.29182 161.46043 122.29182 161.39438 curveto
122.29182 161.32832 122.31807 161.26497 122.36478 161.21826 curveto
122.41148 161.17155 122.47484 161.14531 122.5409 161.14531 curveto
122.60695 161.14531 122.6703 161.17155 122.71701 161.21826 curveto
122.76372 161.26497 122.78996 161.32832 122.78996 161.39438 curveto closepath fill
newpath 125.77884 161.39438 moveto
125.77884 161.46043 125.7526 161.52379 125.70589 161.5705 curveto
125.65918 161.6172 125.59583 161.64345 125.52977 161.64345 curveto
125.46371 161.64345 125.40036 161.6172 125.35365 161.5705 curveto
125.30695 161.52379 125.2807 161.46043 125.2807 161.39438 curveto
125.2807 161.32832 125.30695 161.26497 125.35365 161.21826 curveto
125.40036 161.17155 125.46371 161.14531 125.52977 161.14531 curveto
125.59583 161.14531 125.65918 161.17155 125.70589 161.21826 curveto
125.7526 161.26497 125.77884 161.32832 125.77884 161.39438 curveto closepath fill
newpath 128.76772 161.39438 moveto
128.76772 161.46043 128.74147 161.52379 128.69476 161.5705 curveto
128.64806 161.6172 128.5847 161.64345 128.51865 161.64345 curveto
128.45259 161.64345 128.38924 161.6172 128.34253 161.5705 curveto
128.29582 161.52379 128.26958 161.46043 128.26958 161.39438 curveto
128.26958 161.32832 128.29582 161.26497 128.34253 161.21826 curveto
128.38924 161.17155 128.45259 161.14531 128.51865 161.14531 curveto
128.5847 161.14531 128.64806 161.17155 128.69476 161.21826 curveto
128.74147 161.26497 128.76772 161.32832 128.76772 161.39438 curveto closepath fill
newpath 131.75659 161.39438 moveto
131.75659 161.46043 131.73035 161.52379 131.68364 161.5705 curveto
131.63693 161.6172 131.57358 161.64345 131.50752 161.64345 curveto
131.44147 161.64345 131.37811 161.6172 131.3314 161.5705 curveto
131.2847 161.52379 131.25845 161.46043 131.25845 161.39438 curveto
131.25845 161.32832 131.2847 161.26497 131.3314 161.21826 curveto
131.37811 161.17155 131.44147 161.14531 131.50752 161.14531 curveto
131.57358 161.14531 131.63693 161.17155 131.68364 161.21826 curveto
131.73035 161.26497 131.75659 161.32832 131.75659 161.39438 curveto closepath fill
newpath 134.74547 161.39438 moveto
134.74547 161.46043 134.71922 161.52379 134.67252 161.5705 curveto
134.62581 161.6172 134.56245 161.64345 134.4964 161.64345 curveto
134.43034 161.64345 134.36699 161.6172 134.32028 161.5705 curveto
134.27357 161.52379 134.24733 161.46043 134.24733 161.39438 curveto
134.24733 161.32832 134.27357 161.26497 134.32028 161.21826 curveto
134.36699 161.17155 134.43034 161.14531 134.4964 161.14531 curveto
134.56245 161.14531 134.62581 161.17155 134.67252 161.21826 curveto
134.71922 161.26497 134.74547 161.32832 134.74547 161.39438 curveto closepath fill
newpath 137.73434 161.39438 moveto
137.73434 161.46043 137.7081 161.52379 137.66139 161.5705 curveto
137.61469 161.6172 137.55133 161.64345 137.48528 161.64345 curveto
137.41922 161.64345 137.35587 161.6172 137.30916 161.5705 curveto
137.26245 161.52379 137.2362 161.46043 137.2362 161.39438 curveto
137.2362 161.32832 137.26245 161.26497 137.30916 161.21826 curveto
137.35587 161.17155 137.41922 161.14531 137.48528 161.14531 curveto
137.55133 161.14531 137.61469 161.17155 137.66139 161.21826 curveto
137.7081 161.26497 137.73434 161.32832 137.73434 161.39438 curveto closepath fill
newpath 140.7232 161.39438 moveto
140.7232 161.46043 140.69696 161.52379 140.65025 161.5705 curveto
140.60355 161.6172 140.54019 161.64345 140.47414 161.64345 curveto
140.40808 161.64345 140.34473 161.6172 140.29802 161.5705 curveto
140.25131 161.52379 140.22507 161.46043 140.22507 161.39438 curveto
140.22507 161.32832 140.25131 161.26497 140.29802 161.21826 curveto
140.34473 161.17155 140.40808 161.14531 140.47414 161.14531 curveto
140.54019 161.14531 140.60355 161.17155 140.65025 161.21826 curveto
140.69696 161.26497 140.7232 161.32832 140.7232 161.39438 curveto closepath fill
newpath 143.71208 161.39438 moveto
143.71208 161.46043 143.68584 161.52379 143.63913 161.5705 curveto
143.59242 161.6172 143.52907 161.64345 143.46301 161.64345 curveto
143.39696 161.64345 143.3336 161.6172 143.2869 161.5705 curveto
143.24019 161.52379 143.21394 161.46043 143.21394 161.39438 curveto
143.21394 161.32832 143.24019 161.26497 143.2869 161.21826 curveto
143.3336 161.17155 143.39696 161.14531 143.46301 161.14531 curveto
143.52907 161.14531 143.59242 161.17155 143.63913 161.21826 curveto
143.68584 161.26497 143.71208 161.32832 143.71208 161.39438 curveto closepath fill
newpath 146.70096 161.39438 moveto
146.70096 161.46043 146.67471 161.52379 146.628 161.5705 curveto
146.5813 161.6172 146.51794 161.64345 146.45189 161.64345 curveto
146.38583 161.64345 146.32248 161.6172 146.27577 161.5705 curveto
146.22906 161.52379 146.20282 161.46043 146.20282 161.39438 curveto
146.20282 161.32832 146.22906 161.26497 146.27577 161.21826 curveto
146.32248 161.17155 146.38583 161.14531 146.45189 161.14531 curveto
146.51794 161.14531 146.5813 161.17155 146.628 161.21826 curveto
146.67471 161.26497 146.70096 161.32832 146.70096 161.39438 curveto closepath fill
newpath 149.68983 161.39438 moveto
149.68983 161.46043 149.66359 161.52379 149.61688 161.5705 curveto
149.57018 161.6172 149.50682 161.64345 149.44077 161.64345 curveto
149.37471 161.64345 149.31136 161.6172 149.26465 161.5705 curveto
149.21794 161.52379 149.1917 161.46043 149.1917 161.39438 curveto
149.1917 161.32832 149.21794 161.26497 149.26465 161.21826 curveto
149.31136 161.17155 149.37471 161.14531 149.44077 161.14531 curveto
149.50682 161.14531 149.57018 161.17155 149.61688 161.21826 curveto
149.66359 161.26497 149.68983 161.32832 149.68983 161.39438 curveto closepath fill
newpath 152.67871 161.39438 moveto
152.67871 161.46043 152.65247 161.52379 152.60576 161.5705 curveto
152.55905 161.6172 152.4957 161.64345 152.42964 161.64345 curveto
152.36359 161.64345 152.30023 161.6172 152.25352 161.5705 curveto
152.20682 161.52379 152.18057 161.46043 152.18057 161.39438 curveto
152.18057 161.32832 152.20682 161.26497 152.25352 161.21826 curveto
152.30023 161.17155 152.36359 161.14531 152.42964 161.14531 curveto
152.4957 161.14531 152.55905 161.17155 152.60576 161.21826 curveto
152.65247 161.26497 152.67871 161.32832 152.67871 161.39438 curveto closepath fill
newpath 155.66759 161.39438 moveto
155.66759 161.46043 155.64134 161.52379 155.59464 161.5705 curveto
155.54793 161.6172 155.48457 161.64345 155.41852 161.64345 curveto
155.35246 161.64345 155.28911 161.6172 155.2424 161.5705 curveto
155.1957 161.52379 155.16945 161.46043 155.16945 161.39438 curveto
155.16945 161.32832 155.1957 161.26497 155.2424 161.21826 curveto
155.28911 161.17155 155.35246 161.14531 155.41852 161.14531 curveto
155.48457 161.14531 155.54793 161.17155 155.59464 161.21826 curveto
155.64134 161.26497 155.66759 161.32832 155.66759 161.39438 curveto closepath fill
newpath 158.65646 161.39438 moveto
158.65646 161.46043 158.63022 161.52379 158.58351 161.5705 curveto
158.5368 161.6172 158.47345 161.64345 158.4074 161.64345 curveto
158.34134 161.64345 158.27798 161.6172 158.23128 161.5705 curveto
158.18457 161.52379 158.15833 161.46043 158.15833 161.39438 curveto
158.15833 161.32832 158.18457 161.26497 158.23128 161.21826 curveto
158.27798 161.17155 158.34134 161.14531 158.4074 161.14531 curveto
158.47345 161.14531 158.5368 161.17155 158.58351 161.21826 curveto
158.63022 161.26497 158.65646 161.32832 158.65646 161.39438 curveto closepath fill
newpath 161.64534 161.39438 moveto
161.64534 161.46043 161.6191 161.52379 161.57239 161.5705 curveto
161.52568 161.6172 161.46233 161.64345 161.39627 161.64345 curveto
161.33022 161.64345 161.26686 161.6172 161.22015 161.5705 curveto
161.17345 161.52379 161.1472 161.46043 161.1472 161.39438 curveto
161.1472 161.32832 161.17345 161.26497 161.22015 161.21826 curveto
161.26686 161.17155 161.33022 161.14531 161.39627 161.14531 curveto
161.46233 161.14531 161.52568 161.17155 161.57239 161.21826 curveto
161.6191 161.26497 161.64534 161.32832 161.64534 161.39438 curveto closepath fill
newpath 164.63422 161.39438 moveto
164.63422 161.46043 164.60797 161.52379 164.56126 161.5705 curveto
164.51456 161.6172 164.4512 161.64345 164.38515 161.64345 curveto
164.31909 161.64345 164.25574 161.6172 164.20903 161.5705 curveto
164.16232 161.52379 164.13608 161.46043 164.13608 161.39438 curveto
164.13608 161.32832 164.16232 161.26497 164.20903 161.21826 curveto
164.25574 161.17155 164.31909 161.14531 164.38515 161.14531 curveto
164.4512 161.14531 164.51456 161.17155 164.56126 161.21826 curveto
164.60797 161.26497 164.63422 161.32832 164.63422 161.39438 curveto closepath fill
newpath 167.6231 161.39438 moveto
167.6231 161.46043 167.59685 161.52379 167.55014 161.5705 curveto
167.50343 161.6172 167.44008 161.64345 167.37402 161.64345 curveto
167.30797 161.64345 167.24461 161.6172 167.1979 161.5705 curveto
167.1512 161.52379 167.12495 161.46043 167.12495 161.39438 curveto
167.12495 161.32832 167.1512 161.26497 167.1979 161.21826 curveto
167.24461 161.17155 167.30797 161.14531 167.37402 161.14531 curveto
167.44008 161.14531 167.50343 161.17155 167.55014 161.21826 curveto
167.59685 161.26497 167.6231 161.32832 167.6231 161.39438 curveto closepath fill
newpath 170.61197 161.39438 moveto
170.61197 161.46043 170.58572 161.52379 170.53902 161.5705 curveto
170.49231 161.6172 170.42896 161.64345 170.3629 161.64345 curveto
170.29684 161.64345 170.23349 161.6172 170.18678 161.5705 curveto
170.14008 161.52379 170.11383 161.46043 170.11383 161.39438 curveto
170.11383 161.32832 170.14008 161.26497 170.18678 161.21826 curveto
170.23349 161.17155 170.29684 161.14531 170.3629 161.14531 curveto
170.42896 161.14531 170.49231 161.17155 170.53902 161.21826 curveto
170.58572 161.26497 170.61197 161.32832 170.61197 161.39438 curveto closepath fill
newpath 173.59784 161.39438 moveto
173.59784 161.46043 173.5716 161.52379 173.52489 161.5705 curveto
173.47818 161.6172 173.41483 161.64345 173.34877 161.64345 curveto
173.28271 161.64345 173.21936 161.6172 173.17265 161.5705 curveto
173.12595 161.52379 173.0997 161.46043 173.0997 161.39438 curveto
173.0997 161.32832 173.12595 161.26497 173.17265 161.21826 curveto
173.21936 161.17155 173.28271 161.14531 173.34877 161.14531 curveto
173.41483 161.14531 173.47818 161.17155 173.52489 161.21826 curveto
173.5716 161.26497 173.59784 161.32832 173.59784 161.39438 curveto closepath fill
newpath 176.58672 161.39438 moveto
176.58672 161.46043 176.56047 161.52379 176.51376 161.5705 curveto
176.46706 161.6172 176.4037 161.64345 176.33765 161.64345 curveto
176.27159 161.64345 176.20824 161.6172 176.16153 161.5705 curveto
176.11482 161.52379 176.08858 161.46043 176.08858 161.39438 curveto
176.08858 161.32832 176.11482 161.26497 176.16153 161.21826 curveto
176.20824 161.17155 176.27159 161.14531 176.33765 161.14531 curveto
176.4037 161.14531 176.46706 161.17155 176.51376 161.21826 curveto
176.56047 161.26497 176.58672 161.32832 176.58672 161.39438 curveto closepath fill
newpath 179.57559 161.39438 moveto
179.57559 161.46043 179.54935 161.52379 179.50264 161.5705 curveto
179.45593 161.6172 179.39258 161.64345 179.32652 161.64345 curveto
179.26047 161.64345 179.19711 161.6172 179.1504 161.5705 curveto
179.1037 161.52379 179.07745 161.46043 179.07745 161.39438 curveto
179.07745 161.32832 179.1037 161.26497 179.1504 161.21826 curveto
179.19711 161.17155 179.26047 161.14531 179.32652 161.14531 curveto
179.39258 161.14531 179.45593 161.17155 179.50264 161.21826 curveto
179.54935 161.26497 179.57559 161.32832 179.57559 161.39438 curveto closepath fill
newpath 182.56448 161.39438 moveto
182.56448 161.46043 182.53824 161.52379 182.49153 161.5705 curveto
182.44482 161.6172 182.38147 161.64345 182.31541 161.64345 curveto
182.24936 161.64345 182.186 161.6172 182.1393 161.5705 curveto
182.09259 161.52379 182.06635 161.46043 182.06635 161.39438 curveto
182.06635 161.32832 182.09259 161.26497 182.1393 161.21826 curveto
182.186 161.17155 182.24936 161.14531 182.31541 161.14531 curveto
182.38147 161.14531 182.44482 161.17155 182.49153 161.21826 curveto
182.53824 161.26497 182.56448 161.32832 182.56448 161.39438 curveto closepath fill
newpath 185.55336 161.39438 moveto
185.55336 161.46043 185.52711 161.52379 185.48041 161.5705 curveto
185.4337 161.6172 185.37035 161.64345 185.30429 161.64345 curveto
185.23824 161.64345 185.17488 161.6172 185.12817 161.5705 curveto
185.08147 161.52379 185.05522 161.46043 185.05522 161.39438 curveto
185.05522 161.32832 185.08147 161.26497 185.12817 161.21826 curveto
185.17488 161.17155 185.23824 161.14531 185.30429 161.14531 curveto
185.37035 161.14531 185.4337 161.17155 185.48041 161.21826 curveto
185.52711 161.26497 185.55336 161.32832 185.55336 161.39438 curveto closepath fill
newpath 188.54224 161.39438 moveto
188.54224 161.46043 188.51599 161.52379 188.46928 161.5705 curveto
188.42258 161.6172 188.35922 161.64345 188.29317 161.64345 curveto
188.22711 161.64345 188.16376 161.6172 188.11705 161.5705 curveto
188.07034 161.52379 188.0441 161.46043 188.0441 161.39438 curveto
188.0441 161.32832 188.07034 161.26497 188.11705 161.21826 curveto
188.16376 161.17155 188.22711 161.14531 188.29317 161.14531 curveto
188.35922 161.14531 188.42258 161.17155 188.46928 161.21826 curveto
188.51599 161.26497 188.54224 161.32832 188.54224 161.39438 curveto closepath fill
newpath 191.53111 161.39438 moveto
191.53111 161.46043 191.50487 161.52379 191.45816 161.5705 curveto
191.41145 161.6172 191.3481 161.64345 191.28204 161.64345 curveto
191.21599 161.64345 191.15263 161.6172 191.10593 161.5705 curveto
191.05922 161.52379 191.03297 161.46043 191.03297 161.39438 curveto
191.03297 161.32832 191.05922 161.26497 191.10593 161.21826 curveto
191.15263 161.17155 191.21599 161.14531 191.28204 161.14531 curveto
191.3481 161.14531 191.41145 161.17155 191.45816 161.21826 curveto
191.50487 161.26497 191.53111 161.32832 191.53111 161.39438 curveto closepath fill
newpath 194.51999 161.39438 moveto
194.51999 161.46043 194.49374 161.52379 194.44704 161.5705 curveto
194.40033 161.6172 194.33698 161.64345 194.27092 161.64345 curveto
194.20486 161.64345 194.14151 161.6172 194.0948 161.5705 curveto
194.0481 161.52379 194.02185 161.46043 194.02185 161.39438 curveto
194.02185 161.32832 194.0481 161.26497 194.0948 161.21826 curveto
194.14151 161.17155 194.20486 161.14531 194.27092 161.14531 curveto
194.33698 161.14531 194.40033 161.17155 194.44704 161.21826 curveto
194.49374 161.26497 194.51999 161.32832 194.51999 161.39438 curveto closepath fill
newpath 197.50887 161.39438 moveto
197.50887 161.46043 197.48262 161.52379 197.43591 161.5705 curveto
197.3892 161.6172 197.32585 161.64345 197.2598 161.64345 curveto
197.19374 161.64345 197.13039 161.6172 197.08368 161.5705 curveto
197.03697 161.52379 197.01073 161.46043 197.01073 161.39438 curveto
197.01073 161.32832 197.03697 161.26497 197.08368 161.21826 curveto
197.13039 161.17155 197.19374 161.14531 197.2598 161.14531 curveto
197.32585 161.14531 197.3892 161.17155 197.43591 161.21826 curveto
197.48262 161.26497 197.50887 161.32832 197.50887 161.39438 curveto closepath fill
 0 0.49814 dtransform truncate idtransform setlinewidth pop [] 0 setdash 1 setlinecap 1 setlinejoin
 10 setmiterlimit
newpath 158.08919 159.04991 moveto
158.1576 158.27005 158.25993 157.49376 158.39592 156.72295 curveto
158.53192 155.9524 158.70102 155.18814 158.90352 154.43237 curveto
159.106 153.67633 159.3416 152.9296 159.6092 152.19408 curveto
159.87682 151.45882 160.17645 150.73561 160.50726 150.02664 curveto
160.83809 149.31738 161.19955 148.62263 161.59085 147.94485 curveto
161.98213 147.26706 162.40298 146.6068 162.85175 145.96567 curveto
163.30049 145.32455 163.77716 144.70341 164.28009 144.10388 curveto
164.78304 143.50436 165.31224 142.92699 165.86551 142.37372 curveto
166.4188 141.82043 166.99615 141.2915 167.59569 140.78856 curveto
168.19522 140.28563 168.81636 139.80896 169.45747 139.35994 curveto stroke
newpath 167.86667 142.29855 moveto
167.9049 141.12325 168.49428 140.03453 169.45747 139.35994 curveto
168.49428 140.03453 167.26968 140.21626 166.1521 139.85046 curveto stroke
newpath 156.86165 155.942 moveto
157.73715 156.72705 158.19193 157.87848 158.08919 159.04991 curveto
158.19193 157.87848 158.84021 156.82379 159.839 156.20314 curveto stroke
newpath 54.91728 158.26842 moveto
54.82616 157.22916 54.68962 156.19402 54.50847 155.16653 curveto
54.32733 154.13904 54.10158 153.11949 53.83151 152.11171 curveto
53.56143 151.10365 53.24757 150.10817 52.89076 149.12749 curveto
52.53395 148.14706 52.13445 147.18251 51.69336 146.23685 curveto stroke
newpath 54.31108 148.31378 moveto
53.16026 148.07202 52.19044 147.30255 51.69336 146.23685 curveto
52.19044 147.30255 52.15675 148.5401 51.60243 149.57718 curveto stroke
newpath 53.16754 155.42155 moveto
54.16632 156.04225 54.81458 157.09697 54.91728 158.26842 curveto
54.81458 157.09697 55.26941 155.94554 56.14493 155.1605 curveto stroke
newpath 0 89.66354 moveto
1.9715 89.66354 lineto stroke
newpath 5.91756 89.66354 moveto
9.86494 89.66354 lineto stroke
newpath 13.80963 89.66354 moveto
17.75374 89.66354 lineto stroke
newpath 21.69873 89.66354 moveto
25.64468 89.66354 lineto stroke
newpath 29.58778 89.66354 moveto
33.53293 89.66354 lineto stroke
newpath 37.47987 89.66354 moveto
41.42708 89.66354 lineto stroke
newpath 45.36893 89.66354 moveto
49.3159 89.66354 lineto stroke
newpath 53.26102 89.66354 moveto
57.20726 89.66354 lineto stroke
newpath 61.15009 89.66354 moveto
65.09615 89.66354 lineto stroke
newpath 69.04216 89.66354 moveto
72.98438 89.66354 lineto stroke
newpath 76.93121 89.66354 moveto
80.8769 89.66354 lineto stroke
newpath 84.82329 89.66354 moveto
88.76582 89.66354 lineto stroke
newpath 92.71236 89.66354 moveto
96.65906 89.66354 lineto stroke
newpath 100.60443 89.66354 moveto
104.54816 89.66354 lineto stroke
newpath 108.49348 89.66354 moveto
112.43904 89.66354 lineto stroke
newpath 116.38255 89.66354 moveto
120.32916 89.66354 lineto stroke
newpath 124.27463 89.66354 moveto
128.22032 89.66354 lineto stroke
newpath 132.16368 89.66354 moveto
136.11002 89.66354 lineto stroke
newpath 140.05576 89.66354 moveto
144.00195 89.66354 lineto stroke
newpath 147.94482 89.66354 moveto
151.89087 89.66354 lineto stroke
newpath 155.8369 89.66354 moveto
159.77971 89.66354 lineto stroke
newpath 163.72597 89.66354 moveto
167.67207 89.66354 lineto stroke
newpath 171.61804 89.66354 moveto
175.56117 89.66354 lineto stroke
newpath 179.50713 89.66354 moveto
183.4531 89.66354 lineto stroke
newpath 187.3992 89.66354 moveto
191.3422 89.66354 lineto stroke
newpath 195.2883 89.66354 moveto
197.2598 89.66354 lineto stroke
newpath 110.95645 104.82108 moveto
110.51535 103.87541 110.11584 102.91086 109.75903 101.93044 curveto
109.40222 100.94975 109.08836 99.95427 108.81828 98.94621 curveto
108.54822 97.93843 108.32246 96.91888 108.14133 95.89139 curveto
107.96019 94.8639 107.82364 93.82877 107.73251 92.7895 curveto stroke
newpath 109.48225 95.63637 moveto
108.48347 95.01567 107.83522 93.96095 107.73251 92.7895 curveto
107.83522 93.96095 107.38039 95.11238 106.50487 95.89742 curveto stroke
newpath 108.33871 102.74422 moveto
109.48952 102.98593 110.45935 103.75539 110.95645 104.82108 curveto
110.45935 103.75539 110.493 102.51785 111.0473 101.48076 curveto stroke
newpath 170.25867 92.00801 moveto
170.19026 92.78787 170.08792 93.56416 169.95193 94.33498 curveto
169.81593 95.10553 169.64684 95.86978 169.44434 96.62555 curveto
169.24185 97.38159 169.00626 98.12833 168.73865 98.86385 curveto
168.47104 99.5991 168.1714 100.32231 167.84059 101.03128 curveto
167.50977 101.74054 167.1483 102.43529 166.757 103.11308 curveto
166.3657 103.79086 165.94487 104.45113 165.49611 105.09225 curveto
165.04736 105.73337 164.5707 106.3545 164.06776 106.95404 curveto
163.56482 107.55356 163.03561 108.13094 162.48233 108.6842 curveto
161.92906 109.23749 161.35168 109.76642 160.75217 110.26936 curveto
160.15263 110.7723 159.5315 111.24896 158.89038 111.69798 curveto stroke
newpath 160.48119 108.75937 moveto
160.44295 109.93468 159.85358 111.02339 158.89038 111.69798 curveto
159.85358 111.02339 161.07817 110.84166 162.19576 111.20746 curveto stroke
newpath 171.4862 95.11592 moveto
170.6107 94.33087 170.15593 93.17944 170.25867 92.00801 curveto
170.15593 93.17944 169.50764 94.23413 168.50885 94.85478 curveto stroke
 0 1.24533 dtransform truncate idtransform setlinewidth pop
newpath 143.46167 89.66354 moveto
179.32709 151.78444 lineto stroke
newpath 174.67944 148.71582 moveto
176.62527 148.95026 178.34714 150.08713 179.32709 151.78444 curveto
178.34714 150.08713 178.22351 148.0275 178.99341 146.22516 curveto
 closepath fill
newpath 143.46167 89.66354 moveto
81.34077 125.52896 lineto stroke
newpath 84.4094 120.88132 moveto
84.17496 122.82715 83.03809 124.54901 81.34077 125.52896 curveto
83.03809 124.54901 85.09772 124.42538 86.90005 125.19528 curveto
 closepath fill
 1.24533 0 dtransform exch truncate exch idtransform pop setlinewidth
newpath 143.46167 89.66354 moveto
143.46167 17.93271 lineto stroke
newpath 145.95233 22.91402 moveto
144.38441 21.73808 143.46167 19.8926 143.46167 17.93271 curveto
143.46167 19.8926 142.53893 21.73808 140.97101 22.91402 curveto
 closepath fill
newpath 143.46167 91.65607 moveto
142.9332 91.65607 142.42644 91.4461 142.05276 91.07245 curveto
141.67911 90.69878 141.46915 90.19202 141.46915 89.66354 curveto
141.46915 89.13507 141.67911 88.62831 142.05276 88.25464 curveto
142.42644 87.88098 142.9332 87.67102 143.46167 87.67102 curveto
143.99014 87.67102 144.4969 87.88098 144.87057 88.25464 curveto
145.24423 88.62831 145.4542 89.13507 145.4542 89.66354 curveto
145.4542 90.19202 145.24423 90.69878 144.87057 91.07245 curveto
144.4969 91.4461 143.99014 91.65607 143.46167 91.65607 curveto closepath fill
showpage
%%EOF
