%!PS
%%BoundingBox: -2 -2 82 122 
%%HiResBoundingBox: -1.4944 -1.4944 81.19533 121.04579 
%%Creator: MetaPost 2.000
%%CreationDate: 2017.06.21:2222
%%Pages: 1
%%BeginProlog
%%EndProlog
%%Page: 1 1
 0 0 0 setrgbcolor
newpath 0 1.4944 moveto
-0.39636 1.4944 -0.77643 1.33691 -1.05667 1.05667 curveto
-1.33691 0.77643 -1.4944 0.39636 -1.4944 0 curveto
-1.4944 -0.39636 -1.33691 -0.77643 -1.05667 -1.05667 curveto
-0.77643 -1.33691 -0.39636 -1.4944 0 -1.4944 curveto
0.39636 -1.4944 0.77643 -1.33691 1.05667 -1.05667 curveto
1.33691 -0.77643 1.4944 -0.39636 1.4944 0 curveto
1.4944 0.39636 1.33691 0.77643 1.05667 1.05667 curveto
0.77643 1.33691 0.39636 1.4944 0 1.4944 curveto closepath fill
newpath 19.92523 81.19533 moveto
19.52887 81.19533 19.1488 81.03784 18.86856 80.7576 curveto
18.58832 80.47736 18.43083 80.09729 18.43083 79.70093 curveto
18.43083 79.30457 18.58832 78.9245 18.86856 78.64426 curveto
19.1488 78.36401 19.52887 78.20653 19.92523 78.20653 curveto
20.3216 78.20653 20.70166 78.36401 20.9819 78.64426 curveto
21.26215 78.9245 21.41963 79.30457 21.41963 79.70093 curveto
21.41963 80.09729 21.26215 80.47736 20.9819 80.7576 curveto
20.70166 81.03784 20.3216 81.19533 19.92523 81.19533 curveto closepath fill
newpath 59.7757 41.34486 moveto
59.37933 41.34486 58.99927 41.18738 58.71902 40.90714 curveto
58.43878 40.62689 58.2813 40.24683 58.2813 39.85046 curveto
58.2813 39.4541 58.43878 39.07404 58.71902 38.7938 curveto
58.99927 38.51355 59.37933 38.35606 59.7757 38.35606 curveto
60.17206 38.35606 60.55212 38.51355 60.83237 38.7938 curveto
61.11261 39.07404 61.2701 39.4541 61.2701 39.85046 curveto
61.2701 40.24683 61.11261 40.62689 60.83237 40.90714 curveto
60.55212 41.18738 60.17206 41.34486 59.7757 41.34486 curveto closepath fill
newpath 79.70093 121.04579 moveto
79.30457 121.04579 78.9245 120.8883 78.64426 120.60806 curveto
78.36401 120.32782 78.20653 119.94775 78.20653 119.55139 curveto
78.20653 119.15503 78.36401 118.77496 78.64426 118.49472 curveto
78.9245 118.21448 79.30457 118.05699 79.70093 118.05699 curveto
80.09729 118.05699 80.47736 118.21448 80.7576 118.49472 curveto
81.03784 118.77496 81.19533 119.15503 81.19533 119.55139 curveto
81.19533 119.94775 81.03784 120.32782 80.7576 120.60806 curveto
80.47736 120.8883 80.09729 121.04579 79.70093 121.04579 curveto closepath fill
 0 1.24533 dtransform truncate idtransform setlinewidth pop [] 0 setdash 1 setlinecap 1 setlinejoin
 10 setmiterlimit
newpath 0 0 moveto
59.7757 39.85046 lineto stroke
newpath 54.24944 39.15967 moveto
56.0976 38.50737 58.14497 38.7633 59.7757 39.85046 curveto
58.14497 38.7633 57.1213 36.97185 57.01259 35.01498 curveto
 closepath fill
newpath 59.7757 39.85046 moveto
79.70093 119.55139 lineto stroke
newpath 76.07648 115.3229 moveto
77.8828 116.08345 79.22559 117.65002 79.70093 119.55139 curveto
79.22559 117.65002 79.67317 115.63585 80.90906 114.11475 curveto
 closepath fill
newpath 19.92523 79.70093 moveto
59.7757 39.85046 lineto stroke
newpath 58.01454 45.13396 moveto
57.73737 43.19376 58.38985 41.23631 59.7757 39.85046 curveto
58.38985 41.23631 56.4324 41.8888 54.4922 41.61162 curveto
 closepath fill
newpath 0 0 moveto
19.92523 79.70093 lineto stroke
newpath 16.30078 75.47244 moveto
18.1071 76.23299 19.44989 77.79956 19.92523 79.70093 curveto
19.44989 77.79956 19.89748 75.78539 21.13336 74.26428 curveto
 closepath fill
newpath 19.92523 79.70093 moveto
79.70093 119.55139 lineto stroke
newpath 74.17467 118.8606 moveto
76.02283 118.2083 78.0702 118.46423 79.70093 119.55139 curveto
78.0702 118.46423 77.04654 116.67278 76.93782 114.71591 curveto
 closepath fill
showpage
%%EOF
