%!PS
%%BoundingBox: -1 -1 90 90 
%%HiResBoundingBox: -0.24907 -0.24907 89.91261 89.91261 
%%Creator: MetaPost 2.000
%%CreationDate: 2017.06.03:1648
%%Pages: 1
%%BeginProlog
%%EndProlog
%%Page: 1 1
 0.7 setgray
newpath 14.94392 74.71962 moveto
17.93289 73.96257 lineto
20.92186 73.18591 lineto
23.90991 72.38692 lineto
26.89888 71.5642 lineto
29.88785 70.71548 lineto
32.87682 69.83759 lineto
35.86578 68.9282 lineto
38.85384 67.98282 lineto
41.8428 66.99728 lineto
44.83177 65.9657 lineto
47.82074 64.8812 lineto
50.80971 63.73424 lineto
53.79776 62.51384 lineto
56.78673 61.20222 lineto
59.7757 59.7757 lineto
62.76466 58.19775 lineto
65.75363 56.40683 lineto
68.74168 54.28346 lineto
71.73065 51.51521 lineto
74.71962 44.83177 lineto
74.71962 44.83177 lineto
71.73065 54.16443 lineto
68.74168 57.85982 lineto
65.75363 60.5756 lineto
62.76466 62.76466 lineto
59.7757 64.60072 lineto
56.78673 66.17639 lineto
53.79776 67.54454 lineto
50.80971 68.74168 lineto
47.82074 69.7929 lineto
44.83177 70.71548 lineto
41.8428 71.52269 lineto
38.85384 72.22456 lineto
35.86578 72.82883 lineto
32.87682 73.3428 lineto
29.88785 73.77057 lineto
26.89888 74.1158 lineto
23.90991 74.38123 lineto
20.92186 74.56958 lineto
17.93289 74.68222 lineto
14.94392 74.71962 lineto
 closepath fill
newpath 14.94392 14.94392 moveto
17.93289 15.70097 lineto
20.92186 16.47763 lineto
23.90991 17.27663 lineto
26.89888 18.09935 lineto
29.88785 18.94806 lineto
32.87682 19.82596 lineto
35.86578 20.73534 lineto
38.85384 21.68073 lineto
41.8428 22.66626 lineto
44.83177 23.69785 lineto
47.82074 24.78235 lineto
50.80971 25.9293 lineto
53.79776 27.1497 lineto
56.78673 28.46132 lineto
59.7757 29.88785 lineto
62.76466 31.46579 lineto
65.75363 33.25671 lineto
68.74168 35.38008 lineto
71.73065 38.14833 lineto
74.71962 44.83177 lineto
74.71962 44.83177 lineto
71.73065 35.49911 lineto
68.74168 31.80373 lineto
65.75363 29.08794 lineto
62.76466 26.89888 lineto
59.7757 25.06282 lineto
56.78673 23.48715 lineto
53.79776 22.119 lineto
50.80971 20.92186 lineto
47.82074 19.87065 lineto
44.83177 18.94806 lineto
41.8428 18.14085 lineto
38.85384 17.43898 lineto
35.86578 16.83472 lineto
32.87682 16.32074 lineto
29.88785 15.89297 lineto
26.89888 15.54774 lineto
23.90991 15.28232 lineto
20.92186 15.09396 lineto
17.93289 14.98132 lineto
14.94392 14.94392 lineto
 closepath fill
 0 0 0 setrgbcolor 0 0.49814 dtransform truncate idtransform setlinewidth pop [] 0 setdash 1 setlinecap
 1 setlinejoin 10 setmiterlimit
newpath 14.94392 14.94392 moveto
16.96059 14.94392 18.97633 14.995 20.99026 15.09715 curveto
22.98915 15.19885 24.98529 15.35072 26.97641 15.5555 curveto
28.93652 15.7566 30.89116 16.00926 32.8376 16.31436 curveto
34.73933 16.61263 36.63332 16.96196 38.51544 17.36601 curveto
40.34056 17.75777 42.15384 18.19968 43.9525 18.69907 curveto
45.6814 19.17883 47.39569 19.71104 49.0904 20.30072 curveto
50.70709 20.86348 52.30556 21.4787 53.87894 22.15366 curveto
55.36887 22.79305 56.83507 23.48578 58.2698 24.24055 curveto
59.61699 24.94925 60.93498 25.71178 62.21375 26.53769 curveto
63.40678 27.30841 64.56424 28.13387 65.67245 29.02272 curveto
66.70177 29.84863 67.68729 30.72789 68.61125 31.66965 curveto
69.46817 32.54298 70.27083 33.4683 70.99915 34.45157 curveto
71.67683 35.36641 72.28795 36.32959 72.8115 37.34065 curveto
73.30403 38.29152 73.71631 39.28207 74.03008 40.30591 curveto
74.33107 41.2878 74.53947 42.29613 74.643 43.31767 curveto
74.74516 44.32465 74.74516 45.3389 74.643 46.34587 curveto
74.53947 47.36742 74.33107 48.37575 74.03008 49.35764 curveto
73.71631 50.38147 73.30403 51.37202 72.8115 52.32289 curveto
72.28795 53.33395 71.67683 54.29713 70.99915 55.21198 curveto
70.27083 56.19524 69.46817 57.12056 68.61125 57.9939 curveto
67.68729 58.93565 66.70177 59.81491 65.67245 60.64082 curveto
64.56424 61.52968 63.40678 62.35513 62.21375 63.12585 curveto
60.93498 63.95177 59.61699 64.7143 58.2698 65.42299 curveto
56.83507 66.17776 55.36887 66.8705 53.87894 67.50989 curveto
52.30556 68.18484 50.70709 68.80006 49.0904 69.36282 curveto
47.39569 69.9525 45.6814 70.48471 43.9525 70.96448 curveto
42.15384 71.46387 40.34056 71.90578 38.51544 72.29753 curveto
36.63332 72.70158 34.73933 73.05092 32.8376 73.34918 curveto
30.89116 73.65428 28.93652 73.90694 26.97641 74.10805 curveto
24.98529 74.31282 22.98915 74.46469 20.99026 74.56639 curveto
18.97633 74.66855 16.96059 74.71962 14.94392 74.71962 curveto stroke
newpath 14.94392 14.94392 moveto
16.92477 15.44135 lineto stroke
newpath 20.87915 16.46439 moveto
22.19572 16.81168 23.51067 17.16522 24.82391 17.52501 curveto stroke
newpath 28.75807 18.62384 moveto
30.06754 18.99716 31.37486 19.3779 32.6797 19.76697 curveto stroke
newpath 36.58635 20.96007 moveto
37.88582 21.36673 39.1823 21.78275 40.47511 22.20975 curveto stroke
newpath 44.34218 23.52553 moveto
45.42828 23.90991 lineto
46.34898 24.23865 47.26724 24.57413 48.18251 24.91743 curveto stroke
newpath 51.98833 26.40074 moveto
53.20033 26.89888 lineto
54.05406 27.25456 54.9041 27.61899 55.74936 27.99399 curveto stroke
newpath 59.4488 29.72523 moveto
59.7757 29.88785 lineto
60.88486 30.44243 61.9822 31.02065 63.06099 31.63144 curveto stroke
newpath 66.5379 33.77333 moveto
67.50458 34.42607 68.4435 35.11873 69.34003 35.86578 curveto
69.78636 36.24557 lineto stroke
newpath 72.59688 39.19965 moveto
73.21227 40.01538 73.74231 40.89348 74.1222 41.8428 curveto
74.24925 42.16039 74.35803 42.4846 74.44658 42.81378 curveto stroke
newpath 74.44647 46.85016 moveto
74.35794 47.1792 74.24919 47.5033 74.1222 47.82074 curveto
73.74223 48.77023 73.21208 49.64847 72.59654 50.46432 curveto stroke
newpath 69.78592 53.41837 moveto
69.34003 53.79776 lineto
68.44331 54.54497 67.5042 55.23776 66.53731 55.89061 curveto stroke
newpath 63.06042 58.03244 moveto
61.98181 58.64311 60.88466 59.22122 59.7757 59.7757 curveto
59.44821 59.93861 lineto stroke
newpath 55.74886 61.66978 moveto
54.90376 62.04471 54.0539 62.40906 53.20033 62.76466 curveto
51.98773 63.26305 lineto stroke
newpath 48.18192 64.74632 moveto
47.26683 65.08955 46.34877 65.42496 45.42828 65.75363 curveto
44.34163 66.1382 lineto stroke
newpath 40.4747 67.45392 moveto
39.18187 67.88092 37.88539 68.29692 36.58589 68.70361 curveto stroke
newpath 32.67929 69.89671 moveto
31.37444 70.28578 30.0671 70.66652 28.75763 71.03983 curveto stroke
newpath 24.82343 72.13867 moveto
23.51022 72.49844 22.19534 72.85197 20.87883 73.19925 curveto stroke
newpath 16.92477 74.2222 moveto
14.94392 74.71962 lineto stroke
newpath 0 44.83177 moveto
89.66354 44.83177 lineto stroke
newpath 84.68224 47.32243 moveto
85.85817 45.75452 87.70366 44.83177 89.66354 44.83177 curveto
87.70366 44.83177 85.85817 43.90903 84.68224 42.34111 curveto stroke
 0.49814 0 dtransform exch truncate exch idtransform pop setlinewidth
newpath 14.94392 0 moveto
14.94392 89.66354 lineto stroke
 0 0.49814 dtransform truncate idtransform setlinewidth pop
newpath 12.45326 84.68224 moveto
14.02118 85.85817 14.94392 87.70366 14.94392 89.66354 curveto
14.94392 87.70366 15.86667 85.85817 17.43459 84.68224 curveto stroke
 1 1 1 setrgbcolor
newpath 76.2141 44.83177 moveto
76.2141 45.22809 76.05676 45.60843 75.77629 45.88844 curveto
75.49628 46.16891 75.11594 46.32625 74.71962 46.32625 curveto
74.3233 46.32625 73.94296 46.16891 73.66295 45.88844 curveto
73.38248 45.60843 73.22514 45.22809 73.22514 44.83177 curveto
73.22514 44.43546 73.38248 44.05511 73.66295 43.7751 curveto
73.94296 43.49463 74.3233 43.3373 74.71962 43.3373 curveto
75.11594 43.3373 75.49628 43.49463 75.77629 43.7751 curveto
76.05676 44.05511 76.2141 44.43546 76.2141 44.83177 curveto closepath fill
 0 0 0 setrgbcolor
newpath 76.2141 44.83177 moveto
76.2141 45.22809 76.05676 45.60843 75.77629 45.88844 curveto
75.49628 46.16891 75.11594 46.32625 74.71962 46.32625 curveto
74.3233 46.32625 73.94296 46.16891 73.66295 45.88844 curveto
73.38248 45.60843 73.22514 45.22809 73.22514 44.83177 curveto
73.22514 44.43546 73.38248 44.05511 73.66295 43.7751 curveto
73.94296 43.49463 74.3233 43.3373 74.71962 43.3373 curveto
75.11594 43.3373 75.49628 43.49463 75.77629 43.7751 curveto
76.05676 44.05511 76.2141 44.43546 76.2141 44.83177 curveto closepath stroke
 1 1 1 setrgbcolor
newpath 16.4384 74.71962 moveto
16.4384 75.11594 16.28107 75.49628 16.0006 75.77629 curveto
15.72058 76.05676 15.34024 76.2141 14.94392 76.2141 curveto
14.5476 76.2141 14.16727 76.05676 13.88725 75.77629 curveto
13.60678 75.49628 13.44945 75.11594 13.44945 74.71962 curveto
13.44945 74.3233 13.60678 73.94296 13.88725 73.66295 curveto
14.16727 73.38248 14.5476 73.22514 14.94392 73.22514 curveto
15.34024 73.22514 15.72058 73.38248 16.0006 73.66295 curveto
16.28107 73.94296 16.4384 74.3233 16.4384 74.71962 curveto closepath fill
 0 0 0 setrgbcolor
newpath 16.4384 74.71962 moveto
16.4384 75.11594 16.28107 75.49628 16.0006 75.77629 curveto
15.72058 76.05676 15.34024 76.2141 14.94392 76.2141 curveto
14.5476 76.2141 14.16727 76.05676 13.88725 75.77629 curveto
13.60678 75.49628 13.44945 75.11594 13.44945 74.71962 curveto
13.44945 74.3233 13.60678 73.94296 13.88725 73.66295 curveto
14.16727 73.38248 14.5476 73.22514 14.94392 73.22514 curveto
15.34024 73.22514 15.72058 73.38248 16.0006 73.66295 curveto
16.28107 73.94296 16.4384 74.3233 16.4384 74.71962 curveto closepath stroke
 1 1 1 setrgbcolor
newpath 16.4384 14.94392 moveto
16.4384 15.34024 16.28107 15.72058 16.0006 16.0006 curveto
15.72058 16.28107 15.34024 16.4384 14.94392 16.4384 curveto
14.5476 16.4384 14.16727 16.28107 13.88725 16.0006 curveto
13.60678 15.72058 13.44945 15.34024 13.44945 14.94392 curveto
13.44945 14.5476 13.60678 14.16727 13.88725 13.88725 curveto
14.16727 13.60678 14.5476 13.44945 14.94392 13.44945 curveto
15.34024 13.44945 15.72058 13.60678 16.0006 13.88725 curveto
16.28107 14.16727 16.4384 14.5476 16.4384 14.94392 curveto closepath fill
 0 0 0 setrgbcolor
newpath 16.4384 14.94392 moveto
16.4384 15.34024 16.28107 15.72058 16.0006 16.0006 curveto
15.72058 16.28107 15.34024 16.4384 14.94392 16.4384 curveto
14.5476 16.4384 14.16727 16.28107 13.88725 16.0006 curveto
13.60678 15.72058 13.44945 15.34024 13.44945 14.94392 curveto
13.44945 14.5476 13.60678 14.16727 13.88725 13.88725 curveto
14.16727 13.60678 14.5476 13.44945 14.94392 13.44945 curveto
15.34024 13.44945 15.72058 13.60678 16.0006 13.88725 curveto
16.28107 14.16727 16.4384 14.5476 16.4384 14.94392 curveto closepath stroke
 0.49814 0 dtransform exch truncate exch idtransform pop setlinewidth
newpath 44.83177 42.83925 moveto
44.83177 46.8243 lineto stroke
showpage
%%EOF
