%!PS
%%BoundingBox: -1 -1 100 100 
%%HiResBoundingBox: -0.24907 -0.24907 99.87523 99.87523 
%%Creator: MetaPost 2.000
%%CreationDate: 2017.06.03:1648
%%Pages: 1
%%BeginProlog
%%EndProlog
%%Page: 1 1
 0 0 0 setrgbcolor 0 0.49814 dtransform truncate idtransform setlinewidth pop [] 0 setdash 1 setlinecap
 1 setlinejoin 10 setmiterlimit
newpath 2.98015 95.9332 moveto
4.94057 94.8104 6.91618 93.7142 8.9064 92.64507 curveto
10.7306 91.66501 12.56804 90.70973 14.42159 89.78653 curveto
16.12723 88.93706 17.84624 88.1151 19.58167 87.3284 curveto
21.18698 86.6007 22.80582 85.90324 24.44077 85.2447 curveto
25.96214 84.63191 27.49707 84.05304 29.04689 83.51581 curveto
30.49986 83.01218 31.96547 82.54533 33.44444 82.12393 curveto
34.84453 81.72488 36.25616 81.36703 37.67844 81.05632 curveto
39.0399 80.75897 40.41049 80.5051 41.78899 80.30109 curveto
43.1272 80.10301 44.47209 79.9519 45.8211 79.85097 curveto
47.14943 79.75156 48.48111 79.70093 49.81308 79.70093 curveto
51.14505 79.70093 52.47673 79.75156 53.80505 79.85097 curveto
55.15407 79.9519 56.49896 80.10301 57.83717 80.30109 curveto
59.21567 80.5051 60.58626 80.75897 61.94772 81.05632 curveto
63.37 81.36703 64.78163 81.72488 66.18172 82.12393 curveto
67.66069 82.54533 69.1263 83.01218 70.57927 83.51581 curveto
72.12909 84.05304 73.66402 84.63191 75.1854 85.2447 curveto
76.82034 85.90324 78.43918 86.6007 80.0445 87.3284 curveto
81.77992 88.1151 83.49893 88.93706 85.20457 89.78653 curveto
87.05812 90.70973 88.89555 91.66501 90.71976 92.64507 curveto
92.70998 93.7142 94.6856 94.8104 96.64601 95.9332 curveto stroke
newpath 93.30978 95.74455 moveto
94.38957 95.27888 95.6256 95.34877 96.64601 95.9332 curveto
95.6256 95.34877 94.9399 94.31801 94.7952 93.15102 curveto stroke
newpath 4.83096 93.15102 moveto
4.68626 94.31801 4.00056 95.34877 2.98015 95.9332 curveto
4.00056 95.34877 5.23659 95.27888 6.31638 95.74455 curveto stroke
newpath 2.98015 3.69296 moveto
4.94057 4.81577 6.91618 5.91196 8.9064 6.9811 curveto
10.7306 7.96115 12.56804 8.91643 14.42159 9.83963 curveto
16.12723 10.6891 17.84624 11.51106 19.58167 12.29776 curveto
21.18698 13.02547 22.80582 13.72292 24.44077 14.38145 curveto
25.96214 14.99425 27.49707 15.57312 29.04689 16.11035 curveto
30.49986 16.61398 31.96547 17.08083 33.44444 17.50223 curveto
34.84453 17.90128 36.25616 18.25912 37.67844 18.56984 curveto
39.0399 18.86719 40.41049 19.12106 41.78899 19.32507 curveto
43.1272 19.52315 44.47209 19.67426 45.8211 19.77519 curveto
47.14943 19.8746 48.48111 19.92523 49.81308 19.92523 curveto
51.14505 19.92523 52.47673 19.8746 53.80505 19.77519 curveto
55.15407 19.67426 56.49896 19.52315 57.83717 19.32507 curveto
59.21567 19.12106 60.58626 18.86719 61.94772 18.56984 curveto
63.37 18.25912 64.78163 17.90128 66.18172 17.50223 curveto
67.66069 17.08083 69.1263 16.61398 70.57927 16.11035 curveto
72.12909 15.57312 73.66402 14.99425 75.1854 14.38145 curveto
76.82034 13.72292 78.43918 13.02547 80.0445 12.29776 curveto
81.77992 11.51106 83.49893 10.6891 85.20457 9.83963 curveto
87.05812 8.91643 88.89555 7.96115 90.71976 6.9811 curveto
92.70998 5.91196 94.6856 4.81577 96.64601 3.69296 curveto stroke
newpath 94.7952 6.47514 moveto
94.9399 5.30815 95.6256 4.27739 96.64601 3.69296 curveto
95.6256 4.27739 94.38957 4.34727 93.30978 3.8816 curveto stroke
newpath 6.31638 3.8816 moveto
5.23659 4.34727 4.00056 4.27739 2.98015 3.69296 curveto
4.00056 4.27739 4.68626 5.30815 4.83096 6.47514 curveto stroke
newpath 89.66354 49.81308 moveto
89.66354 60.38255 85.46422 70.51785 77.99103 77.99103 curveto
70.51785 85.46422 60.38255 89.66354 49.81308 89.66354 curveto
39.2436 89.66354 29.1083 85.46422 21.63513 77.99103 curveto
14.16194 70.51785 9.96262 60.38255 9.96262 49.81308 curveto
9.96262 39.2436 14.16194 29.1083 21.63513 21.63513 curveto
29.1083 14.16194 39.2436 9.96262 49.81308 9.96262 curveto
60.38255 9.96262 70.51785 14.16194 77.99103 21.63513 curveto
85.46422 29.1083 89.66354 39.2436 89.66354 49.81308 curveto closepath stroke
newpath 70.89987 85.12163 moveto
70.50351 85.12163 70.12344 84.96414 69.8432 84.6839 curveto
69.56296 84.40366 69.40547 84.02359 69.40547 83.62723 curveto
69.40547 83.23087 69.56296 82.8508 69.8432 82.57056 curveto
70.12344 82.29031 70.50351 82.13283 70.89987 82.13283 curveto
71.29623 82.13283 71.6763 82.29031 71.95654 82.57056 curveto
72.23679 82.8508 72.39427 83.23087 72.39427 83.62723 curveto
72.39427 84.02359 72.23679 84.40366 71.95654 84.6839 curveto
71.6763 84.96414 71.29623 85.12163 70.89987 85.12163 curveto closepath fill
newpath 70.89987 17.49333 moveto
70.50351 17.49333 70.12344 17.33585 69.8432 17.0556 curveto
69.56296 16.77536 69.40547 16.3953 69.40547 15.99893 curveto
69.40547 15.60257 69.56296 15.2225 69.8432 14.94226 curveto
70.12344 14.66202 70.50351 14.50453 70.89987 14.50453 curveto
71.29623 14.50453 71.6763 14.66202 71.95654 14.94226 curveto
72.23679 15.2225 72.39427 15.60257 72.39427 15.99893 curveto
72.39427 16.3953 72.23679 16.77536 71.95654 17.0556 curveto
71.6763 17.33585 71.29623 17.49333 70.89987 17.49333 curveto closepath fill
newpath 28.72629 85.12163 moveto
28.32993 85.12163 27.94986 84.96414 27.66962 84.6839 curveto
27.38937 84.40366 27.23189 84.02359 27.23189 83.62723 curveto
27.23189 83.23087 27.38937 82.8508 27.66962 82.57056 curveto
27.94986 82.29031 28.32993 82.13283 28.72629 82.13283 curveto
29.12265 82.13283 29.50272 82.29031 29.78296 82.57056 curveto
30.0632 82.8508 30.22069 83.23087 30.22069 83.62723 curveto
30.22069 84.02359 30.0632 84.40366 29.78296 84.6839 curveto
29.50272 84.96414 29.12265 85.12163 28.72629 85.12163 curveto closepath fill
newpath 28.72629 17.49333 moveto
28.32993 17.49333 27.94986 17.33585 27.66962 17.0556 curveto
27.38937 16.77536 27.23189 16.3953 27.23189 15.99893 curveto
27.23189 15.60257 27.38937 15.2225 27.66962 14.94226 curveto
27.94986 14.66202 28.32993 14.50453 28.72629 14.50453 curveto
29.12265 14.50453 29.50272 14.66202 29.78296 14.94226 curveto
30.0632 15.2225 30.22069 15.60257 30.22069 15.99893 curveto
30.22069 16.3953 30.0632 16.77536 29.78296 17.0556 curveto
29.50272 17.33585 29.12265 17.49333 28.72629 17.49333 curveto closepath fill
newpath 0 49.81308 moveto
99.62616 49.81308 lineto stroke
newpath 94.64485 52.30374 moveto
95.82079 50.73582 97.66628 49.81308 99.62616 49.81308 curveto
97.66628 49.81308 95.82079 48.89034 94.64485 47.32242 curveto stroke
 0.49814 0 dtransform exch truncate exch idtransform pop setlinewidth
newpath 49.81308 0 moveto
49.81308 99.62616 lineto stroke
 0 0.49814 dtransform truncate idtransform setlinewidth pop
newpath 47.32242 94.64485 moveto
48.89034 95.82079 49.81308 97.66628 49.81308 99.62616 curveto
49.81308 97.66628 50.73582 95.82079 52.30374 94.64485 curveto stroke
 0.49814 0 dtransform exch truncate exch idtransform pop setlinewidth
newpath 9.96262 47.82056 moveto
9.96262 51.8056 lineto stroke
newpath 19.92523 47.82056 moveto
19.92523 51.8056 lineto stroke
newpath 29.88785 47.82056 moveto
29.88785 51.8056 lineto stroke
newpath 39.85046 47.82056 moveto
39.85046 51.8056 lineto stroke
newpath 59.7757 47.82056 moveto
59.7757 51.8056 lineto stroke
newpath 69.73831 47.82056 moveto
69.73831 51.8056 lineto stroke
newpath 79.70093 47.82056 moveto
79.70093 51.8056 lineto stroke
newpath 89.66354 47.82056 moveto
89.66354 51.8056 lineto stroke
 0 0.49814 dtransform truncate idtransform setlinewidth pop
newpath 51.8056 9.96262 moveto
47.82056 9.96262 lineto stroke
newpath 51.8056 19.92523 moveto
47.82056 19.92523 lineto stroke
newpath 51.8056 29.88785 moveto
47.82056 29.88785 lineto stroke
newpath 51.8056 39.85046 moveto
47.82056 39.85046 lineto stroke
newpath 51.8056 59.7757 moveto
47.82056 59.7757 lineto stroke
newpath 51.8056 69.73831 moveto
47.82056 69.73831 lineto stroke
newpath 51.8056 79.70093 moveto
47.82056 79.70093 lineto stroke
newpath 51.8056 89.66354 moveto
47.82056 89.66354 lineto stroke
showpage
%%EOF
