%!PS
%%BoundingBox: 13 13 77 62 
%%HiResBoundingBox: 13.44945 13.44945 76.2141 61.27017 
%%Creator: MetaPost 2.000
%%CreationDate: 2017.06.03:1613
%%Pages: 1
%%BeginProlog
%%EndProlog
%%Page: 1 1
 0 0 0 setrgbcolor
newpath 16.4384 14.94392 moveto
16.4384 15.34024 16.28084 15.72035 16.0006 16.0006 curveto
15.72035 16.28084 15.34024 16.4384 14.94392 16.4384 curveto
14.5476 16.4384 14.1675 16.28084 13.88725 16.0006 curveto
13.60701 15.72035 13.44945 15.34024 13.44945 14.94392 curveto
13.44945 14.5476 13.60701 14.1675 13.88725 13.88725 curveto
14.1675 13.60701 14.5476 13.44945 14.94392 13.44945 curveto
15.34024 13.44945 15.72035 13.60701 16.0006 13.88725 curveto
16.28084 14.1675 16.4384 14.5476 16.4384 14.94392 curveto closepath fill
newpath 76.2141 59.7757 moveto
76.2141 60.17201 76.05653 60.55212 75.77629 60.83237 curveto
75.49605 61.11261 75.11594 61.27017 74.71962 61.27017 curveto
74.3233 61.27017 73.94319 61.11261 73.66295 60.83237 curveto
73.3827 60.55212 73.22514 60.17201 73.22514 59.7757 curveto
73.22514 59.37938 73.3827 58.99927 73.66295 58.71902 curveto
73.94319 58.43878 74.3233 58.28122 74.71962 58.28122 curveto
75.11594 58.28122 75.49605 58.43878 75.77629 58.71902 curveto
76.05653 58.99927 76.2141 59.37938 76.2141 59.7757 curveto closepath fill
 0 0.49814 dtransform truncate idtransform setlinewidth pop [] 0 setdash 1 setlinecap 1 setlinejoin
 10 setmiterlimit
newpath 14.94392 14.94392 moveto
74.71962 59.7757 lineto stroke
newpath 46.32625 37.35982 moveto
46.32625 37.75612 46.16869 38.13625 45.88844 38.41649 curveto
45.6082 38.69673 45.22809 38.8543 44.83177 38.8543 curveto
44.43546 38.8543 44.05534 38.69673 43.7751 38.41649 curveto
43.49486 38.13625 43.3373 37.75612 43.3373 37.35982 curveto
43.3373 36.9635 43.49486 36.58337 43.7751 36.30313 curveto
44.05534 36.02289 44.43546 35.86533 44.83177 35.86533 curveto
45.22809 35.86533 45.6082 36.02289 45.88844 36.30313 curveto
46.16869 36.58337 46.32625 36.9635 46.32625 37.35982 curveto closepath fill
showpage
%%EOF
