%!PS
%%BoundingBox: -1 17 100 22 
%%HiResBoundingBox: -0.24907 17.85799 99.87523 21.99248 
%%Creator: MetaPost 2.000
%%CreationDate: 2017.06.03:1613
%%Pages: 1
%%BeginProlog
%%EndProlog
%%Page: 1 1
 0 0 0 setrgbcolor 0 0.49814 dtransform truncate idtransform setlinewidth pop [] 0 setdash 1 setlinecap
 1 setlinejoin 10 setmiterlimit
newpath 0 19.92523 moveto
99.62616 19.92523 lineto stroke
newpath 96.63737 21.41963 moveto
97.34293 20.47888 98.45023 19.92523 99.62616 19.92523 curveto
98.45023 19.92523 97.34293 19.37158 96.63737 18.43083 curveto stroke
newpath 2.98878 18.43083 moveto
2.28323 19.37158 1.17593 19.92523 0 19.92523 curveto
1.17593 19.92523 2.28323 20.47888 2.98878 21.41963 curveto stroke
 0 1.14569 dtransform truncate idtransform setlinewidth pop
newpath 19.92523 19.92523 moveto
79.70093 19.92523 lineto stroke
newpath 19.92523 21.91776 moveto
19.39676 21.91776 18.89 21.7078 18.51633 21.33414 curveto
18.14267 20.96046 17.93271 20.4537 17.93271 19.92523 curveto
17.93271 19.39676 18.14267 18.89 18.51633 18.51633 curveto
18.89 18.14267 19.39676 17.93271 19.92523 17.93271 curveto
20.4537 17.93271 20.96046 18.14267 21.33414 18.51633 curveto
21.7078 18.89 21.91776 19.39676 21.91776 19.92523 curveto
21.91776 20.4537 21.7078 20.96046 21.33414 21.33414 curveto
20.96046 21.7078 20.4537 21.91776 19.92523 21.91776 curveto closepath fill
 1 1 1 setrgbcolor
newpath 79.70093 21.41963 moveto
79.30457 21.41963 78.9245 21.26215 78.64426 20.9819 curveto
78.36401 20.70166 78.20653 20.3216 78.20653 19.92523 curveto
78.20653 19.52887 78.36401 19.1488 78.64426 18.86856 curveto
78.9245 18.58832 79.30457 18.43083 79.70093 18.43083 curveto
80.09729 18.43083 80.47736 18.58832 80.7576 18.86856 curveto
81.03784 19.1488 81.19533 19.52887 81.19533 19.92523 curveto
81.19533 20.3216 81.03784 20.70166 80.7576 20.9819 curveto
80.47736 21.26215 80.09729 21.41963 79.70093 21.41963 curveto closepath fill
 0 0 0 setrgbcolor
newpath 79.70093 21.41963 moveto
79.30457 21.41963 78.9245 21.26215 78.64426 20.9819 curveto
78.36401 20.70166 78.20653 20.3216 78.20653 19.92523 curveto
78.20653 19.52887 78.36401 19.1488 78.64426 18.86856 curveto
78.9245 18.58832 79.30457 18.43083 79.70093 18.43083 curveto
80.09729 18.43083 80.47736 18.58832 80.7576 18.86856 curveto
81.03784 19.1488 81.19533 19.52887 81.19533 19.92523 curveto
81.19533 20.3216 81.03784 20.70166 80.7576 20.9819 curveto
80.47736 21.26215 80.09729 21.41963 79.70093 21.41963 curveto stroke
showpage
%%EOF
