%!PS
%%BoundingBox: -1 -1 198 150 
%%HiResBoundingBox: -0.24907 -0.24907 197.50887 149.68832 
%%Creator: MetaPost 1.9991
%%CreationDate: 2017.08.19:1107
%%Pages: 1
%%BeginProlog
%%EndProlog
%%Page: 1 1
 0 0 0 setrgbcolor
newpath 93.04945 138.9785 moveto
92.52098 138.9785 92.01422 138.76854 91.64055 138.39488 curveto
91.26689 138.02121 91.05693 137.51445 91.05693 136.98598 curveto
91.05693 136.4575 91.26689 135.95074 91.64055 135.57707 curveto
92.01422 135.20341 92.52098 134.99345 93.04945 134.99345 curveto
93.57793 134.99345 94.08469 135.20341 94.45836 135.57707 curveto
94.83202 135.95074 95.04198 136.4575 95.04198 136.98598 curveto
95.04198 137.51445 94.83202 138.02121 94.45836 138.39488 curveto
94.08469 138.76854 93.57793 138.9785 93.04945 138.9785 curveto closepath fill
newpath 111.82823 114.07196 moveto
111.29976 114.07196 110.793 113.862 110.41933 113.48834 curveto
110.04567 113.11467 109.83571 112.60791 109.83571 112.07944 curveto
109.83571 111.55096 110.04567 111.0442 110.41933 110.67053 curveto
110.793 110.29688 111.29976 110.08691 111.82823 110.08691 curveto
112.3567 110.08691 112.86346 110.29688 113.23714 110.67053 curveto
113.6108 111.0442 113.82076 111.55096 113.82076 112.07944 curveto
113.82076 112.60791 113.6108 113.11467 113.23714 113.48834 curveto
112.86346 113.862 112.3567 114.07196 111.82823 114.07196 curveto closepath fill
newpath 130.60373 89.16542 moveto
130.07526 89.16542 129.5685 88.95546 129.19482 88.5818 curveto
128.82117 88.20813 128.6112 87.70137 128.6112 87.1729 curveto
128.6112 86.64442 128.82117 86.13766 129.19482 85.76399 curveto
129.5685 85.39034 130.07526 85.18037 130.60373 85.18037 curveto
131.1322 85.18037 131.63896 85.39034 132.01263 85.76399 curveto
132.38629 86.13766 132.59625 86.64442 132.59625 87.1729 curveto
132.59625 87.70137 132.38629 88.20813 132.01263 88.5818 curveto
131.63896 88.95546 131.1322 89.16542 130.60373 89.16542 curveto closepath fill
newpath 149.38689 114.07196 moveto
148.85841 114.07196 148.35165 113.862 147.97798 113.48834 curveto
147.60432 113.11467 147.39436 112.60791 147.39436 112.07944 curveto
147.39436 111.55096 147.60432 111.0442 147.97798 110.67053 curveto
148.35165 110.29688 148.85841 110.08691 149.38689 110.08691 curveto
149.91536 110.08691 150.42212 110.29688 150.79579 110.67053 curveto
151.16945 111.0442 151.37941 111.55096 151.37941 112.07944 curveto
151.37941 112.60791 151.16945 113.11467 150.79579 113.48834 curveto
150.42212 113.862 149.91536 114.07196 149.38689 114.07196 curveto closepath fill
newpath 168.16566 138.9785 moveto
167.63719 138.9785 167.13043 138.76854 166.75676 138.39488 curveto
166.3831 138.02121 166.17314 137.51445 166.17314 136.98598 curveto
166.17314 136.4575 166.3831 135.95074 166.75676 135.57707 curveto
167.13043 135.20341 167.63719 134.99345 168.16566 134.99345 curveto
168.69414 134.99345 169.2009 135.20341 169.57457 135.57707 curveto
169.94823 135.95074 170.15819 136.4575 170.15819 136.98598 curveto
170.15819 137.51445 169.94823 138.02121 169.57457 138.39488 curveto
169.2009 138.76854 168.69414 138.9785 168.16566 138.9785 curveto closepath fill
 0 0.49814 dtransform truncate idtransform setlinewidth pop [] 0 setdash
 1 setlinecap 1 setlinejoin 10 setmiterlimit
newpath 0 12.45328 moveto
197.2598 12.45328 lineto stroke
newpath 192.27849 14.94394 moveto
193.45442 13.37602 195.29991 12.45328 197.2598 12.45328 curveto
195.29991 12.45328 193.45442 11.53053 192.27849 9.96262 curveto stroke
 0.49814 0 dtransform exch truncate exch idtransform pop setlinewidth
newpath 17.93271 0 moveto
17.93271 149.43925 lineto stroke
 0 0.49814 dtransform truncate idtransform setlinewidth pop
newpath 15.44205 144.45795 moveto
17.00996 145.63388 17.93271 147.47937 17.93271 149.43925 curveto
17.93271 147.47937 18.85545 145.63388 20.42337 144.45795 curveto stroke
 0.49814 0 dtransform exch truncate exch idtransform pop setlinewidth
newpath 93.04945 10.46075 moveto
93.04945 14.4458 lineto stroke
newpath 111.82823 10.46075 moveto
111.82823 14.4458 lineto stroke
newpath 130.60373 10.46075 moveto
130.60373 14.4458 lineto stroke
newpath 149.38689 10.46075 moveto
149.38689 14.4458 lineto stroke
newpath 168.16566 10.46075 moveto
168.16566 14.4458 lineto stroke
 0 0.49814 dtransform truncate idtransform setlinewidth pop
newpath 19.92523 87.1729 moveto
15.94019 87.1729 lineto stroke
newpath 19.92523 112.07944 moveto
15.94019 112.07944 lineto stroke
newpath 19.92523 136.98598 moveto
15.94019 136.98598 lineto stroke
 0 1.24533 dtransform truncate idtransform setlinewidth pop
newpath 93.04945 136.98598 moveto
94.37439 136.87424 95.6205 136.48888 96.62692 135.88043 curveto
98.11 134.9839 99.19249 133.82933 100.20383 132.66032 curveto
101.5966 131.05084 102.70645 129.33495 103.78018 127.6122 curveto
105.09471 125.50334 106.22646 123.34317 107.3571 121.18338 curveto
108.61197 118.78569 109.7541 116.36063 110.93456 113.94469 curveto
112.13908 111.47972 113.28232 109.0007 114.51146 106.54144 curveto
115.66728 104.2285 116.80504 101.911 118.08783 99.63072 curveto
119.19165 97.66933 120.31464 95.71057 121.66528 93.8248 curveto
122.70782 92.36923 123.80235 90.92393 125.2422 89.64128 curveto
126.23439 88.7573 127.34041 87.90448 128.81966 87.45146 curveto
129.95851 87.10258 131.25607 87.1022 132.39546 87.45033 curveto
133.87418 87.9022 134.98074 88.75388 135.97293 89.6371 curveto
137.41331 90.91899 138.5073 92.36316 139.54984 93.81834 curveto
140.90048 95.70374 142.02347 97.66173 143.12729 99.62274 curveto
144.41008 101.90263 145.54784 104.21976 146.70366 106.53194 curveto
147.9328 108.99083 149.07603 111.47023 150.28056 113.9352 curveto
151.46101 116.3515 152.60315 118.77657 153.85802 121.17464 curveto
154.98866 123.33481 156.1204 125.49536 157.43494 127.60498 curveto
158.50867 129.32848 159.61906 131.04475 161.01129 132.655 curveto
162.02263 133.82477 163.10567 134.9801 164.58821 135.87778 curveto
165.59462 136.48698 166.84074 136.87273 168.16566 136.98598 curveto stroke
showpage
%%EOF
