%!PS
%%BoundingBox: -1 -1 105 120 
%%HiResBoundingBox: -0.24907 -0.24907 104.85654 119.80046 
%%Creator: MetaPost 1.9991
%%CreationDate: 2017.08.19:1107
%%Pages: 1
%%BeginProlog
%%EndProlog
%%Page: 1 1
 0 0 0 setrgbcolor
newpath 29.88785 106.59999 moveto
29.35938 106.59999 28.85262 106.39003 28.47894 106.01637 curveto
28.10529 105.6427 27.89532 105.13594 27.89532 104.60747 curveto
27.89532 104.079 28.10529 103.57224 28.47894 103.19856 curveto
28.85262 102.8249 29.35938 102.61494 29.88785 102.61494 curveto
30.41632 102.61494 30.92308 102.8249 31.29675 103.19856 curveto
31.67041 103.57224 31.88037 104.079 31.88037 104.60747 curveto
31.88037 105.13594 31.67041 105.6427 31.29675 106.01637 curveto
30.92308 106.39003 30.41632 106.59999 29.88785 106.59999 curveto closepath fill
newpath 44.83177 61.76822 moveto
44.3033 61.76822 43.79654 61.55826 43.42287 61.1846 curveto
43.04921 60.81093 42.83925 60.30417 42.83925 59.7757 curveto
42.83925 59.24722 43.04921 58.74046 43.42287 58.36679 curveto
43.79654 57.99313 44.3033 57.78317 44.83177 57.78317 curveto
45.36024 57.78317 45.867 57.99313 46.24068 58.36679 curveto
46.61433 58.74046 46.8243 59.24722 46.8243 59.7757 curveto
46.8243 60.30417 46.61433 60.81093 46.24068 61.1846 curveto
45.867 61.55826 45.36024 61.76822 44.83177 61.76822 curveto closepath fill
newpath 59.7757 16.93645 moveto
59.24722 16.93645 58.74046 16.72649 58.36679 16.35283 curveto
57.99313 15.97916 57.78317 15.4724 57.78317 14.94392 curveto
57.78317 14.41545 57.99313 13.90869 58.36679 13.53502 curveto
58.74046 13.16136 59.24722 12.9514 59.7757 12.9514 curveto
60.30417 12.9514 60.81093 13.16136 61.1846 13.53502 curveto
61.55826 13.90869 61.76822 14.41545 61.76822 14.94392 curveto
61.76822 15.4724 61.55826 15.97916 61.1846 16.35283 curveto
60.81093 16.72649 60.30417 16.93645 59.7757 16.93645 curveto closepath fill
newpath 74.71962 61.76822 moveto
74.19115 61.76822 73.68439 61.55826 73.31071 61.1846 curveto
72.93706 60.81093 72.7271 60.30417 72.7271 59.7757 curveto
72.7271 59.24722 72.93706 58.74046 73.31071 58.36679 curveto
73.68439 57.99313 74.19115 57.78317 74.71962 57.78317 curveto
75.2481 57.78317 75.75485 57.99313 76.12852 58.36679 curveto
76.50218 58.74046 76.71214 59.24722 76.71214 59.7757 curveto
76.71214 60.30417 76.50218 60.81093 76.12852 61.1846 curveto
75.75485 61.55826 75.2481 61.76822 74.71962 61.76822 curveto closepath fill
newpath 89.66354 106.59999 moveto
89.13507 106.59999 88.62831 106.39003 88.25464 106.01637 curveto
87.88098 105.6427 87.67102 105.13594 87.67102 104.60747 curveto
87.67102 104.079 87.88098 103.57224 88.25464 103.19856 curveto
88.62831 102.8249 89.13507 102.61494 89.66354 102.61494 curveto
90.19202 102.61494 90.69878 102.8249 91.07245 103.19856 curveto
91.4461 103.57224 91.65607 104.079 91.65607 104.60747 curveto
91.65607 105.13594 91.4461 105.6427 91.07245 106.01637 curveto
90.69878 106.39003 90.19202 106.59999 89.66354 106.59999 curveto closepath fill
 0 0.49814 dtransform truncate idtransform setlinewidth pop [] 0 setdash
 1 setlinecap 1 setlinejoin 10 setmiterlimit
newpath 0 44.83177 moveto
104.60747 44.83177 lineto stroke
newpath 99.62616 47.32243 moveto
100.8021 45.75452 102.64758 44.83177 104.60747 44.83177 curveto
102.64758 44.83177 100.8021 43.90903 99.62616 42.34111 curveto stroke
 0.49814 0 dtransform exch truncate exch idtransform pop setlinewidth
newpath 14.94392 0 moveto
14.94392 119.55139 lineto stroke
 0 0.49814 dtransform truncate idtransform setlinewidth pop
newpath 12.45326 114.57008 moveto
14.02118 115.74602 14.94392 117.5915 14.94392 119.55139 curveto
14.94392 117.5915 15.86667 115.74602 17.43459 114.57008 curveto stroke
 0.49814 0 dtransform exch truncate exch idtransform pop setlinewidth
newpath 29.88785 42.83925 moveto
29.88785 46.8243 lineto stroke
newpath 44.83177 42.83925 moveto
44.83177 46.8243 lineto stroke
newpath 59.7757 42.83925 moveto
59.7757 46.8243 lineto stroke
newpath 74.71962 42.83925 moveto
74.71962 46.8243 lineto stroke
newpath 89.66354 42.83925 moveto
89.66354 46.8243 lineto stroke
 0 0.49814 dtransform truncate idtransform setlinewidth pop
newpath 16.93645 14.94392 moveto
12.9514 14.94392 lineto stroke
newpath 16.93645 29.88785 moveto
12.9514 29.88785 lineto stroke
newpath 16.93645 59.7757 moveto
12.9514 59.7757 lineto stroke
newpath 16.93645 74.71962 moveto
12.9514 74.71962 lineto stroke
newpath 16.93645 89.66354 moveto
12.9514 89.66354 lineto stroke
newpath 16.93645 104.60747 moveto
12.9514 104.60747 lineto stroke
 0 1.24533 dtransform truncate idtransform setlinewidth pop
newpath 29.88785 104.60747 moveto
30.42781 104.56757 30.94543 104.37648 31.38188 104.0561 curveto
31.98341 103.61441 32.4536 103.02657 32.87682 102.41295 curveto
33.46033 101.56674 33.93417 100.65213 34.37085 99.72177 curveto
34.93338 98.52304 35.41452 97.28874 35.86578 96.04417 curveto
36.41191 94.53783 36.8976 93.01074 37.35982 91.47658 curveto
37.89407 89.70413 38.3825 87.91846 38.85384 86.12845 curveto
39.37875 84.13506 39.86923 82.13275 40.34877 80.12772 curveto
40.8657 77.96626 41.35689 75.79887 41.8428 73.63034 curveto
42.35335 71.3519 42.84543 69.06937 43.33774 66.78682 curveto
43.84167 64.45114 44.33376 62.11273 44.83177 59.7757 curveto
45.32979 57.43843 45.82187 55.0998 46.3258 52.76389 curveto
46.81812 50.48158 47.3102 48.19926 47.82074 45.92105 curveto
48.30666 43.75229 48.79784 41.58469 49.31477 39.42299 curveto
49.79431 37.41818 50.28479 35.4161 50.80971 33.42294 curveto
51.28104 31.63293 51.76947 29.84726 52.30374 28.07481 curveto
52.76595 26.54065 53.25163 25.01357 53.79776 23.50722 curveto
54.24902 22.26288 54.7304 21.02881 55.2927 19.83029 curveto
55.72937 18.89972 56.20299 17.98488 56.78673 17.13844 curveto
57.20995 16.52483 57.68036 15.93744 58.28166 15.49597 curveto
58.72061 15.17355 59.23094 14.94392 59.7757 14.94392 curveto
60.32022 14.9437 60.83078 15.1731 61.26973 15.49529 curveto
61.87126 15.93698 62.34145 16.52483 62.76466 17.13844 curveto
63.34818 17.98465 63.82202 18.89926 64.2587 19.82962 curveto
64.82123 21.02812 65.3026 22.26196 65.75363 23.50653 curveto
66.29976 25.0131 66.78545 26.54042 67.24767 28.07481 curveto
67.7817 29.84726 68.27036 31.63293 68.74168 33.42294 curveto
69.2666 35.4161 69.75708 37.41818 70.23662 39.42299 curveto
70.75356 41.58469 71.24474 43.75229 71.73065 45.92105 curveto
72.2412 48.19926 72.73328 50.48158 73.22559 52.76389 curveto
73.72952 55.0998 74.2216 57.43843 74.71962 59.7757 curveto
75.21764 62.11296 75.70972 64.4516 76.21365 66.7875 curveto
76.70596 69.06981 77.19804 71.35213 77.70859 73.63034 curveto
78.1945 75.7991 78.68568 77.9667 79.20262 80.1284 curveto
79.68216 82.13321 80.17264 84.13528 80.69756 86.12845 curveto
81.16888 87.91846 81.65732 89.70413 82.19159 91.47658 curveto
82.6538 93.01074 83.13948 94.53783 83.68561 96.04417 curveto
84.13687 97.28851 84.61824 98.52258 85.18054 99.7211 curveto
85.61722 100.65167 86.09084 101.56651 86.67458 102.41295 curveto
87.0978 103.02657 87.5682 103.61395 88.16951 104.05542 curveto
88.60596 104.3758 89.12358 104.56711 89.66354 104.60747 curveto stroke
showpage
%%EOF
