%!PS
%%BoundingBox: -1 -1 188 120 
%%HiResBoundingBox: -0.24907 -0.24907 187.64595 119.80046 
%%Creator: MetaPost 1.9991
%%CreationDate: 2017.08.19:1107
%%Pages: 1
%%BeginProlog
%%EndProlog
%%Page: 1 1
 0 0 0 setrgbcolor
newpath 39.90787 101.61868 moveto
39.3794 101.61868 38.87263 101.40872 38.49896 101.03506 curveto
38.1253 100.66139 37.91534 100.15463 37.91534 99.62616 curveto
37.91534 99.09769 38.1253 98.59093 38.49896 98.21725 curveto
38.87263 97.8436 39.3794 97.63364 39.90787 97.63364 curveto
40.43634 97.63364 40.9431 97.8436 41.31677 98.21725 curveto
41.69043 98.59093 41.90039 99.09769 41.90039 99.62616 curveto
41.90039 100.15463 41.69043 100.66139 41.31677 101.03506 curveto
40.9431 101.40872 40.43634 101.61868 39.90787 101.61868 curveto closepath fill
newpath 74.3363 61.76822 moveto
73.80783 61.76822 73.30107 61.55826 72.9274 61.1846 curveto
72.55374 60.81093 72.34378 60.30417 72.34378 59.7757 curveto
72.34378 59.24722 72.55374 58.74046 72.9274 58.36679 curveto
73.30107 57.99313 73.80783 57.78317 74.3363 57.78317 curveto
74.86478 57.78317 75.37154 57.99313 75.74521 58.36679 curveto
76.11887 58.74046 76.32883 59.24722 76.32883 59.7757 curveto
76.32883 60.30417 76.11887 60.81093 75.74521 61.1846 curveto
75.37154 61.55826 74.86478 61.76822 74.3363 61.76822 curveto closepath fill
newpath 108.76472 21.91776 moveto
108.23625 21.91776 107.72949 21.7078 107.35582 21.33414 curveto
106.98216 20.96046 106.7722 20.4537 106.7722 19.92523 curveto
106.7722 19.39676 106.98216 18.89 107.35582 18.51633 curveto
107.72949 18.14267 108.23625 17.93271 108.76472 17.93271 curveto
109.2932 17.93271 109.79996 18.14267 110.17363 18.51633 curveto
110.54729 18.89 110.75725 19.39676 110.75725 19.92523 curveto
110.75725 20.4537 110.54729 20.96046 110.17363 21.33414 curveto
109.79996 21.7078 109.2932 21.91776 108.76472 21.91776 curveto closepath fill
newpath 143.19316 61.76822 moveto
142.66469 61.76822 142.15793 61.55826 141.78426 61.1846 curveto
141.4106 60.81093 141.20064 60.30417 141.20064 59.7757 curveto
141.20064 59.24722 141.4106 58.74046 141.78426 58.36679 curveto
142.15793 57.99313 142.66469 57.78317 143.19316 57.78317 curveto
143.72163 57.78317 144.2284 57.99313 144.60207 58.36679 curveto
144.97572 58.74046 145.18568 59.24722 145.18568 59.7757 curveto
145.18568 60.30417 144.97572 60.81093 144.60207 61.1846 curveto
144.2284 61.55826 143.72163 61.76822 143.19316 61.76822 curveto closepath fill
newpath 177.62158 101.61868 moveto
177.09311 101.61868 176.58635 101.40872 176.21268 101.03506 curveto
175.83902 100.66139 175.62906 100.15463 175.62906 99.62616 curveto
175.62906 99.09769 175.83902 98.59093 176.21268 98.21725 curveto
176.58635 97.8436 177.09311 97.63364 177.62158 97.63364 curveto
178.15005 97.63364 178.65681 97.8436 179.03049 98.21725 curveto
179.40414 98.59093 179.6141 99.09769 179.6141 99.62616 curveto
179.6141 100.15463 179.40414 100.66139 179.03049 101.03506 curveto
178.65681 101.40872 178.15005 101.61868 177.62158 101.61868 curveto closepath fill
 0 0.49814 dtransform truncate idtransform setlinewidth pop [] 0 setdash
 1 setlinecap 1 setlinejoin 10 setmiterlimit
newpath 0 59.7757 moveto
187.39688 59.7757 lineto stroke
newpath 182.41557 62.26636 moveto
183.5915 60.69844 185.437 59.7757 187.39688 59.7757 curveto
185.437 59.7757 183.5915 58.85295 182.41557 57.28503 curveto stroke
 0.49814 0 dtransform exch truncate exch idtransform pop setlinewidth
newpath 5.47945 0 moveto
5.47945 119.55139 lineto stroke
 0 0.49814 dtransform truncate idtransform setlinewidth pop
newpath 2.98878 114.57008 moveto
4.5567 115.74602 5.47945 117.5915 5.47945 119.55139 curveto
5.47945 117.5915 6.40219 115.74602 7.97011 114.57008 curveto stroke
 0.49814 0 dtransform exch truncate exch idtransform pop setlinewidth
newpath 39.90787 57.78317 moveto
39.90787 61.76822 lineto stroke
newpath 74.3363 57.78317 moveto
74.3363 61.76822 lineto stroke
newpath 108.76472 57.78317 moveto
108.76472 61.76822 lineto stroke
newpath 143.19316 57.78317 moveto
143.19316 61.76822 lineto stroke
newpath 177.62158 57.78317 moveto
177.62158 61.76822 lineto stroke
 0 0.49814 dtransform truncate idtransform setlinewidth pop
newpath 7.47197 19.92523 moveto
3.48692 19.92523 lineto stroke
newpath 7.47197 99.62616 moveto
3.48692 99.62616 lineto stroke
 0 1.24533 dtransform truncate idtransform setlinewidth pop
newpath 39.90787 99.62616 moveto
40.63762 99.62555 41.36703 99.55927 42.09343 99.42793 curveto
42.82718 99.29536 43.55693 99.09592 44.28065 98.83566 curveto
45.01709 98.57056 45.74583 98.24098 46.46622 97.85545 curveto
47.20499 97.46022 47.9334 97.00294 48.65143 96.49704 curveto
49.39188 95.9747 50.12029 95.39581 50.83699 94.77376 curveto
51.5791 94.12921 52.30751 93.43358 53.02455 92.70085 curveto
53.76633 91.9426 54.49341 91.13872 55.20976 90.30263 curveto
55.95122 89.43735 56.67862 88.53253 57.39532 87.60097 curveto
58.13611 86.6384 58.86284 85.64177 59.58054 84.62326 curveto
60.32098 83.57251 61.0484 82.49197 61.76811 81.395 curveto
62.50655 80.26947 63.23328 79.119 63.95366 77.95515 curveto
64.69043 76.76517 65.41682 75.5545 66.13889 74.33472 curveto
66.87398 73.09242 67.60071 71.83372 68.32443 70.56955 curveto
69.05853 69.28712 69.78593 67.99133 70.512 66.69371 curveto
71.24374 65.38574 71.97015 64.06866 72.69722 62.7528 curveto
73.42696 61.43147 74.1537 60.10466 74.88277 58.7821 curveto
75.61084 57.46138 76.33725 56.13762 77.068 54.82175 curveto
77.79506 53.51257 78.52246 52.20401 79.25555 50.90639 curveto
79.97995 49.62457 80.70668 48.34642 81.44112 47.08284 curveto
82.16383 45.83934 82.89056 44.60313 83.62633 43.38579 curveto
84.34738 42.19275 85.07445 41.01067 85.81189 39.85107 curveto
86.53194 38.71884 87.25967 37.60182 87.99911 36.51216 curveto
88.71748 35.4535 89.44421 34.41432 90.18466 33.40675 curveto
90.9017 32.4308 91.62877 31.47856 92.36989 30.56342 curveto
93.08626 29.67867 93.81366 28.82312 94.55544 28.01013 curveto
95.27248 27.2245 96.00055 26.47354 96.74301 25.77061 curveto
97.45937 25.0926 98.1871 24.45535 98.92822 23.87161 curveto
99.6456 23.3067 100.37401 22.78802 101.11378 22.32832 curveto
101.83282 21.882 102.56123 21.48798 103.299 21.15779 curveto
104.02106 20.83429 104.7508 20.56978 105.48656 20.37035 curveto
106.21095 20.17455 106.94037 20.04077 107.67212 19.97449 curveto
108.40019 19.90881 109.12927 19.90881 109.85733 19.97449 curveto
110.5891 20.04077 111.3185 20.17455 112.0429 20.37035 curveto
112.77866 20.56978 113.5084 20.83429 114.23045 21.15779 curveto
114.96823 21.48798 115.69662 21.88261 116.41568 22.32893 curveto
117.15546 22.78864 117.88387 23.3067 118.60123 23.87161 curveto
119.34235 24.45535 120.07008 25.09322 120.78645 25.77121 curveto
121.5289 26.47414 122.25697 27.22511 122.97401 28.01074 curveto
123.71579 28.82373 124.4432 29.67928 125.15956 30.56403 curveto
125.90068 31.47917 126.62775 32.4308 127.34479 33.40675 curveto
128.08524 34.41432 128.81197 35.45412 129.53033 36.51277 curveto
130.26979 37.60243 130.99753 38.71945 131.71758 39.85168 curveto
132.455 41.01128 133.18207 42.19336 133.90312 43.38638 curveto
134.63889 44.60374 135.36562 45.83995 136.08835 47.08345 curveto
136.82277 48.34703 137.5495 49.62518 138.2739 50.907 curveto
139.00699 52.20462 139.73439 53.51318 140.46146 54.82236 curveto
141.19221 56.13823 141.91861 57.46199 142.64668 58.78271 curveto
143.37576 60.10527 144.1025 61.43208 144.83223 62.75342 curveto
145.55931 64.06927 146.2857 65.38635 147.01746 66.69432 curveto
147.74353 67.99193 148.47093 69.28773 149.20502 70.57014 curveto
149.92874 71.83434 150.65547 73.09303 151.39058 74.33533 curveto
152.11263 75.55511 152.83902 76.76578 153.57579 77.95576 curveto
154.29617 79.11961 155.0229 80.27008 155.76135 81.39561 curveto
156.48106 82.49257 157.20847 83.57251 157.94891 84.62326 curveto
158.66661 85.64177 159.39336 86.6384 160.13412 87.60097 curveto
160.85083 88.53253 161.57823 89.43735 162.31969 90.30263 curveto
163.03606 91.13872 163.76312 91.9426 164.50491 92.70085 curveto
165.22194 93.43358 165.95035 94.12921 166.69247 94.77376 curveto
167.40916 95.39581 168.13757 95.9747 168.87802 96.49704 curveto
169.59607 97.00294 170.32446 97.46022 171.06325 97.85545 curveto
171.78363 98.24098 172.51236 98.57056 173.2488 98.83566 curveto
173.97252 99.09592 174.70193 99.29597 175.43602 99.42854 curveto
176.16243 99.55988 176.89183 99.62555 177.62158 99.62616 curveto stroke
showpage
%%EOF
