%!PS
%%BoundingBox: -1 -10 201 162 
%%HiResBoundingBox: -0.24907 -9.71355 200.04918 161.14532 
%%Creator: MetaPost 1.9991
%%CreationDate: 2017.08.19:1510
%%Pages: 1
%%BeginProlog
%%EndProlog
%%Page: 1 1
 0 0 0 setrgbcolor
newpath 107.89932 106.10187 moveto
107.37085 106.10187 106.86409 105.8919 106.49042 105.51825 curveto
106.11676 105.14458 105.9068 104.63782 105.9068 104.10934 curveto
105.9068 103.58087 106.11676 103.07411 106.49042 102.70044 curveto
106.86409 102.32678 107.37085 102.11682 107.89932 102.11682 curveto
108.4278 102.11682 108.93456 102.32678 109.30823 102.70044 curveto
109.68188 103.07411 109.89185 103.58087 109.89185 104.10934 curveto
109.89185 104.63782 109.68188 105.14458 109.30823 105.51825 curveto
108.93456 105.8919 108.4278 106.10187 107.89932 106.10187 curveto closepath fill
newpath 144.41043 68.24393 moveto
143.88196 68.24393 143.3752 68.03397 143.00153 67.66031 curveto
142.62787 67.28664 142.41791 66.77988 142.41791 66.2514 curveto
142.41791 65.72293 142.62787 65.21617 143.00153 64.8425 curveto
143.3752 64.46884 143.88196 64.25888 144.41043 64.25888 curveto
144.9389 64.25888 145.44566 64.46884 145.81934 64.8425 curveto
146.193 65.21617 146.40295 65.72293 146.40295 66.2514 curveto
146.40295 66.77988 146.193 67.28664 145.81934 67.66031 curveto
145.44566 68.03397 144.9389 68.24393 144.41043 68.24393 curveto closepath fill
newpath 180.92897 106.10187 moveto
180.4005 106.10187 179.89374 105.8919 179.52007 105.51825 curveto
179.14641 105.14458 178.93645 104.63782 178.93645 104.10934 curveto
178.93645 103.58087 179.14641 103.07411 179.52007 102.70044 curveto
179.89374 102.32678 180.4005 102.11682 180.92897 102.11682 curveto
181.45744 102.11682 181.9642 102.32678 182.33788 102.70044 curveto
182.71153 103.07411 182.9215 103.58087 182.9215 104.10934 curveto
182.9215 104.63782 182.71153 105.14458 182.33788 105.51825 curveto
181.9642 105.8919 181.45744 106.10187 180.92897 106.10187 curveto closepath fill
 0 0.49814 dtransform truncate idtransform setlinewidth pop [] 0 setdash
 1 setlinecap 1 setlinejoin 10 setmiterlimit
newpath 0 9.4645 moveto
199.80011 9.4645 lineto stroke
newpath 194.8188 11.95515 moveto
195.99474 10.38724 197.84023 9.4645 199.80011 9.4645 curveto
197.84023 9.4645 195.99474 8.54175 194.8188 6.97383 curveto stroke
 0.49814 0 dtransform exch truncate exch idtransform pop setlinewidth
newpath 34.86916 0 moveto
34.86916 160.89626 lineto stroke
 0 0.49814 dtransform truncate idtransform setlinewidth pop
newpath 32.3785 155.91495 moveto
33.94641 157.09088 34.86916 158.93637 34.86916 160.89626 curveto
34.86916 158.93637 35.7919 157.09088 37.35982 155.91495 curveto stroke
 0.49814 0 dtransform exch truncate exch idtransform pop setlinewidth
newpath 107.89932 7.47197 moveto
107.89932 11.45702 lineto stroke
newpath 126.15648 7.47197 moveto
126.15648 11.45702 lineto stroke
newpath 144.41043 7.47197 moveto
144.41043 11.45702 lineto stroke
newpath 162.67183 7.47197 moveto
162.67183 11.45702 lineto stroke
newpath 180.92897 7.47197 moveto
180.92897 11.45702 lineto stroke
 0 0.49814 dtransform truncate idtransform setlinewidth pop
newpath 36.86168 66.2514 moveto
32.87663 66.2514 lineto stroke
newpath 36.86168 85.18037 moveto
32.87663 85.18037 lineto stroke
newpath 36.86168 104.10934 moveto
32.87663 104.10934 lineto stroke
newpath 108.39746 104.10934 moveto
108.39746 104.24147 108.34496 104.36815 108.25154 104.46156 curveto
108.15813 104.55498 108.03145 104.60748 107.89932 104.60748 curveto
107.7672 104.60748 107.64052 104.55498 107.5471 104.46156 curveto
107.45369 104.36815 107.40118 104.24147 107.40118 104.10934 curveto
107.40118 103.97722 107.45369 103.85054 107.5471 103.75713 curveto
107.64052 103.66371 107.7672 103.6112 107.89932 103.6112 curveto
108.03145 103.6112 108.15813 103.66371 108.25154 103.75713 curveto
108.34496 103.85054 108.39746 103.97722 108.39746 104.10934 curveto closepath fill
newpath 111.34953 103.49297 moveto
111.34953 103.62509 111.29703 103.75177 111.20361 103.84518 curveto
111.1102 103.9386 110.98352 103.9911 110.8514 103.9911 curveto
110.71927 103.9911 110.59259 103.9386 110.49918 103.84518 curveto
110.40576 103.75177 110.35326 103.62509 110.35326 103.49297 curveto
110.35326 103.36084 110.40576 103.23416 110.49918 103.14075 curveto
110.59259 103.04733 110.71927 102.99483 110.8514 102.99483 curveto
110.98352 102.99483 111.1102 103.04733 111.20361 103.14075 curveto
111.29703 103.23416 111.34953 103.36084 111.34953 103.49297 curveto closepath fill
newpath 113.96417 101.9904 moveto
113.96417 102.12253 113.91167 102.2492 113.81825 102.34262 curveto
113.72484 102.43604 113.59816 102.48854 113.46603 102.48854 curveto
113.33391 102.48854 113.20723 102.43604 113.11382 102.34262 curveto
113.0204 102.2492 112.9679 102.12253 112.9679 101.9904 curveto
112.9679 101.85828 113.0204 101.7316 113.11382 101.63818 curveto
113.20723 101.54477 113.33391 101.49226 113.46603 101.49226 curveto
113.59816 101.49226 113.72484 101.54477 113.81825 101.63818 curveto
113.91167 101.7316 113.96417 101.85828 113.96417 101.9904 curveto closepath fill
newpath 116.22668 99.98618 moveto
116.22668 100.1183 116.17418 100.24498 116.08076 100.3384 curveto
115.98735 100.43181 115.86067 100.48431 115.72855 100.48431 curveto
115.59642 100.48431 115.46974 100.43181 115.37633 100.3384 curveto
115.28291 100.24498 115.23041 100.1183 115.23041 99.98618 curveto
115.23041 99.85405 115.28291 99.72737 115.37633 99.63396 curveto
115.46974 99.54054 115.59642 99.48804 115.72855 99.48804 curveto
115.86067 99.48804 115.98735 99.54054 116.08076 99.63396 curveto
116.17418 99.72737 116.22668 99.85405 116.22668 99.98618 curveto closepath fill
newpath 118.23398 97.72517 moveto
118.23398 97.8573 118.18147 97.98398 118.08806 98.0774 curveto
117.99464 98.1708 117.86797 98.22331 117.73584 98.22331 curveto
117.60371 98.22331 117.47704 98.1708 117.38362 98.0774 curveto
117.2902 97.98398 117.2377 97.8573 117.2377 97.72517 curveto
117.2377 97.59305 117.2902 97.46637 117.38362 97.37296 curveto
117.47704 97.27954 117.60371 97.22704 117.73584 97.22704 curveto
117.86797 97.22704 117.99464 97.27954 118.08806 97.37296 curveto
118.18147 97.46637 118.23398 97.59305 118.23398 97.72517 curveto closepath fill
newpath 120.08374 95.33199 moveto
120.08374 95.46411 120.03123 95.59079 119.93782 95.6842 curveto
119.8444 95.77762 119.71773 95.83012 119.5856 95.83012 curveto
119.45348 95.83012 119.3268 95.77762 119.23338 95.6842 curveto
119.13997 95.59079 119.08746 95.46411 119.08746 95.33199 curveto
119.08746 95.19986 119.13997 95.07318 119.23338 94.97977 curveto
119.3268 94.88635 119.45348 94.83385 119.5856 94.83385 curveto
119.71773 94.83385 119.8444 94.88635 119.93782 94.97977 curveto
120.03123 95.07318 120.08374 95.19986 120.08374 95.33199 curveto closepath fill
newpath 121.80676 92.8462 moveto
121.80676 92.97833 121.75426 93.10501 121.66084 93.19843 curveto
121.56743 93.29184 121.44075 93.34435 121.30862 93.34435 curveto
121.1765 93.34435 121.04982 93.29184 120.9564 93.19843 curveto
120.86299 93.10501 120.81049 92.97833 120.81049 92.8462 curveto
120.81049 92.71408 120.86299 92.5874 120.9564 92.49399 curveto
121.04982 92.40057 121.1765 92.34807 121.30862 92.34807 curveto
121.44075 92.34807 121.56743 92.40057 121.66084 92.49399 curveto
121.75426 92.5874 121.80676 92.71408 121.80676 92.8462 curveto closepath fill
newpath 123.46722 90.31747 moveto
123.46722 90.4496 123.41472 90.57628 123.3213 90.6697 curveto
123.22789 90.7631 123.10121 90.81561 122.96909 90.81561 curveto
122.83696 90.81561 122.71028 90.7631 122.61687 90.6697 curveto
122.52345 90.57628 122.47095 90.4496 122.47095 90.31747 curveto
122.47095 90.18535 122.52345 90.05867 122.61687 89.96526 curveto
122.71028 89.87184 122.83696 89.81934 122.96909 89.81934 curveto
123.10121 89.81934 123.22789 89.87184 123.3213 89.96526 curveto
123.41472 90.05867 123.46722 90.18535 123.46722 90.31747 curveto closepath fill
newpath 125.06873 87.75145 moveto
125.06873 87.88358 125.01622 88.01025 124.9228 88.10367 curveto
124.82939 88.19708 124.70271 88.24959 124.57059 88.24959 curveto
124.43846 88.24959 124.31178 88.19708 124.21837 88.10367 curveto
124.12495 88.01025 124.07245 87.88358 124.07245 87.75145 curveto
124.07245 87.61932 124.12495 87.49265 124.21837 87.39923 curveto
124.31178 87.30582 124.43846 87.25331 124.57059 87.25331 curveto
124.70271 87.25331 124.82939 87.30582 124.9228 87.39923 curveto
125.01622 87.49265 125.06873 87.61932 125.06873 87.75145 curveto closepath fill
newpath 126.66206 85.17998 moveto
126.66206 85.3121 126.60956 85.43878 126.51614 85.5322 curveto
126.42273 85.62561 126.29605 85.67812 126.16393 85.67812 curveto
126.0318 85.67812 125.90512 85.62561 125.8117 85.5322 curveto
125.71829 85.43878 125.66579 85.3121 125.66579 85.17998 curveto
125.66579 85.04785 125.71829 84.92117 125.8117 84.82776 curveto
125.90512 84.73434 126.0318 84.68184 126.16393 84.68184 curveto
126.29605 84.68184 126.42273 84.73434 126.51614 84.82776 curveto
126.60956 84.92117 126.66206 85.04785 126.66206 85.17998 curveto closepath fill
newpath 128.24158 82.60016 moveto
128.24158 82.73228 128.18907 82.85896 128.09566 82.95238 curveto
128.00224 83.04579 127.87556 83.0983 127.74344 83.0983 curveto
127.61131 83.0983 127.48463 83.04579 127.39122 82.95238 curveto
127.2978 82.85896 127.2453 82.73228 127.2453 82.60016 curveto
127.2453 82.46803 127.2978 82.34135 127.39122 82.24794 curveto
127.48463 82.15453 127.61131 82.10202 127.74344 82.10202 curveto
127.87556 82.10202 128.00224 82.15453 128.09566 82.24794 curveto
128.18907 82.34135 128.24158 82.46803 128.24158 82.60016 curveto closepath fill
newpath 129.85652 80.04219 moveto
129.85652 80.17432 129.80402 80.301 129.7106 80.39441 curveto
129.61719 80.48782 129.49051 80.54033 129.35838 80.54033 curveto
129.22626 80.54033 129.09958 80.48782 129.00616 80.39441 curveto
128.91275 80.301 128.86024 80.17432 128.86024 80.04219 curveto
128.86024 79.91006 128.91275 79.78339 129.00616 79.68997 curveto
129.09958 79.59656 129.22626 79.54405 129.35838 79.54405 curveto
129.49051 79.54405 129.61719 79.59656 129.7106 79.68997 curveto
129.80402 79.78339 129.85652 79.91006 129.85652 80.04219 curveto closepath fill
newpath 131.50417 77.50565 moveto
131.50417 77.63777 131.45166 77.76445 131.35825 77.85786 curveto
131.26483 77.95128 131.13815 78.00378 131.00603 78.00378 curveto
130.8739 78.00378 130.74722 77.95128 130.65381 77.85786 curveto
130.5604 77.76445 130.50789 77.63777 130.50789 77.50565 curveto
130.50789 77.37352 130.5604 77.24684 130.65381 77.15343 curveto
130.74722 77.06001 130.8739 77.0075 131.00603 77.0075 curveto
131.13815 77.0075 131.26483 77.06001 131.35825 77.15343 curveto
131.45166 77.24684 131.50417 77.37352 131.50417 77.50565 curveto closepath fill
newpath 133.2401 75.02838 moveto
133.2401 75.1605 133.18759 75.28719 133.09418 75.3806 curveto
133.00076 75.47401 132.87408 75.52652 132.74196 75.52652 curveto
132.60983 75.52652 132.48315 75.47401 132.38974 75.3806 curveto
132.29633 75.28719 132.24382 75.1605 132.24382 75.02838 curveto
132.24382 74.89626 132.29633 74.76958 132.38974 74.67616 curveto
132.48315 74.58275 132.60983 74.53024 132.74196 74.53024 curveto
132.87408 74.53024 133.00076 74.58275 133.09418 74.67616 curveto
133.18759 74.76958 133.2401 74.89626 133.2401 75.02838 curveto closepath fill
newpath 135.07755 72.62653 moveto
135.07755 72.75865 135.02504 72.88533 134.93163 72.97874 curveto
134.83821 73.07216 134.71153 73.12466 134.5794 73.12466 curveto
134.44728 73.12466 134.3206 73.07216 134.22719 72.97874 curveto
134.13377 72.88533 134.08127 72.75865 134.08127 72.62653 curveto
134.08127 72.4944 134.13377 72.36772 134.22719 72.2743 curveto
134.3206 72.1809 134.44728 72.12839 134.5794 72.12839 curveto
134.71153 72.12839 134.83821 72.1809 134.93163 72.2743 curveto
135.02504 72.36772 135.07755 72.4944 135.07755 72.62653 curveto closepath fill
newpath 137.09572 70.37404 moveto
137.09572 70.50616 137.04321 70.63284 136.9498 70.72626 curveto
136.85638 70.81967 136.7297 70.87218 136.59758 70.87218 curveto
136.46545 70.87218 136.33878 70.81967 136.24536 70.72626 curveto
136.15195 70.63284 136.09944 70.50616 136.09944 70.37404 curveto
136.09944 70.24191 136.15195 70.11523 136.24536 70.02182 curveto
136.33878 69.9284 136.46545 69.8759 136.59758 69.8759 curveto
136.7297 69.8759 136.85638 69.9284 136.9498 70.02182 curveto
137.04321 70.11523 137.09572 70.24191 137.09572 70.37404 curveto closepath fill
newpath 139.35643 68.37094 moveto
139.35643 68.50307 139.30392 68.62975 139.21051 68.72316 curveto
139.1171 68.81657 138.99042 68.86908 138.85829 68.86908 curveto
138.72617 68.86908 138.59949 68.81657 138.50607 68.72316 curveto
138.41266 68.62975 138.36015 68.50307 138.36015 68.37094 curveto
138.36015 68.23882 138.41266 68.11214 138.50607 68.01872 curveto
138.59949 67.92531 138.72617 67.8728 138.85829 67.8728 curveto
138.99042 67.8728 139.1171 67.92531 139.21051 68.01872 curveto
139.30392 68.11214 139.35643 68.23882 139.35643 68.37094 curveto closepath fill
newpath 141.96278 66.85072 moveto
141.96278 66.98285 141.91028 67.10953 141.81686 67.20294 curveto
141.72345 67.29636 141.59677 67.34886 141.46465 67.34886 curveto
141.33252 67.34886 141.20584 67.29636 141.11243 67.20294 curveto
141.01901 67.10953 140.9665 66.98285 140.9665 66.85072 curveto
140.9665 66.7186 141.01901 66.59192 141.11243 66.4985 curveto
141.20584 66.40509 141.33252 66.35258 141.46465 66.35258 curveto
141.59677 66.35258 141.72345 66.40509 141.81686 66.4985 curveto
141.91028 66.59192 141.96278 66.7186 141.96278 66.85072 curveto closepath fill
newpath 144.91339 66.26404 moveto
144.91339 66.39616 144.86089 66.52284 144.76747 66.61626 curveto
144.67406 66.70967 144.54738 66.76218 144.41525 66.76218 curveto
144.28313 66.76218 144.15645 66.70967 144.06303 66.61626 curveto
143.96962 66.52284 143.91711 66.39616 143.91711 66.26404 curveto
143.91711 66.13191 143.96962 66.00523 144.06303 65.91182 curveto
144.15645 65.8184 144.28313 65.7659 144.41525 65.7659 curveto
144.54738 65.7659 144.67406 65.8184 144.76747 65.91182 curveto
144.86089 66.00523 144.91339 66.13191 144.91339 66.26404 curveto closepath fill
newpath 147.86412 66.85011 moveto
147.86412 66.98224 147.81161 67.10892 147.7182 67.20233 curveto
147.62479 67.29575 147.49811 67.34825 147.36598 67.34825 curveto
147.23386 67.34825 147.10718 67.29575 147.01376 67.20233 curveto
146.92035 67.10892 146.86784 66.98224 146.86784 66.85011 curveto
146.86784 66.71799 146.92035 66.59131 147.01376 66.4979 curveto
147.10718 66.40448 147.23386 66.35197 147.36598 66.35197 curveto
147.49811 66.35197 147.62479 66.40448 147.7182 66.4979 curveto
147.81161 66.59131 147.86412 66.71799 147.86412 66.85011 curveto closepath fill
newpath 150.47098 68.3696 moveto
150.47098 68.50172 150.41847 68.6284 150.32506 68.72182 curveto
150.23164 68.81523 150.10497 68.86774 149.97284 68.86774 curveto
149.84071 68.86774 149.71404 68.81523 149.62062 68.72182 curveto
149.5272 68.6284 149.4747 68.50172 149.4747 68.3696 curveto
149.4747 68.23747 149.5272 68.1108 149.62062 68.01738 curveto
149.71404 67.92397 149.84071 67.87146 149.97284 67.87146 curveto
150.10497 67.87146 150.23164 67.92397 150.32506 68.01738 curveto
150.41847 68.1108 150.47098 68.23747 150.47098 68.3696 curveto closepath fill
newpath 152.73174 70.37234 moveto
152.73174 70.50447 152.67923 70.63115 152.58582 70.72456 curveto
152.4924 70.81798 152.36572 70.87048 152.2336 70.87048 curveto
152.10147 70.87048 151.9748 70.81798 151.88138 70.72456 curveto
151.78796 70.63115 151.73546 70.50447 151.73546 70.37234 curveto
151.73546 70.24022 151.78796 70.11354 151.88138 70.02013 curveto
151.9748 69.92671 152.10147 69.8742 152.2336 69.8742 curveto
152.36572 69.8742 152.4924 69.92671 152.58582 70.02013 curveto
152.67923 70.11354 152.73174 70.24022 152.73174 70.37234 curveto closepath fill
newpath 154.7499 72.62477 moveto
154.7499 72.7569 154.69739 72.88358 154.60397 72.97699 curveto
154.51056 73.0704 154.38388 73.12291 154.25175 73.12291 curveto
154.11963 73.12291 153.99295 73.0704 153.89954 72.97699 curveto
153.80612 72.88358 153.75362 72.7569 153.75362 72.62477 curveto
153.75362 72.49265 153.80612 72.36597 153.89954 72.27255 curveto
153.99295 72.17914 154.11963 72.12663 154.25175 72.12663 curveto
154.38388 72.12663 154.51056 72.17914 154.60397 72.27255 curveto
154.69739 72.36597 154.7499 72.49265 154.7499 72.62477 curveto closepath fill
newpath 156.58739 75.0265 moveto
156.58739 75.15863 156.53488 75.28531 156.44147 75.37872 curveto
156.34805 75.47214 156.22137 75.52464 156.08925 75.52464 curveto
155.95712 75.52464 155.83044 75.47214 155.73703 75.37872 curveto
155.64362 75.28531 155.59111 75.15863 155.59111 75.0265 curveto
155.59111 74.89438 155.64362 74.7677 155.73703 74.67429 curveto
155.83044 74.58087 155.95712 74.52837 156.08925 74.52837 curveto
156.22137 74.52837 156.34805 74.58087 156.44147 74.67429 curveto
156.53488 74.7677 156.58739 74.89438 156.58739 75.0265 curveto closepath fill
newpath 158.32341 77.50375 moveto
158.32341 77.63588 158.2709 77.76256 158.17749 77.85597 curveto
158.08408 77.94939 157.9574 78.00189 157.82527 78.00189 curveto
157.69315 78.00189 157.56647 77.94939 157.47305 77.85597 curveto
157.37964 77.76256 157.32713 77.63588 157.32713 77.50375 curveto
157.32713 77.37163 157.37964 77.24495 157.47305 77.15154 curveto
157.56647 77.05812 157.69315 77.00562 157.82527 77.00562 curveto
157.9574 77.00562 158.08408 77.05812 158.17749 77.15154 curveto
158.2709 77.24495 158.32341 77.37163 158.32341 77.50375 curveto closepath fill
newpath 159.9712 80.04016 moveto
159.9712 80.17229 159.9187 80.29897 159.82529 80.39238 curveto
159.73187 80.4858 159.6052 80.5383 159.47307 80.5383 curveto
159.34094 80.5383 159.21426 80.4858 159.12085 80.39238 curveto
159.02744 80.29897 158.97493 80.17229 158.97493 80.04016 curveto
158.97493 79.90804 159.02744 79.78136 159.12085 79.68794 curveto
159.21426 79.59453 159.34094 79.54202 159.47307 79.54202 curveto
159.6052 79.54202 159.73187 79.59453 159.82529 79.68794 curveto
159.9187 79.78136 159.9712 79.90804 159.9712 80.04016 curveto closepath fill
newpath 161.58629 82.59814 moveto
161.58629 82.73027 161.53378 82.85695 161.44037 82.95036 curveto
161.34695 83.04378 161.22028 83.09628 161.08815 83.09628 curveto
160.95602 83.09628 160.82935 83.04378 160.73593 82.95036 curveto
160.64252 82.85695 160.59001 82.73027 160.59001 82.59814 curveto
160.59001 82.46602 160.64252 82.33934 160.73593 82.24593 curveto
160.82935 82.15251 160.95602 82.1 161.08815 82.1 curveto
161.22028 82.1 161.34695 82.15251 161.44037 82.24593 curveto
161.53378 82.33934 161.58629 82.46602 161.58629 82.59814 curveto closepath fill
newpath 163.16577 85.17805 moveto
163.16577 85.31018 163.11327 85.43686 163.01985 85.53027 curveto
162.92644 85.62369 162.79976 85.6762 162.66763 85.6762 curveto
162.5355 85.6762 162.40883 85.62369 162.31541 85.53027 curveto
162.222 85.43686 162.1695 85.31018 162.1695 85.17805 curveto
162.1695 85.04593 162.222 84.91925 162.31541 84.82584 curveto
162.40883 84.73242 162.5355 84.67992 162.66763 84.67992 curveto
162.79976 84.67992 162.92644 84.73242 163.01985 84.82584 curveto
163.11327 84.91925 163.16577 85.04593 163.16577 85.17805 curveto closepath fill
newpath 164.75908 87.7496 moveto
164.75908 87.88173 164.70657 88.0084 164.61316 88.10182 curveto
164.51974 88.19524 164.39307 88.24774 164.26094 88.24774 curveto
164.12881 88.24774 164.00214 88.19524 163.90872 88.10182 curveto
163.8153 88.0084 163.7628 87.88173 163.7628 87.7496 curveto
163.7628 87.61748 163.8153 87.4908 163.90872 87.39738 curveto
164.00214 87.30397 164.12881 87.25146 164.26094 87.25146 curveto
164.39307 87.25146 164.51974 87.30397 164.61316 87.39738 curveto
164.70657 87.4908 164.75908 87.61748 164.75908 87.7496 curveto closepath fill
newpath 166.3605 90.31557 moveto
166.3605 90.4477 166.308 90.57437 166.21458 90.66779 curveto
166.12117 90.7612 165.99449 90.8137 165.86237 90.8137 curveto
165.73024 90.8137 165.60356 90.7612 165.51015 90.66779 curveto
165.41673 90.57437 165.36423 90.4477 165.36423 90.31557 curveto
165.36423 90.18344 165.41673 90.05676 165.51015 89.96335 curveto
165.60356 89.86993 165.73024 89.81743 165.86237 89.81743 curveto
165.99449 89.81743 166.12117 89.86993 166.21458 89.96335 curveto
166.308 90.05676 166.3605 90.18344 166.3605 90.31557 curveto closepath fill
newpath 168.0209 92.84428 moveto
168.0209 92.97641 167.9684 93.10309 167.87498 93.1965 curveto
167.78157 93.28992 167.65489 93.34242 167.52277 93.34242 curveto
167.39064 93.34242 167.26396 93.28992 167.17055 93.1965 curveto
167.07713 93.10309 167.02463 92.97641 167.02463 92.84428 curveto
167.02463 92.71216 167.07713 92.58548 167.17055 92.49207 curveto
167.26396 92.39865 167.39064 92.34615 167.52277 92.34615 curveto
167.65489 92.34615 167.78157 92.39865 167.87498 92.49207 curveto
167.9684 92.58548 168.0209 92.71216 168.0209 92.84428 curveto closepath fill
newpath 169.74382 95.33008 moveto
169.74382 95.4622 169.69131 95.58888 169.5979 95.6823 curveto
169.50449 95.77571 169.3778 95.82822 169.24568 95.82822 curveto
169.11356 95.82822 168.98688 95.77571 168.89346 95.6823 curveto
168.80005 95.58888 168.74754 95.4622 168.74754 95.33008 curveto
168.74754 95.19795 168.80005 95.07127 168.89346 94.97786 curveto
168.98688 94.88445 169.11356 94.83194 169.24568 94.83194 curveto
169.3778 94.83194 169.50449 94.88445 169.5979 94.97786 curveto
169.69131 95.07127 169.74382 95.19795 169.74382 95.33008 curveto closepath fill
newpath 171.59348 97.72345 moveto
171.59348 97.85558 171.54097 97.98225 171.44756 98.07567 curveto
171.35414 98.16908 171.22746 98.22159 171.09534 98.22159 curveto
170.96321 98.22159 170.83653 98.16908 170.74312 98.07567 curveto
170.6497 97.98225 170.5972 97.85558 170.5972 97.72345 curveto
170.5972 97.59132 170.6497 97.46465 170.74312 97.37123 curveto
170.83653 97.27782 170.96321 97.22531 171.09534 97.22531 curveto
171.22746 97.22531 171.35414 97.27782 171.44756 97.37123 curveto
171.54097 97.46465 171.59348 97.59132 171.59348 97.72345 curveto closepath fill
newpath 173.6008 99.98448 moveto
173.6008 100.11661 173.5483 100.24329 173.45488 100.3367 curveto
173.36147 100.43011 173.23479 100.48262 173.10266 100.48262 curveto
172.97054 100.48262 172.84386 100.43011 172.75044 100.3367 curveto
172.65703 100.24329 172.60452 100.11661 172.60452 99.98448 curveto
172.60452 99.85236 172.65703 99.72568 172.75044 99.63226 curveto
172.84386 99.53885 172.97054 99.48634 173.10266 99.48634 curveto
173.23479 99.48634 173.36147 99.53885 173.45488 99.63226 curveto
173.5483 99.72568 173.6008 99.85236 173.6008 99.98448 curveto closepath fill
newpath 175.86298 101.98895 moveto
175.86298 102.12108 175.81047 102.24776 175.71706 102.34117 curveto
175.62364 102.43459 175.49696 102.48709 175.36484 102.48709 curveto
175.23271 102.48709 175.10603 102.43459 175.01262 102.34117 curveto
174.9192 102.24776 174.8667 102.12108 174.8667 101.98895 curveto
174.8667 101.85683 174.9192 101.73015 175.01262 101.63673 curveto
175.10603 101.54332 175.23271 101.49081 175.36484 101.49081 curveto
175.49696 101.49081 175.62364 101.54332 175.71706 101.63673 curveto
175.81047 101.73015 175.86298 101.85683 175.86298 101.98895 curveto closepath fill
newpath 178.47726 103.49208 moveto
178.47726 103.6242 178.42476 103.75089 178.33134 103.8443 curveto
178.23793 103.93771 178.11125 103.99022 177.97913 103.99022 curveto
177.847 103.99022 177.72032 103.93771 177.6269 103.8443 curveto
177.5335 103.75089 177.48099 103.6242 177.48099 103.49208 curveto
177.48099 103.35995 177.5335 103.23328 177.6269 103.13986 curveto
177.72032 103.04645 177.847 102.99394 177.97913 102.99394 curveto
178.11125 102.99394 178.23793 103.04645 178.33134 103.13986 curveto
178.42476 103.23328 178.47726 103.35995 178.47726 103.49208 curveto closepath fill
newpath 181.42711 104.10934 moveto
181.42711 104.24147 181.3746 104.36815 181.28119 104.46156 curveto
181.18777 104.55498 181.0611 104.60748 180.92897 104.60748 curveto
180.79684 104.60748 180.67017 104.55498 180.57675 104.46156 curveto
180.48334 104.36815 180.43083 104.24147 180.43083 104.10934 curveto
180.43083 103.97722 180.48334 103.85054 180.57675 103.75713 curveto
180.67017 103.66371 180.79684 103.6112 180.92897 103.6112 curveto
181.0611 103.6112 181.18777 103.66371 181.28119 103.75713 curveto
181.3746 103.85054 181.42711 103.97722 181.42711 104.10934 curveto closepath fill
 0.49814 0 dtransform exch truncate exch idtransform pop setlinewidth
newpath 126.15648 -9.46448 moveto
126.15648 -7.43686 lineto stroke
newpath 126.15648 -3.37906 moveto
126.15648 0.67668 lineto stroke
newpath 126.15648 4.73137 moveto
126.15648 8.78944 lineto stroke
newpath 126.15648 12.8444 moveto
126.15648 16.90175 lineto stroke
newpath 126.15648 20.95744 moveto
126.15648 25.01236 lineto stroke
newpath 126.15648 29.07048 moveto
126.15648 33.12567 lineto stroke
newpath 126.15648 37.18352 moveto
126.15648 41.2383 lineto stroke
newpath 126.15648 45.29395 moveto
126.15648 49.35101 lineto stroke
newpath 126.15648 53.40698 moveto
126.15648 57.46144 lineto stroke
newpath 126.15648 61.52002 moveto
126.15648 65.57475 lineto stroke
newpath 126.15648 69.63306 moveto
126.15648 73.6882 lineto stroke
newpath 126.15648 77.74348 moveto
126.15648 81.80115 lineto stroke
newpath 126.15648 85.85652 moveto
126.15648 89.91446 lineto stroke
newpath 126.15648 93.96956 moveto
126.15648 98.02484 lineto stroke
newpath 126.15648 102.0826 moveto
126.15648 106.13806 lineto stroke
newpath 126.15648 110.19563 moveto
126.15648 114.251 lineto stroke
newpath 126.15648 118.30606 moveto
126.15648 122.36386 lineto stroke
newpath 126.15648 126.4191 moveto
126.15648 130.47676 lineto stroke
newpath 126.15648 134.53214 moveto
126.15648 138.58714 lineto stroke
newpath 126.15648 142.64517 moveto
126.15648 146.70027 lineto stroke
newpath 126.15648 150.7556 moveto
126.15648 154.81335 lineto stroke
newpath 126.15648 158.86864 moveto
126.15648 160.89626 lineto stroke
newpath 162.67183 -9.46448 moveto
162.67183 -7.43686 lineto stroke
newpath 162.67183 -3.37906 moveto
162.67183 0.67668 lineto stroke
newpath 162.67183 4.73137 moveto
162.67183 8.78944 lineto stroke
newpath 162.67183 12.8444 moveto
162.67183 16.90175 lineto stroke
newpath 162.67183 20.95744 moveto
162.67183 25.01236 lineto stroke
newpath 162.67183 29.07048 moveto
162.67183 33.12567 lineto stroke
newpath 162.67183 37.18352 moveto
162.67183 41.2383 lineto stroke
newpath 162.67183 45.29395 moveto
162.67183 49.35101 lineto stroke
newpath 162.67183 53.40698 moveto
162.67183 57.46144 lineto stroke
newpath 162.67183 61.52002 moveto
162.67183 65.57475 lineto stroke
newpath 162.67183 69.63306 moveto
162.67183 73.6882 lineto stroke
newpath 162.67183 77.74348 moveto
162.67183 81.80115 lineto stroke
newpath 162.67183 85.85652 moveto
162.67183 89.91446 lineto stroke
newpath 162.67183 93.96956 moveto
162.67183 98.02484 lineto stroke
newpath 162.67183 102.0826 moveto
162.67183 106.13806 lineto stroke
newpath 162.67183 110.19563 moveto
162.67183 114.251 lineto stroke
newpath 162.67183 118.30606 moveto
162.67183 122.36386 lineto stroke
newpath 162.67183 126.4191 moveto
162.67183 130.47676 lineto stroke
newpath 162.67183 134.53214 moveto
162.67183 138.58714 lineto stroke
newpath 162.67183 142.64517 moveto
162.67183 146.70027 lineto stroke
newpath 162.67183 150.7556 moveto
162.67183 154.81335 lineto stroke
newpath 162.67183 158.86864 moveto
162.67183 160.89626 lineto stroke
 0 1.24533 dtransform truncate idtransform setlinewidth pop
newpath 107.89932 104.10934 moveto
109.38857 104.17087 110.76767 104.55733 111.72272 105.18063 curveto
113.48277 106.32903 114.77994 107.6643 115.54611 109.09894 curveto
117.36417 112.50429 118.8401 115.9694 119.3695 119.50415 curveto
121.39558 133.03513 122.67041 146.59584 123.19289 160.1684 curveto stroke
newpath 121.58463 157.23932 moveto
122.55182 157.90817 123.14764 158.99335 123.19289 160.1684 curveto
123.14764 158.99335 123.6583 157.86557 124.5712 157.12436 curveto stroke
newpath 128.66727 -3.21413 moveto
129.13069 13.49371 130.2975 30.19347 132.1661 46.87244 curveto
132.63326 51.04202 134.01183 55.15935 135.6644 59.23825 curveto
136.3614 60.95854 137.57982 62.60114 139.1627 64.1383 curveto
139.98474 64.93663 141.1542 65.62463 142.66154 66.03363 curveto
143.76237 66.33228 145.05742 66.33344 146.15984 66.03651 curveto
147.66664 65.63042 148.8361 64.94443 149.65868 64.14812 curveto
151.24103 62.61586 152.45944 60.9776 153.15698 59.26164 curveto
154.80956 55.19717 156.18707 51.09401 156.65527 46.93857 curveto
158.52281 30.36736 159.68962 13.77504 160.15411 -2.82536 curveto stroke
newpath 161.56433 0.20403 moveto
160.64369 -0.52754 160.12123 -1.6499 160.15411 -2.82536 curveto
160.12123 -1.6499 159.53682 -0.55852 158.57672 0.12044 curveto stroke
newpath 130.24397 -0.26791 moveto
129.28401 -0.94711 128.69987 -2.03864 128.66727 -3.21413 curveto
128.69987 -2.03864 128.17714 -0.91641 127.2563 -0.18506 curveto stroke
newpath 165.6354 160.27757 moveto
166.15736 146.67526 167.43217 133.0848 169.4588 119.52408 curveto
169.98767 115.98502 171.46414 112.51555 173.2822 109.10616 curveto
174.04782 107.67007 175.34552 106.33336 177.10558 105.18323 curveto
178.0601 104.55934 179.43973 104.17203 180.92897 104.10934 curveto stroke
newpath 164.25671 157.23367 moveto
165.16972 157.9748 165.6805 159.1025 165.6354 160.27757 curveto
165.6805 159.1025 166.2762 158.01724 167.24332 157.34827 curveto stroke
showpage
%%EOF
