%!PS
%%BoundingBox: -1 -1 187 211 
%%HiResBoundingBox: -0.24907 -0.9685 186.45045 210.06107 
%%Creator: MetaPost 1.9991
%%CreationDate: 2017.08.19:1510
%%Pages: 1
%%BeginProlog
%%EndProlog
%%Page: 1 1
 0 0 0 setrgbcolor
newpath 2.17018 83.35637 moveto
1.64171 83.35637 1.13495 83.14641 0.76128 82.77275 curveto
0.38762 82.39908 0.17766 81.89232 0.17766 81.36385 curveto
0.17766 80.83537 0.38762 80.32861 0.76128 79.95494 curveto
1.13495 79.58128 1.64171 79.37132 2.17018 79.37132 curveto
2.69865 79.37132 3.20541 79.58128 3.57909 79.95494 curveto
3.95274 80.32861 4.1627 80.83537 4.1627 81.36385 curveto
4.1627 81.89232 3.95274 82.39908 3.57909 82.77275 curveto
3.20541 83.14641 2.69865 83.35637 2.17018 83.35637 curveto closepath fill
newpath 89.80617 129.84361 moveto
89.2777 129.84361 88.77094 129.63365 88.39726 129.26 curveto
88.0236 128.88632 87.81364 128.37956 87.81364 127.85109 curveto
87.81364 127.32262 88.0236 126.81586 88.39726 126.44218 curveto
88.77094 126.06853 89.2777 125.85857 89.80617 125.85857 curveto
90.33464 125.85857 90.8414 126.06853 91.21507 126.44218 curveto
91.58873 126.81586 91.79869 127.32262 91.79869 127.85109 curveto
91.79869 128.37956 91.58873 128.88632 91.21507 129.26 curveto
90.8414 129.63365 90.33464 129.84361 89.80617 129.84361 curveto closepath fill
newpath 177.44217 83.35637 moveto
176.9137 83.35637 176.40694 83.14641 176.03326 82.77275 curveto
175.6596 82.39908 175.44965 81.89232 175.44965 81.36385 curveto
175.44965 80.83537 175.6596 80.32861 176.03326 79.95494 curveto
176.40694 79.58128 176.9137 79.37132 177.44217 79.37132 curveto
177.97064 79.37132 178.4774 79.58128 178.85107 79.95494 curveto
179.22473 80.32861 179.4347 80.83537 179.4347 81.36385 curveto
179.4347 81.89232 179.22473 82.39908 178.85107 82.77275 curveto
178.4774 83.14641 177.97064 83.35637 177.44217 83.35637 curveto closepath fill
 0 0.49814 dtransform truncate idtransform setlinewidth pop [] 0 setdash
 1 setlinecap 1 setlinejoin 10 setmiterlimit
newpath 0 104.60747 moveto
186.20139 104.60747 lineto stroke
newpath 181.22008 107.09813 moveto
182.39601 105.53021 184.2415 104.60747 186.20139 104.60747 curveto
184.2415 104.60747 182.39601 103.68472 181.22008 102.1168 curveto stroke
 0.49814 0 dtransform exch truncate exch idtransform pop setlinewidth
newpath 31.38225 0 moveto
31.38225 209.21494 lineto stroke
 0 0.49814 dtransform truncate idtransform setlinewidth pop
newpath 28.89159 204.23363 moveto
30.4595 205.40956 31.38225 207.25505 31.38225 209.21494 curveto
31.38225 207.25505 32.305 205.40956 33.87291 204.23363 curveto stroke
 0.49814 0 dtransform exch truncate exch idtransform pop setlinewidth
newpath 2.17018 102.61494 moveto
2.17018 106.59999 lineto stroke
newpath 45.98817 102.61494 moveto
45.98817 106.59999 lineto stroke
newpath 89.80617 102.61494 moveto
89.80617 106.59999 lineto stroke
newpath 133.62418 102.61494 moveto
133.62418 106.59999 lineto stroke
newpath 177.44217 102.61494 moveto
177.44217 106.59999 lineto stroke
 0 0.49814 dtransform truncate idtransform setlinewidth pop
newpath 33.37477 81.36385 moveto
29.38972 81.36385 lineto stroke
newpath 33.37477 127.85109 moveto
29.38972 127.85109 lineto stroke
newpath 2.66832 81.36385 moveto
2.66832 81.49597 2.61581 81.62265 2.5224 81.71606 curveto
2.42899 81.80948 2.3023 81.86198 2.17018 81.86198 curveto
2.03806 81.86198 1.91138 81.80948 1.81796 81.71606 curveto
1.72455 81.62265 1.67204 81.49597 1.67204 81.36385 curveto
1.67204 81.23172 1.72455 81.10504 1.81796 81.01163 curveto
1.91138 80.91821 2.03806 80.8657 2.17018 80.8657 curveto
2.3023 80.8657 2.42899 80.91821 2.5224 81.01163 curveto
2.61581 81.10504 2.66832 81.23172 2.66832 81.36385 curveto closepath fill
newpath 5.64365 81.4954 moveto
5.64365 81.62753 5.59114 81.75421 5.49773 81.84763 curveto
5.40431 81.94104 5.27763 81.99355 5.14551 81.99355 curveto
5.01338 81.99355 4.8867 81.94104 4.79329 81.84763 curveto
4.69987 81.75421 4.64737 81.62753 4.64737 81.4954 curveto
4.64737 81.36328 4.69987 81.2366 4.79329 81.14319 curveto
4.8867 81.04977 5.01338 80.99727 5.14551 80.99727 curveto
5.27763 80.99727 5.40431 81.04977 5.49773 81.14319 curveto
5.59114 81.2366 5.64365 81.36328 5.64365 81.4954 curveto closepath fill
newpath 8.59612 81.88644 moveto
8.59612 82.01857 8.54361 82.14525 8.4502 82.23866 curveto
8.35678 82.33208 8.2301 82.38458 8.09798 82.38458 curveto
7.96585 82.38458 7.83917 82.33208 7.74576 82.23866 curveto
7.65234 82.14525 7.59984 82.01857 7.59984 81.88644 curveto
7.59984 81.75432 7.65234 81.62764 7.74576 81.53423 curveto
7.83917 81.44081 7.96585 81.3883 8.09798 81.3883 curveto
8.2301 81.3883 8.35678 81.44081 8.4502 81.53423 curveto
8.54361 81.62764 8.59612 81.75432 8.59612 81.88644 curveto closepath fill
newpath 11.50601 82.52087 moveto
11.50601 82.653 11.4535 82.77968 11.36009 82.8731 curveto
11.26668 82.9665 11.14 83.01901 11.00787 83.01901 curveto
10.87575 83.01901 10.74907 82.9665 10.65565 82.8731 curveto
10.56224 82.77968 10.50974 82.653 10.50974 82.52087 curveto
10.50974 82.38875 10.56224 82.26207 10.65565 82.16866 curveto
10.74907 82.07524 10.87575 82.02274 11.00787 82.02274 curveto
11.14 82.02274 11.26668 82.07524 11.36009 82.16866 curveto
11.4535 82.26207 11.50601 82.38875 11.50601 82.52087 curveto closepath fill
newpath 14.35927 83.37543 moveto
14.35927 83.50755 14.30676 83.63423 14.21335 83.72765 curveto
14.11993 83.82106 13.99326 83.87357 13.86113 83.87357 curveto
13.729 83.87357 13.60233 83.82106 13.50891 83.72765 curveto
13.4155 83.63423 13.36299 83.50755 13.36299 83.37543 curveto
13.36299 83.2433 13.4155 83.11662 13.50891 83.02321 curveto
13.60233 82.9298 13.729 82.87729 13.86113 82.87729 curveto
13.99326 82.87729 14.11993 82.9298 14.21335 83.02321 curveto
14.30676 83.11662 14.35927 83.2433 14.35927 83.37543 curveto closepath fill
newpath 17.14659 84.42523 moveto
17.14659 84.55736 17.09409 84.68404 17.00067 84.77745 curveto
16.90726 84.87086 16.78058 84.92337 16.64845 84.92337 curveto
16.51633 84.92337 16.38965 84.87086 16.29623 84.77745 curveto
16.20282 84.68404 16.15031 84.55736 16.15031 84.42523 curveto
16.15031 84.2931 16.20282 84.16643 16.29623 84.07301 curveto
16.38965 83.9796 16.51633 83.9271 16.64845 83.9271 curveto
16.78058 83.9271 16.90726 83.9796 17.00067 84.07301 curveto
17.09409 84.16643 17.14659 84.2931 17.14659 84.42523 curveto closepath fill
newpath 19.86479 85.6426 moveto
19.86479 85.77472 19.81229 85.9014 19.71887 85.99481 curveto
19.62546 86.08823 19.49878 86.14073 19.36665 86.14073 curveto
19.23453 86.14073 19.10785 86.08823 19.01443 85.99481 curveto
18.92102 85.9014 18.86852 85.77472 18.86852 85.6426 curveto
18.86852 85.51047 18.92102 85.38379 19.01443 85.29037 curveto
19.10785 85.19696 19.23453 85.14445 19.36665 85.14445 curveto
19.49878 85.14445 19.62546 85.19696 19.71887 85.29037 curveto
19.81229 85.38379 19.86479 85.51047 19.86479 85.6426 curveto closepath fill
newpath 22.51505 87.00188 moveto
22.51505 87.134 22.46254 87.26068 22.36913 87.3541 curveto
22.27571 87.44751 22.14903 87.50002 22.0169 87.50002 curveto
21.88478 87.50002 21.7581 87.44751 21.66469 87.3541 curveto
21.57127 87.26068 21.51877 87.134 21.51877 87.00188 curveto
21.51877 86.86975 21.57127 86.74307 21.66469 86.64966 curveto
21.7581 86.55624 21.88478 86.50374 22.0169 86.50374 curveto
22.14903 86.50374 22.27571 86.55624 22.36913 86.64966 curveto
22.46254 86.74307 22.51505 86.86975 22.51505 87.00188 curveto closepath fill
newpath 25.09988 88.48209 moveto
25.09988 88.61421 25.04738 88.74089 24.95396 88.8343 curveto
24.86055 88.92772 24.73387 88.98022 24.60175 88.98022 curveto
24.46962 88.98022 24.34294 88.92772 24.24953 88.8343 curveto
24.15611 88.74089 24.1036 88.61421 24.1036 88.48209 curveto
24.1036 88.34996 24.15611 88.22328 24.24953 88.12987 curveto
24.34294 88.03645 24.46962 87.98395 24.60175 87.98395 curveto
24.73387 87.98395 24.86055 88.03645 24.95396 88.12987 curveto
25.04738 88.22328 25.09988 88.34996 25.09988 88.48209 curveto closepath fill
newpath 27.62567 90.06152 moveto
27.62567 90.19365 27.57317 90.32033 27.47975 90.41374 curveto
27.38634 90.50716 27.25966 90.55966 27.12753 90.55966 curveto
26.9954 90.55966 26.86873 90.50716 26.77531 90.41374 curveto
26.6819 90.32033 26.6294 90.19365 26.6294 90.06152 curveto
26.6294 89.9294 26.6819 89.80272 26.77531 89.7093 curveto
26.86873 89.61589 26.9954 89.56339 27.12753 89.56339 curveto
27.25966 89.56339 27.38634 89.61589 27.47975 89.7093 curveto
27.57317 89.80272 27.62567 89.9294 27.62567 90.06152 curveto closepath fill
newpath 30.09763 91.72395 moveto
30.09763 91.85608 30.04512 91.98276 29.9517 92.07617 curveto
29.85829 92.16959 29.73161 92.22209 29.59949 92.22209 curveto
29.46736 92.22209 29.34068 92.16959 29.24727 92.07617 curveto
29.15385 91.98276 29.10135 91.85608 29.10135 91.72395 curveto
29.10135 91.59183 29.15385 91.46515 29.24727 91.37173 curveto
29.34068 91.27832 29.46736 91.22581 29.59949 91.22581 curveto
29.73161 91.22581 29.85829 91.27832 29.9517 91.37173 curveto
30.04512 91.46515 30.09763 91.59183 30.09763 91.72395 curveto closepath fill
newpath 32.5239 93.45265 moveto
32.5239 93.58478 32.47139 93.71146 32.37798 93.80487 curveto
32.28456 93.89828 32.15788 93.95079 32.02576 93.95079 curveto
31.89363 93.95079 31.76695 93.89828 31.67354 93.80487 curveto
31.58012 93.71146 31.52762 93.58478 31.52762 93.45265 curveto
31.52762 93.32053 31.58012 93.19385 31.67354 93.10043 curveto
31.76695 93.00702 31.89363 92.95451 32.02576 92.95451 curveto
32.15788 92.95451 32.28456 93.00702 32.37798 93.10043 curveto
32.47139 93.19385 32.5239 93.32053 32.5239 93.45265 curveto closepath fill
newpath 34.91 95.23666 moveto
34.91 95.36879 34.8575 95.49547 34.76408 95.58888 curveto
34.67067 95.6823 34.54399 95.7348 34.41187 95.7348 curveto
34.27974 95.7348 34.15306 95.6823 34.05965 95.58888 curveto
33.96623 95.49547 33.91373 95.36879 33.91373 95.23666 curveto
33.91373 95.10454 33.96623 94.97786 34.05965 94.88445 curveto
34.15306 94.79103 34.27974 94.73853 34.41187 94.73853 curveto
34.54399 94.73853 34.67067 94.79103 34.76408 94.88445 curveto
34.8575 94.97786 34.91 95.10454 34.91 95.23666 curveto closepath fill
newpath 37.26419 97.06248 moveto
37.26419 97.19461 37.21169 97.32129 37.11827 97.4147 curveto
37.02486 97.50812 36.89818 97.56062 36.76605 97.56062 curveto
36.63393 97.56062 36.50725 97.50812 36.41383 97.4147 curveto
36.32042 97.32129 36.26791 97.19461 36.26791 97.06248 curveto
36.26791 96.93036 36.32042 96.80368 36.41383 96.71027 curveto
36.50725 96.61685 36.63393 96.56435 36.76605 96.56435 curveto
36.89818 96.56435 37.02486 96.61685 37.11827 96.71027 curveto
37.21169 96.80368 37.26419 96.93036 37.26419 97.06248 curveto closepath fill
newpath 39.59213 98.92151 moveto
39.59213 99.05363 39.53963 99.18031 39.44621 99.27373 curveto
39.3528 99.36714 39.22612 99.41965 39.094 99.41965 curveto
38.96187 99.41965 38.83519 99.36714 38.74178 99.27373 curveto
38.64836 99.18031 38.59586 99.05363 38.59586 98.92151 curveto
38.59586 98.78938 38.64836 98.6627 38.74178 98.56929 curveto
38.83519 98.47588 38.96187 98.42337 39.094 98.42337 curveto
39.22612 98.42337 39.3528 98.47588 39.44621 98.56929 curveto
39.53963 98.6627 39.59213 98.78938 39.59213 98.92151 curveto closepath fill
newpath 41.90112 100.80397 moveto
41.90112 100.9361 41.84862 101.06277 41.7552 101.15619 curveto
41.66179 101.2496 41.53511 101.30211 41.40298 101.30211 curveto
41.27086 101.30211 41.14418 101.2496 41.05077 101.15619 curveto
40.95735 101.06277 40.90485 100.9361 40.90485 100.80397 curveto
40.90485 100.67184 40.95735 100.54517 41.05077 100.45175 curveto
41.14418 100.35834 41.27086 100.30583 41.40298 100.30583 curveto
41.53511 100.30583 41.66179 100.35834 41.7552 100.45175 curveto
41.84862 100.54517 41.90112 100.67184 41.90112 100.80397 curveto closepath fill
newpath 44.19719 102.7022 moveto
44.19719 102.83432 44.14468 102.961 44.05127 103.05441 curveto
43.95786 103.14783 43.83118 103.20033 43.69905 103.20033 curveto
43.56693 103.20033 43.44025 103.14783 43.34683 103.05441 curveto
43.25342 102.961 43.20091 102.83432 43.20091 102.7022 curveto
43.20091 102.57007 43.25342 102.44339 43.34683 102.34998 curveto
43.44025 102.25656 43.56693 102.20406 43.69905 102.20406 curveto
43.83118 102.20406 43.95786 102.25656 44.05127 102.34998 curveto
44.14468 102.44339 44.19719 102.57007 44.19719 102.7022 curveto closepath fill
newpath 46.48723 104.6077 moveto
46.48723 104.73982 46.43472 104.8665 46.34131 104.95992 curveto
46.2479 105.05333 46.12122 105.10583 45.98909 105.10583 curveto
45.85696 105.10583 45.73029 105.05333 45.63687 104.95992 curveto
45.54346 104.8665 45.49095 104.73982 45.49095 104.6077 curveto
45.49095 104.47557 45.54346 104.34889 45.63687 104.25548 curveto
45.73029 104.16206 45.85696 104.10956 45.98909 104.10956 curveto
46.12122 104.10956 46.2479 104.16206 46.34131 104.25548 curveto
46.43472 104.34889 46.48723 104.47557 46.48723 104.6077 curveto closepath fill
newpath 48.77676 106.51385 moveto
48.77676 106.64598 48.72426 106.77266 48.63084 106.86607 curveto
48.53743 106.95949 48.41075 107.012 48.27863 107.012 curveto
48.1465 107.012 48.01982 106.95949 47.9264 106.86607 curveto
47.833 106.77266 47.78049 106.64598 47.78049 106.51385 curveto
47.78049 106.38173 47.833 106.25505 47.9264 106.16164 curveto
48.01982 106.06822 48.1465 106.01572 48.27863 106.01572 curveto
48.41075 106.01572 48.53743 106.06822 48.63084 106.16164 curveto
48.72426 106.25505 48.77676 106.38173 48.77676 106.51385 curveto closepath fill
newpath 51.07295 108.41216 moveto
51.07295 108.54428 51.02045 108.67096 50.92703 108.76437 curveto
50.83362 108.85779 50.70694 108.9103 50.57481 108.9103 curveto
50.44269 108.9103 50.31601 108.85779 50.2226 108.76437 curveto
50.12918 108.67096 50.07668 108.54428 50.07668 108.41216 curveto
50.07668 108.28003 50.12918 108.15335 50.2226 108.05994 curveto
50.31601 107.96652 50.44269 107.91402 50.57481 107.91402 curveto
50.70694 107.91402 50.83362 107.96652 50.92703 108.05994 curveto
51.02045 108.15335 51.07295 108.28003 51.07295 108.41216 curveto closepath fill
newpath 53.38173 110.29489 moveto
53.38173 110.42702 53.32922 110.5537 53.23581 110.64711 curveto
53.1424 110.74052 53.01572 110.79303 52.88359 110.79303 curveto
52.75146 110.79303 52.62479 110.74052 52.53137 110.64711 curveto
52.43796 110.5537 52.38545 110.42702 52.38545 110.29489 curveto
52.38545 110.16277 52.43796 110.03609 52.53137 109.94267 curveto
52.62479 109.84926 52.75146 109.79675 52.88359 109.79675 curveto
53.01572 109.79675 53.1424 109.84926 53.23581 109.94267 curveto
53.32922 110.03609 53.38173 110.16277 53.38173 110.29489 curveto closepath fill
newpath 55.70982 112.15353 moveto
55.70982 112.28566 55.65732 112.41234 55.5639 112.50575 curveto
55.47049 112.59917 55.34381 112.65167 55.21169 112.65167 curveto
55.07956 112.65167 54.95288 112.59917 54.85947 112.50575 curveto
54.76605 112.41234 54.71355 112.28566 54.71355 112.15353 curveto
54.71355 112.02141 54.76605 111.89473 54.85947 111.80132 curveto
54.95288 111.7079 55.07956 111.6554 55.21169 111.6554 curveto
55.34381 111.6554 55.47049 111.7079 55.5639 111.80132 curveto
55.65732 111.89473 55.70982 112.02141 55.70982 112.15353 curveto closepath fill
newpath 58.06345 113.97987 moveto
58.06345 114.112 58.01094 114.23868 57.91753 114.33209 curveto
57.82411 114.4255 57.69743 114.47801 57.5653 114.47801 curveto
57.43318 114.47801 57.3065 114.4255 57.21309 114.33209 curveto
57.11967 114.23868 57.06717 114.112 57.06717 113.97987 curveto
57.06717 113.84775 57.11967 113.72107 57.21309 113.62766 curveto
57.3065 113.53424 57.43318 113.48174 57.5653 113.48174 curveto
57.69743 113.48174 57.82411 113.53424 57.91753 113.62766 curveto
58.01094 113.72107 58.06345 113.84775 58.06345 113.97987 curveto closepath fill
newpath 60.44978 115.76308 moveto
60.44978 115.8952 60.39728 116.02188 60.30386 116.1153 curveto
60.21045 116.20871 60.08377 116.26122 59.95164 116.26122 curveto
59.81952 116.26122 59.69284 116.20871 59.59943 116.1153 curveto
59.50601 116.02188 59.4535 115.8952 59.4535 115.76308 curveto
59.4535 115.63095 59.50601 115.50427 59.59943 115.41086 curveto
59.69284 115.31744 59.81952 115.26494 59.95164 115.26494 curveto
60.08377 115.26494 60.21045 115.31744 60.30386 115.41086 curveto
60.39728 115.50427 60.44978 115.63095 60.44978 115.76308 curveto closepath fill
newpath 62.876 117.49149 moveto
62.876 117.62361 62.8235 117.75029 62.73009 117.8437 curveto
62.63667 117.93712 62.51 117.98962 62.37787 117.98962 curveto
62.24574 117.98962 62.11906 117.93712 62.02565 117.8437 curveto
61.93224 117.75029 61.87973 117.62361 61.87973 117.49149 curveto
61.87973 117.35936 61.93224 117.23268 62.02565 117.13927 curveto
62.11906 117.04585 62.24574 116.99335 62.37787 116.99335 curveto
62.51 116.99335 62.63667 117.04585 62.73009 117.13927 curveto
62.8235 117.23268 62.876 117.35936 62.876 117.49149 curveto closepath fill
newpath 65.34851 119.15337 moveto
65.34851 119.28549 65.296 119.41217 65.20259 119.50558 curveto
65.10918 119.599 64.9825 119.6515 64.85037 119.6515 curveto
64.71825 119.6515 64.59157 119.599 64.49815 119.50558 curveto
64.40474 119.41217 64.35223 119.28549 64.35223 119.15337 curveto
64.35223 119.02124 64.40474 118.89456 64.49815 118.80115 curveto
64.59157 118.70773 64.71825 118.65523 64.85037 118.65523 curveto
64.9825 118.65523 65.10918 118.70773 65.20259 118.80115 curveto
65.296 118.89456 65.34851 119.02124 65.34851 119.15337 curveto closepath fill
newpath 67.87386 120.73347 moveto
67.87386 120.8656 67.82135 120.99228 67.72794 121.0857 curveto
67.63452 121.17911 67.50784 121.23161 67.37572 121.23161 curveto
67.24359 121.23161 67.11691 121.17911 67.0235 121.0857 curveto
66.93008 120.99228 66.87758 120.8656 66.87758 120.73347 curveto
66.87758 120.60135 66.93008 120.47467 67.0235 120.38126 curveto
67.11691 120.28784 67.24359 120.23534 67.37572 120.23534 curveto
67.50784 120.23534 67.63452 120.28784 67.72794 120.38126 curveto
67.82135 120.47467 67.87386 120.60135 67.87386 120.73347 curveto closepath fill
newpath 70.459 122.21295 moveto
70.459 122.34508 70.4065 122.47176 70.31308 122.56517 curveto
70.21967 122.65858 70.09299 122.71109 69.96086 122.71109 curveto
69.82874 122.71109 69.70206 122.65858 69.60864 122.56517 curveto
69.51523 122.47176 69.46272 122.34508 69.46272 122.21295 curveto
69.46272 122.08083 69.51523 121.95415 69.60864 121.86073 curveto
69.70206 121.76732 69.82874 121.71481 69.96086 121.71481 curveto
70.09299 121.71481 70.21967 121.76732 70.31308 121.86073 curveto
70.4065 121.95415 70.459 122.08083 70.459 122.21295 curveto closepath fill
newpath 73.10925 123.57301 moveto
73.10925 123.70514 73.05675 123.83182 72.96333 123.92523 curveto
72.86992 124.01865 72.74324 124.07115 72.61111 124.07115 curveto
72.47899 124.07115 72.35231 124.01865 72.2589 123.92523 curveto
72.16548 123.83182 72.11298 123.70514 72.11298 123.57301 curveto
72.11298 123.44089 72.16548 123.31421 72.2589 123.2208 curveto
72.35231 123.12738 72.47899 123.07487 72.61111 123.07487 curveto
72.74324 123.07487 72.86992 123.12738 72.96333 123.2208 curveto
73.05675 123.31421 73.10925 123.44089 73.10925 123.57301 curveto closepath fill
newpath 75.82784 124.79044 moveto
75.82784 124.92256 75.77533 125.04924 75.68192 125.14265 curveto
75.5885 125.23607 75.46182 125.28857 75.3297 125.28857 curveto
75.19757 125.28857 75.07089 125.23607 74.97748 125.14265 curveto
74.88406 125.04924 74.83156 124.92256 74.83156 124.79044 curveto
74.83156 124.65831 74.88406 124.53163 74.97748 124.43822 curveto
75.07089 124.3448 75.19757 124.2923 75.3297 124.2923 curveto
75.46182 124.2923 75.5885 124.3448 75.68192 124.43822 curveto
75.77533 124.53163 75.82784 124.65831 75.82784 124.79044 curveto closepath fill
newpath 78.61534 125.84018 moveto
78.61534 125.9723 78.56284 126.09898 78.46942 126.1924 curveto
78.376 126.28581 78.24933 126.33832 78.1172 126.33832 curveto
77.98508 126.33832 77.8584 126.28581 77.76498 126.1924 curveto
77.67157 126.09898 77.61906 125.9723 77.61906 125.84018 curveto
77.61906 125.70805 77.67157 125.58138 77.76498 125.48796 curveto
77.8584 125.39455 77.98508 125.34204 78.1172 125.34204 curveto
78.24933 125.34204 78.376 125.39455 78.46942 125.48796 curveto
78.56284 125.58138 78.61534 125.70805 78.61534 125.84018 curveto closepath fill
newpath 81.46863 126.69458 moveto
81.46863 126.8267 81.41612 126.95338 81.32271 127.0468 curveto
81.2293 127.14021 81.10262 127.19272 80.97049 127.19272 curveto
80.83836 127.19272 80.71169 127.14021 80.61827 127.0468 curveto
80.52486 126.95338 80.47235 126.8267 80.47235 126.69458 curveto
80.47235 126.56245 80.52486 126.43578 80.61827 126.34236 curveto
80.71169 126.24895 80.83836 126.19644 80.97049 126.19644 curveto
81.10262 126.19644 81.2293 126.24895 81.32271 126.34236 curveto
81.41612 126.43578 81.46863 126.56245 81.46863 126.69458 curveto closepath fill
newpath 84.37866 127.32887 moveto
84.37866 127.461 84.32616 127.58768 84.23274 127.68109 curveto
84.13933 127.7745 84.01265 127.82701 83.88052 127.82701 curveto
83.7484 127.82701 83.62172 127.7745 83.5283 127.68109 curveto
83.43489 127.58768 83.38239 127.461 83.38239 127.32887 curveto
83.38239 127.19675 83.43489 127.07007 83.5283 126.97665 curveto
83.62172 126.88324 83.7484 126.83073 83.88052 126.83073 curveto
84.01265 126.83073 84.13933 126.88324 84.23274 126.97665 curveto
84.32616 127.07007 84.37866 127.19675 84.37866 127.32887 curveto closepath fill
newpath 87.33128 127.71973 moveto
87.33128 127.85185 87.27878 127.97853 87.18536 128.07195 curveto
87.09195 128.16536 86.96527 128.21786 86.83315 128.21786 curveto
86.70102 128.21786 86.57434 128.16536 86.48093 128.07195 curveto
86.38751 127.97853 86.335 127.85185 86.335 127.71973 curveto
86.335 127.5876 86.38751 127.46092 86.48093 127.36751 curveto
86.57434 127.2741 86.70102 127.22159 86.83315 127.22159 curveto
86.96527 127.22159 87.09195 127.2741 87.18536 127.36751 curveto
87.27878 127.46092 87.33128 127.5876 87.33128 127.71973 curveto closepath fill
newpath 90.30627 127.85109 moveto
90.30627 127.98322 90.25377 128.1099 90.16035 128.20331 curveto
90.06694 128.29672 89.94026 128.34923 89.80814 128.34923 curveto
89.67601 128.34923 89.54933 128.29672 89.45592 128.20331 curveto
89.3625 128.1099 89.31 127.98322 89.31 127.85109 curveto
89.31 127.71896 89.3625 127.59229 89.45592 127.49887 curveto
89.54933 127.40546 89.67601 127.35295 89.80814 127.35295 curveto
89.94026 127.35295 90.06694 127.40546 90.16035 127.49887 curveto
90.25377 127.59229 90.30627 127.71896 90.30627 127.85109 curveto closepath fill
newpath 93.2815 127.71835 moveto
93.2815 127.85048 93.22899 127.97716 93.13557 128.07057 curveto
93.04216 128.16399 92.91548 128.21649 92.78336 128.21649 curveto
92.65123 128.21649 92.52455 128.16399 92.43114 128.07057 curveto
92.33772 127.97716 92.28522 127.85048 92.28522 127.71835 curveto
92.28522 127.58623 92.33772 127.45955 92.43114 127.36613 curveto
92.52455 127.27272 92.65123 127.22021 92.78336 127.22021 curveto
92.91548 127.22021 93.04216 127.27272 93.13557 127.36613 curveto
93.22899 127.45955 93.2815 127.58623 93.2815 127.71835 curveto closepath fill
newpath 96.23409 127.32816 moveto
96.23409 127.46028 96.18158 127.58696 96.08817 127.68037 curveto
95.99475 127.77379 95.86807 127.8263 95.73595 127.8263 curveto
95.60382 127.8263 95.47714 127.77379 95.38373 127.68037 curveto
95.29031 127.58696 95.23781 127.46028 95.23781 127.32816 curveto
95.23781 127.19603 95.29031 127.06935 95.38373 126.97594 curveto
95.47714 126.88252 95.60382 126.83002 95.73595 126.83002 curveto
95.86807 126.83002 95.99475 126.88252 96.08817 126.97594 curveto
96.18158 127.06935 96.23409 127.19603 96.23409 127.32816 curveto closepath fill
newpath 99.14394 126.69325 moveto
99.14394 126.82538 99.09143 126.95206 98.99802 127.04547 curveto
98.9046 127.13889 98.77792 127.19139 98.6458 127.19139 curveto
98.51367 127.19139 98.387 127.13889 98.29358 127.04547 curveto
98.20016 126.95206 98.14766 126.82538 98.14766 126.69325 curveto
98.14766 126.56113 98.20016 126.43445 98.29358 126.34103 curveto
98.387 126.24762 98.51367 126.19511 98.6458 126.19511 curveto
98.77792 126.19511 98.9046 126.24762 98.99802 126.34103 curveto
99.09143 126.43445 99.14394 126.56113 99.14394 126.69325 curveto closepath fill
newpath 101.99727 125.83884 moveto
101.99727 125.97096 101.94476 126.09764 101.85135 126.19106 curveto
101.75793 126.28447 101.63126 126.33698 101.49913 126.33698 curveto
101.367 126.33698 101.24033 126.28447 101.14691 126.19106 curveto
101.0535 126.09764 101.00099 125.97096 101.00099 125.83884 curveto
101.00099 125.70671 101.0535 125.58003 101.14691 125.48662 curveto
101.24033 125.3932 101.367 125.3407 101.49913 125.3407 curveto
101.63126 125.3407 101.75793 125.3932 101.85135 125.48662 curveto
101.94476 125.58003 101.99727 125.70671 101.99727 125.83884 curveto closepath fill
newpath 104.78453 124.7889 moveto
104.78453 124.92102 104.73203 125.0477 104.63861 125.14111 curveto
104.5452 125.23453 104.41852 125.28703 104.28639 125.28703 curveto
104.15427 125.28703 104.02759 125.23453 103.93417 125.14111 curveto
103.84076 125.0477 103.78825 124.92102 103.78825 124.7889 curveto
103.78825 124.65677 103.84076 124.53009 103.93417 124.43668 curveto
104.02759 124.34326 104.15427 124.29076 104.28639 124.29076 curveto
104.41852 124.29076 104.5452 124.34326 104.63861 124.43668 curveto
104.73203 124.53009 104.78453 124.65677 104.78453 124.7889 curveto closepath fill
newpath 107.50266 123.57144 moveto
107.50266 123.70357 107.45015 123.83025 107.35674 123.92366 curveto
107.26332 124.01707 107.13664 124.06958 107.00452 124.06958 curveto
106.87239 124.06958 106.74571 124.01707 106.6523 123.92366 curveto
106.55888 123.83025 106.50638 123.70357 106.50638 123.57144 curveto
106.50638 123.43932 106.55888 123.31264 106.6523 123.21922 curveto
106.74571 123.12581 106.87239 123.0733 107.00452 123.0733 curveto
107.13664 123.0733 107.26332 123.12581 107.35674 123.21922 curveto
107.45015 123.31264 107.50266 123.43932 107.50266 123.57144 curveto closepath fill
newpath 110.15271 122.21127 moveto
110.15271 122.3434 110.1002 122.47008 110.00679 122.56349 curveto
109.91338 122.6569 109.7867 122.70941 109.65457 122.70941 curveto
109.52245 122.70941 109.39577 122.6569 109.30235 122.56349 curveto
109.20894 122.47008 109.15643 122.3434 109.15643 122.21127 curveto
109.15643 122.07915 109.20894 121.95247 109.30235 121.85905 curveto
109.39577 121.76564 109.52245 121.71313 109.65457 121.71313 curveto
109.7867 121.71313 109.91338 121.76564 110.00679 121.85905 curveto
110.1002 121.95247 110.15271 122.07915 110.15271 122.21127 curveto closepath fill
newpath 112.7374 120.73088 moveto
112.7374 120.863 112.68489 120.98969 112.59148 121.0831 curveto
112.49806 121.17651 112.37138 121.22902 112.23926 121.22902 curveto
112.10713 121.22902 111.98045 121.17651 111.88704 121.0831 curveto
111.79362 120.98969 111.74112 120.863 111.74112 120.73088 curveto
111.74112 120.59875 111.79362 120.47208 111.88704 120.37866 curveto
111.98045 120.28525 112.10713 120.23274 112.23926 120.23274 curveto
112.37138 120.23274 112.49806 120.28525 112.59148 120.37866 curveto
112.68489 120.47208 112.7374 120.59875 112.7374 120.73088 curveto closepath fill
newpath 115.26314 119.1514 moveto
115.26314 119.28352 115.21063 119.4102 115.11722 119.50362 curveto
115.0238 119.59703 114.89713 119.64954 114.765 119.64954 curveto
114.63287 119.64954 114.5062 119.59703 114.41278 119.50362 curveto
114.31937 119.4102 114.26686 119.28352 114.26686 119.1514 curveto
114.26686 119.01927 114.31937 118.8926 114.41278 118.79918 curveto
114.5062 118.70576 114.63287 118.65326 114.765 118.65326 curveto
114.89713 118.65326 115.0238 118.70576 115.11722 118.79918 curveto
115.21063 118.8926 115.26314 119.01927 115.26314 119.1514 curveto closepath fill
newpath 117.7356 117.48941 moveto
117.7356 117.62154 117.68309 117.74821 117.58968 117.84163 curveto
117.49626 117.93504 117.36958 117.98755 117.23746 117.98755 curveto
117.10533 117.98755 116.97865 117.93504 116.88524 117.84163 curveto
116.79182 117.74821 116.73932 117.62154 116.73932 117.48941 curveto
116.73932 117.35728 116.79182 117.2306 116.88524 117.13719 curveto
116.97865 117.04378 117.10533 116.99127 117.23746 116.99127 curveto
117.36958 116.99127 117.49626 117.04378 117.58968 117.13719 curveto
117.68309 117.2306 117.7356 117.35728 117.7356 117.48941 curveto closepath fill
newpath 120.16193 115.7608 moveto
120.16193 115.89293 120.10942 116.0196 120.016 116.11302 curveto
119.92259 116.20644 119.79591 116.25894 119.66379 116.25894 curveto
119.53166 116.25894 119.40498 116.20644 119.31157 116.11302 curveto
119.21815 116.0196 119.16565 115.89293 119.16565 115.7608 curveto
119.16565 115.62868 119.21815 115.502 119.31157 115.40858 curveto
119.40498 115.31517 119.53166 115.26266 119.66379 115.26266 curveto
119.79591 115.26266 119.92259 115.31517 120.016 115.40858 curveto
120.10942 115.502 120.16193 115.62868 120.16193 115.7608 curveto closepath fill
newpath 122.54802 113.97673 moveto
122.54802 114.10886 122.49551 114.23553 122.4021 114.32895 curveto
122.30869 114.42236 122.182 114.47487 122.04988 114.47487 curveto
121.91776 114.47487 121.79108 114.42236 121.69766 114.32895 curveto
121.60425 114.23553 121.55174 114.10886 121.55174 113.97673 curveto
121.55174 113.8446 121.60425 113.71793 121.69766 113.62451 curveto
121.79108 113.5311 121.91776 113.47859 122.04988 113.47859 curveto
122.182 113.47859 122.30869 113.5311 122.4021 113.62451 curveto
122.49551 113.71793 122.54802 113.8446 122.54802 113.97673 curveto closepath fill
newpath 124.90215 112.15088 moveto
124.90215 112.283 124.84964 112.40968 124.75623 112.5031 curveto
124.66281 112.59651 124.53613 112.64902 124.404 112.64902 curveto
124.27188 112.64902 124.1452 112.59651 124.05179 112.5031 curveto
123.95837 112.40968 123.90587 112.283 123.90587 112.15088 curveto
123.90587 112.01875 123.95837 111.89207 124.05179 111.79866 curveto
124.1452 111.70525 124.27188 111.65274 124.404 111.65274 curveto
124.53613 111.65274 124.66281 111.70525 124.75623 111.79866 curveto
124.84964 111.89207 124.90215 112.01875 124.90215 112.15088 curveto closepath fill
newpath 127.23009 110.29184 moveto
127.23009 110.42397 127.17758 110.55064 127.08417 110.64406 curveto
126.99075 110.73747 126.86407 110.78998 126.73195 110.78998 curveto
126.59982 110.78998 126.47314 110.73747 126.37973 110.64406 curveto
126.28632 110.55064 126.23381 110.42397 126.23381 110.29184 curveto
126.23381 110.15971 126.28632 110.03304 126.37973 109.93962 curveto
126.47314 109.8462 126.59982 109.7937 126.73195 109.7937 curveto
126.86407 109.7937 126.99075 109.8462 127.08417 109.93962 curveto
127.17758 110.03304 127.23009 110.15971 127.23009 110.29184 curveto closepath fill
newpath 129.53908 108.40936 moveto
129.53908 108.54149 129.48657 108.66817 129.39316 108.76158 curveto
129.29974 108.855 129.17307 108.9075 129.04094 108.9075 curveto
128.90881 108.9075 128.78214 108.855 128.68872 108.76158 curveto
128.5953 108.66817 128.5428 108.54149 128.5428 108.40936 curveto
128.5428 108.27724 128.5953 108.15056 128.68872 108.05714 curveto
128.78214 107.96373 128.90881 107.91122 129.04094 107.91122 curveto
129.17307 107.91122 129.29974 107.96373 129.39316 108.05714 curveto
129.48657 108.15056 129.53908 108.27724 129.53908 108.40936 curveto closepath fill
newpath 131.83516 106.51112 moveto
131.83516 106.64325 131.78265 106.76993 131.68924 106.86334 curveto
131.59583 106.95676 131.46915 107.00926 131.33702 107.00926 curveto
131.2049 107.00926 131.07822 106.95676 130.9848 106.86334 curveto
130.89139 106.76993 130.83888 106.64325 130.83888 106.51112 curveto
130.83888 106.379 130.89139 106.25232 130.9848 106.1589 curveto
131.07822 106.06549 131.2049 106.01299 131.33702 106.01299 curveto
131.46915 106.01299 131.59583 106.06549 131.68924 106.1589 curveto
131.78265 106.25232 131.83516 106.379 131.83516 106.51112 curveto closepath fill
newpath 134.1246 104.60504 moveto
134.1246 104.73717 134.0721 104.86385 133.97868 104.95726 curveto
133.88527 105.05067 133.75859 105.10318 133.62646 105.10318 curveto
133.49434 105.10318 133.36766 105.05067 133.27425 104.95726 curveto
133.18083 104.86385 133.12833 104.73717 133.12833 104.60504 curveto
133.12833 104.47292 133.18083 104.34624 133.27425 104.25282 curveto
133.36766 104.15941 133.49434 104.1069 133.62646 104.1069 curveto
133.75859 104.1069 133.88527 104.15941 133.97868 104.25282 curveto
134.0721 104.34624 134.1246 104.47292 134.1246 104.60504 curveto closepath fill
newpath 136.4146 102.69948 moveto
136.4146 102.8316 136.36209 102.95828 136.26868 103.0517 curveto
136.17526 103.14511 136.04858 103.19762 135.91646 103.19762 curveto
135.78433 103.19762 135.65765 103.14511 135.56424 103.0517 curveto
135.47083 102.95828 135.41832 102.8316 135.41832 102.69948 curveto
135.41832 102.56735 135.47083 102.44067 135.56424 102.34726 curveto
135.65765 102.25385 135.78433 102.20134 135.91646 102.20134 curveto
136.04858 102.20134 136.17526 102.25385 136.26868 102.34726 curveto
136.36209 102.44067 136.4146 102.56735 136.4146 102.69948 curveto closepath fill
newpath 138.71065 100.80127 moveto
138.71065 100.9334 138.65814 101.06007 138.56473 101.15349 curveto
138.47131 101.2469 138.34464 101.29941 138.21251 101.29941 curveto
138.08038 101.29941 137.9537 101.2469 137.86029 101.15349 curveto
137.76688 101.06007 137.71437 100.9334 137.71437 100.80127 curveto
137.71437 100.66914 137.76688 100.54247 137.86029 100.44905 curveto
137.9537 100.35564 138.08038 100.30313 138.21251 100.30313 curveto
138.34464 100.30313 138.47131 100.35564 138.56473 100.44905 curveto
138.65814 100.54247 138.71065 100.66914 138.71065 100.80127 curveto closepath fill
newpath 141.01924 98.91821 moveto
141.01924 99.05034 140.96674 99.17702 140.87332 99.27043 curveto
140.7799 99.36385 140.65323 99.41635 140.5211 99.41635 curveto
140.38898 99.41635 140.2623 99.36385 140.16888 99.27043 curveto
140.07547 99.17702 140.02296 99.05034 140.02296 98.91821 curveto
140.02296 98.78609 140.07547 98.65941 140.16888 98.566 curveto
140.2623 98.47258 140.38898 98.42007 140.5211 98.42007 curveto
140.65323 98.42007 140.7799 98.47258 140.87332 98.566 curveto
140.96674 98.65941 141.01924 98.78609 141.01924 98.91821 curveto closepath fill
newpath 143.34764 97.05998 moveto
143.34764 97.19211 143.29514 97.31879 143.20172 97.4122 curveto
143.1083 97.50562 142.98163 97.55812 142.8495 97.55812 curveto
142.71738 97.55812 142.5907 97.50562 142.49728 97.4122 curveto
142.40387 97.31879 142.35136 97.19211 142.35136 97.05998 curveto
142.35136 96.92786 142.40387 96.80118 142.49728 96.70776 curveto
142.5907 96.61435 142.71738 96.56184 142.8495 96.56184 curveto
142.98163 96.56184 143.1083 96.61435 143.20172 96.70776 curveto
143.29514 96.80118 143.34764 96.92786 143.34764 97.05998 curveto closepath fill
newpath 145.70126 95.23367 moveto
145.70126 95.3658 145.64876 95.49248 145.55534 95.58589 curveto
145.46193 95.6793 145.33525 95.73181 145.20313 95.73181 curveto
145.071 95.73181 144.94432 95.6793 144.8509 95.58589 curveto
144.75749 95.49248 144.70499 95.3658 144.70499 95.23367 curveto
144.70499 95.10155 144.75749 94.97487 144.8509 94.88145 curveto
144.94432 94.78804 145.071 94.73553 145.20313 94.73553 curveto
145.33525 94.73553 145.46193 94.78804 145.55534 94.88145 curveto
145.64876 94.97487 145.70126 95.10155 145.70126 95.23367 curveto closepath fill
newpath 148.08765 93.4505 moveto
148.08765 93.58263 148.03514 93.7093 147.94173 93.80272 curveto
147.84831 93.89613 147.72163 93.94864 147.58951 93.94864 curveto
147.45738 93.94864 147.3307 93.89613 147.23729 93.80272 curveto
147.14388 93.7093 147.09137 93.58263 147.09137 93.4505 curveto
147.09137 93.31837 147.14388 93.1917 147.23729 93.09828 curveto
147.3307 93.00487 147.45738 92.95236 147.58951 92.95236 curveto
147.72163 92.95236 147.84831 93.00487 147.94173 93.09828 curveto
148.03514 93.1917 148.08765 93.31837 148.08765 93.4505 curveto closepath fill
newpath 150.51389 91.72195 moveto
150.51389 91.85408 150.46138 91.98076 150.36797 92.07417 curveto
150.27455 92.16759 150.14787 92.2201 150.01575 92.2201 curveto
149.88362 92.2201 149.75694 92.16759 149.66353 92.07417 curveto
149.57011 91.98076 149.51761 91.85408 149.51761 91.72195 curveto
149.51761 91.58983 149.57011 91.46315 149.66353 91.36974 curveto
149.75694 91.27632 149.88362 91.22382 150.01575 91.22382 curveto
150.14787 91.22382 150.27455 91.27632 150.36797 91.36974 curveto
150.46138 91.46315 150.51389 91.58983 150.51389 91.72195 curveto closepath fill
newpath 152.98596 90.05954 moveto
152.98596 90.19167 152.93346 90.31834 152.84004 90.41176 curveto
152.74663 90.50517 152.61995 90.55768 152.48782 90.55768 curveto
152.3557 90.55768 152.22902 90.50517 152.1356 90.41176 curveto
152.04219 90.31834 151.98969 90.19167 151.98969 90.05954 curveto
151.98969 89.92741 152.04219 89.80074 152.1356 89.70732 curveto
152.22902 89.6139 152.3557 89.5614 152.48782 89.5614 curveto
152.61995 89.5614 152.74663 89.6139 152.84004 89.70732 curveto
152.93346 89.80074 152.98596 89.92741 152.98596 90.05954 curveto closepath fill
newpath 155.51201 88.4801 moveto
155.51201 88.61223 155.4595 88.7389 155.36609 88.83232 curveto
155.27267 88.92574 155.146 88.97824 155.01387 88.97824 curveto
154.88174 88.97824 154.75507 88.92574 154.66165 88.83232 curveto
154.56824 88.7389 154.51573 88.61223 154.51573 88.4801 curveto
154.51573 88.34798 154.56824 88.2213 154.66165 88.12788 curveto
154.75507 88.03447 154.88174 87.98196 155.01387 87.98196 curveto
155.146 87.98196 155.27267 88.03447 155.36609 88.12788 curveto
155.4595 88.2213 155.51201 88.34798 155.51201 88.4801 curveto closepath fill
newpath 158.09692 87.00005 moveto
158.09692 87.13217 158.04442 87.25885 157.951 87.35226 curveto
157.85759 87.44568 157.73091 87.49818 157.59879 87.49818 curveto
157.46666 87.49818 157.33998 87.44568 157.24657 87.35226 curveto
157.15315 87.25885 157.10065 87.13217 157.10065 87.00005 curveto
157.10065 86.86792 157.15315 86.74124 157.24657 86.64783 curveto
157.33998 86.55441 157.46666 86.5019 157.59879 86.5019 curveto
157.73091 86.5019 157.85759 86.55441 157.951 86.64783 curveto
158.04442 86.74124 158.09692 86.86792 158.09692 87.00005 curveto closepath fill
newpath 160.7475 85.64082 moveto
160.7475 85.77295 160.69499 85.89963 160.60158 85.99304 curveto
160.50816 86.08646 160.38148 86.13896 160.24936 86.13896 curveto
160.11723 86.13896 159.99055 86.08646 159.89714 85.99304 curveto
159.80373 85.89963 159.75122 85.77295 159.75122 85.64082 curveto
159.75122 85.5087 159.80373 85.38202 159.89714 85.2886 curveto
159.99055 85.19519 160.11723 85.14268 160.24936 85.14268 curveto
160.38148 85.14268 160.50816 85.19519 160.60158 85.2886 curveto
160.69499 85.38202 160.7475 85.5087 160.7475 85.64082 curveto closepath fill
newpath 163.46617 84.42354 moveto
163.46617 84.55566 163.41367 84.68234 163.32025 84.77576 curveto
163.22684 84.86917 163.10016 84.92168 162.96803 84.92168 curveto
162.8359 84.92168 162.70923 84.86917 162.61581 84.77576 curveto
162.5224 84.68234 162.4699 84.55566 162.4699 84.42354 curveto
162.4699 84.29141 162.5224 84.16473 162.61581 84.07132 curveto
162.70923 83.9779 162.8359 83.9254 162.96803 83.9254 curveto
163.10016 83.9254 163.22684 83.9779 163.32025 84.07132 curveto
163.41367 84.16473 163.46617 84.29141 163.46617 84.42354 curveto closepath fill
newpath 166.25371 83.37395 moveto
166.25371 83.50607 166.2012 83.63275 166.10779 83.72617 curveto
166.01437 83.81958 165.8877 83.87209 165.75557 83.87209 curveto
165.62344 83.87209 165.49677 83.81958 165.40335 83.72617 curveto
165.30994 83.63275 165.25743 83.50607 165.25743 83.37395 curveto
165.25743 83.24182 165.30994 83.11514 165.40335 83.02173 curveto
165.49677 82.92831 165.62344 82.87581 165.75557 82.87581 curveto
165.8877 82.87581 166.01437 82.92831 166.10779 83.02173 curveto
166.2012 83.11514 166.25371 83.24182 166.25371 83.37395 curveto closepath fill
newpath 169.1071 82.51971 moveto
169.1071 82.65184 169.0546 82.77852 168.96118 82.87193 curveto
168.86777 82.96535 168.74109 83.01785 168.60896 83.01785 curveto
168.47684 83.01785 168.35016 82.96535 168.25674 82.87193 curveto
168.16333 82.77852 168.11082 82.65184 168.11082 82.51971 curveto
168.11082 82.38759 168.16333 82.26091 168.25674 82.1675 curveto
168.35016 82.07408 168.47684 82.02158 168.60896 82.02158 curveto
168.74109 82.02158 168.86777 82.07408 168.96118 82.1675 curveto
169.0546 82.26091 169.1071 82.38759 169.1071 82.51971 curveto closepath fill
newpath 172.01714 81.88562 moveto
172.01714 82.01775 171.96463 82.14442 171.87122 82.23784 curveto
171.7778 82.33125 171.65112 82.38376 171.519 82.38376 curveto
171.38687 82.38376 171.2602 82.33125 171.16678 82.23784 curveto
171.07336 82.14442 171.02086 82.01775 171.02086 81.88562 curveto
171.02086 81.7535 171.07336 81.62682 171.16678 81.5334 curveto
171.2602 81.43999 171.38687 81.38748 171.519 81.38748 curveto
171.65112 81.38748 171.7778 81.43999 171.87122 81.5334 curveto
171.96463 81.62682 172.01714 81.7535 172.01714 81.88562 curveto closepath fill
newpath 174.96979 81.49498 moveto
174.96979 81.6271 174.91728 81.75378 174.82387 81.8472 curveto
174.73045 81.94061 174.60378 81.99312 174.47165 81.99312 curveto
174.33952 81.99312 174.21284 81.94061 174.11943 81.8472 curveto
174.02602 81.75378 173.97351 81.6271 173.97351 81.49498 curveto
173.97351 81.36285 174.02602 81.23618 174.11943 81.14276 curveto
174.21284 81.04935 174.33952 80.99684 174.47165 80.99684 curveto
174.60378 80.99684 174.73045 81.04935 174.82387 81.14276 curveto
174.91728 81.23618 174.96979 81.36285 174.96979 81.49498 curveto closepath fill
newpath 177.9403 81.36385 moveto
177.9403 81.49597 177.8878 81.62265 177.79439 81.71606 curveto
177.70097 81.80948 177.5743 81.86198 177.44217 81.86198 curveto
177.31004 81.86198 177.18336 81.80948 177.08995 81.71606 curveto
176.99654 81.62265 176.94403 81.49597 176.94403 81.36385 curveto
176.94403 81.23172 176.99654 81.10504 177.08995 81.01163 curveto
177.18336 80.91821 177.31004 80.8657 177.44217 80.8657 curveto
177.5743 80.8657 177.70097 80.91821 177.79439 81.01163 curveto
177.8878 81.10504 177.9403 81.23172 177.9403 81.36385 curveto closepath fill
 0.49814 0 dtransform exch truncate exch idtransform pop setlinewidth
newpath 45.98817 0 moveto
45.98817 2.01118 lineto stroke
newpath 45.98817 6.03355 moveto
45.98817 10.05775 lineto stroke
newpath 45.98817 14.08154 moveto
45.98817 18.10414 lineto stroke
newpath 45.98817 22.12949 moveto
45.98817 26.15176 lineto stroke
newpath 45.98817 30.17427 moveto
45.98817 34.20117 lineto stroke
newpath 45.98817 38.22221 moveto
45.98817 42.2455 lineto stroke
newpath 45.98817 46.26695 moveto
45.98817 50.29243 lineto stroke
newpath 45.98817 54.31494 moveto
45.98817 58.33777 lineto stroke
newpath 45.98817 62.36288 moveto
45.98817 66.38507 lineto stroke
newpath 45.98817 70.40762 moveto
45.98817 74.43402 lineto stroke
newpath 45.98817 78.45561 moveto
45.98817 82.47798 lineto stroke
newpath 45.98817 86.50035 moveto
45.98817 90.52615 lineto stroke
newpath 45.98817 94.54834 moveto
45.98817 98.57085 lineto stroke
newpath 45.98817 102.59628 moveto
45.98817 106.61792 lineto stroke
newpath 45.98817 110.64102 moveto
45.98817 114.66605 lineto stroke
newpath 45.98817 118.68901 moveto
45.98817 122.71138 lineto stroke
newpath 45.98817 126.73375 moveto
45.98817 130.75987 lineto stroke
newpath 45.98817 134.78174 moveto
45.98817 138.80461 lineto stroke
newpath 45.98817 142.82968 moveto
45.98817 146.85214 lineto stroke
newpath 45.98817 150.87442 moveto
45.98817 154.89995 lineto stroke
newpath 45.98817 158.92241 moveto
45.98817 162.94514 lineto stroke
newpath 45.98817 166.96715 moveto
45.98817 170.993 lineto stroke
newpath 45.98817 175.01509 moveto
45.98817 179.0375 lineto stroke
newpath 45.98817 183.06308 moveto
45.98817 187.08545 lineto stroke
newpath 45.98817 191.10782 moveto
45.98817 195.13339 lineto stroke
newpath 45.98817 199.1558 moveto
45.98817 203.17818 lineto stroke
newpath 45.98817 207.20375 moveto
45.98817 209.21494 lineto stroke
newpath 133.62418 0 moveto
133.62418 2.01118 lineto stroke
newpath 133.62418 6.03355 moveto
133.62418 10.05775 lineto stroke
newpath 133.62418 14.08154 moveto
133.62418 18.10414 lineto stroke
newpath 133.62418 22.12949 moveto
133.62418 26.15176 lineto stroke
newpath 133.62418 30.17427 moveto
133.62418 34.20117 lineto stroke
newpath 133.62418 38.22221 moveto
133.62418 42.2455 lineto stroke
newpath 133.62418 46.26695 moveto
133.62418 50.29243 lineto stroke
newpath 133.62418 54.31494 moveto
133.62418 58.33777 lineto stroke
newpath 133.62418 62.36288 moveto
133.62418 66.38507 lineto stroke
newpath 133.62418 70.40762 moveto
133.62418 74.43402 lineto stroke
newpath 133.62418 78.45561 moveto
133.62418 82.47798 lineto stroke
newpath 133.62418 86.50035 moveto
133.62418 90.52615 lineto stroke
newpath 133.62418 94.54834 moveto
133.62418 98.57085 lineto stroke
newpath 133.62418 102.59628 moveto
133.62418 106.61792 lineto stroke
newpath 133.62418 110.64102 moveto
133.62418 114.66605 lineto stroke
newpath 133.62418 118.68901 moveto
133.62418 122.71138 lineto stroke
newpath 133.62418 126.73375 moveto
133.62418 130.75987 lineto stroke
newpath 133.62418 134.78174 moveto
133.62418 138.80461 lineto stroke
newpath 133.62418 142.82968 moveto
133.62418 146.85214 lineto stroke
newpath 133.62418 150.87442 moveto
133.62418 154.89995 lineto stroke
newpath 133.62418 158.92241 moveto
133.62418 162.94514 lineto stroke
newpath 133.62418 166.96715 moveto
133.62418 170.993 lineto stroke
newpath 133.62418 175.01509 moveto
133.62418 179.0375 lineto stroke
newpath 133.62418 183.06308 moveto
133.62418 187.08545 lineto stroke
newpath 133.62418 191.10782 moveto
133.62418 195.13339 lineto stroke
newpath 133.62418 199.1558 moveto
133.62418 203.17818 lineto stroke
newpath 133.62418 207.20375 moveto
133.62418 209.21494 lineto stroke
 0 1.24533 dtransform truncate idtransform setlinewidth pop
newpath 2.17018 81.36385 moveto
2.63414 81.36385 3.09789 81.35426 3.56184 81.33511 curveto
4.026 81.31596 4.48996 81.28723 4.95413 81.24786 curveto
5.41809 81.20848 5.88205 81.15953 6.34601 81.10101 curveto
6.80997 81.04141 7.27393 80.97331 7.73767 80.89351 curveto
8.20163 80.81369 8.66557 80.72325 9.12932 80.6211 curveto
9.59349 80.51894 10.05766 80.4072 10.52162 80.28163 curveto
10.9858 80.15607 11.44975 80.01987 11.9135 79.86981 curveto
12.37767 79.71977 12.84142 79.55803 13.30516 79.38033 curveto
13.76932 79.20262 14.23328 79.0132 14.69681 78.8057 curveto
15.1612 78.59819 15.62537 78.37686 16.08911 78.13637 curveto
16.5535 77.89587 17.01746 77.63942 17.48099 77.36168 curveto
17.94536 77.08395 18.40932 76.78918 18.87263 76.46889 curveto
19.33723 76.14859 19.8012 75.80806 20.2643 75.43988 curveto
20.72932 75.06956 21.19371 74.67903 21.65681 74.25444 curveto
22.12183 73.82773 22.586 73.37654 23.04846 72.88599 curveto
23.51392 72.39223 23.97809 71.87082 24.44012 71.30257 curveto
24.90622 70.729 25.37059 70.12247 25.832 69.45952 curveto
26.29915 68.78806 26.76396 68.07935 27.2243 67.30254 curveto
27.69229 66.51189 28.15732 65.67763 28.61595 64.75822 curveto
29.08588 63.81647 29.55132 62.82259 30.00761 61.72653 curveto
30.4803 60.59111 30.94681 59.39291 31.39949 58.0702 curveto
31.87622 56.67728 32.34421 55.20879 32.79178 53.59132 curveto
33.27426 51.84723 33.74396 50.0148 34.18344 48.0068 curveto
34.67442 45.76364 35.1469 43.41618 35.5751 40.8708 curveto
36.078 37.88275 36.55367 34.7787 36.96698 31.46396 curveto
37.4852 27.30856 37.96512 23.02974 38.35927 18.54552 curveto
38.89644 12.43427 39.36104 6.16872 39.75093 -0.21602 curveto stroke
newpath 41.06036 2.85829 moveto
40.16435 2.09671 39.67924 0.95773 39.75093 -0.21602 curveto
39.67924 0.95773 39.05913 2.0292 38.07712 2.6761 curveto stroke
newpath 52.22563 209.43095 moveto
52.61552 203.0409 53.08034 196.77109 53.61794 190.65451 curveto
54.01166 186.17456 54.49136 181.90211 55.00917 177.75098 curveto
55.42268 174.43623 55.89856 171.33218 56.40146 168.34413 curveto
56.82988 165.79768 57.30257 163.44917 57.79376 161.20387 curveto
58.23303 159.19588 58.70251 157.36452 59.18478 155.62149 curveto
59.63214 154.00401 60.10036 152.53766 60.57707 151.14473 curveto
61.02954 149.82202 61.49583 148.62488 61.9683 147.48946 curveto
62.42482 146.39235 62.89049 145.3974 63.36061 144.45566 curveto
63.81946 143.53625 64.2847 142.70198 64.75291 141.91133 curveto
65.21281 141.13452 65.6772 140.42583 66.14392 139.75542 curveto
66.60555 139.09247 67.06993 138.48593 67.53622 137.91237 curveto
67.99847 137.34306 68.46286 136.82164 68.92853 136.32788 curveto
69.39078 135.83733 69.85495 135.3872 70.31976 134.9605 curveto
70.78287 134.5359 71.24702 134.14537 71.71205 133.77505 curveto
72.17494 133.40688 72.6389 133.06635 73.10329 132.74605 curveto
73.56682 132.42575 74.03099 132.13205 74.49559 131.85326 curveto
74.95934 131.57552 75.42328 131.318 75.88788 131.07751 curveto
76.3512 130.83702 76.81494 130.61674 77.2789 130.40924 curveto
77.74265 130.20174 78.20682 130.01231 78.6712 129.83461 curveto
79.13516 129.6569 79.59912 129.4941 80.06349 129.34406 curveto
80.52702 129.19402 80.99077 129.0578 81.45473 128.9333 curveto
81.91869 128.80774 82.38286 128.696 82.84703 128.59384 curveto
83.31056 128.49168 83.7743 128.40125 84.23805 128.32143 curveto
84.70201 128.24162 85.16617 128.17352 85.63034 128.11392 curveto
86.0943 128.0554 86.55847 128.00645 87.02264 127.96707 curveto
87.48639 127.9277 87.95013 127.89897 88.41388 127.87982 curveto
88.87805 127.86067 89.34201 127.85109 89.80617 127.85109 curveto
90.27034 127.85109 90.7343 127.86067 91.19847 127.87982 curveto
91.66222 127.89897 92.12596 127.9277 92.5897 127.96707 curveto
93.05388 128.00645 93.51805 128.0554 93.98201 128.11392 curveto
94.44617 128.17352 94.91034 128.24162 95.3743 128.32143 curveto
95.83804 128.40125 96.30179 128.49168 96.76532 128.59384 curveto
97.22949 128.696 97.69366 128.80774 98.15762 128.9333 curveto
98.62158 129.05887 99.08533 129.19507 99.54886 129.34512 curveto
100.01323 129.49516 100.47719 129.6569 100.94115 129.83461 curveto
101.40553 130.01231 101.8697 130.20174 102.33345 130.40924 curveto
102.79741 130.61674 103.26115 130.83807 103.72447 131.07857 curveto
104.18884 131.31906 104.65302 131.57552 105.11676 131.85326 curveto
105.58136 132.13205 106.04553 132.42682 106.50906 132.74712 curveto
106.97345 133.06741 107.43741 133.40688 107.9003 133.77505 curveto
108.36531 134.1443 108.82948 134.5359 109.29259 134.9605 curveto
109.7574 135.3872 110.22157 135.83733 110.68382 136.32788 curveto
111.14949 136.82164 111.61386 137.34412 112.07613 137.91342 curveto
112.54242 138.48698 113.0068 139.09354 113.46841 139.75648 curveto
113.93515 140.42688 114.39952 141.13559 114.85944 141.9124 curveto
115.32765 142.70305 115.7929 143.53731 116.25174 144.45671 curveto
116.72186 145.39847 117.18753 146.39342 117.64404 147.49052 curveto
118.1165 148.62488 118.58281 149.82309 119.03526 151.14473 curveto
119.512 152.53659 119.98021 154.00401 120.42757 155.62149 curveto
120.90982 157.36452 121.37932 159.19588 121.81859 161.20387 curveto
122.30978 163.44917 122.78247 165.79768 123.21089 168.34413 curveto
123.71379 171.33218 124.18988 174.43623 124.60318 177.75098 curveto
125.1212 181.90424 125.6007 186.17882 125.99442 190.65984 curveto
126.5318 196.77748 126.99661 203.04729 127.38672 209.4384 curveto stroke
newpath 125.713 206.54623 moveto
126.69499 207.19316 127.31506 208.26465 127.38672 209.4384 curveto
127.31506 208.26465 127.80022 207.12569 128.69624 206.36414 curveto stroke
newpath 50.91602 206.35674 moveto
51.81206 207.11826 52.29724 208.2572 52.22563 209.43095 curveto
52.29724 208.2572 52.91728 207.1857 53.89926 206.53874 curveto stroke
newpath 139.85312 -0.34584 moveto
140.24301 6.05486 140.70782 12.33531 141.24521 18.46252 curveto
141.63936 22.95525 142.11928 27.2426 142.63771 31.40756 curveto
143.05101 34.72656 143.52689 37.83487 144.0298 40.82825 curveto
144.4582 43.37788 144.93068 45.72852 145.42188 47.97702 curveto
145.86136 49.9882 146.3315 51.82275 146.81396 53.56897 curveto
147.26154 55.18857 147.72954 56.65918 148.20648 58.05319 curveto
148.65915 59.37695 149.12589 60.57622 149.59856 61.7127 curveto
150.05486 62.80981 150.52074 63.80476 150.99065 64.74757 curveto
151.44928 65.66698 151.91452 66.50339 152.38252 67.29402 curveto
152.84306 68.0719 153.30809 68.78166 153.77524 69.45313 curveto
154.23665 70.11607 154.70123 70.72263 155.16733 71.29726 curveto
155.62936 71.86656 156.09375 72.38797 156.5592 72.88173 curveto
157.02188 73.37228 157.48627 73.82454 157.95128 74.25125 curveto
158.41438 74.67691 158.87898 75.06743 159.34401 75.43774 curveto
159.80733 75.80594 160.2715 76.14645 160.73608 76.46675 curveto
161.1994 76.78706 161.66357 77.08075 162.12796 77.35956 curveto
162.59149 77.63728 163.05566 77.8948 163.52005 78.1353 curveto
163.98401 78.3758 164.44818 78.59712 164.91277 78.80463 curveto
165.37651 79.01213 165.84047 79.20262 166.30464 79.38033 curveto
166.76839 79.55803 167.23256 79.71977 167.69673 79.86981 curveto
168.16069 80.01987 168.62463 80.15607 169.0888 80.28163 curveto
169.55276 80.4072 170.01694 80.51894 170.48132 80.6211 curveto
170.94528 80.72325 171.40924 80.81369 171.87341 80.89351 curveto
172.33736 80.97331 172.80132 81.04141 173.26549 81.10101 curveto
173.72945 81.15953 174.1934 81.20848 174.65758 81.24786 curveto
175.12175 81.28723 175.58592 81.31596 176.05008 81.33511 curveto
176.51404 81.35426 176.97821 81.36385 177.44217 81.36385 curveto stroke
newpath 141.52649 2.54655 moveto
140.54459 1.89952 139.92462 0.82793 139.85312 -0.34584 curveto
139.92462 0.82793 139.43933 1.96684 138.54321 2.72829 curveto stroke
showpage
%%EOF
