%!PS
%%BoundingBox: -1 -1 181 125 
%%HiResBoundingBox: -0.24907 -0.24907 180.82149 124.78178 
%%Creator: MetaPost 1.9991
%%CreationDate: 2017.08.19:1107
%%Pages: 1
%%BeginProlog
%%EndProlog
%%Page: 1 1
 0 0 0 setrgbcolor
newpath 6.22664 14.4458 moveto
5.69817 14.4458 5.1914 14.23584 4.81773 13.86218 curveto
4.44408 13.48851 4.23412 12.98175 4.23412 12.45328 curveto
4.23412 11.9248 4.44408 11.41805 4.81773 11.04437 curveto
5.1914 10.67072 5.69817 10.46075 6.22664 10.46075 curveto
6.75511 10.46075 7.26187 10.67072 7.63554 11.04437 curveto
8.0092 11.41805 8.21916 11.9248 8.21916 12.45328 curveto
8.21916 12.98175 8.0092 13.48851 7.63554 13.86218 curveto
7.26187 14.23584 6.75511 14.4458 6.22664 14.4458 curveto closepath fill
newpath 45.34985 64.25888 moveto
44.82138 64.25888 44.31462 64.04892 43.94095 63.67526 curveto
43.56729 63.30159 43.35733 62.79483 43.35733 62.26636 curveto
43.35733 61.73788 43.56729 61.23112 43.94095 60.85745 curveto
44.31462 60.4838 44.82138 60.27383 45.34985 60.27383 curveto
45.87833 60.27383 46.38509 60.4838 46.75876 60.85745 curveto
47.13242 61.23112 47.34238 61.73788 47.34238 62.26636 curveto
47.34238 62.79483 47.13242 63.30159 46.75876 63.67526 curveto
46.38509 64.04892 45.87833 64.25888 45.34985 64.25888 curveto closepath fill
newpath 84.47307 114.07196 moveto
83.9446 114.07196 83.43784 113.862 83.06416 113.48834 curveto
82.6905 113.11467 82.48055 112.60791 82.48055 112.07944 curveto
82.48055 111.55096 82.6905 111.0442 83.06416 110.67053 curveto
83.43784 110.29688 83.9446 110.08691 84.47307 110.08691 curveto
85.00154 110.08691 85.5083 110.29688 85.88197 110.67053 curveto
86.25563 111.0442 86.46559 111.55096 86.46559 112.07944 curveto
86.46559 112.60791 86.25563 113.11467 85.88197 113.48834 curveto
85.5083 113.862 85.00154 114.07196 84.47307 114.07196 curveto closepath fill
newpath 123.59628 64.25888 moveto
123.06781 64.25888 122.56105 64.04892 122.18738 63.67526 curveto
121.81372 63.30159 121.60376 62.79483 121.60376 62.26636 curveto
121.60376 61.73788 121.81372 61.23112 122.18738 60.85745 curveto
122.56105 60.4838 123.06781 60.27383 123.59628 60.27383 curveto
124.12476 60.27383 124.63152 60.4838 125.00519 60.85745 curveto
125.37885 61.23112 125.5888 61.73788 125.5888 62.26636 curveto
125.5888 62.79483 125.37885 63.30159 125.00519 63.67526 curveto
124.63152 64.04892 124.12476 64.25888 123.59628 64.25888 curveto closepath fill
newpath 162.71948 14.4458 moveto
162.19101 14.4458 161.68425 14.23584 161.31058 13.86218 curveto
160.93692 13.48851 160.72696 12.98175 160.72696 12.45328 curveto
160.72696 11.9248 160.93692 11.41805 161.31058 11.04437 curveto
161.68425 10.67072 162.19101 10.46075 162.71948 10.46075 curveto
163.24796 10.46075 163.75471 10.67072 164.12839 11.04437 curveto
164.50204 11.41805 164.712 11.9248 164.712 12.45328 curveto
164.712 12.98175 164.50204 13.48851 164.12839 13.86218 curveto
163.75471 14.23584 163.24796 14.4458 162.71948 14.4458 curveto closepath fill
 0 0.49814 dtransform truncate idtransform setlinewidth pop [] 0 setdash
 1 setlinecap 1 setlinejoin 10 setmiterlimit
newpath 0 62.26636 moveto
180.57242 62.26636 lineto stroke
newpath 175.59111 64.75702 moveto
176.76704 63.1891 178.61253 62.26636 180.57242 62.26636 curveto
178.61253 62.26636 176.76704 61.34361 175.59111 59.7757 curveto stroke
 0.49814 0 dtransform exch truncate exch idtransform pop setlinewidth
newpath 6.22664 0 moveto
6.22664 124.53271 lineto stroke
 0 0.49814 dtransform truncate idtransform setlinewidth pop
newpath 3.73598 119.5514 moveto
5.3039 120.72734 6.22664 122.57283 6.22664 124.53271 curveto
6.22664 122.57283 7.14938 120.72734 8.7173 119.5514 curveto stroke
 0.49814 0 dtransform exch truncate exch idtransform pop setlinewidth
newpath 45.34985 60.27383 moveto
45.34985 64.25888 lineto stroke
newpath 84.47307 60.27383 moveto
84.47307 64.25888 lineto stroke
newpath 123.59628 60.27383 moveto
123.59628 64.25888 lineto stroke
newpath 162.71948 60.27383 moveto
162.71948 64.25888 lineto stroke
 0 0.49814 dtransform truncate idtransform setlinewidth pop
newpath 8.21916 12.45328 moveto
4.23412 12.45328 lineto stroke
newpath 8.21916 112.07944 moveto
4.23412 112.07944 lineto stroke
 0 1.24533 dtransform truncate idtransform setlinewidth pop
newpath 6.22664 12.45328 moveto
7.06046 12.45555 7.89236 12.5384 8.71022 12.70107 curveto
9.56 12.87018 10.3904 13.12291 11.19571 13.44139 curveto
12.05537 13.78152 12.88272 14.19768 13.67929 14.66666 curveto
14.54428 15.1759 15.36935 15.74939 16.1625 16.36469 curveto
17.02899 17.0366 17.85294 17.76135 18.64609 18.51877 curveto
19.5122 19.34575 20.33614 20.2149 21.13194 21.10991 curveto
21.99426 22.07979 22.81744 23.08386 23.61516 24.1077 curveto
24.47406 25.2102 25.2976 26.33969 26.09874 27.48476 curveto
26.95384 28.70699 27.77739 29.95087 28.58194 31.20691 curveto
29.434 32.53745 30.2587 33.88509 31.06781 35.24222 curveto
31.91531 36.66396 32.73962 38.09976 33.55139 39.54202 curveto
34.39548 41.04169 35.2194 42.55235 36.0346 44.06758 curveto
36.87488 45.62994 37.69957 47.20029 38.51819 48.77405 curveto
39.3558 50.3843 40.18126 52.00099 41.00406 53.61885 curveto
41.8375 55.25797 42.6618 56.90166 43.48726 58.54497 curveto
44.31766 60.19817 45.14235 61.85439 45.97084 63.50835 curveto
46.79782 65.15887 47.62213 66.81053 48.45404 68.45879 curveto
49.27837 70.09221 50.10382 71.72527 50.93991 73.353 curveto
51.76042 74.94994 52.58475 76.54498 53.4235 78.13242 curveto
54.24059 79.67882 55.06453 81.22104 55.90671 82.75375 curveto
56.72038 84.2344 57.54431 85.70973 58.39029 87.17213 curveto
59.20093 88.57411 60.02562 89.96736 60.87578 91.34578 curveto
61.68222 92.6535 62.50616 93.95021 63.35936 95.22754 curveto
64.16238 96.42963 64.98557 97.61763 65.84256 98.78171 curveto
66.6418 99.8675 67.46535 100.93542 68.32616 101.97331 curveto
69.12311 102.93407 69.94742 103.87239 70.81201 104.77272 curveto
71.60555 105.59894 72.42911 106.39627 73.29523 107.14647 curveto
74.08836 107.8332 74.91231 108.48384 75.77881 109.07558 curveto
76.57309 109.61789 77.39893 110.11385 78.26201 110.53874 curveto
79.06276 110.93323 79.89201 111.26842 80.74788 111.52306 curveto
81.55888 111.76437 82.38966 111.93388 83.23146 112.01787 curveto
84.0573 112.10034 84.88882 112.10034 85.71466 112.01787 curveto
86.55646 111.93388 87.38724 111.76437 88.19826 111.52306 curveto
89.05411 111.26842 89.88336 110.93323 90.68411 110.53874 curveto
91.5472 110.11346 92.37265 109.61714 93.16733 109.07481 curveto
94.03345 108.48308 94.85814 107.8332 95.65091 107.14647 curveto
96.51703 106.39627 97.34058 105.59818 98.13411 104.77196 curveto
98.99872 103.87163 99.82303 102.9333 100.61998 101.97255 curveto
101.48077 100.93466 102.30396 99.86673 103.10356 98.78094 curveto
103.96056 97.61726 104.78412 96.42924 105.58676 95.22754 curveto
106.44035 93.94983 107.2639 92.65274 108.07036 91.34502 curveto
108.92052 89.9666 109.74521 88.57336 110.55583 87.17137 curveto
111.40181 85.70897 112.22575 84.23364 113.03943 82.75299 curveto
113.8816 81.22028 114.70554 79.67805 115.52263 78.13165 curveto
116.36139 76.54422 117.1857 74.94917 118.00621 73.35223 curveto
118.84232 71.7245 119.66777 70.09146 120.49208 68.45802 curveto
121.32399 66.80978 122.14832 65.15811 122.97528 63.50758 curveto
123.80379 61.85362 124.62848 60.1974 125.45886 58.5442 curveto
126.28432 56.9009 127.10864 55.25722 127.94208 53.61809 curveto
128.76486 52.00024 129.59032 50.38353 130.42793 48.77328 curveto
131.24655 47.19952 132.07124 45.62918 132.91153 44.06683 curveto
133.72672 42.55159 134.55066 41.04092 135.39473 39.54128 curveto
136.2065 38.099 137.03082 36.6632 137.87831 35.24146 curveto
138.68742 33.8847 139.51213 32.53706 140.36418 31.20691 curveto
141.16873 29.95087 141.9923 28.70699 142.84738 27.48476 curveto
143.64851 26.33969 144.47208 25.2102 145.33098 24.1077 curveto
146.12868 23.08386 146.95186 22.07979 147.81418 21.10991 curveto
148.60999 20.2149 149.43393 19.34575 150.30005 18.51877 curveto
151.0932 17.76135 151.91713 17.0366 152.78363 16.36469 curveto
153.57678 15.74939 154.40186 15.1759 155.26683 14.66666 curveto
156.0634 14.19768 156.89076 13.78152 157.75041 13.44139 curveto
158.55573 13.12253 159.38612 12.86943 160.2359 12.7003 curveto
161.05376 12.53764 161.88567 12.4548 162.71948 12.45328 curveto stroke
showpage
%%EOF
