%!PS
%%BoundingBox: -1 -1 182 102 
%%HiResBoundingBox: -0.24907 -0.24907 181.5687 101.12056 
%%Creator: MetaPost 1.9991
%%CreationDate: 2017.08.19:1107
%%Pages: 1
%%BeginProlog
%%EndProlog
%%Page: 1 1
 0 0 0 setrgbcolor
newpath 5.5872 35.61635 moveto
5.05873 35.61635 4.55197 35.40639 4.1783 35.03273 curveto
3.80464 34.65906 3.59468 34.1523 3.59468 33.62383 curveto
3.59468 33.09535 3.80464 32.5886 4.1783 32.21492 curveto
4.55197 31.84126 5.05873 31.6313 5.5872 31.6313 curveto
6.11568 31.6313 6.62244 31.84126 6.99611 32.21492 curveto
7.36977 32.5886 7.57973 33.09535 7.57973 33.62383 curveto
7.57973 34.1523 7.36977 34.65906 6.99611 35.03273 curveto
6.62244 35.40639 6.11568 35.61635 5.5872 35.61635 curveto closepath fill
newpath 25.93008 8.71729 moveto
25.40161 8.71729 24.89485 8.50732 24.52118 8.13367 curveto
24.14752 7.76 23.93756 7.25323 23.93756 6.72476 curveto
23.93756 6.19629 24.14752 5.68953 24.52118 5.31586 curveto
24.89485 4.9422 25.40161 4.73224 25.93008 4.73224 curveto
26.45856 4.73224 26.96532 4.9422 27.33899 5.31586 curveto
27.71265 5.68953 27.9226 6.19629 27.9226 6.72476 curveto
27.9226 7.25323 27.71265 7.76 27.33899 8.13367 curveto
26.96532 8.50732 26.45856 8.71729 25.93008 8.71729 curveto closepath fill
newpath 46.27534 35.61635 moveto
45.74687 35.61635 45.24011 35.40639 44.86644 35.03273 curveto
44.49278 34.65906 44.28282 34.1523 44.28282 33.62383 curveto
44.28282 33.09535 44.49278 32.5886 44.86644 32.21492 curveto
45.24011 31.84126 45.74687 31.6313 46.27534 31.6313 curveto
46.80382 31.6313 47.31058 31.84126 47.68425 32.21492 curveto
48.0579 32.5886 48.26787 33.09535 48.26787 33.62383 curveto
48.26787 34.1523 48.0579 34.65906 47.68425 35.03273 curveto
47.31058 35.40639 46.80382 35.61635 46.27534 35.61635 curveto closepath fill
newpath 66.61942 62.51541 moveto
66.09094 62.51541 65.58418 62.30545 65.21051 61.9318 curveto
64.83685 61.55812 64.62689 61.05136 64.62689 60.52289 curveto
64.62689 59.99442 64.83685 59.48766 65.21051 59.11398 curveto
65.58418 58.74033 66.09094 58.53036 66.61942 58.53036 curveto
67.14789 58.53036 67.65465 58.74033 68.02832 59.11398 curveto
68.40198 59.48766 68.61194 59.99442 68.61194 60.52289 curveto
68.61194 61.05136 68.40198 61.55812 68.02832 61.9318 curveto
67.65465 62.30545 67.14789 62.51541 66.61942 62.51541 curveto closepath fill
newpath 86.96349 35.61635 moveto
86.43501 35.61635 85.92825 35.40639 85.55458 35.03273 curveto
85.18092 34.65906 84.97096 34.1523 84.97096 33.62383 curveto
84.97096 33.09535 85.18092 32.5886 85.55458 32.21492 curveto
85.92825 31.84126 86.43501 31.6313 86.96349 31.6313 curveto
87.49196 31.6313 87.99872 31.84126 88.37239 32.21492 curveto
88.74605 32.5886 88.95601 33.09535 88.95601 33.62383 curveto
88.95601 34.1523 88.74605 34.65906 88.37239 35.03273 curveto
87.99872 35.40639 87.49196 35.61635 86.96349 35.61635 curveto closepath fill
newpath 107.30754 8.71729 moveto
106.77907 8.71729 106.27231 8.50732 105.89864 8.13367 curveto
105.52498 7.76 105.31502 7.25323 105.31502 6.72476 curveto
105.31502 6.19629 105.52498 5.68953 105.89864 5.31586 curveto
106.27231 4.9422 106.77907 4.73224 107.30754 4.73224 curveto
107.83601 4.73224 108.34277 4.9422 108.71645 5.31586 curveto
109.0901 5.68953 109.30006 6.19629 109.30006 6.72476 curveto
109.30006 7.25323 109.0901 7.76 108.71645 8.13367 curveto
108.34277 8.50732 107.83601 8.71729 107.30754 8.71729 curveto closepath fill
newpath 127.65161 35.61635 moveto
127.12314 35.61635 126.61638 35.40639 126.2427 35.03273 curveto
125.86905 34.65906 125.65909 34.1523 125.65909 33.62383 curveto
125.65909 33.09535 125.86905 32.5886 126.2427 32.21492 curveto
126.61638 31.84126 127.12314 31.6313 127.65161 31.6313 curveto
128.18008 31.6313 128.68684 31.84126 129.06052 32.21492 curveto
129.43417 32.5886 129.64413 33.09535 129.64413 33.62383 curveto
129.64413 34.1523 129.43417 34.65906 129.06052 35.03273 curveto
128.68684 35.40639 128.18008 35.61635 127.65161 35.61635 curveto closepath fill
newpath 147.99568 62.51541 moveto
147.46721 62.51541 146.96045 62.30545 146.58678 61.9318 curveto
146.21312 61.55812 146.00316 61.05136 146.00316 60.52289 curveto
146.00316 59.99442 146.21312 59.48766 146.58678 59.11398 curveto
146.96045 58.74033 147.46721 58.53036 147.99568 58.53036 curveto
148.52415 58.53036 149.03091 58.74033 149.40459 59.11398 curveto
149.77824 59.48766 149.9882 59.99442 149.9882 60.52289 curveto
149.9882 61.05136 149.77824 61.55812 149.40459 61.9318 curveto
149.03091 62.30545 148.52415 62.51541 147.99568 62.51541 curveto closepath fill
newpath 168.34094 35.61635 moveto
167.81247 35.61635 167.30571 35.40639 166.93204 35.03273 curveto
166.55838 34.65906 166.34842 34.1523 166.34842 33.62383 curveto
166.34842 33.09535 166.55838 32.5886 166.93204 32.21492 curveto
167.30571 31.84126 167.81247 31.6313 168.34094 31.6313 curveto
168.86942 31.6313 169.37617 31.84126 169.74985 32.21492 curveto
170.1235 32.5886 170.33347 33.09535 170.33347 33.62383 curveto
170.33347 34.1523 170.1235 34.65906 169.74985 35.03273 curveto
169.37617 35.40639 168.86942 35.61635 168.34094 35.61635 curveto closepath fill
 0 0.49814 dtransform truncate idtransform setlinewidth pop [] 0 setdash
 1 setlinecap 1 setlinejoin 10 setmiterlimit
newpath 0 87.42195 moveto
181.31963 87.42195 lineto stroke
newpath 176.33832 89.91261 moveto
177.51425 88.3447 179.35974 87.42195 181.31963 87.42195 curveto
179.35974 87.42195 177.51425 86.4992 176.33832 84.93129 curveto stroke
 0.49814 0 dtransform exch truncate exch idtransform pop setlinewidth
newpath 97.13551 0 moveto
97.13551 100.87149 lineto stroke
 0 0.49814 dtransform truncate idtransform setlinewidth pop
newpath 94.64485 95.89018 moveto
96.21277 97.06612 97.13551 98.9116 97.13551 100.87149 curveto
97.13551 98.9116 98.05826 97.06612 99.62617 95.89018 curveto stroke
 0.49814 0 dtransform exch truncate exch idtransform pop setlinewidth
newpath 5.5872 85.42943 moveto
5.5872 89.41447 lineto stroke
newpath 25.93008 85.42943 moveto
25.93008 89.41447 lineto stroke
newpath 46.27534 85.42943 moveto
46.27534 89.41447 lineto stroke
newpath 66.61942 85.42943 moveto
66.61942 89.41447 lineto stroke
newpath 86.96349 85.42943 moveto
86.96349 89.41447 lineto stroke
newpath 107.30754 85.42943 moveto
107.30754 89.41447 lineto stroke
newpath 127.65161 85.42943 moveto
127.65161 89.41447 lineto stroke
newpath 147.99568 85.42943 moveto
147.99568 89.41447 lineto stroke
newpath 168.34094 85.42943 moveto
168.34094 89.41447 lineto stroke
 0 0.49814 dtransform truncate idtransform setlinewidth pop
newpath 99.12804 6.72476 moveto
95.14299 6.72476 lineto stroke
newpath 99.12804 33.62383 moveto
95.14299 33.62383 lineto stroke
newpath 99.12804 60.52289 moveto
95.14299 60.52289 lineto stroke
 0 1.24533 dtransform truncate idtransform setlinewidth pop
newpath 5.5872 33.62424 moveto
6.01663 32.72946 6.44705 31.83673 6.87866 30.94647 curveto
7.30809 30.06073 7.73734 29.17499 8.16992 28.2958 curveto
8.59837 27.42525 9.0276 26.55675 9.4614 25.69727 curveto
9.88943 24.84888 10.31987 24.0054 10.75523 23.17343 curveto
11.1815 22.35869 11.61093 21.55093 12.0465 20.75795 curveto
12.47197 19.98343 12.90141 19.21796 13.33795 18.47012 curveto
13.76265 17.7428 14.19208 17.02739 14.62943 16.33292 curveto
15.05333 15.65979 15.48296 15.00185 15.92068 14.3681 curveto
16.3442 13.7549 16.77382 13.16057 17.21216 12.59375 curveto
17.63527 12.04662 18.0651 11.52165 18.50342 11.02872 curveto
18.92673 10.5526 19.35675 10.10274 19.79489 9.68819 curveto
20.21938 9.28677 20.65039 8.91531 21.08871 8.58327 curveto
21.51321 8.26147 21.94383 7.97458 22.38019 7.72954 curveto
22.80606 7.49025 23.23668 7.28954 23.67145 7.13316 curveto
24.0991 6.97923 24.53012 6.86678 24.96292 6.79988 curveto
25.39255 6.73338 25.82356 6.7108 26.25418 6.73297 curveto
26.68599 6.75514 27.117 6.82286 27.54564 6.93327 curveto
27.97943 7.0449 28.41025 7.2017 28.83711 7.39871 curveto
29.27267 7.59984 29.7033 7.84406 30.12837 8.1248 curveto
30.56612 8.41376 30.99733 8.74374 31.42221 9.10617 curveto
31.85995 9.47969 32.29018 9.89014 32.71368 10.32932 curveto
33.15181 10.78368 33.58183 11.2717 34.00494 11.78394 curveto
34.44327 12.31464 34.87311 12.87491 35.2964 13.45569 curveto
35.73454 14.05699 36.16417 14.68375 36.58788 15.32773 curveto
37.0254 15.99307 37.45485 16.68016 37.87914 17.3816 curveto
38.31609 18.10359 38.74551 18.84485 39.17061 19.5968 curveto
39.60655 20.36803 40.036 21.15526 40.46187 21.95071 curveto
40.89783 22.76503 41.32805 23.59291 41.7557 24.42612 curveto
42.18988 25.27205 42.61932 26.12823 43.04716 26.98813 curveto
43.48036 27.85869 43.90979 28.73663 44.33864 29.61623 curveto
44.77065 30.50197 45.20007 31.39345 45.6299 32.28372 curveto
46.06091 33.17644 46.49036 34.07204 46.92137 34.96475 curveto
47.3512 35.85501 47.78062 36.7465 48.21263 37.63225 curveto
48.64148 38.51184 49.0709 39.38979 49.50409 40.26035 curveto
49.93195 41.12022 50.36139 41.97643 50.79556 42.82236 curveto
51.22322 43.65556 51.65344 44.48303 52.0894 45.29735 curveto
52.51527 46.0928 52.9447 46.88045 53.38066 47.65167 curveto
53.80576 48.40361 54.23518 49.14488 54.67213 49.86687 curveto
55.09642 50.5679 55.52586 51.2554 55.9634 51.92033 curveto
56.3871 52.56432 56.81673 53.19107 57.25485 53.79237 curveto
57.67816 54.37315 58.108 54.93343 58.54633 55.46413 curveto
58.96944 55.97636 59.39946 56.46397 59.83759 56.91833 curveto
60.2611 57.35751 60.69131 57.76837 61.12906 58.14189 curveto
61.55394 58.5043 61.98515 58.8343 62.4229 59.12326 curveto
62.84798 59.404 63.2786 59.64822 63.71416 59.84894 curveto
64.14102 60.04594 64.57184 60.20274 65.00562 60.31438 curveto
65.43427 60.42479 65.86528 60.49251 66.29709 60.51468 curveto
66.7277 60.53685 67.15872 60.51427 67.58835 60.44777 curveto
68.02115 60.38087 68.45216 60.268 68.87982 60.11409 curveto
69.31459 59.9577 69.74521 59.75699 70.17108 59.5177 curveto
70.60744 59.27266 71.03806 58.98576 71.46254 58.66397 curveto
71.90088 58.33192 72.3319 57.96046 72.75638 57.55905 curveto
73.19452 57.1445 73.62454 56.69464 74.04785 56.21854 curveto
74.48618 55.72559 74.916 55.20062 75.33911 54.65349 curveto
75.77744 54.08667 76.20708 53.49234 76.63058 52.87914 curveto
77.06831 52.245 77.49794 51.58745 77.92184 50.91391 curveto
78.35918 50.21944 78.78862 49.50403 79.2133 48.77672 curveto
79.64986 48.02888 80.07928 47.2634 80.50478 46.48888 curveto
80.94034 45.69589 81.36977 44.88814 81.79604 44.0738 curveto
82.2316 43.24184 82.66162 42.39795 83.08987 41.54956 curveto
83.52345 40.69049 83.9529 39.82199 84.38133 38.95143 curveto
84.81393 38.07225 85.24318 37.1861 85.6726 36.30035 curveto
86.10422 35.4101 86.53365 34.51532 86.96407 33.62259 curveto
87.3945 32.72987 87.82393 31.8351 88.25554 30.94484 curveto
88.68497 30.0591 89.11421 29.17334 89.5468 28.29417 curveto
89.97525 27.42361 90.40448 26.5551 90.83827 25.69563 curveto
91.26631 24.84723 91.69655 24.00377 92.1321 23.17178 curveto
92.55838 22.35747 92.98781 21.5497 93.42337 20.75671 curveto
93.84885 19.98221 94.27829 19.21672 94.71483 18.46889 curveto
95.13953 17.74158 95.56895 17.02617 96.0063 16.33168 curveto
96.43019 15.65855 96.85983 15.00061 97.29756 14.36688 curveto
97.72107 13.75366 98.1507 13.15935 98.58904 12.59293 curveto
99.01215 12.04579 99.44197 11.52084 99.8803 11.0279 curveto
100.3036 10.55177 100.73363 10.10191 101.17175 9.68736 curveto
101.59625 9.28595 102.02727 8.9149 102.46559 8.58286 curveto
102.89029 8.26106 103.32071 7.97417 103.75706 7.72913 curveto
104.18294 7.48984 104.61356 7.28954 105.04832 7.13316 curveto
105.47598 6.97923 105.907 6.86678 106.33978 6.79988 curveto
106.76942 6.73338 107.20044 6.7108 107.63106 6.73297 curveto
108.06287 6.75514 108.49388 6.82327 108.92252 6.93369 curveto
109.35631 7.04573 109.78712 7.20212 110.21399 7.39912 curveto
110.64955 7.60025 111.08017 7.84447 111.50525 8.12521 curveto
111.943 8.41457 112.3742 8.74457 112.79909 9.107 curveto
113.23682 9.4805 113.66705 9.89136 114.09055 10.33054 curveto
114.52869 10.78491 114.95871 11.27293 115.38182 11.78517 curveto
115.82014 12.31587 116.24997 12.87613 116.67328 13.45691 curveto
117.11142 14.05823 117.54105 14.68497 117.96475 15.32896 curveto
118.40228 15.9943 118.83171 16.68138 119.25601 17.38284 curveto
119.69296 18.10481 120.12239 18.84608 120.54749 19.59802 curveto
120.98343 20.36926 121.41287 21.1569 121.83875 21.95235 curveto
122.2747 22.76709 122.70493 23.59454 123.13258 24.42775 curveto
123.56676 25.27368 123.99619 26.12988 124.42404 26.98976 curveto
124.85724 27.86032 125.28667 28.73827 125.71552 29.61786 curveto
126.1475 30.5036 126.57695 31.3951 127.00677 32.28535 curveto
127.43779 33.17809 127.86722 34.07367 128.29823 34.9664 curveto
128.72807 35.85666 129.1575 36.74815 129.58951 37.6339 curveto
130.01834 38.51349 130.44778 39.39143 130.88097 40.262 curveto
131.30882 41.12187 131.73827 41.97807 132.17244 42.82399 curveto
132.6001 43.65721 133.03032 44.48466 133.46628 45.299 curveto
133.89215 46.09444 134.32158 46.88168 134.75754 47.65291 curveto
135.18262 48.40485 135.61206 49.14612 136.049 49.86809 curveto
136.4733 50.56914 136.90273 51.25664 137.34027 51.92155 curveto
137.76398 52.56555 138.1936 53.1923 138.63173 53.79361 curveto
139.05504 54.37439 139.48486 54.93423 139.9232 55.46495 curveto
140.34631 55.97719 140.77634 56.46521 141.21446 56.91957 curveto
141.63797 57.35875 142.06819 57.7692 142.50594 58.1427 curveto
142.93082 58.50471 143.36203 58.83472 143.79976 59.12367 curveto
144.22485 59.40442 144.65547 59.64864 145.09103 59.84935 curveto
145.5179 60.04636 145.94872 60.20274 146.38249 60.31438 curveto
146.81114 60.42479 147.24216 60.49251 147.67397 60.51468 curveto
148.10458 60.53685 148.5356 60.51385 148.96523 60.44737 curveto
149.39803 60.38046 149.82904 60.268 150.25668 60.11409 curveto
150.69147 59.9577 151.12209 59.75658 151.54796 59.51729 curveto
151.98431 59.27226 152.41493 58.98535 152.83942 58.66356 curveto
153.27776 58.33151 153.70877 57.96005 154.13326 57.55823 curveto
154.57138 57.14368 155.00142 56.69342 155.42473 56.2173 curveto
155.86305 55.72435 156.29288 55.19939 156.71599 54.65227 curveto
157.15431 54.08543 157.58395 53.4911 158.00745 52.8779 curveto
158.44519 52.24376 158.87482 51.58623 159.29872 50.91267 curveto
159.73605 50.2182 160.1655 49.50279 160.59018 48.77548 curveto
161.02673 48.02765 161.45616 47.26216 161.88165 46.48724 curveto
162.31721 45.69426 162.74664 44.88649 163.17291 44.07217 curveto
163.60847 43.24019 164.0385 42.39632 164.46675 41.54791 curveto
164.90033 40.68886 165.32977 39.82034 165.75821 38.94978 curveto
166.19081 38.0706 166.62004 37.18445 167.04948 36.2987 curveto
167.4811 35.40845 167.91151 34.51573 168.34094 33.62096 curveto stroke
showpage
%%EOF
