%!PS
%%BoundingBox: -1 -1 189 120 
%%HiResBoundingBox: -0.24907 -0.24907 188.54251 119.80046 
%%Creator: MetaPost 1.9991
%%CreationDate: 2017.08.19:1107
%%Pages: 1
%%BeginProlog
%%EndProlog
%%Page: 1 1
 0 0 0 setrgbcolor
newpath 5.45525 61.76822 moveto
4.92677 61.76822 4.42001 61.55826 4.04634 61.1846 curveto
3.67268 60.81093 3.46272 60.30417 3.46272 59.7757 curveto
3.46272 59.24722 3.67268 58.74046 4.04634 58.36679 curveto
4.42001 57.99313 4.92677 57.78317 5.45525 57.78317 curveto
5.98372 57.78317 6.49048 57.99313 6.86415 58.36679 curveto
7.23781 58.74046 7.44777 59.24722 7.44777 59.7757 curveto
7.44777 60.30417 7.23781 60.81093 6.86415 61.1846 curveto
6.49048 61.55826 5.98372 61.76822 5.45525 61.76822 curveto closepath fill
newpath 47.70831 21.91776 moveto
47.17984 21.91776 46.67308 21.7078 46.29941 21.33414 curveto
45.92575 20.96046 45.71579 20.4537 45.71579 19.92523 curveto
45.71579 19.39676 45.92575 18.89 46.29941 18.51633 curveto
46.67308 18.14267 47.17984 17.93271 47.70831 17.93271 curveto
48.23679 17.93271 48.74355 18.14267 49.11722 18.51633 curveto
49.49088 18.89 49.70084 19.39676 49.70084 19.92523 curveto
49.70084 20.4537 49.49088 20.96046 49.11722 21.33414 curveto
48.74355 21.7078 48.23679 21.91776 47.70831 21.91776 curveto closepath fill
newpath 89.9614 61.76822 moveto
89.43292 61.76822 88.92616 61.55826 88.55249 61.1846 curveto
88.17883 60.81093 87.96887 60.30417 87.96887 59.7757 curveto
87.96887 59.24722 88.17883 58.74046 88.55249 58.36679 curveto
88.92616 57.99313 89.43292 57.78317 89.9614 57.78317 curveto
90.48987 57.78317 90.99663 57.99313 91.3703 58.36679 curveto
91.74396 58.74046 91.95392 59.24722 91.95392 59.7757 curveto
91.95392 60.30417 91.74396 60.81093 91.3703 61.1846 curveto
90.99663 61.55826 90.48987 61.76822 89.9614 61.76822 curveto closepath fill
newpath 132.21446 101.61868 moveto
131.68599 101.61868 131.17923 101.40872 130.80556 101.03506 curveto
130.4319 100.66139 130.22194 100.15463 130.22194 99.62616 curveto
130.22194 99.09769 130.4319 98.59093 130.80556 98.21725 curveto
131.17923 97.8436 131.68599 97.63364 132.21446 97.63364 curveto
132.74294 97.63364 133.2497 97.8436 133.62337 98.21725 curveto
133.99702 98.59093 134.20699 99.09769 134.20699 99.62616 curveto
134.20699 100.15463 133.99702 100.66139 133.62337 101.03506 curveto
133.2497 101.40872 132.74294 101.61868 132.21446 101.61868 curveto closepath fill
newpath 174.46712 61.76822 moveto
173.93864 61.76822 173.43188 61.55826 173.05821 61.1846 curveto
172.68456 60.81093 172.4746 60.30417 172.4746 59.7757 curveto
172.4746 59.24722 172.68456 58.74046 173.05821 58.36679 curveto
173.43188 57.99313 173.93864 57.78317 174.46712 57.78317 curveto
174.99559 57.78317 175.50235 57.99313 175.87602 58.36679 curveto
176.24968 58.74046 176.45964 59.24722 176.45964 59.7757 curveto
176.45964 60.30417 176.24968 60.81093 175.87602 61.1846 curveto
175.50235 61.55826 174.99559 61.76822 174.46712 61.76822 curveto closepath fill
 0 0.49814 dtransform truncate idtransform setlinewidth pop [] 0 setdash
 1 setlinecap 1 setlinejoin 10 setmiterlimit
newpath 0 59.7757 moveto
188.29344 59.7757 lineto stroke
newpath 183.31213 62.26636 moveto
184.48807 60.69844 186.33356 59.7757 188.29344 59.7757 curveto
186.33356 59.7757 184.48807 58.85295 183.31213 57.28503 curveto stroke
 0.49814 0 dtransform exch truncate exch idtransform pop setlinewidth
newpath 33.62383 0 moveto
33.62383 119.55139 lineto stroke
 0 0.49814 dtransform truncate idtransform setlinewidth pop
newpath 31.13316 114.57008 moveto
32.70108 115.74602 33.62383 117.5915 33.62383 119.55139 curveto
33.62383 117.5915 34.54657 115.74602 36.11449 114.57008 curveto stroke
 0.49814 0 dtransform exch truncate exch idtransform pop setlinewidth
newpath 5.45525 57.78317 moveto
5.45525 61.76822 lineto stroke
newpath 47.70831 57.78317 moveto
47.70831 61.76822 lineto stroke
newpath 89.9614 57.78317 moveto
89.9614 61.76822 lineto stroke
newpath 132.21446 57.78317 moveto
132.21446 61.76822 lineto stroke
newpath 174.46712 57.78317 moveto
174.46712 61.76822 lineto stroke
 0 0.49814 dtransform truncate idtransform setlinewidth pop
newpath 35.61635 19.92523 moveto
31.6313 19.92523 lineto stroke
newpath 35.61635 99.62616 moveto
31.6313 99.62616 lineto stroke
 0 1.24533 dtransform truncate idtransform setlinewidth pop
newpath 5.45525 59.7757 moveto
6.34715 58.4501 7.2411 57.12755 8.13753 55.80865 curveto
9.03024 54.49522 9.92256 53.1818 10.82184 51.87808 curveto
11.7117 50.58836 12.60318 49.3017 13.50412 48.0284 curveto
14.39151 46.77394 15.2834 45.5268 16.18597 44.29668 curveto
17.07172 43.08965 17.96362 41.89297 18.86826 40.71758 curveto
19.75276 39.56892 20.6455 38.43365 21.55298 37.32515 curveto
22.43504 36.24765 23.32652 35.18839 24.23485 34.15955 curveto
25.11566 33.1617 26.00757 32.18756 26.91711 31.2481 curveto
27.7967 30.33965 28.68903 29.45915 29.59898 28.62003 curveto
30.47856 27.80885 31.37212 27.03053 32.28372 26.29903 curveto
33.16289 25.59366 34.05603 24.92783 34.96599 24.31367 curveto
35.846 23.7202 36.73912 23.1705 37.64784 22.6798 curveto
38.5295 22.20306 39.42386 21.77802 40.33012 21.41501 curveto
41.21545 21.0605 42.11064 20.76254 43.01445 20.53026 curveto
43.90265 20.30223 44.79784 20.13562 45.69672 20.03651 curveto
46.58904 19.938 47.4842 19.90456 48.37859 19.9374 curveto
49.2754 19.97023 50.1706 20.07056 51.06085 20.23413 curveto
51.9626 20.40013 52.8582 20.63303 53.74559 20.9249 curveto
54.6502 21.22285 55.54457 21.58466 56.42744 22.00058 curveto
57.33495 22.42805 58.2289 22.91573 59.10973 23.45143 curveto
60.01886 24.00478 60.9124 24.61345 61.79158 25.26347 curveto
62.70277 25.93723 63.59631 26.66083 64.47632 27.4203 curveto
65.38669 28.20653 66.2794 29.03654 67.15858 29.89697 curveto
68.06854 30.7878 68.96045 31.71631 69.84045 32.67038 curveto
70.74918 33.65605 71.6415 34.67397 72.52272 35.71315 curveto
73.43063 36.78336 74.32376 37.88275 75.20705 38.99734 curveto
76.11249 40.14052 77.0048 41.3068 77.88931 42.48584 curveto
78.79312 43.68982 79.68462 44.91325 80.57118 46.1452 curveto
81.47293 47.39844 82.36484 48.66687 83.25345 49.94078 curveto
84.15398 51.2317 85.04669 52.53358 85.93819 53.83789 curveto
86.83542 55.15012 87.72733 56.47084 88.62004 57.78973 curveto
89.51523 59.11229 90.40714 60.4391 91.30232 61.76166 curveto
92.19504 63.08055 93.08694 64.40128 93.98418 65.7135 curveto
94.87567 67.0178 95.76839 68.31969 96.66891 69.61061 curveto
97.55753 70.88452 98.44943 72.15295 99.35118 73.40619 curveto
100.23775 74.63814 101.12924 75.86157 102.03305 77.06555 curveto
102.91756 78.2446 103.80988 79.41087 104.71532 80.55405 curveto
105.5986 81.66864 106.49173 82.76804 107.39964 83.83824 curveto
108.28087 84.87743 109.17319 85.89534 110.08191 86.88101 curveto
110.96191 87.83508 111.85382 88.7636 112.76378 89.65442 curveto
113.64296 90.51485 114.53568 91.34486 115.44604 92.13109 curveto
116.32605 92.89056 117.21959 93.61417 118.13078 94.28792 curveto
119.00996 94.93794 119.9035 95.54662 120.81265 96.09996 curveto
121.69347 96.63567 122.58742 97.12334 123.49492 97.55081 curveto
124.37779 97.96674 125.27216 98.32854 126.17677 98.6265 curveto
127.06416 98.91837 127.95976 99.15126 128.86151 99.31726 curveto
129.75177 99.48083 130.64696 99.58116 131.5438 99.614 curveto
132.43816 99.64684 133.33334 99.61339 134.22565 99.51488 curveto
135.12453 99.41577 136.01971 99.24916 136.90791 99.02113 curveto
137.81172 98.78885 138.70691 98.49089 139.59224 98.13638 curveto
140.4985 97.77338 141.39288 97.34833 142.27452 96.8716 curveto
143.18324 96.38089 144.07639 95.83119 144.95638 95.23772 curveto
145.86633 94.62357 146.75948 93.95712 147.63866 93.25177 curveto
148.54984 92.52086 149.4438 91.74254 150.32338 90.93137 curveto
151.23375 90.09224 152.12566 89.21175 153.00525 88.3033 curveto
153.9148 87.36383 154.80711 86.3897 155.68752 85.39185 curveto
156.59584 84.363 157.48734 83.30313 158.36938 82.22563 curveto
159.27687 81.11652 160.1696 79.98186 161.05411 78.8332 curveto
161.95874 77.65842 162.85065 76.46175 163.73639 75.25471 curveto
164.63896 74.0246 165.53087 72.77745 166.41824 71.523 curveto
167.31918 70.2497 168.21066 68.96303 169.10052 67.67331 curveto
169.99982 66.3696 170.89212 65.05617 171.78485 63.74274 curveto
172.68126 62.42384 173.57521 61.10129 174.46712 59.7757 curveto stroke
showpage
%%EOF
