%!PS
%%BoundingBox: -1 -1 191 113 
%%HiResBoundingBox: -0.24907 -0.24907 190.7841 112.3285 
%%Creator: MetaPost 1.9991
%%CreationDate: 2017.08.19:1107
%%Pages: 1
%%BeginProlog
%%EndProlog
%%Page: 1 1
 0 0 0 setrgbcolor
newpath 11.50296 9.4645 moveto
10.97449 9.4645 10.46773 9.25453 10.09406 8.88087 curveto
9.7204 8.5072 9.51044 8.00044 9.51044 7.47197 curveto
9.51044 6.9435 9.7204 6.43674 10.09406 6.06306 curveto
10.46773 5.6894 10.97449 5.47945 11.50296 5.47945 curveto
12.03143 5.47945 12.5382 5.6894 12.91187 6.06306 curveto
13.28552 6.43674 13.49548 6.9435 13.49548 7.47197 curveto
13.49548 8.00044 13.28552 8.5072 12.91187 8.88087 curveto
12.5382 9.25453 12.03143 9.4645 11.50296 9.4645 curveto closepath fill
newpath 51.40865 54.29626 moveto
50.88017 54.29626 50.37341 54.0863 49.99974 53.71265 curveto
49.62608 53.33897 49.41612 52.83221 49.41612 52.30374 curveto
49.41612 51.77527 49.62608 51.26851 49.99974 50.89484 curveto
50.37341 50.52118 50.88017 50.31122 51.40865 50.31122 curveto
51.93712 50.31122 52.44388 50.52118 52.81755 50.89484 curveto
53.19121 51.26851 53.40117 51.77527 53.40117 52.30374 curveto
53.40117 52.83221 53.19121 53.33897 52.81755 53.71265 curveto
52.44388 54.0863 51.93712 54.29626 51.40865 54.29626 curveto closepath fill
newpath 91.31432 99.12804 moveto
90.78584 99.12804 90.27908 98.91808 89.90541 98.54442 curveto
89.53175 98.17075 89.3218 97.66399 89.3218 97.13551 curveto
89.3218 96.60704 89.53175 96.10028 89.90541 95.72661 curveto
90.27908 95.35295 90.78584 95.14299 91.31432 95.14299 curveto
91.84279 95.14299 92.34955 95.35295 92.72322 95.72661 curveto
93.09688 96.10028 93.30684 96.60704 93.30684 97.13551 curveto
93.30684 97.66399 93.09688 98.17075 92.72322 98.54442 curveto
92.34955 98.91808 91.84279 99.12804 91.31432 99.12804 curveto closepath fill
newpath 131.22 54.29626 moveto
130.69153 54.29626 130.18477 54.0863 129.8111 53.71265 curveto
129.43744 53.33897 129.22748 52.83221 129.22748 52.30374 curveto
129.22748 51.77527 129.43744 51.26851 129.8111 50.89484 curveto
130.18477 50.52118 130.69153 50.31122 131.22 50.31122 curveto
131.74847 50.31122 132.25523 50.52118 132.6289 50.89484 curveto
133.00256 51.26851 133.21252 51.77527 133.21252 52.30374 curveto
133.21252 52.83221 133.00256 53.33897 132.6289 53.71265 curveto
132.25523 54.0863 131.74847 54.29626 131.22 54.29626 curveto closepath fill
newpath 171.12567 9.4645 moveto
170.5972 9.4645 170.09044 9.25453 169.71677 8.88087 curveto
169.34311 8.5072 169.13315 8.00044 169.13315 7.47197 curveto
169.13315 6.9435 169.34311 6.43674 169.71677 6.06306 curveto
170.09044 5.6894 170.5972 5.47945 171.12567 5.47945 curveto
171.65414 5.47945 172.1609 5.6894 172.53458 6.06306 curveto
172.90823 6.43674 173.1182 6.9435 173.1182 7.47197 curveto
173.1182 8.00044 172.90823 8.5072 172.53458 8.88087 curveto
172.1609 9.25453 171.65414 9.4645 171.12567 9.4645 curveto closepath fill
 0 0.49814 dtransform truncate idtransform setlinewidth pop [] 0 setdash
 1 setlinecap 1 setlinejoin 10 setmiterlimit
newpath 0 67.24767 moveto
190.53503 67.24767 lineto stroke
newpath 185.55373 69.73833 moveto
186.72966 68.17041 188.57515 67.24767 190.53503 67.24767 curveto
188.57515 67.24767 186.72966 66.32492 185.55373 64.757 curveto stroke
 0.49814 0 dtransform exch truncate exch idtransform pop setlinewidth
newpath 38.10701 0 moveto
38.10701 112.07944 lineto stroke
 0 0.49814 dtransform truncate idtransform setlinewidth pop
newpath 35.61635 107.09813 moveto
37.18427 108.27406 38.10701 110.11955 38.10701 112.07944 curveto
38.10701 110.11955 39.02975 108.27406 40.59767 107.09813 curveto stroke
 0.49814 0 dtransform exch truncate exch idtransform pop setlinewidth
newpath 11.50296 65.25514 moveto
11.50296 69.24019 lineto stroke
newpath 51.40865 65.25514 moveto
51.40865 69.24019 lineto stroke
newpath 91.31432 65.25514 moveto
91.31432 69.24019 lineto stroke
newpath 131.22 65.25514 moveto
131.22 69.24019 lineto stroke
newpath 171.12567 65.25514 moveto
171.12567 69.24019 lineto stroke
 0 0.49814 dtransform truncate idtransform setlinewidth pop
newpath 40.09953 7.47197 moveto
36.11449 7.47197 lineto stroke
newpath 40.09953 52.30374 moveto
36.11449 52.30374 lineto stroke
newpath 40.09953 97.13551 moveto
36.11449 97.13551 lineto stroke
 0 1.24533 dtransform truncate idtransform setlinewidth pop
newpath 11.50296 7.47197 moveto
13.32101 7.5226 15.09023 7.8368 16.65166 8.38727 curveto
18.64261 9.08913 20.29707 10.0628 21.80113 11.10168 curveto
23.76726 12.46027 25.41321 13.96388 26.94983 15.50168 curveto
28.85704 17.41026 30.51694 19.39911 32.09853 21.40802 curveto
33.95302 23.76353 35.6253 26.16647 37.24799 28.58035 curveto
39.05907 31.27335 40.73756 33.99643 42.39668 36.72318 curveto
44.17055 39.6378 45.85292 42.57158 47.54538 45.50308 curveto
49.28668 48.51988 50.97215 51.5476 52.69717 54.56758 curveto
54.40514 57.55792 56.08907 60.55327 57.84587 63.53357 curveto
59.52205 66.37752 61.20364 69.22101 62.99533 72.04077 curveto
64.6374 74.62431 66.31203 77.20055 68.14403 79.7394 curveto
69.74733 81.96129 71.41342 84.16904 73.29272 86.31476 curveto
74.85262 88.09564 76.50552 89.85008 78.4422 91.49825 curveto
79.95866 92.78842 81.60072 94.03253 83.5909 95.07735 curveto
85.10425 95.8718 86.7967 96.55907 88.73958 96.9043 curveto
90.41887 97.20256 92.20978 97.20346 93.88905 96.90657 curveto
95.83192 96.56317 97.52516 95.87636 99.03775 95.08282 curveto
101.02792 94.03937 102.67076 92.79617 104.18645 91.50691 curveto
106.12389 89.8601 107.77603 88.10658 109.3359 86.32661 curveto
111.21599 84.18181 112.88132 81.97542 114.4846 79.75398 curveto
116.31662 77.2156 117.99202 74.64027 119.6333 72.05719 curveto
121.42499 69.23788 123.1066 66.39531 124.78278 63.55136 curveto
126.53958 60.57106 128.22351 57.57616 129.93147 54.58583 curveto
131.65648 51.56584 133.34196 48.53766 135.08327 45.52087 curveto
136.77571 42.58891 138.4581 39.65514 140.23195 36.74004 curveto
141.89107 34.01285 143.56958 31.28976 145.38065 28.59631 curveto
147.0041 26.18198 148.67563 23.77812 150.53012 21.42169 curveto
152.11171 19.41188 153.7716 17.42166 155.67882 15.51172 curveto
157.21544 13.97299 158.86137 12.46802 160.82751 11.10854 curveto
162.33157 10.06873 163.98604 9.0946 165.97697 8.39137 curveto
167.5384 7.84 169.30684 7.52396 171.12567 7.47197 curveto stroke
showpage
%%EOF
