%!PS
%%BoundingBox: -1 -1 195 102 
%%HiResBoundingBox: -0.24907 -0.24907 194.52008 101.12056 
%%Creator: MetaPost 1.9991
%%CreationDate: 2017.08.19:1107
%%Pages: 1
%%BeginProlog
%%EndProlog
%%Page: 1 1
 0 0 0 setrgbcolor
newpath 16.6762 87.92169 moveto
16.14772 87.92169 15.64096 87.71173 15.26729 87.33807 curveto
14.89363 86.9644 14.68367 86.45764 14.68367 85.92917 curveto
14.68367 85.4007 14.89363 84.89394 15.26729 84.52026 curveto
15.64096 84.1466 16.14772 83.93665 16.6762 83.93665 curveto
17.20467 83.93665 17.71143 84.1466 18.0851 84.52026 curveto
18.45876 84.89394 18.66872 85.4007 18.66872 85.92917 curveto
18.66872 86.45764 18.45876 86.9644 18.0851 87.33807 curveto
17.71143 87.71173 17.20467 87.92169 16.6762 87.92169 curveto closepath fill
newpath 37.02026 58.03224 moveto
36.49179 58.03224 35.98503 57.82228 35.61136 57.44862 curveto
35.2377 57.07495 35.02774 56.56819 35.02774 56.03972 curveto
35.02774 55.51125 35.2377 55.00449 35.61136 54.63081 curveto
35.98503 54.25716 36.49179 54.0472 37.02026 54.0472 curveto
37.54874 54.0472 38.0555 54.25716 38.42917 54.63081 curveto
38.80283 55.00449 39.01279 55.51125 39.01279 56.03972 curveto
39.01279 56.56819 38.80283 57.07495 38.42917 57.44862 curveto
38.0555 57.82228 37.54874 58.03224 37.02026 58.03224 curveto closepath fill
newpath 57.36433 28.14279 moveto
56.83586 28.14279 56.3291 27.93283 55.95543 27.55917 curveto
55.58177 27.1855 55.37181 26.67874 55.37181 26.15027 curveto
55.37181 25.6218 55.58177 25.11504 55.95543 24.74136 curveto
56.3291 24.3677 56.83586 24.15775 57.36433 24.15775 curveto
57.8928 24.15775 58.39957 24.3677 58.77324 24.74136 curveto
59.1469 25.11504 59.35686 25.6218 59.35686 26.15027 curveto
59.35686 26.67874 59.1469 27.1855 58.77324 27.55917 curveto
58.39957 27.93283 57.8928 28.14279 57.36433 28.14279 curveto closepath fill
newpath 77.7084 58.03224 moveto
77.17993 58.03224 76.67317 57.82228 76.2995 57.44862 curveto
75.92584 57.07495 75.71588 56.56819 75.71588 56.03972 curveto
75.71588 55.51125 75.92584 55.00449 76.2995 54.63081 curveto
76.67317 54.25716 77.17993 54.0472 77.7084 54.0472 curveto
78.23688 54.0472 78.74364 54.25716 79.11731 54.63081 curveto
79.49097 55.00449 79.70093 55.51125 79.70093 56.03972 curveto
79.70093 56.56819 79.49097 57.07495 79.11731 57.44862 curveto
78.74364 57.82228 78.23688 58.03224 77.7084 58.03224 curveto closepath fill
newpath 98.05247 87.92169 moveto
97.524 87.92169 97.01724 87.71173 96.64357 87.33807 curveto
96.26991 86.9644 96.05995 86.45764 96.05995 85.92917 curveto
96.05995 85.4007 96.26991 84.89394 96.64357 84.52026 curveto
97.01724 84.1466 97.524 83.93665 98.05247 83.93665 curveto
98.58095 83.93665 99.0877 84.1466 99.46138 84.52026 curveto
99.83504 84.89394 100.045 85.4007 100.045 85.92917 curveto
100.045 86.45764 99.83504 86.9644 99.46138 87.33807 curveto
99.0877 87.71173 98.58095 87.92169 98.05247 87.92169 curveto closepath fill
newpath 118.39655 58.03224 moveto
117.86807 58.03224 117.36131 57.82228 116.98764 57.44862 curveto
116.61398 57.07495 116.40402 56.56819 116.40402 56.03972 curveto
116.40402 55.51125 116.61398 55.00449 116.98764 54.63081 curveto
117.36131 54.25716 117.86807 54.0472 118.39655 54.0472 curveto
118.92502 54.0472 119.43178 54.25716 119.80545 54.63081 curveto
120.17911 55.00449 120.38907 55.51125 120.38907 56.03972 curveto
120.38907 56.56819 120.17911 57.07495 119.80545 57.44862 curveto
119.43178 57.82228 118.92502 58.03224 118.39655 58.03224 curveto closepath fill
newpath 138.74062 28.14279 moveto
138.21214 28.14279 137.70538 27.93283 137.33171 27.55917 curveto
136.95805 27.1855 136.7481 26.67874 136.7481 26.15027 curveto
136.7481 25.6218 136.95805 25.11504 137.33171 24.74136 curveto
137.70538 24.3677 138.21214 24.15775 138.74062 24.15775 curveto
139.26909 24.15775 139.77585 24.3677 140.14952 24.74136 curveto
140.52318 25.11504 140.73314 25.6218 140.73314 26.15027 curveto
140.73314 26.67874 140.52318 27.1855 140.14952 27.55917 curveto
139.77585 27.93283 139.26909 28.14279 138.74062 28.14279 curveto closepath fill
newpath 159.08469 58.03224 moveto
158.55621 58.03224 158.04945 57.82228 157.67578 57.44862 curveto
157.30212 57.07495 157.09216 56.56819 157.09216 56.03972 curveto
157.09216 55.51125 157.30212 55.00449 157.67578 54.63081 curveto
158.04945 54.25716 158.55621 54.0472 159.08469 54.0472 curveto
159.61316 54.0472 160.11992 54.25716 160.49359 54.63081 curveto
160.86725 55.00449 161.07721 55.51125 161.07721 56.03972 curveto
161.07721 56.56819 160.86725 57.07495 160.49359 57.44862 curveto
160.11992 57.82228 159.61316 58.03224 159.08469 58.03224 curveto closepath fill
newpath 179.42876 87.92169 moveto
178.90028 87.92169 178.39352 87.71173 178.01985 87.33807 curveto
177.6462 86.9644 177.43623 86.45764 177.43623 85.92917 curveto
177.43623 85.4007 177.6462 84.89394 178.01985 84.52026 curveto
178.39352 84.1466 178.90028 83.93665 179.42876 83.93665 curveto
179.95723 83.93665 180.46399 84.1466 180.83766 84.52026 curveto
181.21132 84.89394 181.42128 85.4007 181.42128 85.92917 curveto
181.42128 86.45764 181.21132 86.9644 180.83766 87.33807 curveto
180.46399 87.71173 179.95723 87.92169 179.42876 87.92169 curveto closepath fill
 0 0.49814 dtransform truncate idtransform setlinewidth pop [] 0 setdash
 1 setlinecap 1 setlinejoin 10 setmiterlimit
newpath 0 11.20795 moveto
194.27101 11.20795 lineto stroke
newpath 189.2897 13.69861 moveto
190.46564 12.13069 192.31113 11.20795 194.27101 11.20795 curveto
192.31113 11.20795 190.46564 10.2852 189.2897 8.71729 curveto stroke
 0.49814 0 dtransform exch truncate exch idtransform pop setlinewidth
newpath 77.7084 0 moveto
77.7084 100.87149 lineto stroke
 0 0.49814 dtransform truncate idtransform setlinewidth pop
newpath 75.21774 95.89018 moveto
76.78566 97.06612 77.7084 98.9116 77.7084 100.87149 curveto
77.7084 98.9116 78.63115 97.06612 80.19907 95.89018 curveto stroke
 0.49814 0 dtransform exch truncate exch idtransform pop setlinewidth
newpath 16.6762 9.21542 moveto
16.6762 13.20047 lineto stroke
newpath 37.02026 9.21542 moveto
37.02026 13.20047 lineto stroke
newpath 57.36433 9.21542 moveto
57.36433 13.20047 lineto stroke
newpath 98.05247 9.21542 moveto
98.05247 13.20047 lineto stroke
newpath 118.39655 9.21542 moveto
118.39655 13.20047 lineto stroke
newpath 138.74062 9.21542 moveto
138.74062 13.20047 lineto stroke
newpath 159.08469 9.21542 moveto
159.08469 13.20047 lineto stroke
newpath 179.42876 9.21542 moveto
179.42876 13.20047 lineto stroke
 0 0.49814 dtransform truncate idtransform setlinewidth pop
newpath 79.70093 26.15027 moveto
75.71588 26.15027 lineto stroke
newpath 79.70093 56.03972 moveto
75.71588 56.03972 lineto stroke
newpath 79.70093 85.92917 moveto
75.71588 85.92917 lineto stroke
 0 1.24533 dtransform truncate idtransform setlinewidth pop
newpath 16.6762 85.92917 moveto
18.67297 85.6097 20.50691 84.76418 21.92584 83.50752 curveto
24.15898 81.53122 25.6783 79.07059 27.17628 76.63322 curveto
29.19914 73.34143 30.78804 69.86974 32.42593 66.42198 curveto
34.2907 62.49605 35.90962 58.48804 37.67558 54.5286 curveto
39.40991 50.6396 41.02568 46.7089 42.92603 42.87805 curveto
44.52992 39.6451 46.10458 36.39162 48.17567 33.36252 curveto
49.63966 31.22066 51.14949 29.05145 53.42532 27.52185 curveto
54.94069 26.50327 56.83313 25.88486 58.67813 26.3042 curveto
60.90019 26.80904 62.50015 28.35095 63.92778 29.90723 curveto
66.10637 32.28099 67.64467 35.02345 69.17822 37.7461 curveto
71.15761 41.25952 72.75757 44.91866 74.42787 48.54974 curveto
76.25865 52.52835 77.87994 56.57672 79.67752 60.56627 curveto
81.38023 64.34512 82.98967 68.15817 84.92796 71.85152 curveto
86.49709 74.84093 88.05435 77.84883 90.17761 80.57214 curveto
91.61551 82.41641 93.14352 84.28464 95.42726 85.31691 curveto
97.07227 86.05981 99.03268 86.05981 100.67769 85.31691 curveto
102.96143 84.28464 104.48944 82.41641 105.92734 80.57214 curveto
108.0506 77.84883 109.60786 74.84093 111.17699 71.85152 curveto
113.11528 68.15817 114.72472 64.34512 116.42743 60.56627 curveto
118.225 56.57672 119.8463 52.52835 121.67708 48.54974 curveto
123.34738 44.91866 124.94734 41.25952 126.92673 37.7461 curveto
128.46028 35.02345 129.99858 32.28099 132.17717 29.90723 curveto
133.6048 28.35095 135.20476 26.80904 137.42682 26.3042 curveto
139.27182 25.88486 141.16426 26.50327 142.67963 27.52185 curveto
144.95546 29.05145 146.46529 31.22066 147.92928 33.36252 curveto
150.00037 36.39162 151.57503 39.6451 153.17892 42.87805 curveto
155.07927 46.7089 156.69504 50.6396 158.42937 54.5286 curveto
160.19533 58.48804 161.81425 62.49605 163.67902 66.42198 curveto
165.31691 69.86974 166.9058 73.34143 168.92867 76.63322 curveto
170.42665 79.07059 171.94597 81.53122 174.17911 83.50752 curveto
175.59804 84.76418 177.43198 85.6097 179.42876 85.92917 curveto stroke
showpage
%%EOF
