%!PS
%%BoundingBox: -1 -3 100 75 
%%HiResBoundingBox: -0.24907 -2.73973 99.87523 74.96869 
%%Creator: MetaPost 1.9991
%%CreationDate: 2017.08.19:1107
%%Pages: 1
%%BeginProlog
%%EndProlog
%%Page: 1 1
 0 0 0 setrgbcolor
newpath 88.9363 38.85422 moveto
88.53993 38.85422 88.15987 38.69673 87.87962 38.41649 curveto
87.59938 38.13625 87.4419 37.75618 87.4419 37.35982 curveto
87.4419 36.96346 87.59938 36.58339 87.87962 36.30315 curveto
88.15987 36.0229 88.53993 35.86542 88.9363 35.86542 curveto
89.33266 35.86542 89.71272 36.0229 89.99297 36.30315 curveto
90.27321 36.58339 90.4307 36.96346 90.4307 37.35982 curveto
90.4307 37.75618 90.27321 38.13625 89.99297 38.41649 curveto
89.71272 38.69673 89.33266 38.85422 88.9363 38.85422 curveto closepath fill
newpath 69.37468 51.30748 moveto
68.97832 51.30748 68.59825 51.15 68.31801 50.86975 curveto
68.03777 50.58951 67.88028 50.20944 67.88028 49.81308 curveto
67.88028 49.41672 68.03777 49.03665 68.31801 48.75641 curveto
68.59825 48.47617 68.97832 48.31868 69.37468 48.31868 curveto
69.77104 48.31868 70.15111 48.47617 70.43135 48.75641 curveto
70.7116 49.03665 70.86908 49.41672 70.86908 49.81308 curveto
70.86908 50.20944 70.7116 50.58951 70.43135 50.86975 curveto
70.15111 51.15 69.77104 51.30748 69.37468 51.30748 curveto closepath fill
newpath 49.81308 38.85422 moveto
49.41672 38.85422 49.03665 38.69673 48.75641 38.41649 curveto
48.47617 38.13625 48.31868 37.75618 48.31868 37.35982 curveto
48.31868 36.96346 48.47617 36.58339 48.75641 36.30315 curveto
49.03665 36.0229 49.41672 35.86542 49.81308 35.86542 curveto
50.20944 35.86542 50.58951 36.0229 50.86975 36.30315 curveto
51.15 36.58339 51.30748 36.96346 51.30748 37.35982 curveto
51.30748 37.75618 51.15 38.13625 50.86975 38.41649 curveto
50.58951 38.69673 50.20944 38.85422 49.81308 38.85422 curveto closepath fill
newpath 30.25148 26.40094 moveto
29.85512 26.40094 29.47505 26.24345 29.19481 25.96321 curveto
28.91457 25.68297 28.75708 25.3029 28.75708 24.90654 curveto
28.75708 24.51018 28.91457 24.13011 29.19481 23.84987 curveto
29.47505 23.56963 29.85512 23.41214 30.25148 23.41214 curveto
30.64784 23.41214 31.02791 23.56963 31.30815 23.84987 curveto
31.5884 24.13011 31.74588 24.51018 31.74588 24.90654 curveto
31.74588 25.3029 31.5884 25.68297 31.30815 25.96321 curveto
31.02791 26.24345 30.64784 26.40094 30.25148 26.40094 curveto closepath fill
newpath 10.68987 38.85422 moveto
10.2935 38.85422 9.91344 38.69673 9.6332 38.41649 curveto
9.35295 38.13625 9.19547 37.75618 9.19547 37.35982 curveto
9.19547 36.96346 9.35295 36.58339 9.6332 36.30315 curveto
9.91344 36.0229 10.2935 35.86542 10.68987 35.86542 curveto
11.08623 35.86542 11.4663 36.0229 11.74654 36.30315 curveto
12.02678 36.58339 12.18427 36.96346 12.18427 37.35982 curveto
12.18427 37.75618 12.02678 38.13625 11.74654 38.41649 curveto
11.4663 38.69673 11.08623 38.85422 10.68987 38.85422 curveto closepath fill
 0 0.49814 dtransform truncate idtransform setlinewidth pop [] 0 setdash
 1 setlinecap 1 setlinejoin 10 setmiterlimit
newpath 0 0 moveto
99.62616 0 lineto stroke
newpath 94.64485 2.49066 moveto
95.82079 0.92274 97.66628 0 99.62616 0 curveto
97.66628 0 95.82079 -0.92274 94.64485 -2.49066 curveto stroke
 0.49814 0 dtransform exch truncate exch idtransform pop setlinewidth
newpath 49.81308 0 moveto
49.81308 74.71962 lineto stroke
 0 0.49814 dtransform truncate idtransform setlinewidth pop
newpath 47.32242 69.73831 moveto
48.89034 70.91425 49.81308 72.75974 49.81308 74.71962 curveto
49.81308 72.75974 50.73582 70.91425 52.30374 69.73831 curveto stroke
 0.49814 0 dtransform exch truncate exch idtransform pop setlinewidth
newpath 10.68987 -1.99252 moveto
10.68987 1.99252 lineto stroke
newpath 30.25148 -1.99252 moveto
30.25148 1.99252 lineto stroke
newpath 69.37468 -1.99252 moveto
69.37468 1.99252 lineto stroke
newpath 88.9363 -1.99252 moveto
88.9363 1.99252 lineto stroke
 0 0.49814 dtransform truncate idtransform setlinewidth pop
newpath 51.8056 24.90654 moveto
47.82056 24.90654 lineto stroke
newpath 51.8056 49.81308 moveto
47.82056 49.81308 lineto stroke
 0 1.24533 dtransform truncate idtransform setlinewidth pop
newpath 10.68987 37.35982 moveto
11.52254 36.51535 12.36395 35.68002 13.21373 34.85304 curveto
14.0468 34.04279 14.87947 33.23216 15.73799 32.44888 curveto
16.56306 31.69601 17.39612 30.9515 18.26186 30.24577 curveto
19.08047 29.5788 19.91429 28.93044 20.78572 28.33415 curveto
21.60016 27.77663 22.43625 27.25066 23.30998 26.79155 curveto
24.12479 26.36363 24.96393 25.98207 25.83385 25.68182 curveto
26.6555 25.39832 27.49844 25.17941 28.35771 25.0502 curveto
29.19344 24.92479 30.03903 24.87994 30.8831 24.9225 curveto
31.73479 24.96545 32.57924 25.09808 33.40698 25.30406 curveto
34.27272 25.51955 35.11375 25.82169 35.93123 26.1793 curveto
36.8038 26.56125 37.64142 27.0173 38.4551 27.51212 curveto
39.32805 28.04305 40.16301 28.63326 40.97896 29.24815 curveto
41.84813 29.90297 42.68156 30.60301 43.50322 31.31636 curveto
44.36554 32.06505 45.19821 32.8464 46.02708 33.63196 curveto
46.88104 34.44145 47.7141 35.273 48.55095 36.09996 curveto
49.39655 36.93568 50.22961 37.78432 51.07521 38.62004 curveto
51.91206 39.447 52.74512 40.27855 53.59908 41.08804 curveto
54.42795 41.87358 55.26062 42.65457 56.12294 43.40326 curveto
56.9446 44.11661 57.77803 44.81665 58.6472 45.47147 curveto
59.46315 46.08636 60.29811 46.67657 61.17107 47.2075 curveto
61.98474 47.70232 62.82236 48.15837 63.69493 48.54031 curveto
64.5124 48.89793 65.35344 49.20007 66.21918 49.41556 curveto
67.04692 49.62154 67.89137 49.75417 68.74306 49.79712 curveto
69.58713 49.83968 70.43272 49.79483 71.26845 49.66942 curveto
72.12772 49.5402 72.97066 49.3213 73.79231 49.0378 curveto
74.66223 48.73755 75.50137 48.35599 76.31618 47.92807 curveto
77.18991 47.46896 78.026 46.943 78.84044 46.38547 curveto
79.71187 45.78918 80.54568 45.14082 81.3643 44.47385 curveto
82.23004 43.76811 83.0631 43.0236 83.88817 42.27074 curveto
84.74669 41.48709 85.57936 40.67645 86.41243 39.8662 curveto
87.2622 39.03922 88.10362 38.20389 88.9363 37.35944 curveto stroke
showpage
%%EOF
