%!PS
%%BoundingBox: -1 -3 163 75 
%%HiResBoundingBox: -0.24907 -2.73973 162.14159 74.96869 
%%Creator: MetaPost 1.9991
%%CreationDate: 2017.08.19:1107
%%Pages: 1
%%BeginProlog
%%EndProlog
%%Page: 1 1
 0 0 0 setrgbcolor
newpath 64.02975 39.35234 moveto
63.50128 39.35234 62.99452 39.14238 62.62085 38.76872 curveto
62.2472 38.39505 62.03723 37.88829 62.03723 37.35982 curveto
62.03723 36.83134 62.2472 36.32458 62.62085 35.95091 curveto
62.99452 35.57726 63.50128 35.3673 64.02975 35.3673 curveto
64.55823 35.3673 65.06499 35.57726 65.43866 35.95091 curveto
65.81232 36.32458 66.02228 36.83134 66.02228 37.35982 curveto
66.02228 37.88829 65.81232 38.39505 65.43866 38.76872 curveto
65.06499 39.14238 64.55823 39.35234 64.02975 39.35234 curveto closepath fill
newpath 83.58641 26.89906 moveto
83.05794 26.89906 82.55118 26.6891 82.1775 26.31544 curveto
81.80385 25.94177 81.59389 25.43501 81.59389 24.90654 curveto
81.59389 24.37807 81.80385 23.8713 82.1775 23.49763 curveto
82.55118 23.12398 83.05794 22.91402 83.58641 22.91402 curveto
84.11488 22.91402 84.62164 23.12398 84.99532 23.49763 curveto
85.36897 23.8713 85.57893 24.37807 85.57893 24.90654 curveto
85.57893 25.43501 85.36897 25.94177 84.99532 26.31544 curveto
84.62164 26.6891 84.11488 26.89906 83.58641 26.89906 curveto closepath fill
newpath 103.15297 39.35234 moveto
102.6245 39.35234 102.11774 39.14238 101.74406 38.76872 curveto
101.3704 38.39505 101.16045 37.88829 101.16045 37.35982 curveto
101.16045 36.83134 101.3704 36.32458 101.74406 35.95091 curveto
102.11774 35.57726 102.6245 35.3673 103.15297 35.3673 curveto
103.68144 35.3673 104.1882 35.57726 104.56187 35.95091 curveto
104.93553 36.32458 105.1455 36.83134 105.1455 37.35982 curveto
105.1455 37.88829 104.93553 38.39505 104.56187 38.76872 curveto
104.1882 39.14238 103.68144 39.35234 103.15297 39.35234 curveto closepath fill
newpath 122.71457 51.8056 moveto
122.1861 51.8056 121.67934 51.59564 121.30566 51.22198 curveto
120.932 50.84831 120.72205 50.34155 120.72205 49.81308 curveto
120.72205 49.2846 120.932 48.77785 121.30566 48.40417 curveto
121.67934 48.03052 122.1861 47.82056 122.71457 47.82056 curveto
123.24304 47.82056 123.7498 48.03052 124.12347 48.40417 curveto
124.49713 48.77785 124.70709 49.2846 124.70709 49.81308 curveto
124.70709 50.34155 124.49713 50.84831 124.12347 51.22198 curveto
123.7498 51.59564 123.24304 51.8056 122.71457 51.8056 curveto closepath fill
newpath 142.2663 39.35234 moveto
141.73782 39.35234 141.23106 39.14238 140.85739 38.76872 curveto
140.48373 38.39505 140.27377 37.88829 140.27377 37.35982 curveto
140.27377 36.83134 140.48373 36.32458 140.85739 35.95091 curveto
141.23106 35.57726 141.73782 35.3673 142.2663 35.3673 curveto
142.79477 35.3673 143.30153 35.57726 143.6752 35.95091 curveto
144.04886 36.32458 144.25882 36.83134 144.25882 37.35982 curveto
144.25882 37.88829 144.04886 38.39505 143.6752 38.76872 curveto
143.30153 39.14238 142.79477 39.35234 142.2663 39.35234 curveto closepath fill
 0 0.49814 dtransform truncate idtransform setlinewidth pop [] 0 setdash
 1 setlinecap 1 setlinejoin 10 setmiterlimit
newpath 0 0 moveto
161.89252 0 lineto stroke
newpath 156.91121 2.49066 moveto
158.08714 0.92274 159.93263 0 161.89252 0 curveto
159.93263 0 158.08714 -0.92274 156.91121 -2.49066 curveto stroke
 0.49814 0 dtransform exch truncate exch idtransform pop setlinewidth
newpath 24.90654 0 moveto
24.90654 74.71962 lineto stroke
 0 0.49814 dtransform truncate idtransform setlinewidth pop
newpath 22.41588 69.73831 moveto
23.9838 70.91425 24.90654 72.75974 24.90654 74.71962 curveto
24.90654 72.75974 25.82928 70.91425 27.3972 69.73831 curveto stroke
 0.49814 0 dtransform exch truncate exch idtransform pop setlinewidth
newpath 44.46814 -1.99252 moveto
44.46814 1.99252 lineto stroke
newpath 64.02975 -1.99252 moveto
64.02975 1.99252 lineto stroke
newpath 83.58641 -1.99252 moveto
83.58641 1.99252 lineto stroke
newpath 103.15297 -1.99252 moveto
103.15297 1.99252 lineto stroke
newpath 142.2663 -1.99252 moveto
142.2663 1.99252 lineto stroke
 0 0.49814 dtransform truncate idtransform setlinewidth pop
newpath 26.89906 24.90654 moveto
22.91402 24.90654 lineto stroke
newpath 26.89906 49.81308 moveto
22.91402 49.81308 lineto stroke
 0 1.24533 dtransform truncate idtransform setlinewidth pop
newpath 64.02975 37.35944 moveto
64.86243 36.51535 65.70384 35.68002 66.55362 34.85304 curveto
67.38629 34.04279 68.21898 33.23253 69.07712 32.44926 curveto
69.90219 31.6964 70.73524 30.95189 71.60098 30.24615 curveto
72.41922 29.57918 73.25342 28.93082 74.12447 28.33453 curveto
74.9389 27.77739 75.775 27.2514 76.64835 26.79231 curveto
77.46277 26.36438 78.30191 25.98244 79.17183 25.6822 curveto
79.9931 25.3987 80.83604 25.1798 81.6957 25.05058 curveto
82.53104 24.92516 83.37663 24.88031 84.22034 24.9225 curveto
85.072 24.96507 85.91646 25.09732 86.7442 25.3033 curveto
87.60956 25.51842 88.45059 25.82054 89.26768 26.17778 curveto
90.14027 26.55936 90.97789 27.0154 91.79156 27.51022 curveto
92.66452 28.04076 93.4991 28.63097 94.31505 29.2455 curveto
95.18382 29.90031 96.01764 30.5996 96.83891 31.31294 curveto
97.70085 32.06161 98.53354 32.8426 99.36241 33.62778 curveto
100.21637 34.43689 101.04942 35.26843 101.88628 36.0954 curveto
102.73187 36.93074 103.56418 37.77937 104.40977 38.61472 curveto
105.24663 39.4417 106.07968 40.2736 106.93364 41.0831 curveto
107.76213 41.86865 108.59518 42.64964 109.45712 43.39833 curveto
110.27878 44.11205 111.11221 44.81209 111.981 45.46729 curveto
112.79695 46.08257 113.63153 46.67278 114.50449 47.2037 curveto
115.31816 47.6989 116.15578 48.15533 117.02835 48.53766 curveto
117.84546 48.89528 118.6865 49.19778 119.55185 49.41365 curveto
120.37958 49.62001 121.22404 49.75342 122.07571 49.79674 curveto
122.91942 49.83968 123.76501 49.7956 124.60034 49.67056 curveto
125.45963 49.54173 126.30257 49.32358 127.12422 49.04045 curveto
127.99414 48.74098 128.83289 48.35979 129.6477 47.93225 curveto
130.52104 47.4739 131.35715 46.94832 132.17157 46.39154 curveto
133.04301 45.79564 133.87683 45.14766 134.69507 44.48106 curveto
135.5608 43.77571 136.39424 43.03197 137.21893 42.2791 curveto
138.07707 41.49582 138.90974 40.68558 139.74243 39.8757 curveto
140.59221 39.0491 141.43362 38.2134 142.2663 37.36931 curveto stroke
showpage
%%EOF
