%!PS
%%BoundingBox: -3 -1 185 176 
%%HiResBoundingBox: -2.73973 -0.55846 184.95575 175.82591 
%%Creator: MetaPost 1.9991
%%CreationDate: 2017.08.19:1510
%%Pages: 1
%%BeginProlog
%%EndProlog
%%Page: 1 1
 0 0 0 setrgbcolor
newpath 84.50613 111.5813 moveto
83.97766 111.5813 83.4709 111.37134 83.09723 110.99768 curveto
82.72357 110.62401 82.51361 110.11725 82.51361 109.58878 curveto
82.51361 109.0603 82.72357 108.55354 83.09723 108.17987 curveto
83.4709 107.80621 83.97766 107.59625 84.50613 107.59625 curveto
85.0346 107.59625 85.54137 107.80621 85.91504 108.17987 curveto
86.2887 108.55354 86.49866 109.0603 86.49866 109.58878 curveto
86.49866 110.11725 86.2887 110.62401 85.91504 110.99768 curveto
85.54137 111.37134 85.0346 111.5813 84.50613 111.5813 curveto closepath fill
newpath 140.84357 67.74579 moveto
140.3151 67.74579 139.80833 67.53583 139.43466 67.16217 curveto
139.061 66.7885 138.85104 66.28174 138.85104 65.75327 curveto
138.85104 65.2248 139.061 64.71803 139.43466 64.34436 curveto
139.80833 63.9707 140.3151 63.76074 140.84357 63.76074 curveto
141.37204 63.76074 141.8788 63.9707 142.25247 64.34436 curveto
142.62613 64.71803 142.83609 65.2248 142.83609 65.75327 curveto
142.83609 66.28174 142.62613 66.7885 142.25247 67.16217 curveto
141.8788 67.53583 141.37204 67.74579 140.84357 67.74579 curveto closepath fill
 0 0.49814 dtransform truncate idtransform setlinewidth pop [] 0 setdash
 1 setlinecap 1 setlinejoin 10 setmiterlimit
newpath 0 87.67102 moveto
184.70668 87.67102 lineto stroke
newpath 179.72537 90.16168 moveto
180.9013 88.59377 182.7468 87.67102 184.70668 87.67102 curveto
182.7468 87.67102 180.9013 86.74828 179.72537 85.18036 curveto stroke
 0.49814 0 dtransform exch truncate exch idtransform pop setlinewidth
newpath 0 0 moveto
0 175.34204 lineto stroke
 0 0.49814 dtransform truncate idtransform setlinewidth pop
newpath -2.49066 170.36073 moveto
-0.92274 171.53667 0 173.38216 0 175.34204 curveto
0 173.38216 0.92274 171.53667 2.49066 170.36073 curveto stroke
 0.49814 0 dtransform exch truncate exch idtransform pop setlinewidth
newpath 56.33743 85.6785 moveto
56.33743 89.66354 lineto stroke
newpath 84.50613 85.6785 moveto
84.50613 89.66354 lineto stroke
newpath 112.67102 85.6785 moveto
112.67102 89.66354 lineto stroke
newpath 140.84357 85.6785 moveto
140.84357 89.66354 lineto stroke
newpath 169.01228 85.6785 moveto
169.01228 89.66354 lineto stroke
 0 0.49814 dtransform truncate idtransform setlinewidth pop
newpath 1.99252 65.75327 moveto
-1.99252 65.75327 lineto stroke
newpath 1.99252 109.58878 moveto
-1.99252 109.58878 lineto stroke
newpath 56.83557 87.67336 moveto
56.83557 87.80548 56.78307 87.93216 56.68965 88.02557 curveto
56.59624 88.11899 56.46956 88.1715 56.33743 88.1715 curveto
56.2053 88.1715 56.07863 88.11899 55.98521 88.02557 curveto
55.8918 87.93216 55.8393 87.80548 55.8393 87.67336 curveto
55.8393 87.54123 55.8918 87.41455 55.98521 87.32114 curveto
56.07863 87.22772 56.2053 87.17522 56.33743 87.17522 curveto
56.46956 87.17522 56.59624 87.22772 56.68965 87.32114 curveto
56.78307 87.41455 56.83557 87.54123 56.83557 87.67336 curveto closepath fill
newpath 58.7337 90.00005 moveto
58.7337 90.13217 58.6812 90.25885 58.58778 90.35226 curveto
58.49437 90.44568 58.36769 90.49818 58.23557 90.49818 curveto
58.10344 90.49818 57.97676 90.44568 57.88335 90.35226 curveto
57.78993 90.25885 57.73743 90.13217 57.73743 90.00005 curveto
57.73743 89.86792 57.78993 89.74124 57.88335 89.64783 curveto
57.97676 89.55441 58.10344 89.5019 58.23557 89.5019 curveto
58.36769 89.5019 58.49437 89.55441 58.58778 89.64783 curveto
58.6812 89.74124 58.7337 89.86792 58.7337 90.00005 curveto closepath fill
newpath 60.65648 92.30673 moveto
60.65648 92.43886 60.60397 92.56554 60.51056 92.65895 curveto
60.41714 92.75237 60.29047 92.80487 60.15834 92.80487 curveto
60.02621 92.80487 59.89954 92.75237 59.80612 92.65895 curveto
59.7127 92.56554 59.6602 92.43886 59.6602 92.30673 curveto
59.6602 92.1746 59.7127 92.04793 59.80612 91.95451 curveto
59.89954 91.8611 60.02621 91.8086 60.15834 91.8086 curveto
60.29047 91.8086 60.41714 91.8611 60.51056 91.95451 curveto
60.60397 92.04793 60.65648 92.1746 60.65648 92.30673 curveto closepath fill
newpath 62.59804 94.59727 moveto
62.59804 94.7294 62.54553 94.85608 62.45212 94.9495 curveto
62.3587 95.04291 62.23203 95.09541 62.0999 95.09541 curveto
61.96777 95.09541 61.8411 95.04291 61.74768 94.9495 curveto
61.65427 94.85608 61.60176 94.7294 61.60176 94.59727 curveto
61.60176 94.46515 61.65427 94.33847 61.74768 94.24506 curveto
61.8411 94.15164 61.96777 94.09914 62.0999 94.09914 curveto
62.23203 94.09914 62.3587 94.15164 62.45212 94.24506 curveto
62.54553 94.33847 62.59804 94.46515 62.59804 94.59727 curveto closepath fill
newpath 64.58405 96.84943 moveto
64.58405 96.98155 64.53154 97.10823 64.43813 97.20164 curveto
64.34471 97.29506 64.21803 97.34756 64.0859 97.34756 curveto
63.95378 97.34756 63.8271 97.29506 63.73369 97.20164 curveto
63.64027 97.10823 63.58777 96.98155 63.58777 96.84943 curveto
63.58777 96.7173 63.64027 96.59062 63.73369 96.49721 curveto
63.8271 96.4038 63.95378 96.35129 64.0859 96.35129 curveto
64.21803 96.35129 64.34471 96.4038 64.43813 96.49721 curveto
64.53154 96.59062 64.58405 96.7173 64.58405 96.84943 curveto closepath fill
newpath 66.62335 99.05324 moveto
66.62335 99.18536 66.57085 99.31204 66.47743 99.40546 curveto
66.38402 99.49887 66.25734 99.55138 66.12521 99.55138 curveto
65.99309 99.55138 65.86641 99.49887 65.773 99.40546 curveto
65.67958 99.31204 65.62708 99.18536 65.62708 99.05324 curveto
65.62708 98.92111 65.67958 98.79443 65.773 98.70102 curveto
65.86641 98.6076 65.99309 98.5551 66.12521 98.5551 curveto
66.25734 98.5551 66.38402 98.6076 66.47743 98.70102 curveto
66.57085 98.79443 66.62335 98.92111 66.62335 99.05324 curveto closepath fill
newpath 68.74379 101.17935 moveto
68.74379 101.31148 68.69128 101.43816 68.59787 101.53157 curveto
68.50446 101.62498 68.37778 101.67749 68.24565 101.67749 curveto
68.11353 101.67749 67.98685 101.62498 67.89343 101.53157 curveto
67.80002 101.43816 67.74751 101.31148 67.74751 101.17935 curveto
67.74751 101.04723 67.80002 100.92055 67.89343 100.82713 curveto
67.98685 100.73372 68.11353 100.68121 68.24565 100.68121 curveto
68.37778 100.68121 68.50446 100.73372 68.59787 100.82713 curveto
68.69128 100.92055 68.74379 101.04723 68.74379 101.17935 curveto closepath fill
newpath 70.95888 103.20624 moveto
70.95888 103.33836 70.90637 103.46504 70.81296 103.55846 curveto
70.71954 103.65187 70.59286 103.70438 70.46074 103.70438 curveto
70.32861 103.70438 70.20193 103.65187 70.10852 103.55846 curveto
70.0151 103.46504 69.9626 103.33836 69.9626 103.20624 curveto
69.9626 103.07411 70.0151 102.94743 70.10852 102.85402 curveto
70.20193 102.7606 70.32861 102.7081 70.46074 102.7081 curveto
70.59286 102.7081 70.71954 102.7606 70.81296 102.85402 curveto
70.90637 102.94743 70.95888 103.07411 70.95888 103.20624 curveto closepath fill
newpath 73.29938 105.08627 moveto
73.29938 105.2184 73.24687 105.34508 73.15346 105.43849 curveto
73.06004 105.5319 72.93336 105.58441 72.80124 105.58441 curveto
72.66911 105.58441 72.54243 105.5319 72.44902 105.43849 curveto
72.3556 105.34508 72.3031 105.2184 72.3031 105.08627 curveto
72.3031 104.95415 72.3556 104.82747 72.44902 104.73405 curveto
72.54243 104.64064 72.66911 104.58813 72.80124 104.58813 curveto
72.93336 104.58813 73.06004 104.64064 73.15346 104.73405 curveto
73.24687 104.82747 73.29938 104.95415 73.29938 105.08627 curveto closepath fill
newpath 75.79158 106.75974 moveto
75.79158 106.89186 75.73907 107.01854 75.64566 107.11195 curveto
75.55225 107.20537 75.42557 107.25787 75.29344 107.25787 curveto
75.16132 107.25787 75.03464 107.20537 74.94122 107.11195 curveto
74.84781 107.01854 74.7953 106.89186 74.7953 106.75974 curveto
74.7953 106.62761 74.84781 106.50093 74.94122 106.40752 curveto
75.03464 106.3141 75.16132 106.2616 75.29344 106.2616 curveto
75.42557 106.2616 75.55225 106.3141 75.64566 106.40752 curveto
75.73907 106.50093 75.79158 106.62761 75.79158 106.75974 curveto closepath fill
newpath 78.45346 108.1439 moveto
78.45346 108.27603 78.40096 108.40271 78.30754 108.49612 curveto
78.21413 108.58954 78.08745 108.64204 77.95532 108.64204 curveto
77.8232 108.64204 77.69652 108.58954 77.6031 108.49612 curveto
77.50969 108.40271 77.45718 108.27603 77.45718 108.1439 curveto
77.45718 108.01178 77.50969 107.8851 77.6031 107.79169 curveto
77.69652 107.69827 77.8232 107.64577 77.95532 107.64577 curveto
78.08745 107.64577 78.21413 107.69827 78.30754 107.79169 curveto
78.40096 107.8851 78.45346 108.01178 78.45346 108.1439 curveto closepath fill
newpath 81.29018 109.12141 moveto
81.29018 109.25354 81.23767 109.38022 81.14426 109.47363 curveto
81.05084 109.56705 80.92416 109.61955 80.79204 109.61955 curveto
80.65991 109.61955 80.53323 109.56705 80.43982 109.47363 curveto
80.3464 109.38022 80.2939 109.25354 80.2939 109.12141 curveto
80.2939 108.98929 80.3464 108.86261 80.43982 108.7692 curveto
80.53323 108.67578 80.65991 108.62328 80.79204 108.62328 curveto
80.92416 108.62328 81.05084 108.67578 81.14426 108.7692 curveto
81.23767 108.86261 81.29018 108.98929 81.29018 109.12141 curveto closepath fill
newpath 84.25494 109.56776 moveto
84.25494 109.69989 84.20244 109.82657 84.10902 109.91998 curveto
84.01561 110.0134 83.88893 110.0659 83.7568 110.0659 curveto
83.62468 110.0659 83.498 110.0134 83.40459 109.91998 curveto
83.31117 109.82657 83.25867 109.69989 83.25867 109.56776 curveto
83.25867 109.43564 83.31117 109.30896 83.40459 109.21555 curveto
83.498 109.12213 83.62468 109.06963 83.7568 109.06963 curveto
83.88893 109.06963 84.01561 109.12213 84.10902 109.21555 curveto
84.20244 109.30896 84.25494 109.43564 84.25494 109.56776 curveto closepath fill
newpath 87.24913 109.41621 moveto
87.24913 109.54834 87.19662 109.67502 87.10321 109.76843 curveto
87.0098 109.86185 86.88312 109.91435 86.75099 109.91435 curveto
86.61887 109.91435 86.49219 109.86185 86.39877 109.76843 curveto
86.30536 109.67502 86.25285 109.54834 86.25285 109.41621 curveto
86.25285 109.28409 86.30536 109.15741 86.39877 109.064 curveto
86.49219 108.97058 86.61887 108.91808 86.75099 108.91808 curveto
86.88312 108.91808 87.0098 108.97058 87.10321 109.064 curveto
87.19662 109.15741 87.24913 109.28409 87.24913 109.41621 curveto closepath fill
newpath 90.15941 108.68977 moveto
90.15941 108.8219 90.1069 108.94858 90.01349 109.04199 curveto
89.92007 109.1354 89.7934 109.18791 89.66127 109.18791 curveto
89.52914 109.18791 89.40247 109.1354 89.30905 109.04199 curveto
89.21564 108.94858 89.16313 108.8219 89.16313 108.68977 curveto
89.16313 108.55765 89.21564 108.43097 89.30905 108.33755 curveto
89.40247 108.24414 89.52914 108.19164 89.66127 108.19164 curveto
89.7934 108.19164 89.92007 108.24414 90.01349 108.33755 curveto
90.1069 108.43097 90.15941 108.55765 90.15941 108.68977 curveto closepath fill
newpath 92.90968 107.49155 moveto
92.90968 107.62367 92.85718 107.75035 92.76376 107.84377 curveto
92.67035 107.93718 92.54367 107.98969 92.41154 107.98969 curveto
92.27942 107.98969 92.15274 107.93718 92.05933 107.84377 curveto
91.96591 107.75035 91.9134 107.62367 91.9134 107.49155 curveto
91.9134 107.35942 91.96591 107.23274 92.05933 107.13933 curveto
92.15274 107.04591 92.27942 106.99341 92.41154 106.99341 curveto
92.54367 106.99341 92.67035 107.04591 92.76376 107.13933 curveto
92.85718 107.23274 92.90968 107.35942 92.90968 107.49155 curveto closepath fill
newpath 95.48438 105.95004 moveto
95.48438 106.08217 95.43187 106.20885 95.33846 106.30226 curveto
95.24504 106.39568 95.11836 106.44818 94.98624 106.44818 curveto
94.85411 106.44818 94.72743 106.39568 94.63402 106.30226 curveto
94.5406 106.20885 94.4881 106.08217 94.4881 105.95004 curveto
94.4881 105.81792 94.5406 105.69124 94.63402 105.59782 curveto
94.72743 105.50441 94.85411 105.4519 94.98624 105.4519 curveto
95.11836 105.4519 95.24504 105.50441 95.33846 105.59782 curveto
95.43187 105.69124 95.48438 105.81792 95.48438 105.95004 curveto closepath fill
newpath 97.89795 104.16434 moveto
97.89795 104.29646 97.84544 104.42314 97.75203 104.51656 curveto
97.65862 104.60997 97.53194 104.66248 97.39981 104.66248 curveto
97.26768 104.66248 97.141 104.60997 97.04759 104.51656 curveto
96.95418 104.42314 96.90167 104.29646 96.90167 104.16434 curveto
96.90167 104.03221 96.95418 103.90553 97.04759 103.81212 curveto
97.141 103.7187 97.26768 103.6662 97.39981 103.6662 curveto
97.53194 103.6662 97.65862 103.7187 97.75203 103.81212 curveto
97.84544 103.90553 97.89795 104.03221 97.89795 104.16434 curveto closepath fill
newpath 100.17096 102.20305 moveto
100.17096 102.33517 100.11845 102.46185 100.02504 102.55527 curveto
99.93163 102.64868 99.80495 102.70119 99.67282 102.70119 curveto
99.5407 102.70119 99.41402 102.64868 99.3206 102.55527 curveto
99.22719 102.46185 99.17468 102.33517 99.17468 102.20305 curveto
99.17468 102.07092 99.22719 101.94424 99.3206 101.85083 curveto
99.41402 101.75742 99.5407 101.70491 99.67282 101.70491 curveto
99.80495 101.70491 99.93163 101.75742 100.02504 101.85083 curveto
100.11845 101.94424 100.17096 102.07092 100.17096 102.20305 curveto closepath fill
newpath 102.33598 100.12299 moveto
102.33598 100.25511 102.28348 100.38179 102.19006 100.4752 curveto
102.09665 100.56862 101.96997 100.62112 101.83784 100.62112 curveto
101.70572 100.62112 101.57904 100.56862 101.48563 100.4752 curveto
101.39221 100.38179 101.3397 100.25511 101.3397 100.12299 curveto
101.3397 99.99086 101.39221 99.86418 101.48563 99.77077 curveto
101.57904 99.67735 101.70572 99.62485 101.83784 99.62485 curveto
101.96997 99.62485 102.09665 99.67735 102.19006 99.77077 curveto
102.28348 99.86418 102.33598 99.99086 102.33598 100.12299 curveto closepath fill
newpath 104.41428 97.95525 moveto
104.41428 98.08737 104.36177 98.21405 104.26836 98.30746 curveto
104.17494 98.40088 104.04826 98.45338 103.91614 98.45338 curveto
103.78401 98.45338 103.65733 98.40088 103.56392 98.30746 curveto
103.4705 98.21405 103.418 98.08737 103.418 97.95525 curveto
103.418 97.82312 103.4705 97.69644 103.56392 97.60303 curveto
103.65733 97.50961 103.78401 97.4571 103.91614 97.4571 curveto
104.04826 97.4571 104.17494 97.50961 104.26836 97.60303 curveto
104.36177 97.69644 104.41428 97.82312 104.41428 97.95525 curveto closepath fill
newpath 106.42303 95.72375 moveto
106.42303 95.85588 106.37053 95.98256 106.27711 96.07597 curveto
106.1837 96.16939 106.05702 96.2219 105.9249 96.2219 curveto
105.79277 96.2219 105.66609 96.16939 105.57268 96.07597 curveto
105.47926 95.98256 105.42676 95.85588 105.42676 95.72375 curveto
105.42676 95.59163 105.47926 95.46495 105.57268 95.37154 curveto
105.66609 95.27812 105.79277 95.22562 105.9249 95.22562 curveto
106.05702 95.22562 106.1837 95.27812 106.27711 95.37154 curveto
106.37053 95.46495 106.42303 95.59163 106.42303 95.72375 curveto closepath fill
newpath 108.3868 93.45189 moveto
108.3868 93.58401 108.33429 93.7107 108.24088 93.80411 curveto
108.14746 93.89752 108.02078 93.95003 107.88866 93.95003 curveto
107.75653 93.95003 107.62985 93.89752 107.53644 93.80411 curveto
107.44302 93.7107 107.39052 93.58401 107.39052 93.45189 curveto
107.39052 93.31976 107.44302 93.19308 107.53644 93.09967 curveto
107.62985 93.00626 107.75653 92.95375 107.88866 92.95375 curveto
108.02078 92.95375 108.14746 93.00626 108.24088 93.09967 curveto
108.33429 93.19308 108.3868 93.31976 108.3868 93.45189 curveto closepath fill
newpath 110.3122 91.14761 moveto
110.3122 91.27974 110.25969 91.40642 110.16628 91.49983 curveto
110.07286 91.59325 109.94618 91.64575 109.81406 91.64575 curveto
109.68193 91.64575 109.55525 91.59325 109.46184 91.49983 curveto
109.36842 91.40642 109.31592 91.27974 109.31592 91.14761 curveto
109.31592 91.01549 109.36842 90.88881 109.46184 90.7954 curveto
109.55525 90.70198 109.68193 90.64948 109.81406 90.64948 curveto
109.94618 90.64948 110.07286 90.70198 110.16628 90.7954 curveto
110.25969 90.88881 110.3122 91.01549 110.3122 91.14761 curveto closepath fill
newpath 112.22336 88.83148 moveto
112.22336 88.96361 112.17085 89.09029 112.07744 89.1837 curveto
111.98402 89.27711 111.85735 89.32962 111.72522 89.32962 curveto
111.5931 89.32962 111.46642 89.27711 111.373 89.1837 curveto
111.27959 89.09029 111.22708 88.96361 111.22708 88.83148 curveto
111.22708 88.69936 111.27959 88.57268 111.373 88.47926 curveto
111.46642 88.38585 111.5931 88.33334 111.72522 88.33334 curveto
111.85735 88.33334 111.98402 88.38585 112.07744 88.47926 curveto
112.17085 88.57268 112.22336 88.69936 112.22336 88.83148 curveto closepath fill
newpath 114.12257 86.50563 moveto
114.12257 86.63776 114.07007 86.76443 113.97665 86.85785 curveto
113.88324 86.95126 113.75656 87.00377 113.62444 87.00377 curveto
113.49231 87.00377 113.36563 86.95126 113.27222 86.85785 curveto
113.1788 86.76443 113.1263 86.63776 113.1263 86.50563 curveto
113.1263 86.3735 113.1788 86.24683 113.27222 86.15341 curveto
113.36563 86.06 113.49231 86.00749 113.62444 86.00749 curveto
113.75656 86.00749 113.88324 86.06 113.97665 86.15341 curveto
114.07007 86.24683 114.12257 86.3735 114.12257 86.50563 curveto closepath fill
newpath 116.03386 84.18933 moveto
116.03386 84.32146 115.98135 84.44814 115.88794 84.54155 curveto
115.79453 84.63496 115.66785 84.68747 115.53572 84.68747 curveto
115.4036 84.68747 115.27692 84.63496 115.1835 84.54155 curveto
115.09009 84.44814 115.03758 84.32146 115.03758 84.18933 curveto
115.03758 84.0572 115.09009 83.93053 115.1835 83.83711 curveto
115.27692 83.7437 115.4036 83.6912 115.53572 83.6912 curveto
115.66785 83.6912 115.79453 83.7437 115.88794 83.83711 curveto
115.98135 83.93053 116.03386 84.0572 116.03386 84.18933 curveto closepath fill
newpath 117.95918 81.88513 moveto
117.95918 82.01726 117.90668 82.14394 117.81326 82.23735 curveto
117.71985 82.33076 117.59317 82.38327 117.46104 82.38327 curveto
117.32892 82.38327 117.20224 82.33076 117.10883 82.23735 curveto
117.01541 82.14394 116.9629 82.01726 116.9629 81.88513 curveto
116.9629 81.753 117.01541 81.62633 117.10883 81.53291 curveto
117.20224 81.4395 117.32892 81.387 117.46104 81.387 curveto
117.59317 81.387 117.71985 81.4395 117.81326 81.53291 curveto
117.90668 81.62633 117.95918 81.753 117.95918 81.88513 curveto closepath fill
newpath 119.92316 79.61337 moveto
119.92316 79.7455 119.87065 79.87218 119.77724 79.96559 curveto
119.68382 80.059 119.55714 80.11151 119.42502 80.11151 curveto
119.2929 80.11151 119.16621 80.059 119.0728 79.96559 curveto
118.97939 79.87218 118.92688 79.7455 118.92688 79.61337 curveto
118.92688 79.48125 118.97939 79.35457 119.0728 79.26115 curveto
119.16621 79.16774 119.2929 79.11523 119.42502 79.11523 curveto
119.55714 79.11523 119.68382 79.16774 119.77724 79.26115 curveto
119.87065 79.35457 119.92316 79.48125 119.92316 79.61337 curveto closepath fill
newpath 121.9321 77.382 moveto
121.9321 77.51413 121.8796 77.64081 121.78618 77.73422 curveto
121.69276 77.82764 121.56609 77.88014 121.43396 77.88014 curveto
121.30183 77.88014 121.17516 77.82764 121.08174 77.73422 curveto
120.98833 77.64081 120.93582 77.51413 120.93582 77.382 curveto
120.93582 77.24988 120.98833 77.1232 121.08174 77.02979 curveto
121.17516 76.93637 121.30183 76.88387 121.43396 76.88387 curveto
121.56609 76.88387 121.69276 76.93637 121.78618 77.02979 curveto
121.8796 77.1232 121.9321 77.24988 121.9321 77.382 curveto closepath fill
newpath 124.0103 75.21425 moveto
124.0103 75.34637 123.9578 75.47305 123.86438 75.56647 curveto
123.77097 75.65988 123.64429 75.71239 123.51216 75.71239 curveto
123.38004 75.71239 123.25336 75.65988 123.15994 75.56647 curveto
123.06653 75.47305 123.01402 75.34637 123.01402 75.21425 curveto
123.01402 75.08212 123.06653 74.95544 123.15994 74.86203 curveto
123.25336 74.76862 123.38004 74.71611 123.51216 74.71611 curveto
123.64429 74.71611 123.77097 74.76862 123.86438 74.86203 curveto
123.9578 74.95544 124.0103 75.08212 124.0103 75.21425 curveto closepath fill
newpath 126.17564 73.13448 moveto
126.17564 73.2666 126.12314 73.39328 126.02972 73.4867 curveto
125.93631 73.58011 125.80963 73.63261 125.6775 73.63261 curveto
125.54538 73.63261 125.4187 73.58011 125.32529 73.4867 curveto
125.23187 73.39328 125.17937 73.2666 125.17937 73.13448 curveto
125.17937 73.00235 125.23187 72.87567 125.32529 72.78226 curveto
125.4187 72.68884 125.54538 72.63634 125.6775 72.63634 curveto
125.80963 72.63634 125.93631 72.68884 126.02972 72.78226 curveto
126.12314 72.87567 126.17564 73.00235 126.17564 73.13448 curveto closepath fill
newpath 128.449 71.17363 moveto
128.449 71.30576 128.3965 71.43243 128.30309 71.52585 curveto
128.20967 71.61926 128.083 71.67177 127.95087 71.67177 curveto
127.81874 71.67177 127.69206 71.61926 127.59865 71.52585 curveto
127.50523 71.43243 127.45273 71.30576 127.45273 71.17363 curveto
127.45273 71.0415 127.50523 70.91483 127.59865 70.82141 curveto
127.69206 70.728 127.81874 70.67549 127.95087 70.67549 curveto
128.083 70.67549 128.20967 70.728 128.30309 70.82141 curveto
128.3965 70.91483 128.449 71.0415 128.449 71.17363 curveto closepath fill
newpath 130.86298 69.38834 moveto
130.86298 69.52046 130.81047 69.64714 130.71706 69.74055 curveto
130.62364 69.83397 130.49696 69.88647 130.36484 69.88647 curveto
130.23271 69.88647 130.10603 69.83397 130.01262 69.74055 curveto
129.9192 69.64714 129.8667 69.52046 129.8667 69.38834 curveto
129.8667 69.25621 129.9192 69.12953 130.01262 69.03612 curveto
130.10603 68.9427 130.23271 68.8902 130.36484 68.8902 curveto
130.49696 68.8902 130.62364 68.9427 130.71706 69.03612 curveto
130.81047 69.12953 130.86298 69.25621 130.86298 69.38834 curveto closepath fill
newpath 133.43794 67.84737 moveto
133.43794 67.97949 133.38544 68.10617 133.29202 68.19958 curveto
133.19861 68.293 133.07193 68.3455 132.9398 68.3455 curveto
132.80768 68.3455 132.681 68.293 132.58759 68.19958 curveto
132.49417 68.10617 132.44167 67.97949 132.44167 67.84737 curveto
132.44167 67.71524 132.49417 67.58856 132.58759 67.49515 curveto
132.681 67.40173 132.80768 67.34923 132.9398 67.34923 curveto
133.07193 67.34923 133.19861 67.40173 133.29202 67.49515 curveto
133.38544 67.58856 133.43794 67.71524 133.43794 67.84737 curveto closepath fill
newpath 136.18893 66.65033 moveto
136.18893 66.78246 136.13643 66.90913 136.04301 67.00255 curveto
135.9496 67.09596 135.82292 67.14847 135.6908 67.14847 curveto
135.55867 67.14847 135.43199 67.09596 135.33858 67.00255 curveto
135.24516 66.90913 135.19266 66.78246 135.19266 66.65033 curveto
135.19266 66.5182 135.24516 66.39153 135.33858 66.29811 curveto
135.43199 66.2047 135.55867 66.15219 135.6908 66.15219 curveto
135.82292 66.15219 135.9496 66.2047 136.04301 66.29811 curveto
136.13643 66.39153 136.18893 66.5182 136.18893 66.65033 curveto closepath fill
newpath 139.09923 65.92487 moveto
139.09923 66.05699 139.04672 66.18367 138.95331 66.27708 curveto
138.8599 66.3705 138.73322 66.423 138.60109 66.423 curveto
138.46896 66.423 138.34229 66.3705 138.24887 66.27708 curveto
138.15546 66.18367 138.10295 66.05699 138.10295 65.92487 curveto
138.10295 65.79274 138.15546 65.66606 138.24887 65.57265 curveto
138.34229 65.47923 138.46896 65.42673 138.60109 65.42673 curveto
138.73322 65.42673 138.8599 65.47923 138.95331 65.57265 curveto
139.04672 65.66606 139.09923 65.79274 139.09923 65.92487 curveto closepath fill
newpath 142.0935 65.77438 moveto
142.0935 65.90651 142.041 66.03319 141.94759 66.1266 curveto
141.85417 66.22002 141.7275 66.27252 141.59537 66.27252 curveto
141.46324 66.27252 141.33656 66.22002 141.24315 66.1266 curveto
141.14973 66.03319 141.09723 65.90651 141.09723 65.77438 curveto
141.09723 65.64226 141.14973 65.51558 141.24315 65.42216 curveto
141.33656 65.32875 141.46324 65.27625 141.59537 65.27625 curveto
141.7275 65.27625 141.85417 65.32875 141.94759 65.42216 curveto
142.041 65.51558 142.0935 65.64226 142.0935 65.77438 curveto closepath fill
newpath 145.0581 66.22212 moveto
145.0581 66.35425 145.0056 66.48093 144.91219 66.57434 curveto
144.81877 66.66776 144.6921 66.72026 144.55997 66.72026 curveto
144.42784 66.72026 144.30116 66.66776 144.20775 66.57434 curveto
144.11433 66.48093 144.06183 66.35425 144.06183 66.22212 curveto
144.06183 66.09 144.11433 65.96332 144.20775 65.8699 curveto
144.30116 65.77649 144.42784 65.72398 144.55997 65.72398 curveto
144.6921 65.72398 144.81877 65.77649 144.91219 65.8699 curveto
145.0056 65.96332 145.0581 66.09 145.0581 66.22212 curveto closepath fill
newpath 147.89444 67.20068 moveto
147.89444 67.33281 147.84193 67.45949 147.74852 67.5529 curveto
147.6551 67.64632 147.52843 67.69882 147.3963 67.69882 curveto
147.26418 67.69882 147.1375 67.64632 147.04408 67.5529 curveto
146.95067 67.45949 146.89816 67.33281 146.89816 67.20068 curveto
146.89816 67.06856 146.95067 66.94188 147.04408 66.84846 curveto
147.1375 66.75505 147.26418 66.70255 147.3963 66.70255 curveto
147.52843 66.70255 147.6551 66.75505 147.74852 66.84846 curveto
147.84193 66.94188 147.89444 67.06856 147.89444 67.20068 curveto closepath fill
newpath 150.55573 68.58554 moveto
150.55573 68.71767 150.50322 68.84435 150.4098 68.93776 curveto
150.31639 69.03117 150.18971 69.08368 150.05759 69.08368 curveto
149.92546 69.08368 149.79878 69.03117 149.70537 68.93776 curveto
149.61195 68.84435 149.55945 68.71767 149.55945 68.58554 curveto
149.55945 68.45341 149.61195 68.32674 149.70537 68.23332 curveto
149.79878 68.13991 149.92546 68.0874 150.05759 68.0874 curveto
150.18971 68.0874 150.31639 68.13991 150.4098 68.23332 curveto
150.50322 68.32674 150.55573 68.45341 150.55573 68.58554 curveto closepath fill
newpath 153.04755 70.25946 moveto
153.04755 70.39159 152.99504 70.51826 152.90163 70.61168 curveto
152.80821 70.7051 152.68153 70.7576 152.54941 70.7576 curveto
152.41728 70.7576 152.2906 70.7051 152.19719 70.61168 curveto
152.10378 70.51826 152.05127 70.39159 152.05127 70.25946 curveto
152.05127 70.12733 152.10378 70.00066 152.19719 69.90724 curveto
152.2906 69.81383 152.41728 69.76132 152.54941 69.76132 curveto
152.68153 69.76132 152.80821 69.81383 152.90163 69.90724 curveto
152.99504 70.00066 153.04755 70.12733 153.04755 70.25946 curveto closepath fill
newpath 155.38776 72.1397 moveto
155.38776 72.27182 155.33525 72.3985 155.24184 72.49191 curveto
155.14842 72.58533 155.02174 72.63783 154.88962 72.63783 curveto
154.75749 72.63783 154.63081 72.58533 154.5374 72.49191 curveto
154.44398 72.3985 154.39148 72.27182 154.39148 72.1397 curveto
154.39148 72.00757 154.44398 71.88089 154.5374 71.78748 curveto
154.63081 71.69406 154.75749 71.64156 154.88962 71.64156 curveto
155.02174 71.64156 155.14842 71.69406 155.24184 71.78748 curveto
155.33525 71.88089 155.38776 72.00757 155.38776 72.1397 curveto closepath fill
newpath 157.60255 74.1668 moveto
157.60255 74.29892 157.55005 74.4256 157.45663 74.51901 curveto
157.36322 74.61243 157.23654 74.66493 157.10442 74.66493 curveto
156.97229 74.66493 156.84561 74.61243 156.7522 74.51901 curveto
156.65878 74.4256 156.60628 74.29892 156.60628 74.1668 curveto
156.60628 74.03467 156.65878 73.90799 156.7522 73.81458 curveto
156.84561 73.72116 156.97229 73.66866 157.10442 73.66866 curveto
157.23654 73.66866 157.36322 73.72116 157.45663 73.81458 curveto
157.55005 73.90799 157.60255 74.03467 157.60255 74.1668 curveto closepath fill
newpath 159.72275 76.29301 moveto
159.72275 76.42514 159.67024 76.55182 159.57683 76.64523 curveto
159.48341 76.73865 159.35674 76.79115 159.22461 76.79115 curveto
159.09248 76.79115 158.9658 76.73865 158.87239 76.64523 curveto
158.77898 76.55182 158.72647 76.42514 158.72647 76.29301 curveto
158.72647 76.16089 158.77898 76.03421 158.87239 75.9408 curveto
158.9658 75.84738 159.09248 75.79488 159.22461 75.79488 curveto
159.35674 75.79488 159.48341 75.84738 159.57683 75.9408 curveto
159.67024 76.03421 159.72275 76.16089 159.72275 76.29301 curveto closepath fill
newpath 161.76183 78.49704 moveto
161.76183 78.62917 161.70932 78.75584 161.6159 78.84926 curveto
161.52249 78.94267 161.39581 78.99518 161.26369 78.99518 curveto
161.13156 78.99518 161.00488 78.94267 160.91147 78.84926 curveto
160.81805 78.75584 160.76555 78.62917 160.76555 78.49704 curveto
160.76555 78.36491 160.81805 78.23824 160.91147 78.14482 curveto
161.00488 78.0514 161.13156 77.9989 161.26369 77.9989 curveto
161.39581 77.9989 161.52249 78.0514 161.6159 78.14482 curveto
161.70932 78.23824 161.76183 78.36491 161.76183 78.49704 curveto closepath fill
newpath 163.74773 80.74931 moveto
163.74773 80.88144 163.69522 81.00812 163.6018 81.10153 curveto
163.50839 81.19495 163.38171 81.24745 163.24959 81.24745 curveto
163.11746 81.24745 162.99078 81.19495 162.89737 81.10153 curveto
162.80396 81.00812 162.75145 80.88144 162.75145 80.74931 curveto
162.75145 80.61719 162.80396 80.49051 162.89737 80.3971 curveto
162.99078 80.30368 163.11746 80.25117 163.24959 80.25117 curveto
163.38171 80.25117 163.50839 80.30368 163.6018 80.3971 curveto
163.69522 80.49051 163.74773 80.61719 163.74773 80.74931 curveto closepath fill
newpath 165.68927 83.04008 moveto
165.68927 83.17221 165.63676 83.29889 165.54335 83.3923 curveto
165.44994 83.48572 165.32326 83.53822 165.19113 83.53822 curveto
165.059 83.53822 164.93233 83.48572 164.83891 83.3923 curveto
164.7455 83.29889 164.693 83.17221 164.693 83.04008 curveto
164.693 82.90796 164.7455 82.78128 164.83891 82.68787 curveto
164.93233 82.59445 165.059 82.54195 165.19113 82.54195 curveto
165.32326 82.54195 165.44994 82.59445 165.54335 82.68787 curveto
165.63676 82.78128 165.68927 82.90796 165.68927 83.04008 curveto closepath fill
newpath 167.61206 85.34676 moveto
167.61206 85.47888 167.55956 85.60556 167.46614 85.69897 curveto
167.37273 85.79239 167.24605 85.8449 167.11392 85.8449 curveto
166.9818 85.8449 166.85512 85.79239 166.7617 85.69897 curveto
166.66829 85.60556 166.61578 85.47888 166.61578 85.34676 curveto
166.61578 85.21463 166.66829 85.08795 166.7617 84.99454 curveto
166.85512 84.90112 166.9818 84.84862 167.11392 84.84862 curveto
167.24605 84.84862 167.37273 84.90112 167.46614 84.99454 curveto
167.55956 85.08795 167.61206 85.21463 167.61206 85.34676 curveto closepath fill
newpath 169.51042 87.67369 moveto
169.51042 87.80582 169.45792 87.9325 169.3645 88.02591 curveto
169.27109 88.11932 169.14441 88.17183 169.01228 88.17183 curveto
168.88016 88.17183 168.75348 88.11932 168.66006 88.02591 curveto
168.56665 87.9325 168.51414 87.80582 168.51414 87.67369 curveto
168.51414 87.54156 168.56665 87.41489 168.66006 87.32147 curveto
168.75348 87.22806 168.88016 87.17555 169.01228 87.17555 curveto
169.14441 87.17555 169.27109 87.22806 169.3645 87.32147 curveto
169.45792 87.41489 169.51042 87.54156 169.51042 87.67369 curveto closepath fill
 0.49814 0 dtransform exch truncate exch idtransform pop setlinewidth
newpath 56.33743 0 moveto
56.33743 1.99324 lineto stroke
newpath 56.33743 5.97711 moveto
56.33743 9.96469 lineto stroke
newpath 56.33743 13.94743 moveto
56.33743 17.93451 lineto stroke
newpath 56.33743 21.91779 moveto
56.33743 25.9023 lineto stroke
newpath 56.33743 29.88812 moveto
56.33743 33.87204 lineto stroke
newpath 56.33743 37.85847 moveto
56.33743 41.84225 lineto stroke
newpath 56.33743 45.8288 moveto
56.33743 49.81285 lineto stroke
newpath 56.33743 53.79913 moveto
56.33743 57.78282 lineto stroke
newpath 56.33743 61.76945 moveto
56.33743 65.75356 lineto stroke
newpath 56.33743 69.73712 moveto
56.33743 73.72374 lineto stroke
newpath 56.33743 77.70744 moveto
56.33743 81.6941 lineto stroke
newpath 56.33743 85.67776 moveto
56.33743 89.66461 lineto stroke
newpath 56.33743 93.6481 moveto
56.33743 97.63458 lineto stroke
newpath 56.33743 101.61842 moveto
56.33743 105.60518 lineto stroke
newpath 56.33743 109.58876 moveto
56.33743 113.5729 lineto stroke
newpath 56.33743 117.55908 moveto
56.33743 121.54259 lineto stroke
newpath 56.33743 125.52942 moveto
56.33743 129.51302 lineto stroke
newpath 56.33743 133.49976 moveto
56.33743 137.48376 lineto stroke
newpath 56.33743 141.4701 moveto
56.33743 145.45392 lineto stroke
newpath 56.33743 149.44043 moveto
56.33743 153.42432 lineto stroke
newpath 56.33743 157.4081 moveto
56.33743 161.39462 lineto stroke
newpath 56.33743 165.37845 moveto
56.33743 169.36488 lineto stroke
newpath 56.33743 173.3488 moveto
56.33743 175.34204 lineto stroke
newpath 112.67102 0 moveto
112.67102 1.99324 lineto stroke
newpath 112.67102 5.97711 moveto
112.67102 9.96469 lineto stroke
newpath 112.67102 13.94743 moveto
112.67102 17.93451 lineto stroke
newpath 112.67102 21.91779 moveto
112.67102 25.9023 lineto stroke
newpath 112.67102 29.88812 moveto
112.67102 33.87204 lineto stroke
newpath 112.67102 37.85847 moveto
112.67102 41.84225 lineto stroke
newpath 112.67102 45.8288 moveto
112.67102 49.81285 lineto stroke
newpath 112.67102 53.79913 moveto
112.67102 57.78282 lineto stroke
newpath 112.67102 61.76945 moveto
112.67102 65.75356 lineto stroke
newpath 112.67102 69.73712 moveto
112.67102 73.72374 lineto stroke
newpath 112.67102 77.70744 moveto
112.67102 81.6941 lineto stroke
newpath 112.67102 85.67776 moveto
112.67102 89.66461 lineto stroke
newpath 112.67102 93.6481 moveto
112.67102 97.63458 lineto stroke
newpath 112.67102 101.61842 moveto
112.67102 105.60518 lineto stroke
newpath 112.67102 109.58876 moveto
112.67102 113.5729 lineto stroke
newpath 112.67102 117.55908 moveto
112.67102 121.54259 lineto stroke
newpath 112.67102 125.52942 moveto
112.67102 129.51302 lineto stroke
newpath 112.67102 133.49976 moveto
112.67102 137.48376 lineto stroke
newpath 112.67102 141.4701 moveto
112.67102 145.45392 lineto stroke
newpath 112.67102 149.44043 moveto
112.67102 153.42432 lineto stroke
newpath 112.67102 157.4081 moveto
112.67102 161.39462 lineto stroke
newpath 112.67102 165.37845 moveto
112.67102 169.36488 lineto stroke
newpath 112.67102 173.3488 moveto
112.67102 175.34204 lineto stroke
newpath 169.01228 0 moveto
169.01228 1.99324 lineto stroke
newpath 169.01228 5.97711 moveto
169.01228 9.96469 lineto stroke
newpath 169.01228 13.94743 moveto
169.01228 17.93451 lineto stroke
newpath 169.01228 21.91779 moveto
169.01228 25.9023 lineto stroke
newpath 169.01228 29.88812 moveto
169.01228 33.87204 lineto stroke
newpath 169.01228 37.85847 moveto
169.01228 41.84225 lineto stroke
newpath 169.01228 45.8288 moveto
169.01228 49.81285 lineto stroke
newpath 169.01228 53.79913 moveto
169.01228 57.78282 lineto stroke
newpath 169.01228 61.76945 moveto
169.01228 65.75356 lineto stroke
newpath 169.01228 69.73712 moveto
169.01228 73.72374 lineto stroke
newpath 169.01228 77.70744 moveto
169.01228 81.6941 lineto stroke
newpath 169.01228 85.67776 moveto
169.01228 89.66461 lineto stroke
newpath 169.01228 93.6481 moveto
169.01228 97.63458 lineto stroke
newpath 169.01228 101.61842 moveto
169.01228 105.60518 lineto stroke
newpath 169.01228 109.58876 moveto
169.01228 113.5729 lineto stroke
newpath 169.01228 117.55908 moveto
169.01228 121.54259 lineto stroke
newpath 169.01228 125.52942 moveto
169.01228 129.51302 lineto stroke
newpath 169.01228 133.49976 moveto
169.01228 137.48376 lineto stroke
newpath 169.01228 141.4701 moveto
169.01228 145.45392 lineto stroke
newpath 169.01228 149.44043 moveto
169.01228 153.42432 lineto stroke
newpath 169.01228 157.4081 moveto
169.01228 161.39462 lineto stroke
newpath 169.01228 165.37845 moveto
169.01228 169.36488 lineto stroke
newpath 169.01228 173.3488 moveto
169.01228 175.34204 lineto stroke
 0 1.24533 dtransform truncate idtransform setlinewidth pop
newpath 60.87424 175.20325 moveto
61.53204 162.60495 62.74423 150.0197 64.5097 137.46155 curveto
65.17134 132.75732 66.5384 128.10497 68.14462 123.48703 curveto
68.97154 121.10985 70.26143 118.80556 71.78064 116.56015 curveto
72.7055 115.1933 73.96257 113.92242 75.41556 112.73985 curveto
76.42307 111.92015 77.66644 111.2215 79.05103 110.64293 curveto
80.14828 110.18474 81.38673 109.87004 82.6865 109.70181 curveto
83.885 109.54663 85.12344 109.54663 86.32196 109.70181 curveto
87.6217 109.87004 88.8607 110.18474 89.95743 110.64293 curveto
91.342 111.2215 92.58537 111.92049 93.5929 112.74052 curveto
95.04587 113.9231 96.30293 115.19397 97.22781 116.5608 curveto
98.74701 118.80623 100.03691 121.11084 100.86383 123.48804 curveto
102.47005 128.10562 103.8371 132.75766 104.49875 137.46155 curveto
106.26422 150.0197 107.4764 162.60495 108.13422 175.20325 curveto stroke
newpath 106.48601 172.29643 moveto
107.46227 172.95198 108.0729 174.02892 108.13422 175.20325 curveto
108.0729 174.02892 108.56807 172.89424 109.47075 172.14061 curveto stroke
newpath 59.5377 172.14061 moveto
60.44038 172.89424 60.93555 174.02892 60.87424 175.20325 curveto
60.93555 174.02892 61.54619 172.95198 62.52245 172.29643 curveto stroke
newpath 117.20837 0.08026 moveto
117.86618 12.69327 119.07837 25.29358 120.84439 37.86679 curveto
121.50548 42.57367 122.8731 47.22905 124.47986 51.84966 curveto
125.30678 54.22784 126.59721 56.53313 128.11642 58.77956 curveto
129.04129 60.14708 130.2989 61.41827 131.75189 62.60118 curveto
132.7594 63.42122 134.00278 64.12021 135.3879 64.69911 curveto
136.48517 65.15762 137.72362 65.472 139.02391 65.64023 curveto
140.22243 65.79541 141.46143 65.79507 142.65993 65.6399 curveto
143.96022 65.47166 145.19868 65.1573 146.29594 64.69878 curveto
147.68106 64.11987 148.92445 63.42056 149.93196 62.60017 curveto
151.38495 61.41693 152.64255 60.14574 153.56743 58.77821 curveto
155.08717 56.53146 156.37708 54.22551 157.20398 51.84698 curveto
158.81075 47.22504 160.17836 42.56833 160.83945 37.86009 curveto
162.60547 25.28387 163.81766 12.68057 164.47546 0.06421 curveto stroke
newpath 165.81223 3.12674 moveto
164.9095 2.37317 164.41425 1.23854 164.47546 0.06421 curveto
164.41425 1.23854 163.8037 2.31552 162.82748 2.97113 curveto stroke
newpath 118.8564 2.98717 moveto
117.88019 2.33156 117.2696 1.2546 117.20837 0.08026 curveto
117.2696 1.2546 116.77438 2.38924 115.87166 3.1428 curveto stroke
showpage
%%EOF
