%!PS
%%BoundingBox: -1 -1 180 140 
%%HiResBoundingBox: -0.24907 -0.24907 179.57616 139.7257 
%%Creator: MetaPost 1.9991
%%CreationDate: 2017.08.19:1107
%%Pages: 1
%%BeginProlog
%%EndProlog
%%Page: 1 1
 0 0 0 setrgbcolor
newpath 8.5519 131.50653 moveto
8.02342 131.50653 7.51666 131.29657 7.14299 130.92291 curveto
6.76933 130.54924 6.55937 130.04248 6.55937 129.514 curveto
6.55937 128.98553 6.76933 128.47878 7.14299 128.1051 curveto
7.51666 127.73145 8.02342 127.52148 8.5519 127.52148 curveto
9.08037 127.52148 9.58713 127.73145 9.9608 128.1051 curveto
10.33446 128.47878 10.54442 128.98553 10.54442 129.514 curveto
10.54442 130.04248 10.33446 130.54924 9.9608 130.92291 curveto
9.58713 131.29657 9.08037 131.50653 8.5519 131.50653 curveto closepath fill
newpath 39.85046 91.65607 moveto
39.32199 91.65607 38.81523 91.4461 38.44156 91.07245 curveto
38.0679 90.69878 37.85794 90.19202 37.85794 89.66354 curveto
37.85794 89.13507 38.0679 88.62831 38.44156 88.25464 curveto
38.81523 87.88098 39.32199 87.67102 39.85046 87.67102 curveto
40.37894 87.67102 40.8857 87.88098 41.25937 88.25464 curveto
41.63303 88.62831 41.84299 89.13507 41.84299 89.66354 curveto
41.84299 90.19202 41.63303 90.69878 41.25937 91.07245 curveto
40.8857 91.4461 40.37894 91.65607 39.85046 91.65607 curveto closepath fill
newpath 71.14903 51.8056 moveto
70.62056 51.8056 70.1138 51.59564 69.74013 51.22198 curveto
69.36647 50.84831 69.15651 50.34155 69.15651 49.81308 curveto
69.15651 49.2846 69.36647 48.77785 69.74013 48.40417 curveto
70.1138 48.03052 70.62056 47.82056 71.14903 47.82056 curveto
71.6775 47.82056 72.18427 48.03052 72.55794 48.40417 curveto
72.9316 48.77785 73.14156 49.2846 73.14156 49.81308 curveto
73.14156 50.34155 72.9316 50.84831 72.55794 51.22198 curveto
72.18427 51.59564 71.6775 51.8056 71.14903 51.8056 curveto closepath fill
newpath 102.4476 91.65607 moveto
101.91913 91.65607 101.41237 91.4461 101.0387 91.07245 curveto
100.66504 90.69878 100.45508 90.19202 100.45508 89.66354 curveto
100.45508 89.13507 100.66504 88.62831 101.0387 88.25464 curveto
101.41237 87.88098 101.91913 87.67102 102.4476 87.67102 curveto
102.97607 87.67102 103.48283 87.88098 103.8565 88.25464 curveto
104.23016 88.62831 104.44012 89.13507 104.44012 89.66354 curveto
104.44012 90.19202 104.23016 90.69878 103.8565 91.07245 curveto
103.48283 91.4461 102.97607 91.65607 102.4476 91.65607 curveto closepath fill
newpath 133.74617 131.50653 moveto
133.2177 131.50653 132.71094 131.29657 132.33727 130.92291 curveto
131.96361 130.54924 131.75365 130.04248 131.75365 129.514 curveto
131.75365 128.98553 131.96361 128.47878 132.33727 128.1051 curveto
132.71094 127.73145 133.2177 127.52148 133.74617 127.52148 curveto
134.27464 127.52148 134.7814 127.73145 135.15508 128.1051 curveto
135.52873 128.47878 135.7387 128.98553 135.7387 129.514 curveto
135.7387 130.04248 135.52873 130.54924 135.15508 130.92291 curveto
134.7814 131.29657 134.27464 131.50653 133.74617 131.50653 curveto closepath fill
 0 0.49814 dtransform truncate idtransform setlinewidth pop [] 0 setdash
 1 setlinecap 1 setlinejoin 10 setmiterlimit
newpath 0 69.73831 moveto
179.32709 69.73831 lineto stroke
newpath 174.34578 72.22897 moveto
175.52171 70.66106 177.3672 69.73831 179.32709 69.73831 curveto
177.3672 69.73831 175.52171 68.81557 174.34578 67.24765 curveto stroke
 0.49814 0 dtransform exch truncate exch idtransform pop setlinewidth
newpath 39.85046 0 moveto
39.85046 139.47662 lineto stroke
 0 0.49814 dtransform truncate idtransform setlinewidth pop
newpath 37.3598 134.49532 moveto
38.92772 135.67125 39.85046 137.51674 39.85046 139.47662 curveto
39.85046 137.51674 40.77321 135.67125 42.34113 134.49532 curveto stroke
 0.49814 0 dtransform exch truncate exch idtransform pop setlinewidth
newpath 8.5519 67.74579 moveto
8.5519 71.73083 lineto stroke
newpath 71.14903 67.74579 moveto
71.14903 71.73083 lineto stroke
newpath 102.4476 67.74579 moveto
102.4476 71.73083 lineto stroke
newpath 133.74617 67.74579 moveto
133.74617 71.73083 lineto stroke
newpath 165.04474 67.74579 moveto
165.04474 71.73083 lineto stroke
 0 0.49814 dtransform truncate idtransform setlinewidth pop
newpath 41.84299 49.81308 moveto
37.85794 49.81308 lineto stroke
newpath 41.84299 89.66354 moveto
37.85794 89.66354 lineto stroke
newpath 41.84299 29.88785 moveto
37.85794 29.88785 lineto stroke
newpath 41.84299 109.58878 moveto
37.85794 109.58878 lineto stroke
newpath 41.84299 9.96262 moveto
37.85794 9.96262 lineto stroke
newpath 41.84299 129.514 moveto
37.85794 129.514 lineto stroke
 0 1.09589 dtransform truncate idtransform setlinewidth pop
newpath 8.5519 129.514 moveto
9.21895 129.51218 9.88448 129.4459 10.53876 129.31578 curveto
11.21858 129.18048 11.8829 128.9783 12.52715 128.72351 curveto
13.21487 128.4514 13.87675 128.11848 14.51402 127.7433 curveto
15.20601 127.3359 15.86606 126.8771 16.50058 126.38489 curveto
17.19379 125.84735 17.85294 125.26755 18.48746 124.6616 curveto
19.18034 124.00003 19.8395 123.3047 20.47615 122.5887 curveto
21.166 121.8128 21.82454 121.00954 22.4627 120.19048 curveto
23.14983 119.30847 23.80867 118.40488 24.44957 117.48882 curveto
25.13365 116.51105 25.7925 115.51593 26.43614 114.51111 curveto
27.11778 113.44667 27.77754 112.36856 28.42484 111.28285 curveto
29.10283 110.14546 29.76228 108.99683 30.4117 107.843 curveto
31.08696 106.64328 31.74611 105.43475 32.39827 104.22256 curveto
33.07048 102.97267 33.73024 101.7164 34.38513 100.4574 curveto
35.05522 99.16919 35.71559 97.87582 36.37383 96.58156 curveto
37.04057 95.27025 37.70003 93.9553 38.36038 92.64066 curveto
39.0247 91.3181 39.68446 89.99312 40.34726 88.66995 curveto
41.00883 87.34953 41.66829 86.0282 42.33382 84.7096 curveto
42.99327 83.40286 43.65364 82.09642 44.32251 80.79424 curveto
44.97893 79.51668 45.63838 78.24065 46.30939 76.97069 curveto
46.96306 75.73358 47.62221 74.4998 48.29594 73.27364 curveto
48.94688 72.08911 49.60603 70.90884 50.2828 69.73892 curveto
50.93132 68.61734 51.59108 67.50275 52.27121 66.40001 curveto
52.91637 65.35382 53.57552 64.31645 54.25807 63.2946 curveto
54.9005 62.33293 55.55904 61.38252 56.24463 60.45126 curveto
56.88402 59.58263 57.54286 58.7283 58.2315 57.89798 curveto
58.86906 57.12938 59.52852 56.37871 60.2202 55.65846 curveto
60.85503 54.99748 61.51387 54.35962 62.20676 53.75946 curveto
62.84128 53.21007 63.50043 52.68956 64.19363 52.21617 curveto
64.82906 51.78232 65.48973 51.38554 66.18019 51.04564 curveto
66.82079 50.73004 67.48419 50.46188 68.16888 50.2582 curveto
68.81769 50.06512 69.48232 49.92952 70.15575 49.86234 curveto
70.81642 49.79636 71.48164 49.79636 72.14232 49.86234 curveto
72.81575 49.92952 73.48038 50.06512 74.12918 50.2582 curveto
74.81387 50.46188 75.47728 50.73004 76.11787 51.04564 curveto
76.80833 51.38585 77.4687 51.78293 78.10445 52.21678 curveto
78.79733 52.69016 79.45709 53.21007 80.09131 53.75946 curveto
80.78421 54.35962 81.44305 54.9981 82.07787 55.65906 curveto
82.76955 56.37932 83.429 57.12999 84.06656 57.89859 curveto
84.7552 58.7289 85.41374 59.58324 86.05344 60.45187 curveto
86.73903 61.38283 87.39787 62.33324 88.04 63.2946 curveto
88.72285 64.31676 89.3817 65.35443 90.02687 66.40062 curveto
90.70699 67.50336 91.36674 68.61795 92.01526 69.73953 curveto
92.69203 70.90945 93.35118 72.08972 94.00212 73.27423 curveto
94.67586 74.50041 95.335 75.73418 95.9887 76.9713 curveto
96.6597 78.24126 97.31914 79.51729 97.97556 80.79485 curveto
98.64442 82.09703 99.3048 83.40346 99.96425 84.7102 curveto
100.62978 86.02881 101.28923 87.35014 101.9508 88.67056 curveto
102.6136 89.99373 103.27336 91.31871 103.93768 92.64127 curveto
104.59804 93.9559 105.25749 95.27086 105.92424 96.58217 curveto
106.58247 97.87643 107.24284 99.1698 107.91293 100.458 curveto
108.56783 101.71701 109.22758 102.97328 109.89981 104.22318 curveto
110.55196 105.43535 111.2111 106.64389 111.88637 107.84361 curveto
112.53578 108.99742 113.19524 110.14607 113.87323 111.28346 curveto
114.52052 112.36887 115.18028 113.44698 115.86192 114.51111 curveto
116.50557 115.51593 117.16441 116.51105 117.8485 117.48882 curveto
118.4894 118.40488 119.14824 119.30847 119.83536 120.19048 curveto
120.47353 121.00954 121.13206 121.8128 121.82193 122.5887 curveto
122.45857 123.3047 123.11772 124.00003 123.81062 124.6616 curveto
124.44514 125.26755 125.10428 125.84735 125.79749 126.38489 curveto
126.432 126.8771 127.09207 127.3359 127.78404 127.7433 curveto
128.42131 128.11848 129.08319 128.4514 129.77092 128.72351 curveto
130.41516 128.9786 131.07948 129.18109 131.75931 129.31639 curveto
132.41359 129.44652 133.07912 129.51279 133.74617 129.514 curveto stroke
showpage
%%EOF
