%!PS
%%BoundingBox: -1 -1 200 111 
%%HiResBoundingBox: -0.24907 -0.24907 199.50139 110.8341 
%%Creator: MetaPost 1.9991
%%CreationDate: 2017.08.19:1107
%%Pages: 1
%%BeginProlog
%%EndProlog
%%Page: 1 1
 0 0 0 setrgbcolor
newpath 19.92523 55.79065 moveto
19.39676 55.79065 18.89 55.58069 18.51633 55.20703 curveto
18.14267 54.83336 17.93271 54.3266 17.93271 53.79813 curveto
17.93271 53.26965 18.14267 52.7629 18.51633 52.38922 curveto
18.89 52.01556 19.39676 51.8056 19.92523 51.8056 curveto
20.4537 51.8056 20.96046 52.01556 21.33414 52.38922 curveto
21.7078 52.7629 21.91776 53.26965 21.91776 53.79813 curveto
21.91776 54.3266 21.7078 54.83336 21.33414 55.20703 curveto
20.96046 55.58069 20.4537 55.79065 19.92523 55.79065 curveto closepath fill
newpath 39.85046 7.9701 moveto
39.32199 7.9701 38.81523 7.76013 38.44156 7.38647 curveto
38.0679 7.0128 37.85794 6.50604 37.85794 5.97757 curveto
37.85794 5.4491 38.0679 4.94234 38.44156 4.56866 curveto
38.81523 4.195 39.32199 3.98505 39.85046 3.98505 curveto
40.37894 3.98505 40.8857 4.195 41.25937 4.56866 curveto
41.63303 4.94234 41.84299 5.4491 41.84299 5.97757 curveto
41.84299 6.50604 41.63303 7.0128 41.25937 7.38647 curveto
40.8857 7.76013 40.37894 7.9701 39.85046 7.9701 curveto closepath fill
newpath 59.7757 55.79065 moveto
59.24722 55.79065 58.74046 55.58069 58.36679 55.20703 curveto
57.99313 54.83336 57.78317 54.3266 57.78317 53.79813 curveto
57.78317 53.26965 57.99313 52.7629 58.36679 52.38922 curveto
58.74046 52.01556 59.24722 51.8056 59.7757 51.8056 curveto
60.30417 51.8056 60.81093 52.01556 61.1846 52.38922 curveto
61.55826 52.7629 61.76822 53.26965 61.76822 53.79813 curveto
61.76822 54.3266 61.55826 54.83336 61.1846 55.20703 curveto
60.81093 55.58069 60.30417 55.79065 59.7757 55.79065 curveto closepath fill
newpath 79.70093 103.6112 moveto
79.17245 103.6112 78.6657 103.40125 78.29202 103.02759 curveto
77.91837 102.65392 77.7084 102.14716 77.7084 101.61868 curveto
77.7084 101.09021 77.91837 100.58345 78.29202 100.20978 curveto
78.6657 99.83612 79.17245 99.62616 79.70093 99.62616 curveto
80.2294 99.62616 80.73616 99.83612 81.10983 100.20978 curveto
81.48349 100.58345 81.69345 101.09021 81.69345 101.61868 curveto
81.69345 102.14716 81.48349 102.65392 81.10983 103.02759 curveto
80.73616 103.40125 80.2294 103.6112 79.70093 103.6112 curveto closepath fill
newpath 99.62616 55.79065 moveto
99.09769 55.79065 98.59093 55.58069 98.21725 55.20703 curveto
97.8436 54.83336 97.63364 54.3266 97.63364 53.79813 curveto
97.63364 53.26965 97.8436 52.7629 98.21725 52.38922 curveto
98.59093 52.01556 99.09769 51.8056 99.62616 51.8056 curveto
100.15463 51.8056 100.66139 52.01556 101.03506 52.38922 curveto
101.40872 52.7629 101.61868 53.26965 101.61868 53.79813 curveto
101.61868 54.3266 101.40872 54.83336 101.03506 55.20703 curveto
100.66139 55.58069 100.15463 55.79065 99.62616 55.79065 curveto closepath fill
newpath 119.55139 7.9701 moveto
119.02292 7.9701 118.51616 7.76013 118.14249 7.38647 curveto
117.76883 7.0128 117.55887 6.50604 117.55887 5.97757 curveto
117.55887 5.4491 117.76883 4.94234 118.14249 4.56866 curveto
118.51616 4.195 119.02292 3.98505 119.55139 3.98505 curveto
120.07986 3.98505 120.58662 4.195 120.9603 4.56866 curveto
121.33395 4.94234 121.54391 5.4491 121.54391 5.97757 curveto
121.54391 6.50604 121.33395 7.0128 120.9603 7.38647 curveto
120.58662 7.76013 120.07986 7.9701 119.55139 7.9701 curveto closepath fill
newpath 139.47662 55.79065 moveto
138.94815 55.79065 138.44139 55.58069 138.06772 55.20703 curveto
137.69406 54.83336 137.4841 54.3266 137.4841 53.79813 curveto
137.4841 53.26965 137.69406 52.7629 138.06772 52.38922 curveto
138.44139 52.01556 138.94815 51.8056 139.47662 51.8056 curveto
140.0051 51.8056 140.51186 52.01556 140.88553 52.38922 curveto
141.25919 52.7629 141.46915 53.26965 141.46915 53.79813 curveto
141.46915 54.3266 141.25919 54.83336 140.88553 55.20703 curveto
140.51186 55.58069 140.0051 55.79065 139.47662 55.79065 curveto closepath fill
newpath 159.40186 103.6112 moveto
158.87338 103.6112 158.36662 103.40125 157.99295 103.02759 curveto
157.6193 102.65392 157.40933 102.14716 157.40933 101.61868 curveto
157.40933 101.09021 157.6193 100.58345 157.99295 100.20978 curveto
158.36662 99.83612 158.87338 99.62616 159.40186 99.62616 curveto
159.93033 99.62616 160.43709 99.83612 160.81076 100.20978 curveto
161.18442 100.58345 161.39438 101.09021 161.39438 101.61868 curveto
161.39438 102.14716 161.18442 102.65392 160.81076 103.02759 curveto
160.43709 103.40125 159.93033 103.6112 159.40186 103.6112 curveto closepath fill
newpath 179.32709 55.79065 moveto
178.79861 55.79065 178.29185 55.58069 177.91818 55.20703 curveto
177.54453 54.83336 177.33456 54.3266 177.33456 53.79813 curveto
177.33456 53.26965 177.54453 52.7629 177.91818 52.38922 curveto
178.29185 52.01556 178.79861 51.8056 179.32709 51.8056 curveto
179.85556 51.8056 180.36232 52.01556 180.736 52.38922 curveto
181.10965 52.7629 181.31961 53.26965 181.31961 53.79813 curveto
181.31961 54.3266 181.10965 54.83336 180.736 55.20703 curveto
180.36232 55.58069 179.85556 55.79065 179.32709 55.79065 curveto closepath fill
 0 0.49814 dtransform truncate idtransform setlinewidth pop [] 0 setdash
 1 setlinecap 1 setlinejoin 10 setmiterlimit
newpath 0 53.79813 moveto
199.25232 53.79813 lineto stroke
newpath 194.27101 56.28879 moveto
195.44695 54.72087 197.29243 53.79813 199.25232 53.79813 curveto
197.29243 53.79813 195.44695 52.87538 194.27101 51.30746 curveto stroke
 0.49814 0 dtransform exch truncate exch idtransform pop setlinewidth
newpath 59.7757 0 moveto
59.7757 110.58504 lineto stroke
 0 0.49814 dtransform truncate idtransform setlinewidth pop
newpath 57.28503 105.60373 moveto
58.85295 106.77966 59.7757 108.62515 59.7757 110.58504 curveto
59.7757 108.62515 60.69844 106.77966 62.26636 105.60373 curveto stroke
 0.49814 0 dtransform exch truncate exch idtransform pop setlinewidth
newpath 19.92523 51.8056 moveto
19.92523 55.79065 lineto stroke
newpath 39.85046 51.8056 moveto
39.85046 55.79065 lineto stroke
newpath 79.70093 51.8056 moveto
79.70093 55.79065 lineto stroke
newpath 99.62616 51.8056 moveto
99.62616 55.79065 lineto stroke
newpath 119.55139 51.8056 moveto
119.55139 55.79065 lineto stroke
newpath 139.47662 51.8056 moveto
139.47662 55.79065 lineto stroke
newpath 159.40186 51.8056 moveto
159.40186 55.79065 lineto stroke
newpath 179.32709 51.8056 moveto
179.32709 55.79065 lineto stroke
 0 0.49814 dtransform truncate idtransform setlinewidth pop
newpath 61.76822 5.97757 moveto
57.78317 5.97757 lineto stroke
newpath 61.76822 101.61868 moveto
57.78317 101.61868 lineto stroke
 0 1.24533 dtransform truncate idtransform setlinewidth pop
newpath 19.92523 53.79813 moveto
20.72302 50.79256 lineto
20.98814 49.79782 21.25204 48.80289 21.51837 47.80815 curveto
21.7835 46.81798 22.04861 45.82779 22.31616 44.83762 curveto
22.58006 43.85928 22.8464 42.88115 23.11395 41.90282 curveto
23.37663 40.94328 23.64175 39.98375 23.9093 39.02422 curveto
24.172 38.08092 24.43832 37.1378 24.70709 36.1945 curveto
24.96977 35.27455 25.2349 34.35478 25.50488 33.43484 curveto
25.76636 32.54445 26.03026 31.65387 26.30023 30.76347 curveto
26.5617 29.90062 26.82683 29.03795 27.09802 28.17528 curveto
27.35828 27.346 27.6234 26.51689 27.89581 25.68779 curveto
28.15485 24.89827 28.41875 24.10875 28.69116 23.31923 curveto
28.95021 22.56729 29.21532 21.81554 29.48895 21.06378 curveto
29.74678 20.35489 30.01189 19.6462 30.28674 18.93748 curveto
30.54335 18.27457 30.80847 17.61183 31.08453 16.9491 curveto
31.33992 16.33653 31.60382 15.72414 31.87988 15.11176 curveto
32.13406 14.54807 32.39917 13.98457 32.67767 13.42107 curveto
32.93063 12.91066 33.19453 12.40025 33.47546 11.8902 curveto
33.72598 11.43634 33.98868 10.98265 34.27081 10.52934 curveto
34.5189 10.13112 34.7816 9.73325 35.0686 9.33557 curveto
35.31427 8.99573 35.57573 8.65605 35.8664 8.31694 curveto
36.10597 8.03764 36.365 7.75873 36.66174 7.48071 curveto
36.89645 7.26126 37.15186 7.04218 37.45953 6.82474 curveto
37.6833 6.6664 37.93018 6.50859 38.25732 6.35408 curveto
38.46407 6.25648 38.68661 6.15889 39.05267 6.07243 curveto
39.2497 6.02591 39.4905 5.97757 39.85046 5.97757 curveto
40.21043 5.97757 40.45123 6.02591 40.64825 6.07243 curveto
41.01431 6.15889 41.23686 6.25648 41.4436 6.35408 curveto
41.77075 6.50859 42.01762 6.6664 42.2414 6.82474 curveto
42.54907 7.04218 42.80447 7.26126 43.03918 7.48071 curveto
43.33592 7.75873 43.59496 8.03764 43.83453 8.31694 curveto
44.1252 8.65605 44.38666 8.99573 44.63232 9.33557 curveto
44.91933 9.73343 45.18202 10.13165 45.43011 10.53006 curveto
45.71225 10.98338 45.97495 11.43706 46.22546 11.89093 curveto
46.5064 12.40079 46.7703 12.91084 47.02325 13.42107 curveto
47.30296 13.98457 47.56686 14.54807 47.82104 15.11176 curveto
48.0971 15.72414 48.36101 16.33653 48.6164 16.9491 curveto
48.89246 17.61183 49.15758 18.27457 49.41418 18.93748 curveto
49.68904 19.6462 49.95415 20.35489 50.21198 21.06378 curveto
50.48561 21.81572 50.75072 22.56784 51.00977 23.31996 curveto
51.28218 24.10948 51.54608 24.899 51.80511 25.68852 curveto
52.07753 26.51762 52.34265 27.34673 52.6029 28.17601 curveto
52.8741 29.03868 53.13922 29.90135 53.4007 30.76419 curveto
53.67067 31.6546 53.93457 32.54518 54.19604 33.43558 curveto
54.46603 34.35551 54.73116 35.27528 54.99384 36.19524 curveto
55.2626 37.13817 55.52893 38.08128 55.79163 39.02422 curveto
56.05917 39.98375 56.3243 40.94328 56.58698 41.90282 curveto
56.85452 42.88115 57.12086 43.85928 57.38477 44.83762 curveto
57.65231 45.82779 57.91743 46.81798 58.18256 47.80815 curveto
58.44888 48.80289 58.71278 49.79782 58.9779 50.79256 curveto
59.7757 53.79813 lineto
60.57349 56.80443 lineto
60.83861 57.79916 61.10251 58.79408 61.36884 59.78883 curveto
61.63396 60.77882 61.89908 61.76865 62.16663 62.75864 curveto
62.43053 63.73697 62.69687 64.7151 62.96442 65.69344 curveto
63.2271 66.65315 63.49222 67.61305 63.75977 68.57277 curveto
64.02246 69.51552 64.28879 70.45827 64.55756 71.40102 curveto
64.82024 72.32115 65.08536 73.24129 65.35535 74.1614 curveto
65.61682 75.05162 65.88072 75.94183 66.1507 76.83206 curveto
66.41217 77.69508 66.67729 78.55812 66.94849 79.42097 curveto
67.20874 80.2499 67.47386 81.07881 67.74628 81.90773 curveto
68.00531 82.69762 68.26921 83.48732 68.54163 84.27702 curveto
68.80067 85.02896 69.06578 85.78072 69.33942 86.53247 curveto
69.59724 87.24155 69.86235 87.9506 70.1372 88.6595 curveto
70.39381 89.32242 70.65894 89.98515 70.935 90.64789 curveto
71.19038 91.26045 71.45428 91.87285 71.73035 92.48523 curveto
71.98453 93.04874 72.24963 93.61205 72.52814 94.17519 curveto
72.7811 94.68541 73.045 95.19547 73.32593 95.70532 curveto
73.57645 96.1592 73.83914 96.61287 74.12128 97.0662 curveto
74.36937 97.4646 74.63206 97.86282 74.91907 98.26068 curveto
75.16473 98.60052 75.4262 98.9402 75.71686 99.27931 curveto
75.95644 99.55861 76.21547 99.83752 76.5122 100.11554 curveto
76.74692 100.33499 77.00232 100.55408 77.31 100.77151 curveto
77.53377 100.92986 77.78064 101.08766 78.10779 101.24217 curveto
78.31453 101.33977 78.53708 101.43736 78.90314 101.52382 curveto
79.10016 101.57034 79.34096 101.61868 79.70093 101.61868 curveto
80.0609 101.61868 80.3017 101.57034 80.49872 101.52382 curveto
80.86478 101.43736 81.08733 101.33977 81.29407 101.24217 curveto
81.62122 101.08766 81.86809 100.92986 82.09186 100.77151 curveto
82.39954 100.55408 82.65494 100.33499 82.88965 100.11554 curveto
83.18639 99.83752 83.44542 99.55861 83.685 99.27931 curveto
83.97566 98.9402 84.23712 98.60052 84.48279 98.26068 curveto
84.76979 97.86282 85.03249 97.4646 85.28058 97.0662 curveto
85.56271 96.61287 85.82541 96.1592 86.07593 95.70532 curveto
86.35686 95.19528 86.62076 94.68486 86.87372 94.17445 curveto
87.15222 93.61131 87.41733 93.048 87.67151 92.4845 curveto
87.94757 91.87212 88.21147 91.25972 88.46686 90.64716 curveto
88.74292 89.98442 89.00804 89.32169 89.26465 88.65877 curveto
89.5395 87.94987 89.80461 87.24081 90.06244 86.53174 curveto
90.33607 85.77998 90.60118 85.02823 90.86023 84.27629 curveto
91.13264 83.48677 91.39655 82.69725 91.65558 81.90773 curveto
91.928 81.07863 92.19312 80.24953 92.45337 79.42024 curveto
92.72456 78.55757 92.98969 77.6949 93.25116 76.83206 curveto
93.52113 75.94165 93.78503 75.05107 94.04651 74.16068 curveto
94.3165 73.24074 94.58162 72.32097 94.8443 71.40102 curveto
95.11307 70.45772 95.3794 69.5146 95.64209 68.5713 curveto
95.90964 67.61177 96.17476 66.65224 96.43744 65.6927 curveto
96.70499 64.71437 96.97133 63.73624 97.23523 62.75792 curveto
97.50278 61.76773 97.7679 60.77756 98.03302 59.78737 curveto
98.29935 58.79263 98.56325 57.7977 98.82837 56.80296 curveto
99.62616 53.7974 lineto
100.42395 50.79256 lineto
100.68907 49.79782 100.95297 48.80289 101.2193 47.80815 curveto
101.48442 46.81798 101.74954 45.82779 102.01709 44.83762 curveto
102.28099 43.85928 102.54733 42.88115 102.81488 41.90282 curveto
103.07756 40.94328 103.34268 39.98375 103.61023 39.02422 curveto
103.87292 38.08092 104.13925 37.1378 104.40802 36.1945 curveto
104.6707 35.27455 104.93582 34.35478 105.20581 33.43484 curveto
105.46729 32.54445 105.73119 31.65387 106.00116 30.76347 curveto
106.26263 29.90062 106.52776 29.03795 106.79895 28.17528 curveto
107.0592 27.346 107.32433 26.51689 107.59674 25.68779 curveto
107.85577 24.89827 108.11967 24.10875 108.39209 23.31923 curveto
108.65114 22.56729 108.91624 21.81554 109.18988 21.06378 curveto
109.44771 20.35489 109.71281 19.6462 109.98767 18.93748 curveto
110.24428 18.27438 110.5094 17.61128 110.78546 16.94836 curveto
111.04085 16.33598 111.30475 15.72377 111.58081 15.11176 curveto
111.83499 14.54807 112.1001 13.98457 112.3786 13.42107 curveto
112.63156 12.91066 112.89546 12.40025 113.17639 11.8902 curveto
113.42691 11.43634 113.6896 10.98265 113.97174 10.52934 curveto
114.21983 10.13112 114.48253 9.73325 114.76953 9.33557 curveto
115.0152 8.99573 115.27666 8.65605 115.56732 8.31694 curveto
115.8069 8.03764 116.06593 7.75873 116.36267 7.48071 curveto
116.59738 7.26126 116.85278 7.04218 117.16046 6.82474 curveto
117.38423 6.6664 117.6311 6.50859 117.95825 6.35408 curveto
118.165 6.25648 118.38754 6.15889 118.7536 6.07243 curveto
118.95062 6.02591 119.19142 5.97757 119.55139 5.97757 curveto
119.91136 5.97757 120.15216 6.02591 120.34918 6.07243 curveto
120.71524 6.15889 120.93779 6.25648 121.14453 6.35408 curveto
121.47168 6.50859 121.71855 6.6664 121.94232 6.82474 curveto
122.25 7.04218 122.5054 7.26126 122.74011 7.48071 curveto
123.03685 7.75873 123.29588 8.03764 123.53546 8.31694 curveto
123.82613 8.65605 124.08759 8.99573 124.33325 9.33557 curveto
124.62025 9.73343 124.88295 10.13165 125.13104 10.53006 curveto
125.41318 10.98338 125.67587 11.43706 125.92639 11.89093 curveto
126.20732 12.40079 126.47122 12.91084 126.72418 13.42107 curveto
127.00389 13.98457 127.26779 14.54807 127.52197 15.11176 curveto
127.79803 15.72414 128.06194 16.33653 128.31732 16.9491 curveto
128.59338 17.61183 128.8585 18.27457 129.11511 18.93748 curveto
129.38997 19.6462 129.65508 20.35489 129.9129 21.06378 curveto
130.18654 21.81572 130.45164 22.56784 130.7107 23.31996 curveto
130.98311 24.10948 131.24701 24.899 131.50604 25.68852 curveto
131.77846 26.51762 132.04358 27.34673 132.30383 28.17601 curveto
132.57503 29.03886 132.84015 29.9019 133.10162 30.76492 curveto
133.3716 31.65514 133.6355 32.54535 133.89697 33.43558 curveto
134.16696 34.3557 134.43208 35.27583 134.69476 36.19597 curveto
134.96353 37.13872 135.22986 38.08147 135.49255 39.02422 curveto
135.7601 39.98393 136.02522 40.94383 136.2879 41.90355 curveto
136.55545 42.88188 136.8218 43.86002 137.0857 44.83833 curveto
137.35324 45.82834 137.61836 46.81816 137.88348 47.80815 curveto
138.14981 48.80289 138.41371 49.79782 138.67883 50.79256 curveto
139.47662 53.79886 lineto
140.27441 56.80443 lineto
140.53954 57.79916 140.80344 58.79408 141.06976 59.78883 curveto
141.33488 60.779 141.6 61.7692 141.86755 62.75937 curveto
142.13145 63.7377 142.3978 64.71584 142.66534 65.69417 curveto
142.92802 66.6537 143.19315 67.61324 143.4607 68.57277 curveto
143.72339 69.5157 143.98972 70.45882 144.25848 71.40175 curveto
144.52116 72.3217 144.78629 73.24147 145.05627 74.1614 curveto
145.31775 75.05162 145.58165 75.94183 145.85162 76.83206 curveto
146.1131 77.69508 146.37822 78.55812 146.64941 79.42097 curveto
146.90967 80.25026 147.17479 81.07936 147.4472 81.90846 curveto
147.70624 82.69798 147.97014 83.4875 148.24255 84.27702 curveto
148.5016 85.02896 148.76671 85.78072 149.04034 86.53247 curveto
149.29817 87.24155 149.56328 87.9506 149.83813 88.6595 curveto
150.09474 89.32242 150.35986 89.98515 150.63593 90.64789 curveto
150.89131 91.26045 151.15521 91.87285 151.43127 92.48523 curveto
151.68546 93.04874 151.95056 93.61205 152.22906 94.17519 curveto
152.48203 94.68541 152.74593 95.19547 153.02686 95.70532 curveto
153.27737 96.15938 153.53885 96.61324 153.8222 97.06691 curveto
154.0703 97.46513 154.333 97.863 154.62 98.26068 curveto
154.86566 98.60052 155.12712 98.9402 155.41779 99.27931 curveto
155.65736 99.55861 155.9164 99.83752 156.21313 100.11554 curveto
156.44785 100.33499 156.70325 100.55408 157.01093 100.77151 curveto
157.2347 100.92986 157.48157 101.08766 157.80872 101.24217 curveto
158.01546 101.33977 158.238 101.43736 158.60406 101.52382 curveto
158.80109 101.57034 159.04189 101.61868 159.40186 101.61868 curveto
159.76183 101.61868 160.00262 101.57034 160.19965 101.52382 curveto
160.5657 101.43736 160.78825 101.33977 160.995 101.24217 curveto
161.32214 101.08766 161.56902 100.92986 161.79279 100.77151 curveto
162.10046 100.55408 162.35587 100.33499 162.59058 100.11554 curveto
162.88731 99.83752 163.14635 99.55861 163.38593 99.27931 curveto
163.67659 98.9402 163.93805 98.60052 164.18372 98.26068 curveto
164.47072 97.86282 164.73341 97.4646 164.9815 97.0662 curveto
165.26364 96.61287 165.52634 96.1592 165.77686 95.70532 curveto
166.05779 95.19528 166.32169 94.68486 166.57465 94.17445 curveto
166.85315 93.61131 167.11826 93.048 167.37244 92.4845 curveto
167.6485 91.87212 167.9124 91.25972 168.16779 90.64716 curveto
168.44385 89.98424 168.70897 89.32114 168.96558 88.65804 curveto
169.24043 87.94934 169.50554 87.24063 169.76337 86.53174 curveto
170.037 85.77998 170.30211 85.02823 170.56116 84.27629 curveto
170.83357 83.48677 171.09747 82.69725 171.3565 81.90773 curveto
171.62892 81.07863 171.89404 80.24953 172.1543 79.42024 curveto
172.42549 78.55757 172.69061 77.6949 172.95209 76.83206 curveto
173.22206 75.94165 173.48596 75.05107 173.74744 74.16068 curveto
174.01743 73.24074 174.28255 72.32097 174.54523 71.40102 curveto
174.814 70.45772 175.08032 69.5146 175.34302 68.5713 curveto
175.61057 67.61177 175.87569 66.65224 176.13837 65.6927 curveto
176.40591 64.71437 176.67226 63.73624 176.93616 62.75792 curveto
177.2037 61.76773 177.46883 60.77756 177.73395 59.78737 curveto
178.00027 58.79263 178.26418 57.7977 178.5293 56.80296 curveto
179.32709 53.7974 lineto stroke
showpage
%%EOF
