%!PS
%%BoundingBox: -1 -1 200 175 
%%HiResBoundingBox: -0.24907 -0.24907 199.50139 174.59485 
%%Creator: MetaPost 1.9991
%%CreationDate: 2017.08.19:1107
%%Pages: 1
%%BeginProlog
%%EndProlog
%%Page: 1 1
 0 0 0 setrgbcolor
newpath 24.90654 138.9785 moveto
24.37807 138.9785 23.8713 138.76854 23.49763 138.39488 curveto
23.12398 138.02121 22.91402 137.51445 22.91402 136.98598 curveto
22.91402 136.4575 23.12398 135.95074 23.49763 135.57707 curveto
23.8713 135.20341 24.37807 134.99345 24.90654 134.99345 curveto
25.43501 134.99345 25.94177 135.20341 26.31544 135.57707 curveto
26.6891 135.95074 26.89906 136.4575 26.89906 136.98598 curveto
26.89906 137.51445 26.6891 138.02121 26.31544 138.39488 curveto
25.94177 138.76854 25.43501 138.9785 24.90654 138.9785 curveto closepath fill
newpath 62.26636 89.16542 moveto
61.73788 89.16542 61.23112 88.95546 60.85745 88.5818 curveto
60.4838 88.20813 60.27383 87.70137 60.27383 87.1729 curveto
60.27383 86.64442 60.4838 86.13766 60.85745 85.76399 curveto
61.23112 85.39034 61.73788 85.18037 62.26636 85.18037 curveto
62.79483 85.18037 63.30159 85.39034 63.67526 85.76399 curveto
64.04892 86.13766 64.25888 86.64442 64.25888 87.1729 curveto
64.25888 87.70137 64.04892 88.20813 63.67526 88.5818 curveto
63.30159 88.95546 62.79483 89.16542 62.26636 89.16542 curveto closepath fill
newpath 99.62616 39.35233 moveto
99.09769 39.35233 98.59093 39.14236 98.21725 38.7687 curveto
97.8436 38.39503 97.63364 37.88828 97.63364 37.3598 curveto
97.63364 36.83133 97.8436 36.32457 98.21725 35.9509 curveto
98.59093 35.57724 99.09769 35.36728 99.62616 35.36728 curveto
100.15463 35.36728 100.66139 35.57724 101.03506 35.9509 curveto
101.40872 36.32457 101.61868 36.83133 101.61868 37.3598 curveto
101.61868 37.88828 101.40872 38.39503 101.03506 38.7687 curveto
100.66139 39.14236 100.15463 39.35233 99.62616 39.35233 curveto closepath fill
newpath 136.98598 89.16542 moveto
136.4575 89.16542 135.95074 88.95546 135.57707 88.5818 curveto
135.20341 88.20813 134.99345 87.70137 134.99345 87.1729 curveto
134.99345 86.64442 135.20341 86.13766 135.57707 85.76399 curveto
135.95074 85.39034 136.4575 85.18037 136.98598 85.18037 curveto
137.51445 85.18037 138.02121 85.39034 138.39488 85.76399 curveto
138.76854 86.13766 138.9785 86.64442 138.9785 87.1729 curveto
138.9785 87.70137 138.76854 88.20813 138.39488 88.5818 curveto
138.02121 88.95546 137.51445 89.16542 136.98598 89.16542 curveto closepath fill
newpath 174.34578 138.9785 moveto
173.8173 138.9785 173.31055 138.76854 172.93687 138.39488 curveto
172.56322 138.02121 172.35326 137.51445 172.35326 136.98598 curveto
172.35326 136.4575 172.56322 135.95074 172.93687 135.57707 curveto
173.31055 135.20341 173.8173 134.99345 174.34578 134.99345 curveto
174.87425 134.99345 175.38101 135.20341 175.75468 135.57707 curveto
176.12834 135.95074 176.3383 136.4575 176.3383 136.98598 curveto
176.3383 137.51445 176.12834 138.02121 175.75468 138.39488 curveto
175.38101 138.76854 174.87425 138.9785 174.34578 138.9785 curveto closepath fill
 0 0.49814 dtransform truncate idtransform setlinewidth pop [] 0 setdash
 1 setlinecap 1 setlinejoin 10 setmiterlimit
newpath 0 74.71962 moveto
199.25232 74.71962 lineto stroke
newpath 194.27101 77.21028 moveto
195.44695 75.64236 197.29243 74.71962 199.25232 74.71962 curveto
197.29243 74.71962 195.44695 73.79688 194.27101 72.22896 curveto stroke
 0.49814 0 dtransform exch truncate exch idtransform pop setlinewidth
newpath 49.81308 0 moveto
49.81308 174.34578 lineto stroke
 0 0.49814 dtransform truncate idtransform setlinewidth pop
newpath 47.32242 169.36447 moveto
48.89034 170.5404 49.81308 172.3859 49.81308 174.34578 curveto
49.81308 172.3859 50.73582 170.5404 52.30374 169.36447 curveto stroke
 0.49814 0 dtransform exch truncate exch idtransform pop setlinewidth
newpath 24.90654 72.7271 moveto
24.90654 76.71214 lineto stroke
newpath 74.71962 72.7271 moveto
74.71962 76.71214 lineto stroke
newpath 99.62616 72.7271 moveto
99.62616 76.71214 lineto stroke
newpath 124.5327 72.7271 moveto
124.5327 76.71214 lineto stroke
newpath 149.43924 72.7271 moveto
149.43924 76.71214 lineto stroke
newpath 174.34578 72.7271 moveto
174.34578 76.71214 lineto stroke
 0 0.49814 dtransform truncate idtransform setlinewidth pop
newpath 51.8056 24.90654 moveto
47.82056 24.90654 lineto stroke
newpath 51.8056 49.81308 moveto
47.82056 49.81308 lineto stroke
newpath 51.8056 99.62616 moveto
47.82056 99.62616 lineto stroke
newpath 51.8056 124.5327 moveto
47.82056 124.5327 lineto stroke
newpath 51.8056 149.43924 moveto
47.82056 149.43924 lineto stroke
 0 1.24533 dtransform truncate idtransform setlinewidth pop
newpath 24.90654 136.98598 moveto
25.74377 136.9833 26.57874 136.8921 27.39659 136.7131 curveto
28.25244 136.52574 29.08511 136.24602 29.88892 135.89676 curveto
30.75616 135.51976 31.58467 135.06067 32.37895 134.5476 curveto
33.25154 133.98401 34.07738 133.35237 34.869 132.67932 curveto
35.74196 131.93709 36.56703 131.1409 37.35905 130.31316 curveto
38.23048 129.40219 39.05594 128.44905 39.85138 127.47119 curveto
40.71826 126.40631 41.54295 125.3076 42.34142 124.19066 curveto
43.20374 122.9844 44.02881 121.75192 44.83147 120.50499 curveto
45.6896 119.1718 46.51468 117.81808 47.32152 116.45374 curveto
48.17586 115.0088 49.00244 113.54753 49.81384 112.07791 curveto
50.66324 110.54025 51.48907 108.98967 52.30388 107.43378 curveto
53.14911 105.81935 53.97495 104.19504 54.79393 102.56694 curveto
55.63535 100.89436 56.46156 99.21419 57.28398 97.53212 curveto
58.12236 95.81812 58.94933 94.09842 59.7763 92.37872 curveto
60.61012 90.64536 61.43634 88.90817 62.26636 87.1729 curveto
63.09636 85.4376 63.92258 83.70042 64.7564 81.96706 curveto
65.58337 80.24774 66.41034 78.52841 67.24872 76.81442 curveto
68.07114 75.13235 68.89735 73.45218 69.73877 71.7796 curveto
70.55775 70.15149 71.38359 68.52643 72.22882 66.912 curveto
73.04362 65.35611 73.86946 63.80553 74.71886 62.26787 curveto
75.53026 60.79825 76.35684 59.33698 77.21118 57.89204 curveto
78.01802 56.5277 78.8431 55.17398 79.70123 53.84079 curveto
80.50389 52.59386 81.32896 51.36137 82.19128 50.15512 curveto
82.98975 49.03818 83.81444 47.93947 84.68132 46.87459 curveto
85.47676 45.89673 86.30222 44.94359 87.17365 44.03262 curveto
87.96567 43.20488 88.79074 42.40869 89.6637 41.66646 curveto
90.45532 40.99341 91.28116 40.36177 92.15375 39.79817 curveto
92.94803 39.28511 93.77654 38.82602 94.64378 38.44902 curveto
95.44759 38.09976 96.28026 37.82004 97.13611 37.63268 curveto
97.95435 37.45367 98.78893 37.3598 99.62616 37.3598 curveto
100.4634 37.3598 101.29797 37.45367 102.11621 37.63268 curveto
102.97206 37.82004 103.80473 38.09976 104.60854 38.44902 curveto
105.47578 38.82602 106.30429 39.28511 107.09857 39.79817 curveto
107.97116 40.36177 108.79738 40.99303 109.58862 41.66571 curveto
110.46158 42.40793 111.28665 43.2045 112.07867 44.03262 curveto
112.9501 44.9432 113.77556 45.89635 114.571 46.87383 curveto
115.43788 47.9387 116.26257 49.03741 117.06104 50.15436 curveto
117.92336 51.361 118.74843 52.59386 119.55109 53.84079 curveto
120.40923 55.17398 121.2343 56.5277 122.04114 57.89204 curveto
122.89548 59.33698 123.72206 60.79787 124.53346 62.2671 curveto
125.38286 63.80476 126.2087 65.35573 127.0235 66.912 curveto
127.86873 68.52643 128.69456 70.15074 129.51355 71.77884 curveto
130.35497 73.45142 131.18118 75.13159 132.0036 76.81366 curveto
132.84198 78.52766 133.66895 80.24698 134.49593 81.9663 curveto
135.32974 83.70006 136.15596 85.43723 136.98598 87.1729 curveto
137.81598 88.90779 138.6422 90.64459 139.47601 92.37796 curveto
140.303 94.09767 141.12996 95.81737 141.96834 97.53136 curveto
142.79076 99.21342 143.61697 100.8936 144.45839 102.56618 curveto
145.27737 104.19429 146.10321 105.81859 146.94844 107.43301 curveto
147.76324 108.98929 148.58908 110.54025 149.43848 112.07791 curveto
150.24988 113.54716 151.07646 115.00804 151.9308 116.45297 curveto
152.73764 117.81732 153.56271 119.17105 154.42085 120.50424 curveto
155.22351 121.75116 156.04858 122.98402 156.9109 124.19066 curveto
157.70937 125.3076 158.53406 126.40631 159.40094 127.47119 curveto
160.19638 128.44905 161.02184 129.40219 161.89326 130.31316 curveto
162.68529 131.1409 163.51036 131.93709 164.38332 132.67932 curveto
165.17494 133.35237 166.00078 133.98401 166.87337 134.5476 curveto
167.66765 135.06067 168.49615 135.51976 169.3634 135.89676 curveto
170.1672 136.24602 170.99988 136.52574 171.85573 136.7131 curveto
172.67358 136.8921 173.50854 136.9833 174.34578 136.98598 curveto stroke
showpage
%%EOF
