%!PS
%%BoundingBox: -1 -1 196 176 
%%HiResBoundingBox: -0.24907 -0.51564 195.51634 175.89514 
%%Creator: MetaPost 1.9991
%%CreationDate: 2017.08.19:1510
%%Pages: 1
%%BeginProlog
%%EndProlog
%%Page: 1 1
 0 0 0 setrgbcolor
newpath 49.80432 67.74579 moveto
49.27585 67.74579 48.76909 67.53583 48.39542 67.16217 curveto
48.02176 66.7885 47.8118 66.28174 47.8118 65.75327 curveto
47.8118 65.2248 48.02176 64.71803 48.39542 64.34436 curveto
48.76909 63.9707 49.27585 63.76074 49.80432 63.76074 curveto
50.3328 63.76074 50.83955 63.9707 51.21323 64.34436 curveto
51.58688 64.71803 51.79684 65.2248 51.79684 65.75327 curveto
51.79684 66.28174 51.58688 66.7885 51.21323 67.16217 curveto
50.83955 67.53583 50.3328 67.74579 49.80432 67.74579 curveto closepath fill
newpath 137.44032 111.5813 moveto
136.91185 111.5813 136.40509 111.37134 136.03142 110.99768 curveto
135.65776 110.62401 135.4478 110.11725 135.4478 109.58878 curveto
135.4478 109.0603 135.65776 108.55354 136.03142 108.17987 curveto
136.40509 107.80621 136.91185 107.59625 137.44032 107.59625 curveto
137.9688 107.59625 138.47556 107.80621 138.84923 108.17987 curveto
139.22289 108.55354 139.43285 109.0603 139.43285 109.58878 curveto
139.43285 110.11725 139.22289 110.62401 138.84923 110.99768 curveto
138.47556 111.37134 137.9688 111.5813 137.44032 111.5813 curveto closepath fill
 0 0.49814 dtransform truncate idtransform setlinewidth pop [] 0 setdash
 1 setlinecap 1 setlinejoin 10 setmiterlimit
newpath 0 131.50653 moveto
195.26727 131.50653 lineto stroke
newpath 190.28596 133.9972 moveto
191.4619 132.42928 193.30739 131.50653 195.26727 131.50653 curveto
193.30739 131.50653 191.4619 130.58379 190.28596 129.01587 curveto stroke
 0.49814 0 dtransform exch truncate exch idtransform pop setlinewidth
newpath 27.89532 0 moveto
27.89532 175.34204 lineto stroke
 0 0.49814 dtransform truncate idtransform setlinewidth pop
newpath 25.40466 170.36073 moveto
26.97258 171.53667 27.89532 173.38216 27.89532 175.34204 curveto
27.89532 173.38216 28.81807 171.53667 30.38599 170.36073 curveto stroke
 0.49814 0 dtransform exch truncate exch idtransform pop setlinewidth
newpath 5.98633 129.514 moveto
5.98633 133.49905 lineto stroke
newpath 49.80432 129.514 moveto
49.80432 133.49905 lineto stroke
newpath 93.62231 129.514 moveto
93.62231 133.49905 lineto stroke
newpath 137.44032 129.514 moveto
137.44032 133.49905 lineto stroke
newpath 181.26086 129.514 moveto
181.26086 133.49905 lineto stroke
 0 0.49814 dtransform truncate idtransform setlinewidth pop
newpath 29.88785 65.75327 moveto
25.9028 65.75327 lineto stroke
newpath 29.88785 87.67102 moveto
25.9028 87.67102 lineto stroke
newpath 29.88785 109.58878 moveto
25.9028 109.58878 lineto stroke
newpath 6.48447 87.67102 moveto
6.48447 87.80315 6.43196 87.92982 6.33855 88.02324 curveto
6.24513 88.11665 6.11845 88.16916 5.98633 88.16916 curveto
5.8542 88.16916 5.72752 88.11665 5.63411 88.02324 curveto
5.5407 87.92982 5.48819 87.80315 5.48819 87.67102 curveto
5.48819 87.5389 5.5407 87.41222 5.63411 87.3188 curveto
5.72752 87.22539 5.8542 87.17288 5.98633 87.17288 curveto
6.11845 87.17288 6.24513 87.22539 6.33855 87.3188 curveto
6.43196 87.41222 6.48447 87.5389 6.48447 87.67102 curveto closepath fill
newpath 8.83008 85.82967 moveto
8.83008 85.96179 8.77757 86.08847 8.68416 86.18188 curveto
8.59074 86.2753 8.46407 86.3278 8.33194 86.3278 curveto
8.19981 86.3278 8.07314 86.2753 7.97972 86.18188 curveto
7.8863 86.08847 7.8338 85.96179 7.8338 85.82967 curveto
7.8338 85.69754 7.8863 85.57086 7.97972 85.47745 curveto
8.07314 85.38403 8.19981 85.33153 8.33194 85.33153 curveto
8.46407 85.33153 8.59074 85.38403 8.68416 85.47745 curveto
8.77757 85.57086 8.83008 85.69754 8.83008 85.82967 curveto closepath fill
newpath 11.1825 83.99701 moveto
11.1825 84.12914 11.12999 84.25581 11.03658 84.34923 curveto
10.94316 84.44264 10.81648 84.49515 10.68436 84.49515 curveto
10.55223 84.49515 10.42555 84.44264 10.33214 84.34923 curveto
10.23872 84.25581 10.18622 84.12914 10.18622 83.99701 curveto
10.18622 83.86488 10.23872 83.7382 10.33214 83.64479 curveto
10.42555 83.55138 10.55223 83.49887 10.68436 83.49887 curveto
10.81648 83.49887 10.94316 83.55138 11.03658 83.64479 curveto
11.12999 83.7382 11.1825 83.86488 11.1825 83.99701 curveto closepath fill
newpath 13.54742 82.18051 moveto
13.54742 82.31264 13.49492 82.43932 13.4015 82.53273 curveto
13.30809 82.62614 13.18141 82.67865 13.04929 82.67865 curveto
12.91716 82.67865 12.79048 82.62614 12.69707 82.53273 curveto
12.60365 82.43932 12.55115 82.31264 12.55115 82.18051 curveto
12.55115 82.04839 12.60365 81.9217 12.69707 81.8283 curveto
12.79048 81.73488 12.91716 81.68237 13.04929 81.68237 curveto
13.18141 81.68237 13.30809 81.73488 13.4015 81.8283 curveto
13.49492 81.9217 13.54742 82.04839 13.54742 82.18051 curveto closepath fill
newpath 15.93167 80.38924 moveto
15.93167 80.52136 15.87917 80.64804 15.78575 80.74146 curveto
15.69234 80.83487 15.56566 80.88737 15.43353 80.88737 curveto
15.3014 80.88737 15.17473 80.83487 15.08131 80.74146 curveto
14.9879 80.64804 14.9354 80.52136 14.9354 80.38924 curveto
14.9354 80.25711 14.9879 80.13043 15.08131 80.03702 curveto
15.17473 79.9436 15.3014 79.8911 15.43353 79.8911 curveto
15.56566 79.8911 15.69234 79.9436 15.78575 80.03702 curveto
15.87917 80.13043 15.93167 80.25711 15.93167 80.38924 curveto closepath fill
newpath 18.34152 78.63292 moveto
18.34152 78.76505 18.28902 78.89172 18.1956 78.98514 curveto
18.10219 79.07855 17.97551 79.13106 17.84338 79.13106 curveto
17.71126 79.13106 17.58458 79.07855 17.49117 78.98514 curveto
17.39775 78.89172 17.34525 78.76505 17.34525 78.63292 curveto
17.34525 78.5008 17.39775 78.37411 17.49117 78.2807 curveto
17.58458 78.18729 17.71126 78.13478 17.84338 78.13478 curveto
17.97551 78.13478 18.10219 78.18729 18.1956 78.2807 curveto
18.28902 78.37411 18.34152 78.5008 18.34152 78.63292 curveto closepath fill
newpath 20.78368 76.92166 moveto
20.78368 77.05379 20.73117 77.18047 20.63776 77.27388 curveto
20.54434 77.3673 20.41766 77.4198 20.28554 77.4198 curveto
20.15341 77.4198 20.02673 77.3673 19.93332 77.27388 curveto
19.8399 77.18047 19.7874 77.05379 19.7874 76.92166 curveto
19.7874 76.78954 19.8399 76.66286 19.93332 76.56944 curveto
20.02673 76.47603 20.15341 76.42352 20.28554 76.42352 curveto
20.41766 76.42352 20.54434 76.47603 20.63776 76.56944 curveto
20.73117 76.66286 20.78368 76.78954 20.78368 76.92166 curveto closepath fill
newpath 23.26474 75.26735 moveto
23.26474 75.39948 23.21223 75.52615 23.11882 75.61957 curveto
23.0254 75.71298 22.89873 75.76549 22.7666 75.76549 curveto
22.63448 75.76549 22.5078 75.71298 22.41438 75.61957 curveto
22.32097 75.52615 22.26846 75.39948 22.26846 75.26735 curveto
22.26846 75.13522 22.32097 75.00854 22.41438 74.91513 curveto
22.5078 74.82172 22.63448 74.76921 22.7666 74.76921 curveto
22.89873 74.76921 23.0254 74.82172 23.11882 74.91513 curveto
23.21223 75.00854 23.26474 75.13522 23.26474 75.26735 curveto closepath fill
newpath 25.79152 73.68365 moveto
25.79152 73.81578 25.73901 73.94246 25.6456 74.03587 curveto
25.55219 74.12929 25.4255 74.1818 25.29338 74.1818 curveto
25.16125 74.1818 25.03458 74.12929 24.94116 74.03587 curveto
24.84775 73.94246 24.79524 73.81578 24.79524 73.68365 curveto
24.79524 73.55153 24.84775 73.42485 24.94116 73.33144 curveto
25.03458 73.23802 25.16125 73.18552 25.29338 73.18552 curveto
25.4255 73.18552 25.55219 73.23802 25.6456 73.33144 curveto
25.73901 73.42485 25.79152 73.55153 25.79152 73.68365 curveto closepath fill
newpath 28.36983 72.18571 moveto
28.36983 72.31784 28.31732 72.44452 28.2239 72.53793 curveto
28.1305 72.63135 28.00381 72.68385 27.87169 72.68385 curveto
27.73956 72.68385 27.61288 72.63135 27.51947 72.53793 curveto
27.42606 72.44452 27.37355 72.31784 27.37355 72.18571 curveto
27.37355 72.05359 27.42606 71.92691 27.51947 71.8335 curveto
27.61288 71.74008 27.73956 71.68758 27.87169 71.68758 curveto
28.00381 71.68758 28.1305 71.74008 28.2239 71.8335 curveto
28.31732 71.92691 28.36983 72.05359 28.36983 72.18571 curveto closepath fill
newpath 31.00558 70.79144 moveto
31.00558 70.92357 30.95308 71.05025 30.85966 71.14366 curveto
30.76625 71.23708 30.63957 71.28958 30.50745 71.28958 curveto
30.37532 71.28958 30.24864 71.23708 30.15523 71.14366 curveto
30.06181 71.05025 30.00931 70.92357 30.00931 70.79144 curveto
30.00931 70.65932 30.06181 70.53264 30.15523 70.43922 curveto
30.24864 70.34581 30.37532 70.2933 30.50745 70.2933 curveto
30.63957 70.2933 30.76625 70.34581 30.85966 70.43922 curveto
30.95308 70.53264 31.00558 70.65932 31.00558 70.79144 curveto closepath fill
newpath 33.70306 69.52048 moveto
33.70306 69.6526 33.65056 69.77928 33.55714 69.8727 curveto
33.46373 69.96611 33.33705 70.01862 33.20493 70.01862 curveto
33.0728 70.01862 32.94612 69.96611 32.8527 69.8727 curveto
32.7593 69.77928 32.70679 69.6526 32.70679 69.52048 curveto
32.70679 69.38835 32.7593 69.26167 32.8527 69.16826 curveto
32.94612 69.07484 33.0728 69.02234 33.20493 69.02234 curveto
33.33705 69.02234 33.46373 69.07484 33.55714 69.16826 curveto
33.65056 69.26167 33.70306 69.38835 33.70306 69.52048 curveto closepath fill
newpath 36.46428 68.39511 moveto
36.46428 68.52724 36.41177 68.65392 36.31836 68.74733 curveto
36.22495 68.84074 36.09827 68.89325 35.96614 68.89325 curveto
35.83401 68.89325 35.70734 68.84074 35.61392 68.74733 curveto
35.52051 68.65392 35.468 68.52724 35.468 68.39511 curveto
35.468 68.26299 35.52051 68.1363 35.61392 68.0429 curveto
35.70734 67.94948 35.83401 67.89697 35.96614 67.89697 curveto
36.09827 67.89697 36.22495 67.94948 36.31836 68.0429 curveto
36.41177 68.1363 36.46428 68.26299 36.46428 68.39511 curveto closepath fill
newpath 39.2886 67.43939 moveto
39.2886 67.57152 39.2361 67.6982 39.14268 67.79161 curveto
39.04927 67.88503 38.92259 67.93753 38.79047 67.93753 curveto
38.65834 67.93753 38.53166 67.88503 38.43825 67.79161 curveto
38.34483 67.6982 38.29233 67.57152 38.29233 67.43939 curveto
38.29233 67.30727 38.34483 67.18059 38.43825 67.08717 curveto
38.53166 66.99376 38.65834 66.94125 38.79047 66.94125 curveto
38.92259 66.94125 39.04927 66.99376 39.14268 67.08717 curveto
39.2361 67.18059 39.2886 67.30727 39.2886 67.43939 curveto closepath fill
newpath 42.17122 66.67787 moveto
42.17122 66.81 42.11871 66.93668 42.0253 67.03009 curveto
41.93188 67.1235 41.8052 67.17601 41.67308 67.17601 curveto
41.54095 67.17601 41.41428 67.1235 41.32086 67.03009 curveto
41.22745 66.93668 41.17494 66.81 41.17494 66.67787 curveto
41.17494 66.54575 41.22745 66.41907 41.32086 66.32565 curveto
41.41428 66.23224 41.54095 66.17973 41.67308 66.17973 curveto
41.8052 66.17973 41.93188 66.23224 42.0253 66.32565 curveto
42.11871 66.41907 42.17122 66.54575 42.17122 66.67787 curveto closepath fill
newpath 45.10234 66.13303 moveto
45.10234 66.26515 45.04984 66.39183 44.95642 66.48524 curveto
44.863 66.57866 44.73633 66.63116 44.6042 66.63116 curveto
44.47208 66.63116 44.3454 66.57866 44.25198 66.48524 curveto
44.15857 66.39183 44.10606 66.26515 44.10606 66.13303 curveto
44.10606 66.0009 44.15857 65.87422 44.25198 65.7808 curveto
44.3454 65.6874 44.47208 65.63489 44.6042 65.63489 curveto
44.73633 65.63489 44.863 65.6874 44.95642 65.7808 curveto
45.04984 65.87422 45.10234 66.0009 45.10234 66.13303 curveto closepath fill
newpath 48.0676 65.82353 moveto
48.0676 65.95566 48.01509 66.08234 47.92168 66.17575 curveto
47.82826 66.26917 47.70158 66.32167 47.56946 66.32167 curveto
47.43733 66.32167 47.31065 66.26917 47.21724 66.17575 curveto
47.12383 66.08234 47.07132 65.95566 47.07132 65.82353 curveto
47.07132 65.6914 47.12383 65.56473 47.21724 65.47131 curveto
47.31065 65.3779 47.43733 65.3254 47.56946 65.3254 curveto
47.70158 65.3254 47.82826 65.3779 47.92168 65.47131 curveto
48.01509 65.56473 48.0676 65.6914 48.0676 65.82353 curveto closepath fill
newpath 51.04825 65.76096 moveto
51.04825 65.89308 50.99574 66.01976 50.90233 66.11317 curveto
50.80891 66.20659 50.68224 66.2591 50.55011 66.2591 curveto
50.41798 66.2591 50.2913 66.20659 50.19789 66.11317 curveto
50.10448 66.01976 50.05197 65.89308 50.05197 65.76096 curveto
50.05197 65.62883 50.10448 65.50215 50.19789 65.40874 curveto
50.2913 65.31532 50.41798 65.26282 50.55011 65.26282 curveto
50.68224 65.26282 50.80891 65.31532 50.90233 65.40874 curveto
50.99574 65.50215 51.04825 65.62883 51.04825 65.76096 curveto closepath fill
newpath 54.0235 65.9481 moveto
54.0235 66.08023 53.971 66.20691 53.87758 66.30032 curveto
53.78416 66.39374 53.65749 66.44624 53.52536 66.44624 curveto
53.39323 66.44624 53.26656 66.39374 53.17314 66.30032 curveto
53.07973 66.20691 53.02722 66.08023 53.02722 65.9481 curveto
53.02722 65.81598 53.07973 65.6893 53.17314 65.59589 curveto
53.26656 65.50247 53.39323 65.44997 53.52536 65.44997 curveto
53.65749 65.44997 53.78416 65.50247 53.87758 65.59589 curveto
53.971 65.6893 54.0235 65.81598 54.0235 65.9481 curveto closepath fill
newpath 56.97383 66.377 moveto
56.97383 66.50912 56.92133 66.6358 56.82791 66.72922 curveto
56.7345 66.82263 56.60782 66.87514 56.4757 66.87514 curveto
56.34357 66.87514 56.21689 66.82263 56.12347 66.72922 curveto
56.03006 66.6358 55.97755 66.50912 55.97755 66.377 curveto
55.97755 66.24487 56.03006 66.1182 56.12347 66.02478 curveto
56.21689 65.93137 56.34357 65.87886 56.4757 65.87886 curveto
56.60782 65.87886 56.7345 65.93137 56.82791 66.02478 curveto
56.92133 66.1182 56.97383 66.24487 56.97383 66.377 curveto closepath fill
newpath 59.88217 67.0331 moveto
59.88217 67.16522 59.82967 67.2919 59.73625 67.38531 curveto
59.64284 67.47873 59.51616 67.53123 59.38403 67.53123 curveto
59.2519 67.53123 59.12523 67.47873 59.03181 67.38531 curveto
58.9384 67.2919 58.8859 67.16522 58.8859 67.0331 curveto
58.8859 66.90097 58.9384 66.77429 59.03181 66.68088 curveto
59.12523 66.58746 59.2519 66.53496 59.38403 66.53496 curveto
59.51616 66.53496 59.64284 66.58746 59.73625 66.68088 curveto
59.82967 66.77429 59.88217 66.90097 59.88217 67.0331 curveto closepath fill
newpath 62.73659 67.89471 moveto
62.73659 68.02684 62.68408 68.15352 62.59067 68.24693 curveto
62.49725 68.34035 62.37057 68.39285 62.23845 68.39285 curveto
62.10632 68.39285 61.97964 68.34035 61.88623 68.24693 curveto
61.79282 68.15352 61.74031 68.02684 61.74031 67.89471 curveto
61.74031 67.76259 61.79282 67.63591 61.88623 67.5425 curveto
61.97964 67.44908 62.10632 67.39658 62.23845 67.39658 curveto
62.37057 67.39658 62.49725 67.44908 62.59067 67.5425 curveto
62.68408 67.63591 62.73659 67.76259 62.73659 67.89471 curveto closepath fill
newpath 65.5296 68.93849 moveto
65.5296 69.07062 65.4771 69.1973 65.38368 69.29071 curveto
65.29027 69.38412 65.16359 69.43663 65.03146 69.43663 curveto
64.89934 69.43663 64.77266 69.38412 64.67924 69.29071 curveto
64.58583 69.1973 64.53333 69.07062 64.53333 68.93849 curveto
64.53333 68.80637 64.58583 68.67969 64.67924 68.58627 curveto
64.77266 68.49286 64.89934 68.44035 65.03146 68.44035 curveto
65.16359 68.44035 65.29027 68.49286 65.38368 68.58627 curveto
65.4771 68.67969 65.5296 68.80637 65.5296 68.93849 curveto closepath fill
newpath 68.25894 70.1396 moveto
68.25894 70.27173 68.20644 70.3984 68.11302 70.49182 curveto
68.0196 70.58524 67.89293 70.63774 67.7608 70.63774 curveto
67.62868 70.63774 67.502 70.58524 67.40858 70.49182 curveto
67.31517 70.3984 67.26266 70.27173 67.26266 70.1396 curveto
67.26266 70.00748 67.31517 69.8808 67.40858 69.78738 curveto
67.502 69.69397 67.62868 69.64146 67.7608 69.64146 curveto
67.89293 69.64146 68.0196 69.69397 68.11302 69.78738 curveto
68.20644 69.8808 68.25894 70.00748 68.25894 70.1396 curveto closepath fill
newpath 70.92517 71.47493 moveto
70.92517 71.60706 70.87267 71.73373 70.77925 71.82715 curveto
70.68584 71.92056 70.55916 71.97307 70.42703 71.97307 curveto
70.2949 71.97307 70.16823 71.92056 70.07481 71.82715 curveto
69.9814 71.73373 69.9289 71.60706 69.9289 71.47493 curveto
69.9289 71.3428 69.9814 71.21613 70.07481 71.12271 curveto
70.16823 71.0293 70.2949 70.97679 70.42703 70.97679 curveto
70.55916 70.97679 70.68584 71.0293 70.77925 71.12271 curveto
70.87267 71.21613 70.92517 71.3428 70.92517 71.47493 curveto closepath fill
newpath 73.53166 72.92328 moveto
73.53166 73.0554 73.47916 73.18208 73.38574 73.2755 curveto
73.29233 73.36891 73.16565 73.42142 73.03352 73.42142 curveto
72.9014 73.42142 72.77472 73.36891 72.6813 73.2755 curveto
72.58789 73.18208 72.53539 73.0554 72.53539 72.92328 curveto
72.53539 72.79115 72.58789 72.66447 72.6813 72.57106 curveto
72.77472 72.47765 72.9014 72.42514 73.03352 72.42514 curveto
73.16565 72.42514 73.29233 72.47765 73.38574 72.57106 curveto
73.47916 72.66447 73.53166 72.79115 73.53166 72.92328 curveto closepath fill
newpath 76.08347 74.46617 moveto
76.08347 74.5983 76.03096 74.72498 75.93755 74.81839 curveto
75.84413 74.9118 75.71745 74.96431 75.58533 74.96431 curveto
75.4532 74.96431 75.32652 74.9118 75.23311 74.81839 curveto
75.1397 74.72498 75.08719 74.5983 75.08719 74.46617 curveto
75.08719 74.33405 75.1397 74.20737 75.23311 74.11395 curveto
75.32652 74.02054 75.4532 73.96803 75.58533 73.96803 curveto
75.71745 73.96803 75.84413 74.02054 75.93755 74.11395 curveto
76.03096 74.20737 76.08347 74.33405 76.08347 74.46617 curveto closepath fill
newpath 78.58644 76.08731 moveto
78.58644 76.21944 78.53394 76.34612 78.44052 76.43953 curveto
78.3471 76.53294 78.22043 76.58545 78.0883 76.58545 curveto
77.95618 76.58545 77.8295 76.53294 77.73608 76.43953 curveto
77.64267 76.34612 77.59016 76.21944 77.59016 76.08731 curveto
77.59016 75.95518 77.64267 75.8285 77.73608 75.73509 curveto
77.8295 75.64168 77.95618 75.58917 78.0883 75.58917 curveto
78.22043 75.58917 78.3471 75.64168 78.44052 75.73509 curveto
78.53394 75.8285 78.58644 75.95518 78.58644 76.08731 curveto closepath fill
newpath 81.04709 77.77155 moveto
81.04709 77.90367 80.99458 78.03035 80.90117 78.12376 curveto
80.80775 78.21718 80.68108 78.26968 80.54895 78.26968 curveto
80.41682 78.26968 80.29015 78.21718 80.19673 78.12376 curveto
80.10332 78.03035 80.05081 77.90367 80.05081 77.77155 curveto
80.05081 77.63942 80.10332 77.51274 80.19673 77.41933 curveto
80.29015 77.32591 80.41682 77.2734 80.54895 77.2734 curveto
80.68108 77.2734 80.80775 77.32591 80.90117 77.41933 curveto
80.99458 77.51274 81.04709 77.63942 81.04709 77.77155 curveto closepath fill
newpath 83.47224 79.50677 moveto
83.47224 79.6389 83.41974 79.76558 83.32632 79.859 curveto
83.23291 79.95241 83.10623 80.00491 82.9741 80.00491 curveto
82.84198 80.00491 82.7153 79.95241 82.62189 79.859 curveto
82.52847 79.76558 82.47597 79.6389 82.47597 79.50677 curveto
82.47597 79.37465 82.52847 79.24797 82.62189 79.15456 curveto
82.7153 79.06114 82.84198 79.00864 82.9741 79.00864 curveto
83.10623 79.00864 83.23291 79.06114 83.32632 79.15456 curveto
83.41974 79.24797 83.47224 79.37465 83.47224 79.50677 curveto closepath fill
newpath 85.86852 81.28172 moveto
85.86852 81.41385 85.81601 81.54053 85.7226 81.63394 curveto
85.62918 81.72736 85.5025 81.77986 85.37038 81.77986 curveto
85.23825 81.77986 85.11157 81.72736 85.01816 81.63394 curveto
84.92474 81.54053 84.87224 81.41385 84.87224 81.28172 curveto
84.87224 81.1496 84.92474 81.02292 85.01816 80.9295 curveto
85.11157 80.83609 85.23825 80.78358 85.37038 80.78358 curveto
85.5025 80.78358 85.62918 80.83609 85.7226 80.9295 curveto
85.81601 81.02292 85.86852 81.1496 85.86852 81.28172 curveto closepath fill
newpath 88.24237 83.08652 moveto
88.24237 83.21864 88.18987 83.34532 88.09645 83.43874 curveto
88.00304 83.53215 87.87636 83.58466 87.74423 83.58466 curveto
87.6121 83.58466 87.48543 83.53215 87.39201 83.43874 curveto
87.2986 83.34532 87.2461 83.21864 87.2461 83.08652 curveto
87.2461 82.95439 87.2986 82.82771 87.39201 82.7343 curveto
87.48543 82.64088 87.6121 82.58838 87.74423 82.58838 curveto
87.87636 82.58838 88.00304 82.64088 88.09645 82.7343 curveto
88.18987 82.82771 88.24237 82.95439 88.24237 83.08652 curveto closepath fill
newpath 90.60025 84.91249 moveto
90.60025 85.04462 90.54774 85.1713 90.45433 85.26471 curveto
90.36092 85.35812 90.23424 85.41063 90.10211 85.41063 curveto
89.96999 85.41063 89.8433 85.35812 89.7499 85.26471 curveto
89.65648 85.1713 89.60397 85.04462 89.60397 84.91249 curveto
89.60397 84.78036 89.65648 84.65369 89.7499 84.56027 curveto
89.8433 84.46686 89.96999 84.41435 90.10211 84.41435 curveto
90.23424 84.41435 90.36092 84.46686 90.45433 84.56027 curveto
90.54774 84.65369 90.60025 84.78036 90.60025 84.91249 curveto closepath fill
newpath 92.94865 86.75055 moveto
92.94865 86.88268 92.89615 87.00935 92.80273 87.10277 curveto
92.70932 87.19618 92.58264 87.24869 92.45052 87.24869 curveto
92.31839 87.24869 92.19171 87.19618 92.0983 87.10277 curveto
92.00488 87.00935 91.95238 86.88268 91.95238 86.75055 curveto
91.95238 86.61842 92.00488 86.49174 92.0983 86.39833 curveto
92.19171 86.30492 92.31839 86.25241 92.45052 86.25241 curveto
92.58264 86.25241 92.70932 86.30492 92.80273 86.39833 curveto
92.89615 86.49174 92.94865 86.61842 92.94865 86.75055 curveto closepath fill
newpath 95.29341 88.59273 moveto
95.29341 88.72485 95.2409 88.85153 95.14749 88.94495 curveto
95.05408 89.03836 94.9274 89.09087 94.79527 89.09087 curveto
94.66315 89.09087 94.53647 89.03836 94.44305 88.94495 curveto
94.34964 88.85153 94.29713 88.72485 94.29713 88.59273 curveto
94.29713 88.4606 94.34964 88.33392 94.44305 88.24051 curveto
94.53647 88.1471 94.66315 88.09459 94.79527 88.09459 curveto
94.9274 88.09459 95.05408 88.1471 95.14749 88.24051 curveto
95.2409 88.33392 95.29341 88.4606 95.29341 88.59273 curveto closepath fill
newpath 97.64182 90.4308 moveto
97.64182 90.56293 97.58931 90.6896 97.4959 90.78302 curveto
97.40248 90.87643 97.2758 90.92894 97.14368 90.92894 curveto
97.01155 90.92894 96.88487 90.87643 96.79146 90.78302 curveto
96.69804 90.6896 96.64554 90.56293 96.64554 90.4308 curveto
96.64554 90.29868 96.69804 90.172 96.79146 90.07858 curveto
96.88487 89.98517 97.01155 89.93266 97.14368 89.93266 curveto
97.2758 89.93266 97.40248 89.98517 97.4959 90.07858 curveto
97.58931 90.172 97.64182 90.29868 97.64182 90.4308 curveto closepath fill
newpath 99.9996 92.25671 moveto
99.9996 92.38884 99.9471 92.51552 99.85368 92.60893 curveto
99.76027 92.70235 99.63359 92.75485 99.50146 92.75485 curveto
99.36934 92.75485 99.24266 92.70235 99.14925 92.60893 curveto
99.05583 92.51552 99.00333 92.38884 99.00333 92.25671 curveto
99.00333 92.12459 99.05583 91.99791 99.14925 91.9045 curveto
99.24266 91.81108 99.36934 91.75858 99.50146 91.75858 curveto
99.63359 91.75858 99.76027 91.81108 99.85368 91.9045 curveto
99.9471 91.99791 99.9996 92.12459 99.9996 92.25671 curveto closepath fill
newpath 102.37341 94.06151 moveto
102.37341 94.19363 102.3209 94.32031 102.2275 94.41373 curveto
102.13408 94.50714 102.0074 94.55965 101.87527 94.55965 curveto
101.74315 94.55965 101.61647 94.50714 101.52306 94.41373 curveto
101.42964 94.32031 101.37714 94.19363 101.37714 94.06151 curveto
101.37714 93.92938 101.42964 93.8027 101.52306 93.70929 curveto
101.61647 93.61588 101.74315 93.56337 101.87527 93.56337 curveto
102.0074 93.56337 102.13408 93.61588 102.2275 93.70929 curveto
102.3209 93.8027 102.37341 93.92938 102.37341 94.06151 curveto closepath fill
newpath 104.76958 95.83641 moveto
104.76958 95.96854 104.71707 96.09521 104.62366 96.18863 curveto
104.53024 96.28204 104.40356 96.33455 104.27144 96.33455 curveto
104.13931 96.33455 104.01263 96.28204 103.91922 96.18863 curveto
103.8258 96.09521 103.7733 95.96854 103.7733 95.83641 curveto
103.7733 95.70428 103.8258 95.5776 103.91922 95.48419 curveto
104.01263 95.39078 104.13931 95.33827 104.27144 95.33827 curveto
104.40356 95.33827 104.53024 95.39078 104.62366 95.48419 curveto
104.71707 95.5776 104.76958 95.70428 104.76958 95.83641 curveto closepath fill
newpath 107.19469 97.57152 moveto
107.19469 97.70364 107.14218 97.83032 107.04877 97.92374 curveto
106.95535 98.01715 106.82867 98.06966 106.69655 98.06966 curveto
106.56442 98.06966 106.43774 98.01715 106.34433 97.92374 curveto
106.25092 97.83032 106.19841 97.70364 106.19841 97.57152 curveto
106.19841 97.43939 106.25092 97.31271 106.34433 97.2193 curveto
106.43774 97.12589 106.56442 97.07338 106.69655 97.07338 curveto
106.82867 97.07338 106.95535 97.12589 107.04877 97.2193 curveto
107.14218 97.31271 107.19469 97.43939 107.19469 97.57152 curveto closepath fill
newpath 109.65569 99.25583 moveto
109.65569 99.38795 109.60318 99.51463 109.50977 99.60805 curveto
109.41635 99.70146 109.28967 99.75397 109.15755 99.75397 curveto
109.02542 99.75397 108.89874 99.70146 108.80533 99.60805 curveto
108.71191 99.51463 108.65941 99.38795 108.65941 99.25583 curveto
108.65941 99.1237 108.71191 98.99702 108.80533 98.90361 curveto
108.89874 98.8102 109.02542 98.75769 109.15755 98.75769 curveto
109.28967 98.75769 109.41635 98.8102 109.50977 98.90361 curveto
109.60318 98.99702 109.65569 99.1237 109.65569 99.25583 curveto closepath fill
newpath 112.15874 100.87674 moveto
112.15874 101.00887 112.10623 101.13554 112.01282 101.22896 curveto
111.9194 101.32237 111.79272 101.37488 111.6606 101.37488 curveto
111.52847 101.37488 111.4018 101.32237 111.30838 101.22896 curveto
111.21497 101.13554 111.16246 101.00887 111.16246 100.87674 curveto
111.16246 100.74461 111.21497 100.61794 111.30838 100.52452 curveto
111.4018 100.4311 111.52847 100.3786 111.6606 100.3786 curveto
111.79272 100.3786 111.9194 100.4311 112.01282 100.52452 curveto
112.10623 100.61794 112.15874 100.74461 112.15874 100.87674 curveto closepath fill
newpath 114.71059 102.41971 moveto
114.71059 102.55183 114.65808 102.67851 114.56467 102.77193 curveto
114.47125 102.86534 114.34457 102.91785 114.21245 102.91785 curveto
114.08032 102.91785 113.95364 102.86534 113.86023 102.77193 curveto
113.76682 102.67851 113.71431 102.55183 113.71431 102.41971 curveto
113.71431 102.28758 113.76682 102.1609 113.86023 102.06749 curveto
113.95364 101.97408 114.08032 101.92157 114.21245 101.92157 curveto
114.34457 101.92157 114.47125 101.97408 114.56467 102.06749 curveto
114.65808 102.1609 114.71059 102.28758 114.71059 102.41971 curveto closepath fill
newpath 117.31694 103.86804 moveto
117.31694 104.00017 117.26443 104.12685 117.17102 104.22026 curveto
117.0776 104.31367 116.95093 104.36618 116.8188 104.36618 curveto
116.68668 104.36618 116.56 104.31367 116.46658 104.22026 curveto
116.37317 104.12685 116.32066 104.00017 116.32066 103.86804 curveto
116.32066 103.73592 116.37317 103.60924 116.46658 103.51582 curveto
116.56 103.42241 116.68668 103.3699 116.8188 103.3699 curveto
116.95093 103.3699 117.0776 103.42241 117.17102 103.51582 curveto
117.26443 103.60924 117.31694 103.73592 117.31694 103.86804 curveto closepath fill
newpath 119.98311 105.20345 moveto
119.98311 105.33557 119.9306 105.46225 119.83719 105.55566 curveto
119.74377 105.64908 119.6171 105.70158 119.48497 105.70158 curveto
119.35284 105.70158 119.22617 105.64908 119.13275 105.55566 curveto
119.03934 105.46225 118.98683 105.33557 118.98683 105.20345 curveto
118.98683 105.07132 119.03934 104.94464 119.13275 104.85123 curveto
119.22617 104.75781 119.35284 104.7053 119.48497 104.7053 curveto
119.6171 104.7053 119.74377 104.75781 119.83719 104.85123 curveto
119.9306 104.94464 119.98311 105.07132 119.98311 105.20345 curveto closepath fill
newpath 122.71252 106.40439 moveto
122.71252 106.53651 122.66002 106.6632 122.5666 106.7566 curveto
122.47319 106.85002 122.34651 106.90253 122.21439 106.90253 curveto
122.08226 106.90253 121.95558 106.85002 121.86217 106.7566 curveto
121.76875 106.6632 121.71625 106.53651 121.71625 106.40439 curveto
121.71625 106.27226 121.76875 106.14558 121.86217 106.05217 curveto
121.95558 105.95876 122.08226 105.90625 122.21439 105.90625 curveto
122.34651 105.90625 122.47319 105.95876 122.5666 106.05217 curveto
122.66002 106.14558 122.71252 106.27226 122.71252 106.40439 curveto closepath fill
newpath 125.50572 107.44795 moveto
125.50572 107.58008 125.45322 107.70676 125.3598 107.80017 curveto
125.26639 107.89359 125.13971 107.94609 125.00758 107.94609 curveto
124.87546 107.94609 124.74878 107.89359 124.65536 107.80017 curveto
124.56195 107.70676 124.50945 107.58008 124.50945 107.44795 curveto
124.50945 107.31583 124.56195 107.18915 124.65536 107.09573 curveto
124.74878 107.00232 124.87546 106.94981 125.00758 106.94981 curveto
125.13971 106.94981 125.26639 107.00232 125.3598 107.09573 curveto
125.45322 107.18915 125.50572 107.31583 125.50572 107.44795 curveto closepath fill
newpath 128.36002 108.30962 moveto
128.36002 108.44174 128.30751 108.56842 128.2141 108.66183 curveto
128.12068 108.75525 127.994 108.80775 127.86188 108.80775 curveto
127.72975 108.80775 127.60307 108.75525 127.50966 108.66183 curveto
127.41624 108.56842 127.36374 108.44174 127.36374 108.30962 curveto
127.36374 108.17749 127.41624 108.05081 127.50966 107.9574 curveto
127.60307 107.86398 127.72975 107.81148 127.86188 107.81148 curveto
127.994 107.81148 128.12068 107.86398 128.2141 107.9574 curveto
128.30751 108.05081 128.36002 108.17749 128.36002 108.30962 curveto closepath fill
newpath 131.26836 108.96527 moveto
131.26836 109.0974 131.21585 109.22408 131.12244 109.31749 curveto
131.02902 109.4109 130.90234 109.46341 130.77022 109.46341 curveto
130.63809 109.46341 130.51141 109.4109 130.418 109.31749 curveto
130.32458 109.22408 130.27208 109.0974 130.27208 108.96527 curveto
130.27208 108.83315 130.32458 108.70647 130.418 108.61305 curveto
130.51141 108.51964 130.63809 108.46713 130.77022 108.46713 curveto
130.90234 108.46713 131.02902 108.51964 131.12244 108.61305 curveto
131.21585 108.70647 131.26836 108.83315 131.26836 108.96527 curveto closepath fill
newpath 134.2187 109.39413 moveto
134.2187 109.52626 134.1662 109.65294 134.07278 109.74635 curveto
133.97937 109.83977 133.85269 109.89227 133.72057 109.89227 curveto
133.58844 109.89227 133.46176 109.83977 133.36835 109.74635 curveto
133.27493 109.65294 133.22243 109.52626 133.22243 109.39413 curveto
133.22243 109.26201 133.27493 109.13533 133.36835 109.04192 curveto
133.46176 108.9485 133.58844 108.896 133.72057 108.896 curveto
133.85269 108.896 133.97937 108.9485 134.07278 109.04192 curveto
134.1662 109.13533 134.2187 109.26201 134.2187 109.39413 curveto closepath fill
newpath 137.1939 109.58105 moveto
137.1939 109.71318 137.14139 109.83986 137.04797 109.93327 curveto
136.95456 110.02669 136.82788 110.0792 136.69576 110.0792 curveto
136.56363 110.0792 136.43695 110.02669 136.34354 109.93327 curveto
136.25012 109.83986 136.19762 109.71318 136.19762 109.58105 curveto
136.19762 109.44893 136.25012 109.32225 136.34354 109.22884 curveto
136.43695 109.13542 136.56363 109.08292 136.69576 109.08292 curveto
136.82788 109.08292 136.95456 109.13542 137.04797 109.22884 curveto
137.14139 109.32225 137.1939 109.44893 137.1939 109.58105 curveto closepath fill
newpath 140.17456 109.51826 moveto
140.17456 109.65039 140.12206 109.77707 140.02864 109.87048 curveto
139.93523 109.9639 139.80855 110.0164 139.67642 110.0164 curveto
139.5443 110.0164 139.41762 109.9639 139.3242 109.87048 curveto
139.23079 109.77707 139.17828 109.65039 139.17828 109.51826 curveto
139.17828 109.38614 139.23079 109.25946 139.3242 109.16605 curveto
139.41762 109.07263 139.5443 109.02013 139.67642 109.02013 curveto
139.80855 109.02013 139.93523 109.07263 140.02864 109.16605 curveto
140.12206 109.25946 140.17456 109.38614 140.17456 109.51826 curveto closepath fill
newpath 143.13974 109.2089 moveto
143.13974 109.34102 143.08723 109.4677 142.99382 109.56111 curveto
142.9004 109.65453 142.77373 109.70703 142.6416 109.70703 curveto
142.50948 109.70703 142.3828 109.65453 142.28938 109.56111 curveto
142.19597 109.4677 142.14346 109.34102 142.14346 109.2089 curveto
142.14346 109.07677 142.19597 108.95009 142.28938 108.85667 curveto
142.3828 108.76326 142.50948 108.71075 142.6416 108.71075 curveto
142.77373 108.71075 142.9004 108.76326 142.99382 108.85667 curveto
143.08723 108.95009 143.13974 109.07677 143.13974 109.2089 curveto closepath fill
newpath 146.07085 108.66382 moveto
146.07085 108.79594 146.01834 108.92262 145.92493 109.01604 curveto
145.83151 109.10945 145.70483 109.16196 145.57271 109.16196 curveto
145.44058 109.16196 145.3139 109.10945 145.22049 109.01604 curveto
145.12708 108.92262 145.07457 108.79594 145.07457 108.66382 curveto
145.07457 108.5317 145.12708 108.40501 145.22049 108.3116 curveto
145.3139 108.21819 145.44058 108.16568 145.57271 108.16568 curveto
145.70483 108.16568 145.83151 108.21819 145.92493 108.3116 curveto
146.01834 108.40501 146.07085 108.5317 146.07085 108.66382 curveto closepath fill
newpath 148.9532 107.90216 moveto
148.9532 108.03429 148.9007 108.16096 148.80728 108.25438 curveto
148.71387 108.3478 148.58719 108.4003 148.45506 108.4003 curveto
148.32294 108.4003 148.19626 108.3478 148.10284 108.25438 curveto
148.00943 108.16096 147.95692 108.03429 147.95692 107.90216 curveto
147.95692 107.77003 148.00943 107.64336 148.10284 107.54994 curveto
148.19626 107.45653 148.32294 107.40402 148.45506 107.40402 curveto
148.58719 107.40402 148.71387 107.45653 148.80728 107.54994 curveto
148.9007 107.64336 148.9532 107.77003 148.9532 107.90216 curveto closepath fill
newpath 151.77754 106.9465 moveto
151.77754 107.07863 151.72504 107.2053 151.63162 107.29872 curveto
151.53821 107.39214 151.41153 107.44464 151.2794 107.44464 curveto
151.14728 107.44464 151.0206 107.39214 150.92719 107.29872 curveto
150.83377 107.2053 150.78127 107.07863 150.78127 106.9465 curveto
150.78127 106.81438 150.83377 106.6877 150.92719 106.59428 curveto
151.0206 106.50087 151.14728 106.44836 151.2794 106.44836 curveto
151.41153 106.44836 151.53821 106.50087 151.63162 106.59428 curveto
151.72504 106.6877 151.77754 106.81438 151.77754 106.9465 curveto closepath fill
newpath 154.5386 105.82101 moveto
154.5386 105.95314 154.4861 106.07982 154.39268 106.17323 curveto
154.29927 106.26665 154.17259 106.31915 154.04047 106.31915 curveto
153.90834 106.31915 153.78166 106.26665 153.68825 106.17323 curveto
153.59483 106.07982 153.54233 105.95314 153.54233 105.82101 curveto
153.54233 105.68889 153.59483 105.56221 153.68825 105.4688 curveto
153.78166 105.37538 153.90834 105.32288 154.04047 105.32288 curveto
154.17259 105.32288 154.29927 105.37538 154.39268 105.4688 curveto
154.4861 105.56221 154.5386 105.68889 154.5386 105.82101 curveto closepath fill
newpath 157.23611 104.5501 moveto
157.23611 104.68222 157.18361 104.8089 157.0902 104.90231 curveto
156.99678 104.99573 156.8701 105.04823 156.73798 105.04823 curveto
156.60585 105.04823 156.47917 104.99573 156.38576 104.90231 curveto
156.29234 104.8089 156.23984 104.68222 156.23984 104.5501 curveto
156.23984 104.41797 156.29234 104.29129 156.38576 104.19788 curveto
156.47917 104.10446 156.60585 104.05196 156.73798 104.05196 curveto
156.8701 104.05196 156.99678 104.10446 157.0902 104.19788 curveto
157.18361 104.29129 157.23611 104.41797 157.23611 104.5501 curveto closepath fill
newpath 159.8718 103.1557 moveto
159.8718 103.28783 159.81929 103.4145 159.72588 103.50792 curveto
159.63246 103.60133 159.50578 103.65384 159.37366 103.65384 curveto
159.24153 103.65384 159.11485 103.60133 159.02144 103.50792 curveto
158.92802 103.4145 158.87552 103.28783 158.87552 103.1557 curveto
158.87552 103.02357 158.92802 102.8969 159.02144 102.80348 curveto
159.11485 102.71007 159.24153 102.65756 159.37366 102.65756 curveto
159.50578 102.65756 159.63246 102.71007 159.72588 102.80348 curveto
159.81929 102.8969 159.8718 103.02357 159.8718 103.1557 curveto closepath fill
newpath 162.45018 101.6578 moveto
162.45018 101.78993 162.39767 101.91661 162.30426 102.01003 curveto
162.21085 102.10344 162.08417 102.15594 161.95204 102.15594 curveto
161.81992 102.15594 161.69324 102.10344 161.59982 102.01003 curveto
161.50641 101.91661 161.4539 101.78993 161.4539 101.6578 curveto
161.4539 101.52568 161.50641 101.399 161.59982 101.30559 curveto
161.69324 101.21217 161.81992 101.15967 161.95204 101.15967 curveto
162.08417 101.15967 162.21085 101.21217 162.30426 101.30559 curveto
162.39767 101.399 162.45018 101.52568 162.45018 101.6578 curveto closepath fill
newpath 164.9769 100.07388 moveto
164.9769 100.20601 164.9244 100.33269 164.83098 100.4261 curveto
164.73756 100.51952 164.61089 100.57202 164.47876 100.57202 curveto
164.34663 100.57202 164.21996 100.51952 164.12654 100.4261 curveto
164.03313 100.33269 163.98062 100.20601 163.98062 100.07388 curveto
163.98062 99.94176 164.03313 99.81508 164.12654 99.72166 curveto
164.21996 99.62825 164.34663 99.57574 164.47876 99.57574 curveto
164.61089 99.57574 164.73756 99.62825 164.83098 99.72166 curveto
164.9244 99.81508 164.9769 99.94176 164.9769 100.07388 curveto closepath fill
newpath 167.45781 98.41939 moveto
167.45781 98.55151 167.4053 98.67819 167.31189 98.7716 curveto
167.21848 98.86502 167.0918 98.91753 166.95967 98.91753 curveto
166.82755 98.91753 166.70087 98.86502 166.60745 98.7716 curveto
166.51404 98.67819 166.46153 98.55151 166.46153 98.41939 curveto
166.46153 98.28726 166.51404 98.16058 166.60745 98.06717 curveto
166.70087 97.97375 166.82755 97.92125 166.95967 97.92125 curveto
167.0918 97.92125 167.21848 97.97375 167.31189 98.06717 curveto
167.4053 98.16058 167.45781 98.28726 167.45781 98.41939 curveto closepath fill
newpath 169.9001 96.70811 moveto
169.9001 96.84024 169.8476 96.96692 169.75418 97.06033 curveto
169.66077 97.15375 169.53409 97.20625 169.40196 97.20625 curveto
169.26984 97.20625 169.14316 97.15375 169.04974 97.06033 curveto
168.95633 96.96692 168.90382 96.84024 168.90382 96.70811 curveto
168.90382 96.57599 168.95633 96.44931 169.04974 96.3559 curveto
169.14316 96.26248 169.26984 96.20998 169.40196 96.20998 curveto
169.53409 96.20998 169.66077 96.26248 169.75418 96.3559 curveto
169.8476 96.44931 169.9001 96.57599 169.9001 96.70811 curveto closepath fill
newpath 172.30994 94.95186 moveto
172.30994 95.08398 172.25743 95.21066 172.16402 95.30408 curveto
172.0706 95.39749 171.94392 95.45 171.8118 95.45 curveto
171.67967 95.45 171.553 95.39749 171.45958 95.30408 curveto
171.36617 95.21066 171.31366 95.08398 171.31366 94.95186 curveto
171.31366 94.81973 171.36617 94.69305 171.45958 94.59964 curveto
171.553 94.50623 171.67967 94.45372 171.8118 94.45372 curveto
171.94392 94.45372 172.0706 94.50623 172.16402 94.59964 curveto
172.25743 94.69305 172.30994 94.81973 172.30994 94.95186 curveto closepath fill
newpath 174.69414 93.16064 moveto
174.69414 93.29277 174.64163 93.41945 174.54822 93.51286 curveto
174.4548 93.60628 174.32813 93.65878 174.196 93.65878 curveto
174.06387 93.65878 173.9372 93.60628 173.84378 93.51286 curveto
173.75037 93.41945 173.69786 93.29277 173.69786 93.16064 curveto
173.69786 93.02852 173.75037 92.90184 173.84378 92.80843 curveto
173.9372 92.71501 174.06387 92.6625 174.196 92.6625 curveto
174.32813 92.6625 174.4548 92.71501 174.54822 92.80843 curveto
174.64163 92.90184 174.69414 93.02852 174.69414 93.16064 curveto closepath fill
newpath 177.05916 91.3441 moveto
177.05916 91.47623 177.00665 91.6029 176.91324 91.69632 curveto
176.81982 91.78973 176.69315 91.84224 176.56102 91.84224 curveto
176.4289 91.84224 176.30222 91.78973 176.2088 91.69632 curveto
176.11539 91.6029 176.06288 91.47623 176.06288 91.3441 curveto
176.06288 91.21198 176.11539 91.0853 176.2088 90.99188 curveto
176.30222 90.89847 176.4289 90.84596 176.56102 90.84596 curveto
176.69315 90.84596 176.81982 90.89847 176.91324 90.99188 curveto
177.00665 91.0853 177.05916 91.21198 177.05916 91.3441 curveto closepath fill
newpath 179.41168 89.51137 moveto
179.41168 89.6435 179.35918 89.77017 179.26576 89.86359 curveto
179.17235 89.957 179.04567 90.0095 178.91354 90.0095 curveto
178.78142 90.0095 178.65474 89.957 178.56133 89.86359 curveto
178.46791 89.77017 178.4154 89.6435 178.4154 89.51137 curveto
178.4154 89.37924 178.46791 89.25256 178.56133 89.15915 curveto
178.65474 89.06573 178.78142 89.01323 178.91354 89.01323 curveto
179.04567 89.01323 179.17235 89.06573 179.26576 89.15915 curveto
179.35918 89.25256 179.41168 89.37924 179.41168 89.51137 curveto closepath fill
newpath 181.759 87.66869 moveto
181.759 87.80081 181.7065 87.92749 181.61308 88.0209 curveto
181.51967 88.11432 181.39299 88.16682 181.26086 88.16682 curveto
181.12874 88.16682 181.00206 88.11432 180.90865 88.0209 curveto
180.81523 87.92749 180.76273 87.80081 180.76273 87.66869 curveto
180.76273 87.53656 180.81523 87.40988 180.90865 87.31647 curveto
181.00206 87.22305 181.12874 87.17055 181.26086 87.17055 curveto
181.39299 87.17055 181.51967 87.22305 181.61308 87.31647 curveto
181.7065 87.40988 181.759 87.53656 181.759 87.66869 curveto closepath fill
 0.49814 0 dtransform exch truncate exch idtransform pop setlinewidth
newpath 5.98633 0 moveto
5.98633 1.99324 lineto stroke
newpath 5.98633 5.97711 moveto
5.98633 9.96469 lineto stroke
newpath 5.98633 13.94743 moveto
5.98633 17.93451 lineto stroke
newpath 5.98633 21.91779 moveto
5.98633 25.9023 lineto stroke
newpath 5.98633 29.88812 moveto
5.98633 33.87204 lineto stroke
newpath 5.98633 37.85847 moveto
5.98633 41.84225 lineto stroke
newpath 5.98633 45.8288 moveto
5.98633 49.81285 lineto stroke
newpath 5.98633 53.79913 moveto
5.98633 57.78282 lineto stroke
newpath 5.98633 61.76945 moveto
5.98633 65.75356 lineto stroke
newpath 5.98633 69.73712 moveto
5.98633 73.72374 lineto stroke
newpath 5.98633 77.70744 moveto
5.98633 81.6941 lineto stroke
newpath 5.98633 85.67776 moveto
5.98633 89.66461 lineto stroke
newpath 5.98633 93.6481 moveto
5.98633 97.63458 lineto stroke
newpath 5.98633 101.61842 moveto
5.98633 105.60518 lineto stroke
newpath 5.98633 109.58876 moveto
5.98633 113.5729 lineto stroke
newpath 5.98633 117.55908 moveto
5.98633 121.54259 lineto stroke
newpath 5.98633 125.52942 moveto
5.98633 129.51302 lineto stroke
newpath 5.98633 133.49976 moveto
5.98633 137.48376 lineto stroke
newpath 5.98633 141.4701 moveto
5.98633 145.45392 lineto stroke
newpath 5.98633 149.44043 moveto
5.98633 153.42432 lineto stroke
newpath 5.98633 157.4081 moveto
5.98633 161.39462 lineto stroke
newpath 5.98633 165.37845 moveto
5.98633 169.36488 lineto stroke
newpath 5.98633 173.3488 moveto
5.98633 175.34204 lineto stroke
newpath 93.62231 0 moveto
93.62231 1.99324 lineto stroke
newpath 93.62231 5.97711 moveto
93.62231 9.96469 lineto stroke
newpath 93.62231 13.94743 moveto
93.62231 17.93451 lineto stroke
newpath 93.62231 21.91779 moveto
93.62231 25.9023 lineto stroke
newpath 93.62231 29.88812 moveto
93.62231 33.87204 lineto stroke
newpath 93.62231 37.85847 moveto
93.62231 41.84225 lineto stroke
newpath 93.62231 45.8288 moveto
93.62231 49.81285 lineto stroke
newpath 93.62231 53.79913 moveto
93.62231 57.78282 lineto stroke
newpath 93.62231 61.76945 moveto
93.62231 65.75356 lineto stroke
newpath 93.62231 69.73712 moveto
93.62231 73.72374 lineto stroke
newpath 93.62231 77.70744 moveto
93.62231 81.6941 lineto stroke
newpath 93.62231 85.67776 moveto
93.62231 89.66461 lineto stroke
newpath 93.62231 93.6481 moveto
93.62231 97.63458 lineto stroke
newpath 93.62231 101.61842 moveto
93.62231 105.60518 lineto stroke
newpath 93.62231 109.58876 moveto
93.62231 113.5729 lineto stroke
newpath 93.62231 117.55908 moveto
93.62231 121.54259 lineto stroke
newpath 93.62231 125.52942 moveto
93.62231 129.51302 lineto stroke
newpath 93.62231 133.49976 moveto
93.62231 137.48376 lineto stroke
newpath 93.62231 141.4701 moveto
93.62231 145.45392 lineto stroke
newpath 93.62231 149.44043 moveto
93.62231 153.42432 lineto stroke
newpath 93.62231 157.4081 moveto
93.62231 161.39462 lineto stroke
newpath 93.62231 165.37845 moveto
93.62231 169.36488 lineto stroke
newpath 93.62231 173.3488 moveto
93.62231 175.34204 lineto stroke
newpath 181.26086 0 moveto
181.26086 1.99324 lineto stroke
newpath 181.26086 5.97711 moveto
181.26086 9.96469 lineto stroke
newpath 181.26086 13.94743 moveto
181.26086 17.93451 lineto stroke
newpath 181.26086 21.91779 moveto
181.26086 25.9023 lineto stroke
newpath 181.26086 29.88812 moveto
181.26086 33.87204 lineto stroke
newpath 181.26086 37.85847 moveto
181.26086 41.84225 lineto stroke
newpath 181.26086 45.8288 moveto
181.26086 49.81285 lineto stroke
newpath 181.26086 53.79913 moveto
181.26086 57.78282 lineto stroke
newpath 181.26086 61.76945 moveto
181.26086 65.75356 lineto stroke
newpath 181.26086 69.73712 moveto
181.26086 73.72374 lineto stroke
newpath 181.26086 77.70744 moveto
181.26086 81.6941 lineto stroke
newpath 181.26086 85.67776 moveto
181.26086 89.66461 lineto stroke
newpath 181.26086 93.6481 moveto
181.26086 97.63458 lineto stroke
newpath 181.26086 101.61842 moveto
181.26086 105.60518 lineto stroke
newpath 181.26086 109.58876 moveto
181.26086 113.5729 lineto stroke
newpath 181.26086 117.55908 moveto
181.26086 121.54259 lineto stroke
newpath 181.26086 125.52942 moveto
181.26086 129.51302 lineto stroke
newpath 181.26086 133.49976 moveto
181.26086 137.48376 lineto stroke
newpath 181.26086 141.4701 moveto
181.26086 145.45392 lineto stroke
newpath 181.26086 149.44043 moveto
181.26086 153.42432 lineto stroke
newpath 181.26086 157.4081 moveto
181.26086 161.39462 lineto stroke
newpath 181.26086 165.37845 moveto
181.26086 169.36488 lineto stroke
newpath 181.26086 173.3488 moveto
181.26086 175.34204 lineto stroke
 0 1.24533 dtransform truncate idtransform setlinewidth pop
newpath 13.044 0.11237 moveto
13.7144 8.2633 14.65723 16.39851 15.87202 24.51031 curveto
16.5437 28.99648 17.54652 33.44685 18.69919 37.87215 curveto
19.43471 40.69446 20.41667 43.4723 21.52719 46.21771 curveto
22.30655 48.14375 23.27704 50.01727 24.35435 51.85234 curveto
25.1682 53.23892 26.13313 54.56664 27.18236 55.85155 curveto
28.02557 56.88463 28.98627 57.85417 30.0108 58.78056 curveto
30.8787 59.56516 31.8347 60.28587 32.83754 60.96378 curveto
33.72672 61.56442 34.67975 62.10355 35.66597 62.60152 curveto
36.57132 63.0587 37.52095 63.45868 38.49399 63.81955 curveto
39.41125 64.16 40.35832 64.44795 41.32114 64.69911 curveto
42.2482 64.94092 43.19357 65.13623 44.14915 65.29509 curveto
45.08302 65.45027 46.02711 65.56331 46.97632 65.64023 curveto
47.91573 65.71648 48.8598 65.75327 49.80432 65.75327 curveto
50.74884 65.75327 51.69293 65.71614 52.63234 65.6399 curveto
53.58153 65.56297 54.52562 65.45027 55.45949 65.29509 curveto
56.41507 65.13623 57.36044 64.94092 58.2875 64.69911 curveto
59.25032 64.44795 60.19739 64.15967 61.11467 63.81921 curveto
62.08769 63.45834 63.03732 63.05836 63.94267 62.60152 curveto
64.92891 62.10355 65.88193 61.56442 66.77112 60.96378 curveto
67.77437 60.28587 68.72995 59.56482 69.59785 58.77989 curveto
70.62239 57.8535 71.58307 56.88362 72.42628 55.85054 curveto
73.47551 54.56563 74.44046 53.23792 75.2543 51.85133 curveto
76.33119 50.0166 77.30252 48.14342 78.08145 46.21771 curveto
79.19197 43.47163 80.17395 40.69347 80.90947 37.87047 curveto
82.06212 33.44484 83.06496 28.99414 83.73663 24.50764 curveto
84.95143 16.39484 85.89424 8.25862 86.56464 0.10703 curveto stroke
newpath 87.809 3.20822 moveto
86.92926 2.42793 86.46825 1.27899 86.56464 0.10703 curveto
86.46825 1.27899 85.82568 2.33717 84.83028 2.96323 curveto stroke
newpath 14.77837 2.96857 moveto
13.78296 2.34251 13.1404 1.28433 13.044 0.11237 curveto
13.1404 1.28433 12.67938 2.43327 11.79964 3.21356 curveto stroke
newpath 100.68001 175.22968 moveto
101.3504 167.07806 102.29321 158.94185 103.50844 150.82904 curveto
104.18011 146.34322 105.18294 141.89319 106.3356 137.46823 curveto
107.07112 134.64557 108.0531 131.86772 109.16362 129.12198 curveto
109.94255 127.19629 110.91388 125.3231 111.99077 123.48871 curveto
112.80461 122.10213 113.76956 120.7744 114.81921 119.48915 curveto
115.66241 118.4564 116.62268 117.48688 117.64722 116.5608 curveto
118.51512 115.77621 119.47156 115.05585 120.47438 114.37793 curveto
121.36356 113.77695 122.31616 113.2375 123.30281 112.73952 curveto
124.20818 112.28235 125.15779 111.88303 126.13083 111.52217 curveto
127.0481 111.18204 127.99518 110.89375 128.958 110.6426 curveto
129.88506 110.40079 130.83084 110.20547 131.78642 110.04662 curveto
132.7203 109.89145 133.66438 109.77873 134.61359 109.70181 curveto
135.553 109.6259 136.49751 109.58878 137.44202 109.58878 curveto
138.38654 109.58878 139.33063 109.6259 140.27003 109.70215 curveto
141.21922 109.77907 142.16331 109.89177 143.0972 110.04729 curveto
144.05278 110.20648 144.99857 110.40146 145.92563 110.6436 curveto
146.88844 110.89476 147.83551 111.18304 148.75279 111.5235 curveto
149.72583 111.88435 150.67545 112.28468 151.5808 112.74187 curveto
152.56703 113.24017 153.52005 113.77928 154.40924 114.38028 curveto
155.41249 115.05852 156.3685 115.77957 157.2364 116.5645 curveto
158.26094 117.49089 159.22119 118.46109 160.0644 119.49417 curveto
161.11363 120.77975 162.07901 122.1078 162.89284 123.49506 curveto
163.97017 125.3308 164.94107 127.20499 165.72 129.13168 curveto
166.83052 131.87875 167.8125 134.65794 168.54802 137.48195 curveto
169.70067 141.90958 170.7035 146.36229 171.37518 150.85112 curveto
172.59041 158.97061 173.53322 167.11385 174.20361 175.27248 curveto stroke
newpath 172.46947 172.4161 moveto
173.46484 173.04224 174.10732 174.1005 174.20361 175.27248 curveto
174.10732 174.1005 174.56842 172.95157 175.44823 172.17136 curveto stroke
newpath 99.43564 172.12848 moveto
100.31538 172.90877 100.7764 174.05771 100.68001 175.22968 curveto
100.7764 174.05771 101.41896 172.99953 102.41437 172.37347 curveto stroke
showpage
%%EOF
