%!PS
%%BoundingBox: -1 -1 181 139 
%%HiResBoundingBox: -0.24907 -0.24907 180.82149 138.48038 
%%Creator: MetaPost 1.9991
%%CreationDate: 2017.08.19:1107
%%Pages: 1
%%BeginProlog
%%EndProlog
%%Page: 1 1
 0 0 0 setrgbcolor
newpath 6.22664 69.24019 moveto
5.69817 69.24019 5.1914 69.03023 4.81773 68.65657 curveto
4.44408 68.2829 4.23412 67.77614 4.23412 67.24767 curveto
4.23412 66.7192 4.44408 66.21243 4.81773 65.83876 curveto
5.1914 65.4651 5.69817 65.25514 6.22664 65.25514 curveto
6.75511 65.25514 7.26187 65.4651 7.63554 65.83876 curveto
8.0092 66.21243 8.21916 66.7192 8.21916 67.24767 curveto
8.21916 67.77614 8.0092 68.2829 7.63554 68.65657 curveto
7.26187 69.03023 6.75511 69.24019 6.22664 69.24019 curveto closepath fill
newpath 45.34985 129.01588 moveto
44.82138 129.01588 44.31462 128.80592 43.94095 128.43227 curveto
43.56729 128.0586 43.35733 127.55183 43.35733 127.02336 curveto
43.35733 126.49489 43.56729 125.98813 43.94095 125.61446 curveto
44.31462 125.2408 44.82138 125.03084 45.34985 125.03084 curveto
45.87833 125.03084 46.38509 125.2408 46.75876 125.61446 curveto
47.13242 125.98813 47.34238 126.49489 47.34238 127.02336 curveto
47.34238 127.55183 47.13242 128.0586 46.75876 128.43227 curveto
46.38509 128.80592 45.87833 129.01588 45.34985 129.01588 curveto closepath fill
newpath 84.47307 69.24019 moveto
83.9446 69.24019 83.43784 69.03023 83.06416 68.65657 curveto
82.6905 68.2829 82.48055 67.77614 82.48055 67.24767 curveto
82.48055 66.7192 82.6905 66.21243 83.06416 65.83876 curveto
83.43784 65.4651 83.9446 65.25514 84.47307 65.25514 curveto
85.00154 65.25514 85.5083 65.4651 85.88197 65.83876 curveto
86.25563 66.21243 86.46559 66.7192 86.46559 67.24767 curveto
86.46559 67.77614 86.25563 68.2829 85.88197 68.65657 curveto
85.5083 69.03023 85.00154 69.24019 84.47307 69.24019 curveto closepath fill
newpath 123.59628 129.01588 moveto
123.06781 129.01588 122.56105 128.80592 122.18738 128.43227 curveto
121.81372 128.0586 121.60376 127.55183 121.60376 127.02336 curveto
121.60376 126.49489 121.81372 125.98813 122.18738 125.61446 curveto
122.56105 125.2408 123.06781 125.03084 123.59628 125.03084 curveto
124.12476 125.03084 124.63152 125.2408 125.00519 125.61446 curveto
125.37885 125.98813 125.5888 126.49489 125.5888 127.02336 curveto
125.5888 127.55183 125.37885 128.0586 125.00519 128.43227 curveto
124.63152 128.80592 124.12476 129.01588 123.59628 129.01588 curveto closepath fill
newpath 162.71948 69.24019 moveto
162.19101 69.24019 161.68425 69.03023 161.31058 68.65657 curveto
160.93692 68.2829 160.72696 67.77614 160.72696 67.24767 curveto
160.72696 66.7192 160.93692 66.21243 161.31058 65.83876 curveto
161.68425 65.4651 162.19101 65.25514 162.71948 65.25514 curveto
163.24796 65.25514 163.75471 65.4651 164.12839 65.83876 curveto
164.50204 66.21243 164.712 66.7192 164.712 67.24767 curveto
164.712 67.77614 164.50204 68.2829 164.12839 68.65657 curveto
163.75471 69.03023 163.24796 69.24019 162.71948 69.24019 curveto closepath fill
 0 0.49814 dtransform truncate idtransform setlinewidth pop [] 0 setdash
 1 setlinecap 1 setlinejoin 10 setmiterlimit
newpath 0 67.24767 moveto
180.57242 67.24767 lineto stroke
newpath 175.59111 69.73833 moveto
176.76704 68.17041 178.61253 67.24767 180.57242 67.24767 curveto
178.61253 67.24767 176.76704 66.32492 175.59111 64.757 curveto stroke
 0.49814 0 dtransform exch truncate exch idtransform pop setlinewidth
newpath 6.22664 0 moveto
6.22664 138.23131 lineto stroke
 0 0.49814 dtransform truncate idtransform setlinewidth pop
newpath 3.73598 133.25 moveto
5.3039 134.42593 6.22664 136.27142 6.22664 138.23131 curveto
6.22664 136.27142 7.14938 134.42593 8.7173 133.25 curveto stroke
 0.49814 0 dtransform exch truncate exch idtransform pop setlinewidth
newpath 45.34985 65.25514 moveto
45.34985 69.24019 lineto stroke
newpath 84.47307 65.25514 moveto
84.47307 69.24019 lineto stroke
newpath 123.59628 65.25514 moveto
123.59628 69.24019 lineto stroke
newpath 162.71948 65.25514 moveto
162.71948 69.24019 lineto stroke
 0 0.49814 dtransform truncate idtransform setlinewidth pop
newpath 8.21916 127.02336 moveto
4.23412 127.02336 lineto stroke
newpath 8.21916 7.47197 moveto
4.23412 7.47197 lineto stroke
newpath 6.47571 67.24767 moveto
6.47571 67.31372 6.44946 67.37708 6.40276 67.42378 curveto
6.35605 67.47049 6.2927 67.49673 6.22664 67.49673 curveto
6.16058 67.49673 6.09723 67.47049 6.05052 67.42378 curveto
6.00381 67.37708 5.97757 67.31372 5.97757 67.24767 curveto
5.97757 67.18161 6.00381 67.11826 6.05052 67.07155 curveto
6.09723 67.02484 6.16058 66.9986 6.22664 66.9986 curveto
6.2927 66.9986 6.35605 67.02484 6.40276 67.07155 curveto
6.44946 67.11826 6.47571 67.18161 6.47571 67.24767 curveto closepath fill
newpath 7.62376 70.0059 moveto
7.62376 70.07196 7.59752 70.13531 7.55081 70.18202 curveto
7.5041 70.22873 7.44075 70.25497 7.3747 70.25497 curveto
7.30864 70.25497 7.24529 70.22873 7.19858 70.18202 curveto
7.15187 70.13531 7.12563 70.07196 7.12563 70.0059 curveto
7.12563 69.93985 7.15187 69.8765 7.19858 69.82979 curveto
7.24529 69.78308 7.30864 69.75684 7.3747 69.75684 curveto
7.44075 69.75684 7.5041 69.78308 7.55081 69.82979 curveto
7.59752 69.8765 7.62376 69.93985 7.62376 70.0059 curveto closepath fill
newpath 8.77649 72.76236 moveto
8.77649 72.82841 8.75024 72.89177 8.70354 72.93848 curveto
8.65683 72.98518 8.59348 73.01143 8.52742 73.01143 curveto
8.46136 73.01143 8.39801 72.98518 8.3513 72.93848 curveto
8.3046 72.89177 8.27835 72.82841 8.27835 72.76236 curveto
8.27835 72.6963 8.3046 72.63295 8.3513 72.58624 curveto
8.39801 72.53954 8.46136 72.51329 8.52742 72.51329 curveto
8.59348 72.51329 8.65683 72.53954 8.70354 72.58624 curveto
8.75024 72.63295 8.77649 72.6963 8.77649 72.76236 curveto closepath fill
newpath 9.93285 75.51718 moveto
9.93285 75.58324 9.9066 75.64659 9.8599 75.6933 curveto
9.81319 75.74 9.74983 75.76625 9.68378 75.76625 curveto
9.61772 75.76625 9.55437 75.74 9.50766 75.6933 curveto
9.46095 75.64659 9.43471 75.58324 9.43471 75.51718 curveto
9.43471 75.45113 9.46095 75.38777 9.50766 75.34106 curveto
9.55437 75.29436 9.61772 75.26811 9.68378 75.26811 curveto
9.74983 75.26811 9.81319 75.29436 9.8599 75.34106 curveto
9.9066 75.38777 9.93285 75.45113 9.93285 75.51718 curveto closepath fill
newpath 11.0946 78.2699 moveto
11.0946 78.33595 11.06836 78.3993 11.02165 78.44601 curveto
10.97495 78.49272 10.91159 78.51897 10.84554 78.51897 curveto
10.77948 78.51897 10.71613 78.49272 10.66942 78.44601 curveto
10.62271 78.3993 10.59647 78.33595 10.59647 78.2699 curveto
10.59647 78.20384 10.62271 78.14049 10.66942 78.09378 curveto
10.71613 78.04707 10.77948 78.02083 10.84554 78.02083 curveto
10.91159 78.02083 10.97495 78.04707 11.02165 78.09378 curveto
11.06836 78.14049 11.0946 78.20384 11.0946 78.2699 curveto closepath fill
newpath 12.26588 81.0184 moveto
12.26588 81.08446 12.23964 81.14781 12.19293 81.19452 curveto
12.14622 81.24123 12.08287 81.26747 12.01682 81.26747 curveto
11.95076 81.26747 11.8874 81.24123 11.8407 81.19452 curveto
11.79399 81.14781 11.76775 81.08446 11.76775 81.0184 curveto
11.76775 80.95235 11.79399 80.88899 11.8407 80.84229 curveto
11.8874 80.79558 11.95076 80.76933 12.01682 80.76933 curveto
12.08287 80.76933 12.14622 80.79558 12.19293 80.84229 curveto
12.23964 80.88899 12.26588 80.95235 12.26588 81.0184 curveto closepath fill
newpath 13.4471 83.76259 moveto
13.4471 83.82864 13.42085 83.892 13.37415 83.9387 curveto
13.32744 83.98541 13.26408 84.01166 13.19803 84.01166 curveto
13.13197 84.01166 13.06862 83.98541 13.02191 83.9387 curveto
12.9752 83.892 12.94896 83.82864 12.94896 83.76259 curveto
12.94896 83.69653 12.9752 83.63318 13.02191 83.58647 curveto
13.06862 83.53976 13.13197 83.51352 13.19803 83.51352 curveto
13.26408 83.51352 13.32744 83.53976 13.37415 83.58647 curveto
13.42085 83.63318 13.4471 83.69653 13.4471 83.76259 curveto closepath fill
newpath 14.64339 86.50037 moveto
14.64339 86.56642 14.61714 86.62978 14.57043 86.67648 curveto
14.52373 86.72319 14.46037 86.74944 14.39432 86.74944 curveto
14.32826 86.74944 14.26491 86.72319 14.2182 86.67648 curveto
14.1715 86.62978 14.14525 86.56642 14.14525 86.50037 curveto
14.14525 86.43431 14.1715 86.37096 14.2182 86.32425 curveto
14.26491 86.27754 14.32826 86.2513 14.39432 86.2513 curveto
14.46037 86.2513 14.52373 86.27754 14.57043 86.32425 curveto
14.61714 86.37096 14.64339 86.43431 14.64339 86.50037 curveto closepath fill
newpath 15.85518 89.23123 moveto
15.85518 89.29729 15.82893 89.36064 15.78223 89.40735 curveto
15.73552 89.45406 15.67216 89.4803 15.60611 89.4803 curveto
15.54005 89.4803 15.4767 89.45406 15.43 89.40735 curveto
15.38329 89.36064 15.35704 89.29729 15.35704 89.23123 curveto
15.35704 89.16518 15.38329 89.10182 15.43 89.05511 curveto
15.4767 89.0084 15.54005 88.98216 15.60611 88.98216 curveto
15.67216 88.98216 15.73552 89.0084 15.78223 89.05511 curveto
15.82893 89.10182 15.85518 89.16518 15.85518 89.23123 curveto closepath fill
newpath 17.08797 91.95268 moveto
17.08797 92.01874 17.06172 92.08209 17.01501 92.1288 curveto
16.9683 92.1755 16.90495 92.20175 16.8389 92.20175 curveto
16.77284 92.20175 16.70949 92.1755 16.66278 92.1288 curveto
16.61607 92.08209 16.58983 92.01874 16.58983 91.95268 curveto
16.58983 91.88663 16.61607 91.82327 16.66278 91.77657 curveto
16.70949 91.72986 16.77284 91.70361 16.8389 91.70361 curveto
16.90495 91.70361 16.9683 91.72986 17.01501 91.77657 curveto
17.06172 91.82327 17.08797 91.88663 17.08797 91.95268 curveto closepath fill
newpath 18.34267 94.6642 moveto
18.34267 94.73026 18.31642 94.79361 18.26971 94.84032 curveto
18.223 94.88702 18.15965 94.91327 18.0936 94.91327 curveto
18.02754 94.91327 17.96419 94.88702 17.91748 94.84032 curveto
17.87077 94.79361 17.84453 94.73026 17.84453 94.6642 curveto
17.84453 94.59814 17.87077 94.53479 17.91748 94.48808 curveto
17.96419 94.44138 18.02754 94.41513 18.0936 94.41513 curveto
18.15965 94.41513 18.223 94.44138 18.26971 94.48808 curveto
18.31642 94.53479 18.34267 94.59814 18.34267 94.6642 curveto closepath fill
newpath 19.6261 97.3621 moveto
19.6261 97.42816 19.59985 97.49152 19.55315 97.53822 curveto
19.50644 97.58493 19.44308 97.61118 19.37703 97.61118 curveto
19.31097 97.61118 19.24762 97.58493 19.20091 97.53822 curveto
19.1542 97.49152 19.12796 97.42816 19.12796 97.3621 curveto
19.12796 97.29605 19.1542 97.2327 19.20091 97.18599 curveto
19.24762 97.13928 19.31097 97.11304 19.37703 97.11304 curveto
19.44308 97.11304 19.50644 97.13928 19.55315 97.18599 curveto
19.59985 97.2327 19.6261 97.29605 19.6261 97.3621 curveto closepath fill
newpath 20.94037 100.04521 moveto
20.94037 100.11127 20.91412 100.17462 20.86742 100.22133 curveto
20.82071 100.26804 20.75735 100.29428 20.6913 100.29428 curveto
20.62524 100.29428 20.56189 100.26804 20.51518 100.22133 curveto
20.46848 100.17462 20.44223 100.11127 20.44223 100.04521 curveto
20.44223 99.97916 20.46848 99.9158 20.51518 99.8691 curveto
20.56189 99.82239 20.62524 99.79614 20.6913 99.79614 curveto
20.75735 99.79614 20.82071 99.82239 20.86742 99.8691 curveto
20.91412 99.9158 20.94037 99.97916 20.94037 100.04521 curveto closepath fill
newpath 22.29323 102.70921 moveto
22.29323 102.77527 22.26698 102.83862 22.22028 102.88533 curveto
22.17357 102.93204 22.11021 102.95828 22.04416 102.95828 curveto
21.9781 102.95828 21.91475 102.93204 21.86804 102.88533 curveto
21.82133 102.83862 21.79509 102.77527 21.79509 102.70921 curveto
21.79509 102.64316 21.82133 102.5798 21.86804 102.5331 curveto
21.91475 102.48639 21.9781 102.46014 22.04416 102.46014 curveto
22.11021 102.46014 22.17357 102.48639 22.22028 102.5331 curveto
22.26698 102.5798 22.29323 102.64316 22.29323 102.70921 curveto closepath fill
newpath 23.68945 105.35019 moveto
23.68945 105.41624 23.66321 105.4796 23.6165 105.5263 curveto
23.5698 105.57301 23.50644 105.59926 23.44038 105.59926 curveto
23.37433 105.59926 23.31097 105.57301 23.26427 105.5263 curveto
23.21756 105.4796 23.19131 105.41624 23.19131 105.35019 curveto
23.19131 105.28413 23.21756 105.22078 23.26427 105.17407 curveto
23.31097 105.12737 23.37433 105.10112 23.44038 105.10112 curveto
23.50644 105.10112 23.5698 105.12737 23.6165 105.17407 curveto
23.66321 105.22078 23.68945 105.28413 23.68945 105.35019 curveto closepath fill
newpath 25.13838 107.96315 moveto
25.13838 108.0292 25.11214 108.09256 25.06543 108.13927 curveto
25.01872 108.18597 24.95537 108.21222 24.88931 108.21222 curveto
24.82326 108.21222 24.7599 108.18597 24.7132 108.13927 curveto
24.66649 108.09256 24.64024 108.0292 24.64024 107.96315 curveto
24.64024 107.8971 24.66649 107.83374 24.7132 107.78703 curveto
24.7599 107.74033 24.82326 107.71408 24.88931 107.71408 curveto
24.95537 107.71408 25.01872 107.74033 25.06543 107.78703 curveto
25.11214 107.83374 25.13838 107.8971 25.13838 107.96315 curveto closepath fill
newpath 26.64925 110.54056 moveto
26.64925 110.60661 26.623 110.66997 26.5763 110.71667 curveto
26.52959 110.76338 26.46623 110.78963 26.40018 110.78963 curveto
26.33412 110.78963 26.27077 110.76338 26.22406 110.71667 curveto
26.17735 110.66997 26.15111 110.60661 26.15111 110.54056 curveto
26.15111 110.4745 26.17735 110.41115 26.22406 110.36444 curveto
26.27077 110.31773 26.33412 110.29149 26.40018 110.29149 curveto
26.46623 110.29149 26.52959 110.31773 26.5763 110.36444 curveto
26.623 110.41115 26.64925 110.4745 26.64925 110.54056 curveto closepath fill
newpath 28.23299 113.0736 moveto
28.23299 113.13965 28.20674 113.203 28.16003 113.24971 curveto
28.11333 113.29642 28.04997 113.32266 27.98392 113.32266 curveto
27.91786 113.32266 27.8545 113.29642 27.8078 113.24971 curveto
27.7611 113.203 27.73485 113.13965 27.73485 113.0736 curveto
27.73485 113.00754 27.7611 112.94418 27.8078 112.89748 curveto
27.8545 112.85077 27.91786 112.82452 27.98392 112.82452 curveto
28.04997 112.82452 28.11333 112.85077 28.16003 112.89748 curveto
28.20674 112.94418 28.23299 113.00754 28.23299 113.0736 curveto closepath fill
newpath 29.90718 115.54787 moveto
29.90718 115.61392 29.88094 115.67728 29.83423 115.72398 curveto
29.78752 115.77069 29.72417 115.79694 29.65811 115.79694 curveto
29.59206 115.79694 29.5287 115.77069 29.482 115.72398 curveto
29.43529 115.67728 29.40904 115.61392 29.40904 115.54787 curveto
29.40904 115.48181 29.43529 115.41846 29.482 115.37175 curveto
29.5287 115.32504 29.59206 115.2988 29.65811 115.2988 curveto
29.72417 115.2988 29.78752 115.32504 29.83423 115.37175 curveto
29.88094 115.41846 29.90718 115.48181 29.90718 115.54787 curveto closepath fill
newpath 31.69124 117.94398 moveto
31.69124 118.01004 31.665 118.0734 31.61829 118.1201 curveto
31.57158 118.16681 31.50822 118.19305 31.44217 118.19305 curveto
31.37611 118.19305 31.31276 118.16681 31.26605 118.1201 curveto
31.21935 118.0734 31.1931 118.01004 31.1931 117.94398 curveto
31.1931 117.87793 31.21935 117.81458 31.26605 117.76787 curveto
31.31276 117.72116 31.37611 117.69492 31.44217 117.69492 curveto
31.50822 117.69492 31.57158 117.72116 31.61829 117.76787 curveto
31.665 117.81458 31.69124 117.87793 31.69124 117.94398 curveto closepath fill
newpath 33.61113 120.23216 moveto
33.61113 120.29822 33.58488 120.36157 33.53818 120.40828 curveto
33.49147 120.45499 33.42812 120.48123 33.36206 120.48123 curveto
33.296 120.48123 33.23265 120.45499 33.18594 120.40828 curveto
33.13924 120.36157 33.11299 120.29822 33.11299 120.23216 curveto
33.11299 120.1661 33.13924 120.10275 33.18594 120.05605 curveto
33.23265 120.00934 33.296 119.9831 33.36206 119.9831 curveto
33.42812 119.9831 33.49147 120.00934 33.53818 120.05605 curveto
33.58488 120.10275 33.61113 120.1661 33.61113 120.23216 curveto closepath fill
newpath 35.70099 122.36603 moveto
35.70099 122.43208 35.67474 122.49544 35.62804 122.54214 curveto
35.58133 122.58885 35.51797 122.6151 35.45192 122.6151 curveto
35.38586 122.6151 35.32251 122.58885 35.2758 122.54214 curveto
35.2291 122.49544 35.20285 122.43208 35.20285 122.36603 curveto
35.20285 122.29997 35.2291 122.23662 35.2758 122.18991 curveto
35.32251 122.1432 35.38586 122.11696 35.45192 122.11696 curveto
35.51797 122.11696 35.58133 122.1432 35.62804 122.18991 curveto
35.67474 122.23662 35.70099 122.29997 35.70099 122.36603 curveto closepath fill
newpath 38.00383 124.26643 moveto
38.00383 124.33249 37.97758 124.39584 37.93088 124.44255 curveto
37.88417 124.48926 37.82082 124.5155 37.75476 124.5155 curveto
37.6887 124.5155 37.62535 124.48926 37.57864 124.44255 curveto
37.53194 124.39584 37.50569 124.33249 37.50569 124.26643 curveto
37.50569 124.20038 37.53194 124.13702 37.57864 124.09032 curveto
37.62535 124.04361 37.6887 124.01736 37.75476 124.01736 curveto
37.82082 124.01736 37.88417 124.04361 37.93088 124.09032 curveto
37.97758 124.13702 38.00383 124.20038 38.00383 124.26643 curveto closepath fill
newpath 40.56082 125.80513 moveto
40.56082 125.87119 40.53458 125.93454 40.48787 125.98125 curveto
40.44116 126.02795 40.3778 126.0542 40.31175 126.0542 curveto
40.2457 126.0542 40.18234 126.02795 40.13564 125.98125 curveto
40.08893 125.93454 40.06268 125.87119 40.06268 125.80513 curveto
40.06268 125.73907 40.08893 125.67572 40.13564 125.62901 curveto
40.18234 125.5823 40.2457 125.55606 40.31175 125.55606 curveto
40.3778 125.55606 40.44116 125.5823 40.48787 125.62901 curveto
40.53458 125.67572 40.56082 125.73907 40.56082 125.80513 curveto closepath fill
newpath 43.37572 126.78563 moveto
43.37572 126.85168 43.34947 126.91504 43.30276 126.96175 curveto
43.25606 127.00845 43.1927 127.0347 43.12665 127.0347 curveto
43.0606 127.0347 42.99724 127.00845 42.95053 126.96175 curveto
42.90382 126.91504 42.87758 126.85168 42.87758 126.78563 curveto
42.87758 126.71957 42.90382 126.65622 42.95053 126.60951 curveto
42.99724 126.5628 43.0606 126.53656 43.12665 126.53656 curveto
43.1927 126.53656 43.25606 126.5628 43.30276 126.60951 curveto
43.34947 126.65622 43.37572 126.71957 43.37572 126.78563 curveto closepath fill
newpath 46.3466 126.99675 moveto
46.3466 127.0628 46.32036 127.12616 46.27365 127.17287 curveto
46.22694 127.21957 46.16359 127.24582 46.09753 127.24582 curveto
46.03148 127.24582 45.96812 127.21957 45.92142 127.17287 curveto
45.87471 127.12616 45.84846 127.0628 45.84846 126.99675 curveto
45.84846 126.9307 45.87471 126.86734 45.92142 126.82063 curveto
45.96812 126.77393 46.03148 126.74768 46.09753 126.74768 curveto
46.16359 126.74768 46.22694 126.77393 46.27365 126.82063 curveto
46.32036 126.86734 46.3466 126.9307 46.3466 126.99675 curveto closepath fill
newpath 49.26103 126.37881 moveto
49.26103 126.44487 49.23479 126.50822 49.18808 126.55493 curveto
49.14137 126.60164 49.07802 126.62788 49.01196 126.62788 curveto
48.9459 126.62788 48.88255 126.60164 48.83585 126.55493 curveto
48.78914 126.50822 48.7629 126.44487 48.7629 126.37881 curveto
48.7629 126.31276 48.78914 126.2494 48.83585 126.2027 curveto
48.88255 126.15599 48.9459 126.12975 49.01196 126.12975 curveto
49.07802 126.12975 49.14137 126.15599 49.18808 126.2027 curveto
49.23479 126.2494 49.26103 126.31276 49.26103 126.37881 curveto closepath fill
newpath 51.95099 125.0905 moveto
51.95099 125.15656 51.92474 125.21991 51.87804 125.26662 curveto
51.83133 125.31332 51.76797 125.33957 51.70192 125.33957 curveto
51.63586 125.33957 51.57251 125.31332 51.5258 125.26662 curveto
51.4791 125.21991 51.45285 125.15656 51.45285 125.0905 curveto
51.45285 125.02444 51.4791 124.96109 51.5258 124.91438 curveto
51.57251 124.86768 51.63586 124.84143 51.70192 124.84143 curveto
51.76797 124.84143 51.83133 124.86768 51.87804 124.91438 curveto
51.92474 124.96109 51.95099 125.02444 51.95099 125.0905 curveto closepath fill
newpath 54.37624 123.35078 moveto
54.37624 123.41684 54.34999 123.4802 54.30328 123.5269 curveto
54.25658 123.57361 54.19322 123.59985 54.12717 123.59985 curveto
54.06111 123.59985 53.99776 123.57361 53.95105 123.5269 curveto
53.90434 123.4802 53.8781 123.41684 53.8781 123.35078 curveto
53.8781 123.28473 53.90434 123.22137 53.95105 123.17467 curveto
53.99776 123.12796 54.06111 123.10172 54.12717 123.10172 curveto
54.19322 123.10172 54.25658 123.12796 54.30328 123.17467 curveto
54.34999 123.22137 54.37624 123.28473 54.37624 123.35078 curveto closepath fill
newpath 56.56706 121.32118 moveto
56.56706 121.38724 56.54082 121.45059 56.49411 121.4973 curveto
56.4474 121.544 56.38405 121.57025 56.318 121.57025 curveto
56.25194 121.57025 56.18858 121.544 56.14188 121.4973 curveto
56.09517 121.45059 56.06892 121.38724 56.06892 121.32118 curveto
56.06892 121.25513 56.09517 121.19177 56.14188 121.14507 curveto
56.18858 121.09836 56.25194 121.07211 56.318 121.07211 curveto
56.38405 121.07211 56.4474 121.09836 56.49411 121.14507 curveto
56.54082 121.19177 56.56706 121.25513 56.56706 121.32118 curveto closepath fill
newpath 58.56644 119.10225 moveto
58.56644 119.1683 58.54019 119.23166 58.49348 119.27837 curveto
58.44678 119.32507 58.38342 119.35132 58.31737 119.35132 curveto
58.25131 119.35132 58.18796 119.32507 58.14125 119.27837 curveto
58.09454 119.23166 58.0683 119.1683 58.0683 119.10225 curveto
58.0683 119.0362 58.09454 118.97284 58.14125 118.92613 curveto
58.18796 118.87943 58.25131 118.85318 58.31737 118.85318 curveto
58.38342 118.85318 58.44678 118.87943 58.49348 118.92613 curveto
58.54019 118.97284 58.56644 119.0362 58.56644 119.10225 curveto closepath fill
newpath 60.41475 116.75548 moveto
60.41475 116.82153 60.3885 116.88489 60.3418 116.9316 curveto
60.29509 116.9783 60.23174 117.00455 60.16568 117.00455 curveto
60.09962 117.00455 60.03627 116.9783 59.98956 116.9316 curveto
59.94286 116.88489 59.91661 116.82153 59.91661 116.75548 curveto
59.91661 116.68942 59.94286 116.62607 59.98956 116.57936 curveto
60.03627 116.53265 60.09962 116.50641 60.16568 116.50641 curveto
60.23174 116.50641 60.29509 116.53265 60.3418 116.57936 curveto
60.3885 116.62607 60.41475 116.68942 60.41475 116.75548 curveto closepath fill
newpath 62.14119 114.31746 moveto
62.14119 114.38351 62.11494 114.44687 62.06824 114.49358 curveto
62.02153 114.54028 61.95818 114.56653 61.89212 114.56653 curveto
61.82607 114.56653 61.76271 114.54028 61.716 114.49358 curveto
61.6693 114.44687 61.64305 114.38351 61.64305 114.31746 curveto
61.64305 114.2514 61.6693 114.18805 61.716 114.14134 curveto
61.76271 114.09464 61.82607 114.06839 61.89212 114.06839 curveto
61.95818 114.06839 62.02153 114.09464 62.06824 114.14134 curveto
62.11494 114.18805 62.14119 114.2514 62.14119 114.31746 curveto closepath fill
newpath 63.76808 111.81158 moveto
63.76808 111.87764 63.74184 111.941 63.69513 111.9877 curveto
63.64842 112.03441 63.58507 112.06065 63.51901 112.06065 curveto
63.45296 112.06065 63.3896 112.03441 63.3429 111.9877 curveto
63.29619 111.941 63.26994 111.87764 63.26994 111.81158 curveto
63.26994 111.74553 63.29619 111.68217 63.3429 111.63547 curveto
63.3896 111.58876 63.45296 111.56252 63.51901 111.56252 curveto
63.58507 111.56252 63.64842 111.58876 63.69513 111.63547 curveto
63.74184 111.68217 63.76808 111.74553 63.76808 111.81158 curveto closepath fill
newpath 65.31332 109.25465 moveto
65.31332 109.32071 65.28708 109.38406 65.24037 109.43077 curveto
65.19366 109.47748 65.13031 109.50372 65.06425 109.50372 curveto
64.9982 109.50372 64.93484 109.47748 64.88814 109.43077 curveto
64.84143 109.38406 64.81519 109.32071 64.81519 109.25465 curveto
64.81519 109.1886 64.84143 109.12524 64.88814 109.07854 curveto
64.93484 109.03183 64.9982 109.00558 65.06425 109.00558 curveto
65.13031 109.00558 65.19366 109.03183 65.24037 109.07854 curveto
65.28708 109.12524 65.31332 109.1886 65.31332 109.25465 curveto closepath fill
newpath 66.79189 106.65855 moveto
66.79189 106.72461 66.76564 106.78796 66.71893 106.83467 curveto
66.67223 106.88138 66.60887 106.90762 66.54282 106.90762 curveto
66.47676 106.90762 66.4134 106.88138 66.3667 106.83467 curveto
66.31999 106.78796 66.29375 106.72461 66.29375 106.65855 curveto
66.29375 106.5925 66.31999 106.52914 66.3667 106.48244 curveto
66.4134 106.43573 66.47676 106.40948 66.54282 106.40948 curveto
66.60887 106.40948 66.67223 106.43573 66.71893 106.48244 curveto
66.76564 106.52914 66.79189 106.5925 66.79189 106.65855 curveto closepath fill
newpath 68.21275 104.03035 moveto
68.21275 104.0964 68.18651 104.15976 68.1398 104.20647 curveto
68.0931 104.25317 68.02974 104.27942 67.96368 104.27942 curveto
67.89763 104.27942 67.83427 104.25317 67.78757 104.20647 curveto
67.74086 104.15976 67.71461 104.0964 67.71461 104.03035 curveto
67.71461 103.9643 67.74086 103.90094 67.78757 103.85423 curveto
67.83427 103.80753 67.89763 103.78128 67.96368 103.78128 curveto
68.02974 103.78128 68.0931 103.80753 68.1398 103.85423 curveto
68.18651 103.90094 68.21275 103.9643 68.21275 104.03035 curveto closepath fill
newpath 69.5869 101.3776 moveto
69.5869 101.44365 69.56065 101.507 69.51395 101.55371 curveto
69.46724 101.60042 69.40388 101.62666 69.33783 101.62666 curveto
69.27177 101.62666 69.20842 101.60042 69.16171 101.55371 curveto
69.115 101.507 69.08876 101.44365 69.08876 101.3776 curveto
69.08876 101.31154 69.115 101.24818 69.16171 101.20148 curveto
69.20842 101.15477 69.27177 101.12852 69.33783 101.12852 curveto
69.40388 101.12852 69.46724 101.15477 69.51395 101.20148 curveto
69.56065 101.24818 69.5869 101.31154 69.5869 101.3776 curveto closepath fill
newpath 70.9194 98.70355 moveto
70.9194 98.7696 70.89316 98.83296 70.84645 98.87967 curveto
70.79974 98.92638 70.73639 98.95262 70.67033 98.95262 curveto
70.60428 98.95262 70.54092 98.92638 70.49422 98.87967 curveto
70.44751 98.83296 70.42126 98.7696 70.42126 98.70355 curveto
70.42126 98.6375 70.44751 98.57414 70.49422 98.52744 curveto
70.54092 98.48073 70.60428 98.45448 70.67033 98.45448 curveto
70.73639 98.45448 70.79974 98.48073 70.84645 98.52744 curveto
70.89316 98.57414 70.9194 98.6375 70.9194 98.70355 curveto closepath fill
newpath 72.21786 96.01266 moveto
72.21786 96.07872 72.19162 96.14207 72.14491 96.18878 curveto
72.0982 96.23549 72.03485 96.26173 71.9688 96.26173 curveto
71.90274 96.26173 71.83939 96.23549 71.79268 96.18878 curveto
71.74597 96.14207 71.71973 96.07872 71.71973 96.01266 curveto
71.71973 95.94661 71.74597 95.88326 71.79268 95.83655 curveto
71.83939 95.78984 71.90274 95.7636 71.9688 95.7636 curveto
72.03485 95.7636 72.0982 95.78984 72.14491 95.83655 curveto
72.19162 95.88326 72.21786 95.94661 72.21786 96.01266 curveto closepath fill
newpath 73.48628 93.3076 moveto
73.48628 93.37366 73.46004 93.43701 73.41333 93.48372 curveto
73.36662 93.53043 73.30327 93.55667 73.23721 93.55667 curveto
73.17116 93.55667 73.1078 93.53043 73.0611 93.48372 curveto
73.01439 93.43701 72.98814 93.37366 72.98814 93.3076 curveto
72.98814 93.24155 73.01439 93.17819 73.0611 93.13148 curveto
73.1078 93.08478 73.17116 93.05853 73.23721 93.05853 curveto
73.30327 93.05853 73.36662 93.08478 73.41333 93.13148 curveto
73.46004 93.17819 73.48628 93.24155 73.48628 93.3076 curveto closepath fill
newpath 74.7298 90.59106 moveto
74.7298 90.65712 74.70355 90.72047 74.65685 90.76718 curveto
74.61014 90.81389 74.54678 90.84013 74.48073 90.84013 curveto
74.41467 90.84013 74.35132 90.81389 74.30461 90.76718 curveto
74.2579 90.72047 74.23166 90.65712 74.23166 90.59106 curveto
74.23166 90.52501 74.2579 90.46165 74.30461 90.41495 curveto
74.35132 90.36824 74.41467 90.342 74.48073 90.342 curveto
74.54678 90.342 74.61014 90.36824 74.65685 90.41495 curveto
74.70355 90.46165 74.7298 90.52501 74.7298 90.59106 curveto closepath fill
newpath 75.95142 87.8646 moveto
75.95142 87.93065 75.92517 87.994 75.87846 88.04071 curveto
75.83176 88.08742 75.7684 88.11366 75.70235 88.11366 curveto
75.63629 88.11366 75.57294 88.08742 75.52623 88.04071 curveto
75.47952 87.994 75.45328 87.93065 75.45328 87.8646 curveto
75.45328 87.79854 75.47952 87.73518 75.52623 87.68848 curveto
75.57294 87.64177 75.63629 87.61552 75.70235 87.61552 curveto
75.7684 87.61552 75.83176 87.64177 75.87846 87.68848 curveto
75.92517 87.73518 75.95142 87.79854 75.95142 87.8646 curveto closepath fill
newpath 77.1553 85.13011 moveto
77.1553 85.19617 77.12906 85.25952 77.08235 85.30623 curveto
77.03564 85.35294 76.97229 85.37918 76.90623 85.37918 curveto
76.84018 85.37918 76.77682 85.35294 76.73012 85.30623 curveto
76.68341 85.25952 76.65717 85.19617 76.65717 85.13011 curveto
76.65717 85.06406 76.68341 85.0007 76.73012 84.954 curveto
76.77682 84.90729 76.84018 84.88104 76.90623 84.88104 curveto
76.97229 84.88104 77.03564 84.90729 77.08235 84.954 curveto
77.12906 85.0007 77.1553 85.06406 77.1553 85.13011 curveto closepath fill
newpath 78.34358 82.38878 moveto
78.34358 82.45483 78.31734 82.51819 78.27063 82.5649 curveto
78.22392 82.6116 78.16057 82.63785 78.09451 82.63785 curveto
78.02846 82.63785 77.9651 82.6116 77.9184 82.5649 curveto
77.87169 82.51819 77.84544 82.45483 77.84544 82.38878 curveto
77.84544 82.32272 77.87169 82.25937 77.9184 82.21266 curveto
77.9651 82.16595 78.02846 82.13971 78.09451 82.13971 curveto
78.16057 82.13971 78.22392 82.16595 78.27063 82.21266 curveto
78.31734 82.25937 78.34358 82.32272 78.34358 82.38878 curveto closepath fill
newpath 79.51994 79.64235 moveto
79.51994 79.7084 79.4937 79.77176 79.44699 79.81847 curveto
79.40028 79.86517 79.33693 79.89142 79.27087 79.89142 curveto
79.20482 79.89142 79.14146 79.86517 79.09476 79.81847 curveto
79.04805 79.77176 79.0218 79.7084 79.0218 79.64235 curveto
79.0218 79.5763 79.04805 79.51294 79.09476 79.46623 curveto
79.14146 79.41953 79.20482 79.39328 79.27087 79.39328 curveto
79.33693 79.39328 79.40028 79.41953 79.44699 79.46623 curveto
79.4937 79.51294 79.51994 79.5763 79.51994 79.64235 curveto closepath fill
newpath 80.68573 76.89145 moveto
80.68573 76.9575 80.65948 77.02086 80.61278 77.06757 curveto
80.56607 77.11427 80.50272 77.14052 80.43666 77.14052 curveto
80.3706 77.14052 80.30725 77.11427 80.26054 77.06757 curveto
80.21384 77.02086 80.18759 76.9575 80.18759 76.89145 curveto
80.18759 76.8254 80.21384 76.76204 80.26054 76.71533 curveto
80.30725 76.66862 80.3706 76.64238 80.43666 76.64238 curveto
80.50272 76.64238 80.56607 76.66862 80.61278 76.71533 curveto
80.65948 76.76204 80.68573 76.8254 80.68573 76.89145 curveto closepath fill
newpath 81.84503 74.13773 moveto
81.84503 74.20378 81.81879 74.26714 81.77208 74.31384 curveto
81.72537 74.36055 81.66202 74.3868 81.59596 74.3868 curveto
81.5299 74.3868 81.46655 74.36055 81.41985 74.31384 curveto
81.37314 74.26714 81.3469 74.20378 81.3469 74.13773 curveto
81.3469 74.07167 81.37314 74.00832 81.41985 73.96161 curveto
81.46655 73.9149 81.5299 73.88866 81.59596 73.88866 curveto
81.66202 73.88866 81.72537 73.9149 81.77208 73.96161 curveto
81.81879 74.00832 81.84503 74.07167 81.84503 74.13773 curveto closepath fill
newpath 82.99776 71.38148 moveto
82.99776 71.44754 82.97151 71.5109 82.9248 71.5576 curveto
82.8781 71.60431 82.81474 71.63055 82.74869 71.63055 curveto
82.68263 71.63055 82.61928 71.60431 82.57257 71.5576 curveto
82.52586 71.5109 82.49962 71.44754 82.49962 71.38148 curveto
82.49962 71.31543 82.52586 71.25208 82.57257 71.20537 curveto
82.61928 71.15866 82.68263 71.13242 82.74869 71.13242 curveto
82.81474 71.13242 82.8781 71.15866 82.9248 71.20537 curveto
82.97151 71.25208 82.99776 71.31543 82.99776 71.38148 curveto closepath fill
newpath 84.1486 68.62436 moveto
84.1486 68.69041 84.12236 68.75377 84.07565 68.80048 curveto
84.02895 68.84718 83.96559 68.87343 83.89954 68.87343 curveto
83.83348 68.87343 83.77013 68.84718 83.72342 68.80048 curveto
83.67671 68.75377 83.65047 68.69041 83.65047 68.62436 curveto
83.65047 68.5583 83.67671 68.49495 83.72342 68.44824 curveto
83.77013 68.40154 83.83348 68.37529 83.89954 68.37529 curveto
83.96559 68.37529 84.02895 68.40154 84.07565 68.44824 curveto
84.12236 68.49495 84.1486 68.5583 84.1486 68.62436 curveto closepath fill
newpath 85.29721 65.86635 moveto
85.29721 65.9324 85.27097 65.99576 85.22426 66.04247 curveto
85.17755 66.08917 85.1142 66.11542 85.04814 66.11542 curveto
84.98209 66.11542 84.91873 66.08917 84.87202 66.04247 curveto
84.82532 65.99576 84.79907 65.9324 84.79907 65.86635 curveto
84.79907 65.8003 84.82532 65.73694 84.87202 65.69023 curveto
84.91873 65.64352 84.98209 65.61728 85.04814 65.61728 curveto
85.1142 65.61728 85.17755 65.64352 85.22426 65.69023 curveto
85.27097 65.73694 85.29721 65.8003 85.29721 65.86635 curveto closepath fill
newpath 86.44804 63.10924 moveto
86.44804 63.1753 86.4218 63.23865 86.37509 63.28535 curveto
86.32838 63.33206 86.26503 63.3583 86.19897 63.3583 curveto
86.13292 63.3583 86.06956 63.33206 86.02286 63.28535 curveto
85.97615 63.23865 85.9499 63.1753 85.9499 63.10924 curveto
85.9499 63.04318 85.97615 62.97983 86.02286 62.93312 curveto
86.06956 62.88641 86.13292 62.86017 86.19897 62.86017 curveto
86.26503 62.86017 86.32838 62.88641 86.37509 62.93312 curveto
86.4218 62.97983 86.44804 63.04318 86.44804 63.10924 curveto closepath fill
newpath 87.60086 60.35281 moveto
87.60086 60.41887 87.57462 60.48222 87.52791 60.52893 curveto
87.4812 60.57564 87.41785 60.60188 87.35179 60.60188 curveto
87.28574 60.60188 87.22238 60.57564 87.17567 60.52893 curveto
87.12897 60.48222 87.10272 60.41887 87.10272 60.35281 curveto
87.10272 60.28676 87.12897 60.2234 87.17567 60.1767 curveto
87.22238 60.12999 87.28574 60.10374 87.35179 60.10374 curveto
87.41785 60.10374 87.4812 60.12999 87.52791 60.1767 curveto
87.57462 60.2234 87.60086 60.28676 87.60086 60.35281 curveto closepath fill
newpath 88.76016 57.59914 moveto
88.76016 57.66519 88.73392 57.72855 88.68721 57.77525 curveto
88.6405 57.82196 88.57715 57.8482 88.5111 57.8482 curveto
88.44504 57.8482 88.38168 57.82196 88.33498 57.77525 curveto
88.28827 57.72855 88.26202 57.66519 88.26202 57.59914 curveto
88.26202 57.53308 88.28827 57.46973 88.33498 57.42302 curveto
88.38168 57.37631 88.44504 57.35007 88.5111 57.35007 curveto
88.57715 57.35007 88.6405 57.37631 88.68721 57.42302 curveto
88.73392 57.46973 88.76016 57.53308 88.76016 57.59914 curveto closepath fill
newpath 89.92589 54.84834 moveto
89.92589 54.9144 89.89964 54.97775 89.85294 55.02446 curveto
89.80623 55.07117 89.74287 55.09741 89.67682 55.09741 curveto
89.61076 55.09741 89.54741 55.07117 89.5007 55.02446 curveto
89.454 54.97775 89.42775 54.9144 89.42775 54.84834 curveto
89.42775 54.78229 89.454 54.71893 89.5007 54.67223 curveto
89.54741 54.62552 89.61076 54.59927 89.67682 54.59927 curveto
89.74287 54.59927 89.80623 54.62552 89.85294 54.67223 curveto
89.89964 54.71893 89.92589 54.78229 89.92589 54.84834 curveto closepath fill
newpath 91.1023 52.1019 moveto
91.1023 52.16795 91.07605 52.23131 91.02934 52.27802 curveto
90.98264 52.32472 90.91928 52.35097 90.85323 52.35097 curveto
90.78717 52.35097 90.72382 52.32472 90.67711 52.27802 curveto
90.6304 52.23131 90.60416 52.16795 90.60416 52.1019 curveto
90.60416 52.03584 90.6304 51.97249 90.67711 51.92578 curveto
90.72382 51.87907 90.78717 51.85283 90.85323 51.85283 curveto
90.91928 51.85283 90.98264 51.87907 91.02934 51.92578 curveto
91.07605 51.97249 91.1023 52.03584 91.1023 52.1019 curveto closepath fill
newpath 92.29056 49.36066 moveto
92.29056 49.42671 92.26431 49.49007 92.2176 49.53677 curveto
92.1709 49.58348 92.10754 49.60973 92.04149 49.60973 curveto
91.97543 49.60973 91.91208 49.58348 91.86537 49.53677 curveto
91.81866 49.49007 91.79242 49.42671 91.79242 49.36066 curveto
91.79242 49.2946 91.81866 49.23125 91.86537 49.18454 curveto
91.91208 49.13783 91.97543 49.11159 92.04149 49.11159 curveto
92.10754 49.11159 92.1709 49.13783 92.2176 49.18454 curveto
92.26431 49.23125 92.29056 49.2946 92.29056 49.36066 curveto closepath fill
newpath 93.49446 46.62624 moveto
93.49446 46.69229 93.46822 46.75565 93.42151 46.80235 curveto
93.3748 46.84906 93.31145 46.8753 93.24539 46.8753 curveto
93.17934 46.8753 93.11598 46.84906 93.06927 46.80235 curveto
93.02257 46.75565 92.99632 46.69229 92.99632 46.62624 curveto
92.99632 46.56018 93.02257 46.49683 93.06927 46.45012 curveto
93.11598 46.40341 93.17934 46.37717 93.24539 46.37717 curveto
93.31145 46.37717 93.3748 46.40341 93.42151 46.45012 curveto
93.46822 46.49683 93.49446 46.56018 93.49446 46.62624 curveto closepath fill
newpath 94.7161 43.89975 moveto
94.7161 43.9658 94.68985 44.02916 94.64314 44.07587 curveto
94.59644 44.12257 94.53308 44.14882 94.46703 44.14882 curveto
94.40097 44.14882 94.33762 44.12257 94.29091 44.07587 curveto
94.2442 44.02916 94.21796 43.9658 94.21796 43.89975 curveto
94.21796 43.8337 94.2442 43.77034 94.29091 43.72363 curveto
94.33762 43.67693 94.40097 43.65068 94.46703 43.65068 curveto
94.53308 43.65068 94.59644 43.67693 94.64314 43.72363 curveto
94.68985 43.77034 94.7161 43.8337 94.7161 43.89975 curveto closepath fill
newpath 95.9597 41.18312 moveto
95.9597 41.24918 95.93346 41.31253 95.88675 41.35924 curveto
95.84004 41.40594 95.77669 41.43219 95.71063 41.43219 curveto
95.64458 41.43219 95.58122 41.40594 95.53452 41.35924 curveto
95.48781 41.31253 95.46156 41.24918 95.46156 41.18312 curveto
95.46156 41.11707 95.48781 41.05371 95.53452 41.007 curveto
95.58122 40.9603 95.64458 40.93405 95.71063 40.93405 curveto
95.77669 40.93405 95.84004 40.9603 95.88675 41.007 curveto
95.93346 41.05371 95.9597 41.11707 95.9597 41.18312 curveto closepath fill
newpath 97.22815 38.47809 moveto
97.22815 38.54414 97.2019 38.6075 97.1552 38.6542 curveto
97.10849 38.70091 97.04514 38.72716 96.97908 38.72716 curveto
96.91302 38.72716 96.84967 38.70091 96.80296 38.6542 curveto
96.75626 38.6075 96.73001 38.54414 96.73001 38.47809 curveto
96.73001 38.41203 96.75626 38.34868 96.80296 38.30197 curveto
96.84967 38.25526 96.91302 38.22902 96.97908 38.22902 curveto
97.04514 38.22902 97.10849 38.25526 97.1552 38.30197 curveto
97.2019 38.34868 97.22815 38.41203 97.22815 38.47809 curveto closepath fill
newpath 98.52663 35.78726 moveto
98.52663 35.85332 98.50038 35.91667 98.45367 35.96338 curveto
98.40697 36.01009 98.34361 36.03633 98.27756 36.03633 curveto
98.2115 36.03633 98.14815 36.01009 98.10144 35.96338 curveto
98.05473 35.91667 98.02849 35.85332 98.02849 35.78726 curveto
98.02849 35.7212 98.05473 35.65785 98.10144 35.61115 curveto
98.14815 35.56444 98.2115 35.5382 98.27756 35.5382 curveto
98.34361 35.5382 98.40697 35.56444 98.45367 35.61115 curveto
98.50038 35.65785 98.52663 35.7212 98.52663 35.78726 curveto closepath fill
newpath 99.85919 33.11322 moveto
99.85919 33.17928 99.83295 33.24263 99.78624 33.28934 curveto
99.73953 33.33604 99.67618 33.36229 99.61012 33.36229 curveto
99.54407 33.36229 99.48071 33.33604 99.434 33.28934 curveto
99.3873 33.24263 99.36105 33.17928 99.36105 33.11322 curveto
99.36105 33.04716 99.3873 32.98381 99.434 32.9371 curveto
99.48071 32.8904 99.54407 32.86415 99.61012 32.86415 curveto
99.67618 32.86415 99.73953 32.8904 99.78624 32.9371 curveto
99.83295 32.98381 99.85919 33.04716 99.85919 33.11322 curveto closepath fill
newpath 101.23344 30.46045 moveto
101.23344 30.5265 101.2072 30.58986 101.16049 30.63657 curveto
101.11378 30.68327 101.05043 30.70952 100.98438 30.70952 curveto
100.91832 30.70952 100.85497 30.68327 100.80826 30.63657 curveto
100.76155 30.58986 100.7353 30.5265 100.7353 30.46045 curveto
100.7353 30.3944 100.76155 30.33104 100.80826 30.28433 curveto
100.85497 30.23763 100.91832 30.21138 100.98438 30.21138 curveto
101.05043 30.21138 101.11378 30.23763 101.16049 30.28433 curveto
101.2072 30.33104 101.23344 30.3944 101.23344 30.46045 curveto closepath fill
newpath 102.65434 27.8323 moveto
102.65434 27.89836 102.6281 27.96172 102.58139 28.00842 curveto
102.53468 28.05513 102.47133 28.08138 102.40527 28.08138 curveto
102.33922 28.08138 102.27586 28.05513 102.22916 28.00842 curveto
102.18245 27.96172 102.1562 27.89836 102.1562 27.8323 curveto
102.1562 27.76625 102.18245 27.7029 102.22916 27.65619 curveto
102.27586 27.60948 102.33922 27.58324 102.40527 27.58324 curveto
102.47133 27.58324 102.53468 27.60948 102.58139 27.65619 curveto
102.6281 27.7029 102.65434 27.76625 102.65434 27.8323 curveto closepath fill
newpath 104.13309 25.23636 moveto
104.13309 25.30241 104.10684 25.36577 104.06013 25.41248 curveto
104.01343 25.45918 103.95007 25.48543 103.88402 25.48543 curveto
103.81796 25.48543 103.75461 25.45918 103.7079 25.41248 curveto
103.6612 25.36577 103.63495 25.30241 103.63495 25.23636 curveto
103.63495 25.1703 103.6612 25.10695 103.7079 25.06024 curveto
103.75461 25.01353 103.81796 24.98729 103.88402 24.98729 curveto
103.95007 24.98729 104.01343 25.01353 104.06013 25.06024 curveto
104.10684 25.10695 104.13309 25.1703 104.13309 25.23636 curveto closepath fill
newpath 105.67871 22.67964 moveto
105.67871 22.7457 105.65247 22.80905 105.60576 22.85576 curveto
105.55905 22.90247 105.4957 22.92871 105.42964 22.92871 curveto
105.36359 22.92871 105.30023 22.90247 105.25352 22.85576 curveto
105.20682 22.80905 105.18057 22.7457 105.18057 22.67964 curveto
105.18057 22.61359 105.20682 22.55023 105.25352 22.50352 curveto
105.30023 22.45682 105.36359 22.43057 105.42964 22.43057 curveto
105.4957 22.43057 105.55905 22.45682 105.60576 22.50352 curveto
105.65247 22.55023 105.67871 22.61359 105.67871 22.67964 curveto closepath fill
newpath 107.30583 20.17397 moveto
107.30583 20.24002 107.27959 20.30338 107.23288 20.35008 curveto
107.18617 20.39679 107.12282 20.42303 107.05676 20.42303 curveto
106.9907 20.42303 106.92735 20.39679 106.88065 20.35008 curveto
106.83394 20.30338 106.8077 20.24002 106.8077 20.17397 curveto
106.8077 20.10791 106.83394 20.04456 106.88065 19.99785 curveto
106.92735 19.95114 106.9907 19.9249 107.05676 19.9249 curveto
107.12282 19.9249 107.18617 19.95114 107.23288 19.99785 curveto
107.27959 20.04456 107.30583 20.10791 107.30583 20.17397 curveto closepath fill
newpath 109.03224 17.73582 moveto
109.03224 17.80188 109.006 17.86523 108.95929 17.91194 curveto
108.91258 17.95865 108.84923 17.9849 108.78317 17.9849 curveto
108.71712 17.9849 108.65376 17.95865 108.60706 17.91194 curveto
108.56035 17.86523 108.5341 17.80188 108.5341 17.73582 curveto
108.5341 17.66977 108.56035 17.60641 108.60706 17.55971 curveto
108.65376 17.513 108.71712 17.48676 108.78317 17.48676 curveto
108.84923 17.48676 108.91258 17.513 108.95929 17.55971 curveto
109.006 17.60641 109.03224 17.66977 109.03224 17.73582 curveto closepath fill
newpath 110.88052 15.38898 moveto
110.88052 15.45503 110.85428 15.51839 110.80757 15.5651 curveto
110.76086 15.6118 110.69751 15.63805 110.63145 15.63805 curveto
110.5654 15.63805 110.50204 15.6118 110.45534 15.5651 curveto
110.40863 15.51839 110.38239 15.45503 110.38239 15.38898 curveto
110.38239 15.32292 110.40863 15.25957 110.45534 15.21286 curveto
110.50204 15.16615 110.5654 15.13991 110.63145 15.13991 curveto
110.69751 15.13991 110.76086 15.16615 110.80757 15.21286 curveto
110.85428 15.25957 110.88052 15.32292 110.88052 15.38898 curveto closepath fill
newpath 112.88069 13.1706 moveto
112.88069 13.23665 112.85445 13.3 112.80774 13.34671 curveto
112.76103 13.39342 112.69768 13.41966 112.63162 13.41966 curveto
112.56557 13.41966 112.50221 13.39342 112.4555 13.34671 curveto
112.4088 13.3 112.38255 13.23665 112.38255 13.1706 curveto
112.38255 13.10454 112.4088 13.04118 112.4555 12.99448 curveto
112.50221 12.94777 112.56557 12.92152 112.63162 12.92152 curveto
112.69768 12.92152 112.76103 12.94777 112.80774 12.99448 curveto
112.85445 13.04118 112.88069 13.10454 112.88069 13.1706 curveto closepath fill
newpath 115.07178 11.14145 moveto
115.07178 11.2075 115.04553 11.27086 114.99883 11.31757 curveto
114.95212 11.36427 114.88876 11.39052 114.82271 11.39052 curveto
114.75665 11.39052 114.6933 11.36427 114.64659 11.31757 curveto
114.59988 11.27086 114.57364 11.2075 114.57364 11.14145 curveto
114.57364 11.0754 114.59988 11.01204 114.64659 10.96533 curveto
114.6933 10.91862 114.75665 10.89238 114.82271 10.89238 curveto
114.88876 10.89238 114.95212 10.91862 114.99883 10.96533 curveto
115.04553 11.01204 115.07178 11.0754 115.07178 11.14145 curveto closepath fill
newpath 117.49759 9.40222 moveto
117.49759 9.46828 117.47134 9.53163 117.42464 9.57834 curveto
117.37793 9.62505 117.31458 9.65129 117.24852 9.65129 curveto
117.18246 9.65129 117.11911 9.62505 117.0724 9.57834 curveto
117.0257 9.53163 116.99945 9.46828 116.99945 9.40222 curveto
116.99945 9.33617 117.0257 9.27281 117.0724 9.2261 curveto
117.11911 9.1794 117.18246 9.15315 117.24852 9.15315 curveto
117.31458 9.15315 117.37793 9.1794 117.42464 9.2261 curveto
117.47134 9.27281 117.49759 9.33617 117.49759 9.40222 curveto closepath fill
newpath 120.18797 8.11484 moveto
120.18797 8.1809 120.16173 8.24425 120.11502 8.29095 curveto
120.06831 8.33766 120.00496 8.3639 119.9389 8.3639 curveto
119.87285 8.3639 119.8095 8.33766 119.76279 8.29095 curveto
119.71608 8.24425 119.68983 8.1809 119.68983 8.11484 curveto
119.68983 8.04878 119.71608 7.98543 119.76279 7.93872 curveto
119.8095 7.89201 119.87285 7.86577 119.9389 7.86577 curveto
120.00496 7.86577 120.06831 7.89201 120.11502 7.93872 curveto
120.16173 7.98543 120.18797 8.04878 120.18797 8.11484 curveto closepath fill
newpath 123.1026 7.49821 moveto
123.1026 7.56427 123.07635 7.62762 123.02965 7.67433 curveto
122.98294 7.72104 122.91959 7.74728 122.85353 7.74728 curveto
122.78748 7.74728 122.72412 7.72104 122.67741 7.67433 curveto
122.6307 7.62762 122.60446 7.56427 122.60446 7.49821 curveto
122.60446 7.43216 122.6307 7.3688 122.67741 7.3221 curveto
122.72412 7.27539 122.78748 7.24915 122.85353 7.24915 curveto
122.91959 7.24915 122.98294 7.27539 123.02965 7.3221 curveto
123.07635 7.3688 123.1026 7.43216 123.1026 7.49821 curveto closepath fill
newpath 126.07341 7.71075 moveto
126.07341 7.77681 126.04716 7.84016 126.00046 7.88687 curveto
125.95375 7.93358 125.8904 7.95982 125.82434 7.95982 curveto
125.75829 7.95982 125.69493 7.93358 125.64822 7.88687 curveto
125.60152 7.84016 125.57527 7.77681 125.57527 7.71075 curveto
125.57527 7.6447 125.60152 7.58134 125.64822 7.53464 curveto
125.69493 7.48793 125.75829 7.46169 125.82434 7.46169 curveto
125.8904 7.46169 125.95375 7.48793 126.00046 7.53464 curveto
126.04716 7.58134 126.07341 7.6447 126.07341 7.71075 curveto closepath fill
newpath 128.88792 8.69237 moveto
128.88792 8.75842 128.86168 8.82178 128.81497 8.86848 curveto
128.76826 8.91519 128.70491 8.94144 128.63885 8.94144 curveto
128.5728 8.94144 128.50945 8.91519 128.46274 8.86848 curveto
128.41603 8.82178 128.38979 8.75842 128.38979 8.69237 curveto
128.38979 8.62631 128.41603 8.56296 128.46274 8.51625 curveto
128.50945 8.46954 128.5728 8.4433 128.63885 8.4433 curveto
128.70491 8.4433 128.76826 8.46954 128.81497 8.51625 curveto
128.86168 8.56296 128.88792 8.62631 128.88792 8.69237 curveto closepath fill
newpath 131.4443 10.23193 moveto
131.4443 10.29799 131.41806 10.36134 131.37135 10.40805 curveto
131.32465 10.45476 131.26129 10.481 131.19524 10.481 curveto
131.12918 10.481 131.06583 10.45476 131.01912 10.40805 curveto
130.97241 10.36134 130.94617 10.29799 130.94617 10.23193 curveto
130.94617 10.16588 130.97241 10.10252 131.01912 10.05582 curveto
131.06583 10.00911 131.12918 9.98286 131.19524 9.98286 curveto
131.26129 9.98286 131.32465 10.00911 131.37135 10.05582 curveto
131.41806 10.10252 131.4443 10.16588 131.4443 10.23193 curveto closepath fill
newpath 133.74654 12.1332 moveto
133.74654 12.19925 133.72029 12.2626 133.67358 12.30931 curveto
133.62688 12.35602 133.56352 12.38226 133.49747 12.38226 curveto
133.43141 12.38226 133.36806 12.35602 133.32135 12.30931 curveto
133.27464 12.2626 133.2484 12.19925 133.2484 12.1332 curveto
133.2484 12.06714 133.27464 12.00378 133.32135 11.95708 curveto
133.36806 11.91037 133.43141 11.88412 133.49747 11.88412 curveto
133.56352 11.88412 133.62688 11.91037 133.67358 11.95708 curveto
133.72029 12.00378 133.74654 12.06714 133.74654 12.1332 curveto closepath fill
newpath 135.83664 14.26698 moveto
135.83664 14.33304 135.8104 14.3964 135.76369 14.4431 curveto
135.71698 14.4898 135.65363 14.51605 135.58757 14.51605 curveto
135.52151 14.51605 135.45816 14.4898 135.41145 14.4431 curveto
135.36475 14.3964 135.3385 14.33304 135.3385 14.26698 curveto
135.3385 14.20093 135.36475 14.13757 135.41145 14.09087 curveto
135.45816 14.04416 135.52151 14.01791 135.58757 14.01791 curveto
135.65363 14.01791 135.71698 14.04416 135.76369 14.09087 curveto
135.8104 14.13757 135.83664 14.20093 135.83664 14.26698 curveto closepath fill
newpath 137.75583 16.55566 moveto
137.75583 16.62172 137.72958 16.68507 137.68288 16.73178 curveto
137.63617 16.77849 137.57281 16.80473 137.50676 16.80473 curveto
137.4407 16.80473 137.37735 16.77849 137.33064 16.73178 curveto
137.28394 16.68507 137.25769 16.62172 137.25769 16.55566 curveto
137.25769 16.48961 137.28394 16.42625 137.33064 16.37955 curveto
137.37735 16.33284 137.4407 16.3066 137.50676 16.3066 curveto
137.57281 16.3066 137.63617 16.33284 137.68288 16.37955 curveto
137.72958 16.42625 137.75583 16.48961 137.75583 16.55566 curveto closepath fill
newpath 139.53967 18.95204 moveto
139.53967 19.0181 139.51343 19.08145 139.46672 19.12816 curveto
139.42001 19.17487 139.35666 19.20111 139.2906 19.20111 curveto
139.22455 19.20111 139.1612 19.17487 139.11449 19.12816 curveto
139.06778 19.08145 139.04153 19.0181 139.04153 18.95204 curveto
139.04153 18.88599 139.06778 18.82263 139.11449 18.77592 curveto
139.1612 18.72922 139.22455 18.70297 139.2906 18.70297 curveto
139.35666 18.70297 139.42001 18.72922 139.46672 18.77592 curveto
139.51343 18.82263 139.53967 18.88599 139.53967 18.95204 curveto closepath fill
newpath 141.21371 21.42642 moveto
141.21371 21.49248 141.18747 21.55583 141.14076 21.60254 curveto
141.09406 21.64925 141.0307 21.67549 140.96465 21.67549 curveto
140.89859 21.67549 140.83524 21.64925 140.78853 21.60254 curveto
140.74182 21.55583 140.71558 21.49248 140.71558 21.42642 curveto
140.71558 21.36037 140.74182 21.29701 140.78853 21.2503 curveto
140.83524 21.2036 140.89859 21.17735 140.96465 21.17735 curveto
141.0307 21.17735 141.09406 21.2036 141.14076 21.2503 curveto
141.18747 21.29701 141.21371 21.36037 141.21371 21.42642 curveto closepath fill
newpath 142.79733 23.95956 moveto
142.79733 24.02562 142.77109 24.08897 142.72438 24.13568 curveto
142.67767 24.18239 142.61432 24.20863 142.54826 24.20863 curveto
142.48221 24.20863 142.41885 24.18239 142.37215 24.13568 curveto
142.32544 24.08897 142.2992 24.02562 142.2992 23.95956 curveto
142.2992 23.89351 142.32544 23.83015 142.37215 23.78345 curveto
142.41885 23.73674 142.48221 23.7105 142.54826 23.7105 curveto
142.61432 23.7105 142.67767 23.73674 142.72438 23.78345 curveto
142.77109 23.83015 142.79733 23.89351 142.79733 23.95956 curveto closepath fill
newpath 144.30812 26.53702 moveto
144.30812 26.60307 144.28188 26.66643 144.23517 26.71313 curveto
144.18846 26.75984 144.1251 26.78609 144.05905 26.78609 curveto
143.993 26.78609 143.92964 26.75984 143.88293 26.71313 curveto
143.83623 26.66643 143.80998 26.60307 143.80998 26.53702 curveto
143.80998 26.47096 143.83623 26.40761 143.88293 26.3609 curveto
143.92964 26.3142 143.993 26.28795 144.05905 26.28795 curveto
144.1251 26.28795 144.18846 26.3142 144.23517 26.3609 curveto
144.28188 26.40761 144.30812 26.47096 144.30812 26.53702 curveto closepath fill
newpath 145.75696 29.15004 moveto
145.75696 29.2161 145.73071 29.27945 145.684 29.32616 curveto
145.6373 29.37286 145.57394 29.39911 145.50789 29.39911 curveto
145.44183 29.39911 145.37848 29.37286 145.33177 29.32616 curveto
145.28506 29.27945 145.25882 29.2161 145.25882 29.15004 curveto
145.25882 29.08398 145.28506 29.02063 145.33177 28.97392 curveto
145.37848 28.92722 145.44183 28.90097 145.50789 28.90097 curveto
145.57394 28.90097 145.6373 28.92722 145.684 28.97392 curveto
145.73071 29.02063 145.75696 29.08398 145.75696 29.15004 curveto closepath fill
newpath 147.15318 31.79118 moveto
147.15318 31.85724 147.12694 31.9206 147.08023 31.9673 curveto
147.03352 32.014 146.97017 32.04025 146.90411 32.04025 curveto
146.83806 32.04025 146.7747 32.014 146.728 31.9673 curveto
146.68129 31.9206 146.65504 31.85724 146.65504 31.79118 curveto
146.65504 31.72513 146.68129 31.66177 146.728 31.61507 curveto
146.7747 31.56836 146.83806 31.54211 146.90411 31.54211 curveto
146.97017 31.54211 147.03352 31.56836 147.08023 31.61507 curveto
147.12694 31.66177 147.15318 31.72513 147.15318 31.79118 curveto closepath fill
newpath 148.50597 34.4551 moveto
148.50597 34.52115 148.47972 34.5845 148.43301 34.63121 curveto
148.3863 34.67792 148.32295 34.70416 148.2569 34.70416 curveto
148.19084 34.70416 148.12749 34.67792 148.08078 34.63121 curveto
148.03407 34.5845 148.00783 34.52115 148.00783 34.4551 curveto
148.00783 34.38904 148.03407 34.32568 148.08078 34.27898 curveto
148.12749 34.23227 148.19084 34.20602 148.2569 34.20602 curveto
148.32295 34.20602 148.3863 34.23227 148.43301 34.27898 curveto
148.47972 34.32568 148.50597 34.38904 148.50597 34.4551 curveto closepath fill
newpath 149.81993 37.13824 moveto
149.81993 37.2043 149.79369 37.26765 149.74698 37.31436 curveto
149.70027 37.36107 149.63692 37.38731 149.57086 37.38731 curveto
149.5048 37.38731 149.44145 37.36107 149.39474 37.31436 curveto
149.34804 37.26765 149.3218 37.2043 149.3218 37.13824 curveto
149.3218 37.07219 149.34804 37.00883 149.39474 36.96213 curveto
149.44145 36.91542 149.5048 36.88918 149.57086 36.88918 curveto
149.63692 36.88918 149.70027 36.91542 149.74698 36.96213 curveto
149.79369 37.00883 149.81993 37.07219 149.81993 37.13824 curveto closepath fill
newpath 151.10321 39.83626 moveto
151.10321 39.90231 151.07697 39.96567 151.03026 40.01237 curveto
150.98355 40.05908 150.9202 40.08533 150.85414 40.08533 curveto
150.78809 40.08533 150.72473 40.05908 150.67802 40.01237 curveto
150.63132 39.96567 150.60507 39.90231 150.60507 39.83626 curveto
150.60507 39.7702 150.63132 39.70685 150.67802 39.66014 curveto
150.72473 39.61343 150.78809 39.58719 150.85414 39.58719 curveto
150.9202 39.58719 150.98355 39.61343 151.03026 39.66014 curveto
151.07697 39.70685 151.10321 39.7702 151.10321 39.83626 curveto closepath fill
newpath 152.35803 42.54764 moveto
152.35803 42.6137 152.33179 42.67705 152.28508 42.72375 curveto
152.23837 42.77046 152.17502 42.7967 152.10896 42.7967 curveto
152.04291 42.7967 151.97955 42.77046 151.93285 42.72375 curveto
151.88614 42.67705 151.8599 42.6137 151.8599 42.54764 curveto
151.8599 42.48158 151.88614 42.41823 151.93285 42.37152 curveto
151.97955 42.32481 152.04291 42.29857 152.10896 42.29857 curveto
152.17502 42.29857 152.23837 42.32481 152.28508 42.37152 curveto
152.33179 42.41823 152.35803 42.48158 152.35803 42.54764 curveto closepath fill
newpath 153.5909 45.26901 moveto
153.5909 45.33507 153.56465 45.39842 153.51794 45.44513 curveto
153.47124 45.49184 153.40788 45.51808 153.34183 45.51808 curveto
153.27577 45.51808 153.21242 45.49184 153.16571 45.44513 curveto
153.119 45.39842 153.09276 45.33507 153.09276 45.26901 curveto
153.09276 45.20296 153.119 45.1396 153.16571 45.0929 curveto
153.21242 45.04619 153.27577 45.01994 153.34183 45.01994 curveto
153.40788 45.01994 153.47124 45.04619 153.51794 45.0929 curveto
153.56465 45.1396 153.5909 45.20296 153.5909 45.26901 curveto closepath fill
newpath 154.8027 47.99997 moveto
154.8027 48.06602 154.77646 48.12938 154.72975 48.17609 curveto
154.68304 48.2228 154.61969 48.24904 154.55363 48.24904 curveto
154.48758 48.24904 154.42422 48.2228 154.37752 48.17609 curveto
154.33081 48.12938 154.30457 48.06602 154.30457 47.99997 curveto
154.30457 47.93391 154.33081 47.87056 154.37752 47.82385 curveto
154.42422 47.77715 154.48758 47.7509 154.55363 47.7509 curveto
154.61969 47.7509 154.68304 47.77715 154.72975 47.82385 curveto
154.77646 47.87056 154.8027 47.93391 154.8027 47.99997 curveto closepath fill
newpath 155.99896 50.73781 moveto
155.99896 50.80386 155.97272 50.86722 155.92601 50.91393 curveto
155.8793 50.96063 155.81595 50.98688 155.7499 50.98688 curveto
155.68384 50.98688 155.62048 50.96063 155.57378 50.91393 curveto
155.52707 50.86722 155.50082 50.80386 155.50082 50.73781 curveto
155.50082 50.67175 155.52707 50.6084 155.57378 50.56169 curveto
155.62048 50.51498 155.68384 50.48874 155.7499 50.48874 curveto
155.81595 50.48874 155.8793 50.51498 155.92601 50.56169 curveto
155.97272 50.6084 155.99896 50.67175 155.99896 50.73781 curveto closepath fill
newpath 157.18016 53.482 moveto
157.18016 53.54805 157.15392 53.6114 157.10721 53.65811 curveto
157.0605 53.70482 156.99715 53.73106 156.93109 53.73106 curveto
156.86504 53.73106 156.80168 53.70482 156.75497 53.65811 curveto
156.70827 53.6114 156.68202 53.54805 156.68202 53.482 curveto
156.68202 53.41594 156.70827 53.35258 156.75497 53.30588 curveto
156.80168 53.25917 156.86504 53.23293 156.93109 53.23293 curveto
156.99715 53.23293 157.0605 53.25917 157.10721 53.30588 curveto
157.15392 53.35258 157.18016 53.41594 157.18016 53.482 curveto closepath fill
newpath 158.35141 56.23047 moveto
158.35141 56.29652 158.32516 56.35988 158.27846 56.40659 curveto
158.23175 56.4533 158.1684 56.47954 158.10234 56.47954 curveto
158.03629 56.47954 157.97293 56.4533 157.92622 56.40659 curveto
157.87952 56.35988 157.85327 56.29652 157.85327 56.23047 curveto
157.85327 56.16441 157.87952 56.10106 157.92622 56.05435 curveto
157.97293 56.00764 158.03629 55.9814 158.10234 55.9814 curveto
158.1684 55.9814 158.23175 56.00764 158.27846 56.05435 curveto
158.32516 56.10106 158.35141 56.16441 158.35141 56.23047 curveto closepath fill
newpath 159.51312 58.98311 moveto
159.51312 59.04916 159.48688 59.11252 159.44017 59.15923 curveto
159.39346 59.20593 159.33011 59.23218 159.26405 59.23218 curveto
159.198 59.23218 159.13464 59.20593 159.08794 59.15923 curveto
159.04123 59.11252 159.01498 59.04916 159.01498 58.98311 curveto
159.01498 58.91705 159.04123 58.8537 159.08794 58.80699 curveto
159.13464 58.76028 159.198 58.73404 159.26405 58.73404 curveto
159.33011 58.73404 159.39346 58.76028 159.44017 58.80699 curveto
159.48688 58.8537 159.51312 58.91705 159.51312 58.98311 curveto closepath fill
newpath 160.66948 61.73798 moveto
160.66948 61.80403 160.64323 61.86739 160.59653 61.9141 curveto
160.54982 61.9608 160.48647 61.98705 160.42041 61.98705 curveto
160.35435 61.98705 160.291 61.9608 160.2443 61.9141 curveto
160.19759 61.86739 160.17134 61.80403 160.17134 61.73798 curveto
160.17134 61.67192 160.19759 61.60857 160.2443 61.56186 curveto
160.291 61.51515 160.35435 61.4889 160.42041 61.4889 curveto
160.48647 61.4889 160.54982 61.51515 160.59653 61.56186 curveto
160.64323 61.60857 160.66948 61.67192 160.66948 61.73798 curveto closepath fill
newpath 161.82217 64.49432 moveto
161.82217 64.56038 161.79593 64.62373 161.74922 64.67044 curveto
161.70251 64.71715 161.63916 64.7434 161.5731 64.7434 curveto
161.50705 64.7434 161.4437 64.71715 161.39699 64.67044 curveto
161.35028 64.62373 161.32404 64.56038 161.32404 64.49432 curveto
161.32404 64.42827 161.35028 64.36491 161.39699 64.3182 curveto
161.4437 64.2715 161.50705 64.24525 161.5731 64.24525 curveto
161.63916 64.24525 161.70251 64.2715 161.74922 64.3182 curveto
161.79593 64.36491 161.82217 64.42827 161.82217 64.49432 curveto closepath fill
newpath 162.96855 67.24858 moveto
162.96855 67.31464 162.9423 67.37799 162.8956 67.4247 curveto
162.84889 67.4714 162.78554 67.49765 162.71948 67.49765 curveto
162.65343 67.49765 162.59007 67.4714 162.54337 67.4247 curveto
162.49666 67.37799 162.47041 67.31464 162.47041 67.24858 curveto
162.47041 67.18253 162.49666 67.11917 162.54337 67.07246 curveto
162.59007 67.02576 162.65343 66.99951 162.71948 66.99951 curveto
162.78554 66.99951 162.84889 67.02576 162.8956 67.07246 curveto
162.9423 67.11917 162.96855 67.18253 162.96855 67.24858 curveto closepath fill
 0 1.24533 dtransform truncate idtransform setlinewidth pop
newpath 6.22664 67.24767 moveto
7.06387 69.2641 7.9049 71.27985 8.7505 73.29492 curveto
9.58774 75.2906 10.42499 77.28629 11.27477 79.28015 curveto
12.10782 81.23524 12.94467 83.18967 13.79863 85.14134 curveto
14.6275 87.03601 15.46397 88.9293 16.3225 90.81918 curveto
17.14682 92.63428 17.98329 94.44754 18.84674 96.25624 curveto
19.66612 97.97305 20.50183 99.68713 21.37062 101.39503 curveto
22.18468 102.99602 23.02 104.59311 23.89449 106.18268 curveto
24.70322 107.653 25.53818 109.11829 26.41988 110.57355 curveto
27.22177 111.89725 28.05482 113.21387 28.94374 114.51749 curveto
29.73804 115.68271 30.56996 116.83858 31.46762 117.9762 curveto
32.25392 118.97267 33.08356 119.9566 33.99187 120.915 curveto
34.76868 121.73499 35.5964 122.53786 36.51573 123.30289 curveto
37.28418 123.9425 38.1104 124.55725 39.03961 125.11523 curveto
39.80577 125.57516 40.63617 125.99724 41.56386 126.33382 curveto
42.34636 126.6177 43.19121 126.83798 44.08772 126.94675 curveto
44.9204 127.04776 45.77892 127.04776 46.6116 126.94675 curveto
47.50812 126.83798 48.35295 126.6177 49.13547 126.33382 curveto
50.06316 125.99724 50.89355 125.57516 51.65971 125.11523 curveto
52.58893 124.55725 53.41513 123.9425 54.18358 123.30289 curveto
55.1029 122.53786 55.93065 121.73499 56.70746 120.915 curveto
57.61575 119.9566 58.44539 118.97267 59.2317 117.9762 curveto
60.12936 116.83858 60.9609 115.68248 61.75557 114.51749 curveto
62.64412 113.21432 63.47755 111.89793 64.27945 110.57446 curveto
65.16115 109.11897 65.99611 107.65321 66.80484 106.18268 curveto
67.67894 104.59311 68.51465 102.99602 69.3287 101.39503 curveto
70.1971 99.68735 71.0332 97.97351 71.85257 96.25716 curveto
72.71603 94.44846 73.5525 92.6352 74.37683 90.8201 curveto
75.23534 88.93022 76.07182 87.03691 76.9007 85.14224 curveto
77.75465 83.19057 78.5915 81.23616 79.42456 79.28107 curveto
80.27434 77.28697 81.11157 75.29083 81.9488 73.29492 curveto
82.79404 71.27985 83.63545 69.2641 84.47269 67.24767 curveto stroke
newpath 84.47269 67.24767 moveto
85.30992 69.26364 86.15134 71.27917 86.99655 73.294 curveto
87.83379 75.28992 88.67102 77.28606 89.5208 79.28015 curveto
90.35385 81.23524 91.19072 83.18967 92.04468 85.14134 curveto
92.87355 87.03624 93.7104 88.93 94.56892 90.8201 curveto
95.39323 92.63496 96.22972 94.448 97.09279 96.25624 curveto
97.91217 97.9726 98.74826 99.68645 99.61667 101.39413 curveto
100.43109 102.99556 101.26643 104.59288 102.14091 106.18268 curveto
102.94965 107.653 103.78423 109.11829 104.66592 110.57355 curveto
105.46782 111.89725 106.30125 113.21387 107.19017 114.51749 curveto
107.98447 115.68248 108.81638 116.83858 109.71404 117.9762 curveto
110.49997 118.97244 111.3296 119.9566 112.23792 120.915 curveto
113.01472 121.73499 113.84245 122.53786 114.76216 123.30289 curveto
115.53061 123.9425 116.35721 124.55748 117.28603 125.11523 curveto
118.05182 125.57516 118.88222 125.99724 119.8099 126.33382 curveto
120.5924 126.6177 121.43762 126.83798 122.33415 126.94675 curveto
123.16682 127.04776 124.02534 127.04776 124.85802 126.94675 curveto
125.75455 126.83798 126.59976 126.6177 127.38226 126.33382 curveto
128.30995 125.99724 129.14035 125.57516 129.90614 125.11523 curveto
130.83496 124.55748 131.66156 123.9425 132.43001 123.30289 curveto
133.34972 122.53786 134.17744 121.73499 134.95425 120.915 curveto
135.86256 119.9566 136.6922 118.97244 137.47813 117.9762 curveto
138.3758 116.83858 139.2077 115.68271 140.002 114.51749 curveto
140.89091 113.21364 141.72398 111.89656 142.52625 110.57265 curveto
143.40758 109.1176 144.24252 107.65277 145.05125 106.18268 curveto
145.92574 104.59288 146.76108 102.99556 147.57552 101.39413 curveto
148.44391 99.68599 149.28 97.97214 150.09938 96.25533 curveto
150.96246 94.44708 151.79893 92.63405 152.62325 90.81918 curveto
153.48177 88.92908 154.31862 87.03532 155.14749 85.14043 curveto
156.00145 83.18875 156.83832 81.23433 157.67137 79.27924 curveto
158.52115 77.28539 159.35838 75.28969 160.19562 73.294 curveto
161.04121 71.27895 161.88225 69.26318 162.71948 67.24675 curveto stroke
showpage
%%EOF
