%!PS
%%BoundingBox: -1 -1 160 160 
%%HiResBoundingBox: -0.24907 -0.24907 159.65092 159.65092 
%%Creator: MetaPost 1.9991
%%CreationDate: 2017.08.19:1107
%%Pages: 1
%%BeginProlog
%%EndProlog
%%Page: 1 1
 0 0 0 setrgbcolor 0 0.49814 dtransform truncate idtransform setlinewidth pop
 [] 0 setdash 1 setlinecap 1 setlinejoin 10 setmiterlimit
newpath 0 9.96262 moveto
159.40186 9.96262 lineto stroke
newpath 154.42055 12.45328 moveto
155.59648 10.88536 157.44197 9.96262 159.40186 9.96262 curveto
157.44197 9.96262 155.59648 9.03987 154.42055 7.47195 curveto stroke
 0.49814 0 dtransform exch truncate exch idtransform pop setlinewidth
newpath 19.92523 0 moveto
19.92523 159.40186 lineto stroke
 0 0.49814 dtransform truncate idtransform setlinewidth pop
newpath 17.43457 154.42055 moveto
19.00249 155.59648 19.92523 157.44197 19.92523 159.40186 curveto
19.92523 157.44197 20.84798 155.59648 22.4159 154.42055 curveto stroke
 0.49814 0 dtransform exch truncate exch idtransform pop setlinewidth
newpath 146.45058 7.9701 moveto
146.45058 11.95514 lineto stroke
 0 0.49814 dtransform truncate idtransform setlinewidth pop
newpath 21.91776 17.93274 moveto
17.93271 17.93274 lineto stroke
newpath 21.91776 81.69342 moveto
17.93271 81.69342 lineto stroke
newpath 21.91776 145.45425 moveto
17.93271 145.45425 lineto stroke
newpath 19.92523 19.92526 moveto
19.39676 19.92526 18.89 19.7153 18.51633 19.34164 curveto
18.14267 18.96797 17.93271 18.46121 17.93271 17.93274 curveto
17.93271 17.40427 18.14267 16.8975 18.51633 16.52383 curveto
18.89 16.15018 19.39676 15.94022 19.92523 15.94022 curveto
20.4537 15.94022 20.96046 16.15018 21.33414 16.52383 curveto
21.7078 16.8975 21.91776 17.40427 21.91776 17.93274 curveto
21.91776 18.46121 21.7078 18.96797 21.33414 19.34164 curveto
20.96046 19.7153 20.4537 19.92526 19.92523 19.92526 curveto closepath fill
newpath 51.60628 83.68594 moveto
51.0778 83.68594 50.57104 83.47598 50.19737 83.10233 curveto
49.82372 82.72865 49.61375 82.2219 49.61375 81.69342 curveto
49.61375 81.16495 49.82372 80.65819 50.19737 80.28452 curveto
50.57104 79.91086 51.0778 79.7009 51.60628 79.7009 curveto
52.13475 79.7009 52.64151 79.91086 53.01518 80.28452 curveto
53.38884 80.65819 53.5988 81.16495 53.5988 81.69342 curveto
53.5988 82.2219 53.38884 82.72865 53.01518 83.10233 curveto
52.64151 83.47598 52.13475 83.68594 51.60628 83.68594 curveto closepath fill
newpath 83.28732 147.44678 moveto
82.75885 147.44678 82.25209 147.23682 81.87842 146.86316 curveto
81.50476 146.48949 81.2948 145.98273 81.2948 145.45425 curveto
81.2948 144.92578 81.50476 144.41902 81.87842 144.04535 curveto
82.25209 143.67169 82.75885 143.46173 83.28732 143.46173 curveto
83.8158 143.46173 84.32256 143.67169 84.69623 144.04535 curveto
85.06989 144.41902 85.27985 144.92578 85.27985 145.45425 curveto
85.27985 145.98273 85.06989 146.48949 84.69623 146.86316 curveto
84.32256 147.23682 83.8158 147.44678 83.28732 147.44678 curveto closepath fill
newpath 114.76923 83.68594 moveto
114.24075 83.68594 113.734 83.47598 113.36032 83.10233 curveto
112.98666 82.72865 112.7767 82.2219 112.7767 81.69342 curveto
112.7767 81.16495 112.98666 80.65819 113.36032 80.28452 curveto
113.734 79.91086 114.24075 79.7009 114.76923 79.7009 curveto
115.2977 79.7009 115.80446 79.91086 116.17813 80.28452 curveto
116.55179 80.65819 116.76175 81.16495 116.76175 81.69342 curveto
116.76175 82.2219 116.55179 82.72865 116.17813 83.10233 curveto
115.80446 83.47598 115.2977 83.68594 114.76923 83.68594 curveto closepath fill
newpath 146.45058 19.92526 moveto
145.9221 19.92526 145.41534 19.7153 145.04167 19.34164 curveto
144.66801 18.96797 144.45805 18.46121 144.45805 17.93274 curveto
144.45805 17.40427 144.66801 16.8975 145.04167 16.52383 curveto
145.41534 16.15018 145.9221 15.94022 146.45058 15.94022 curveto
146.97905 15.94022 147.48581 16.15018 147.85948 16.52383 curveto
148.23314 16.8975 148.4431 17.40427 148.4431 17.93274 curveto
148.4431 18.46121 148.23314 18.96797 147.85948 19.34164 curveto
147.48581 19.7153 146.97905 19.92526 146.45058 19.92526 curveto closepath fill
 0 1.24533 dtransform truncate idtransform setlinewidth pop
newpath 19.92523 17.93274 moveto
20.6385 17.95204 21.32988 18.06256 21.93307 18.2538 curveto
22.7184 18.5028 23.36417 18.84286 23.94275 19.20634 curveto
24.71864 19.69371 25.36229 20.22865 25.95059 20.77759 curveto
26.70583 21.48235 27.35585 22.2134 27.95844 22.95387 curveto
28.69633 23.86066 29.35184 24.78355 29.9663 25.71315 curveto
30.69171 26.81071 31.35147 27.91876 31.97626 29.0317 curveto
32.69106 30.30467 33.35233 31.58498 33.98412 32.86891 curveto
34.691 34.30563 35.35349 35.74767 35.99196 37.19244 curveto
36.69215 38.77707 37.35616 40.36534 37.9998 41.9559 curveto
38.69543 43.67447 39.36037 45.39606 40.00948 47.11903 curveto
40.69963 48.95099 41.36456 50.78539 42.01732 52.62085 curveto
42.70322 54.54933 43.36876 56.47966 44.02516 58.41074 curveto
44.70712 60.41675 45.37296 62.42415 46.03302 64.43199 curveto
46.71223 66.49776 47.37837 68.56444 48.04268 70.63141 curveto
48.71764 72.73184 49.38379 74.83287 50.05054 76.9339 curveto
50.72244 79.05045 51.3886 81.16743 52.05869 83.28413 curveto
52.72725 85.39566 53.3931 87.50748 54.06653 89.6187 curveto
54.73236 91.7059 55.3988 93.79309 56.0762 95.87938 curveto
56.73808 97.91794 57.40392 99.95619 58.08405 101.99323 curveto
58.74258 103.9655 59.4078 105.93732 60.09189 107.90746 curveto
60.74648 109.79294 61.41171 111.67749 62.09973 113.56007 curveto
62.75098 115.34203 63.41652 117.1226 64.1094 118.90045 curveto
64.75578 120.55865 65.4198 122.21504 66.11725 123.86807 curveto
66.75847 125.38734 67.42157 126.90417 68.1251 128.41644 curveto
68.76024 129.78232 69.42242 131.14516 70.13295 132.50175 curveto
70.762 133.70224 71.42267 134.89832 72.14293 136.08588 curveto
72.76254 137.10744 73.41988 138.12321 74.15077 139.12622 curveto
74.75975 139.96172 75.41283 140.78929 76.15862 141.59651 curveto
76.75423 142.24106 77.40121 142.87407 78.16646 143.47224 curveto
78.74869 143.92725 79.39111 144.36475 80.17613 144.73613 curveto
80.75897 145.01173 81.41902 145.25024 82.18398 145.37231 curveto
82.83644 145.47646 83.53755 145.47858 84.19183 145.37718 curveto
84.95587 145.25876 85.61623 145.02283 86.19968 144.74965 curveto
86.9847 144.38193 87.62743 143.94775 88.20935 143.49567 curveto
88.9752 142.90067 89.62189 142.2704 90.2172 141.62859 curveto
90.96329 140.82411 91.61606 139.99911 92.22504 139.1662 curveto
92.95593 138.16608 93.61357 137.15318 94.23288 136.13452 curveto
94.95345 134.94969 95.61412 133.7559 96.24286 132.55815 curveto
96.95369 131.20383 97.61557 129.84328 98.2507 128.47968 curveto
98.95424 126.9697 99.61734 125.45514 100.25854 123.93816 curveto
100.95601 122.2874 101.62033 120.6333 102.2664 118.97737 curveto
102.9596 117.20044 103.62483 115.42078 104.27606 113.6399 curveto
104.9641 111.75897 105.62933 109.87608 106.28392 107.99214 curveto
106.968 106.02367 107.63353 104.05351 108.29176 102.08276 curveto
108.9722 100.04604 109.63773 98.00824 110.2996 95.96999 curveto
110.977 93.88431 111.64345 91.79771 112.30928 89.71112 curveto
112.98271 87.6002 113.64856 85.4887 114.31712 83.37747 curveto
114.98721 81.26047 115.65337 79.14317 116.32527 77.02634 curveto
116.99202 74.92499 117.65817 72.82365 118.33313 70.72293 curveto
118.99744 68.65564 119.66388 66.58867 120.34279 64.5226 curveto
121.00316 62.51338 121.66869 60.50462 122.35065 58.49722 curveto
123.00705 56.56494 123.67259 54.6334 124.35849 52.70354 curveto
125.01125 50.86687 125.67648 49.03125 126.36633 47.19792 curveto
127.01544 45.47298 127.68068 43.7494 128.376 42.02887 curveto
129.01994 40.43604 129.68365 38.84547 130.38385 37.25856 curveto
131.02232 35.81197 131.68512 34.36795 132.3917 32.92926 curveto
133.02348 31.64273 133.68506 30.35986 134.39955 29.08429 curveto
135.02464 27.96878 135.6841 26.85799 136.40952 25.75784 curveto
137.02397 24.82582 137.67978 23.90048 138.41736 22.99097 curveto
139.02026 22.2476 139.6706 21.51366 140.42522 20.80571 curveto
141.01382 20.25374 141.65717 19.7156 142.43306 19.22473 curveto
143.01164 18.85867 143.65741 18.51619 144.44273 18.26353 curveto
145.04503 18.06985 145.7361 17.956 146.45058 17.93274 curveto stroke
showpage
%%EOF
