%!PS
%%BoundingBox: -1 -1 193 125 
%%HiResBoundingBox: -0.24907 -0.24907 192.02943 124.78178 
%%Creator: MetaPost 1.9991
%%CreationDate: 2017.08.19:1107
%%Pages: 1
%%BeginProlog
%%EndProlog
%%Page: 1 1
 0 0 0 setrgbcolor
newpath 17.43459 64.25888 moveto
16.90611 64.25888 16.39935 64.04892 16.02568 63.67526 curveto
15.65202 63.30159 15.44206 62.79483 15.44206 62.26636 curveto
15.44206 61.73788 15.65202 61.23112 16.02568 60.85745 curveto
16.39935 60.4838 16.90611 60.27383 17.43459 60.27383 curveto
17.96306 60.27383 18.46982 60.4838 18.84349 60.85745 curveto
19.21715 61.23112 19.42711 61.73788 19.42711 62.26636 curveto
19.42711 62.79483 19.21715 63.30159 18.84349 63.67526 curveto
18.46982 64.04892 17.96306 64.25888 17.43459 64.25888 curveto closepath fill
newpath 53.94994 114.07196 moveto
53.42146 114.07196 52.9147 113.862 52.54103 113.48834 curveto
52.16737 113.11467 51.95741 112.60791 51.95741 112.07944 curveto
51.95741 111.55096 52.16737 111.0442 52.54103 110.67053 curveto
52.9147 110.29688 53.42146 110.08691 53.94994 110.08691 curveto
54.47841 110.08691 54.98517 110.29688 55.35884 110.67053 curveto
55.7325 111.0442 55.94246 111.55096 55.94246 112.07944 curveto
55.94246 112.60791 55.7325 113.11467 55.35884 113.48834 curveto
54.98517 113.862 54.47841 114.07196 53.94994 114.07196 curveto closepath fill
newpath 90.46423 64.25888 moveto
89.93576 64.25888 89.429 64.04892 89.05533 63.67526 curveto
88.68167 63.30159 88.47171 62.79483 88.47171 62.26636 curveto
88.47171 61.73788 88.68167 61.23112 89.05533 60.85745 curveto
89.429 60.4838 89.93576 60.27383 90.46423 60.27383 curveto
90.9927 60.27383 91.49947 60.4838 91.87314 60.85745 curveto
92.2468 61.23112 92.45676 61.73788 92.45676 62.26636 curveto
92.45676 62.79483 92.2468 63.30159 91.87314 63.67526 curveto
91.49947 64.04892 90.9927 64.25888 90.46423 64.25888 curveto closepath fill
newpath 126.97958 14.4458 moveto
126.45111 14.4458 125.94435 14.23584 125.57068 13.86218 curveto
125.19702 13.48851 124.98706 12.98175 124.98706 12.45328 curveto
124.98706 11.9248 125.19702 11.41805 125.57068 11.04437 curveto
125.94435 10.67072 126.45111 10.46075 126.97958 10.46075 curveto
127.50806 10.46075 128.01482 10.67072 128.38849 11.04437 curveto
128.76215 11.41805 128.9721 11.9248 128.9721 12.45328 curveto
128.9721 12.98175 128.76215 13.48851 128.38849 13.86218 curveto
128.01482 14.23584 127.50806 14.4458 126.97958 14.4458 curveto closepath fill
newpath 163.49493 64.25888 moveto
162.96646 64.25888 162.4597 64.04892 162.08603 63.67526 curveto
161.71237 63.30159 161.50241 62.79483 161.50241 62.26636 curveto
161.50241 61.73788 161.71237 61.23112 162.08603 60.85745 curveto
162.4597 60.4838 162.96646 60.27383 163.49493 60.27383 curveto
164.0234 60.27383 164.53017 60.4838 164.90384 60.85745 curveto
165.2775 61.23112 165.48746 61.73788 165.48746 62.26636 curveto
165.48746 62.79483 165.2775 63.30159 164.90384 63.67526 curveto
164.53017 64.04892 164.0234 64.25888 163.49493 64.25888 curveto closepath fill
 0 0.49814 dtransform truncate idtransform setlinewidth pop [] 0 setdash
 1 setlinecap 1 setlinejoin 10 setmiterlimit
newpath 0 62.26636 moveto
191.78036 62.26636 lineto stroke
newpath 186.79906 64.75702 moveto
187.97499 63.1891 189.82048 62.26636 191.78036 62.26636 curveto
189.82048 62.26636 187.97499 61.34361 186.79906 59.7757 curveto stroke
 0.49814 0 dtransform exch truncate exch idtransform pop setlinewidth
newpath 17.43459 0 moveto
17.43459 124.53271 lineto stroke
 0 0.49814 dtransform truncate idtransform setlinewidth pop
newpath 14.94392 119.5514 moveto
16.51184 120.72734 17.43459 122.57283 17.43459 124.53271 curveto
17.43459 122.57283 18.35733 120.72734 19.92525 119.5514 curveto stroke
 0.49814 0 dtransform exch truncate exch idtransform pop setlinewidth
newpath 53.94994 60.27383 moveto
53.94994 64.25888 lineto stroke
newpath 90.46423 60.27383 moveto
90.46423 64.25888 lineto stroke
newpath 126.97958 60.27383 moveto
126.97958 64.25888 lineto stroke
newpath 163.49493 60.27383 moveto
163.49493 64.25888 lineto stroke
 0 0.49814 dtransform truncate idtransform setlinewidth pop
newpath 19.42711 12.45328 moveto
15.44206 12.45328 lineto stroke
newpath 19.42711 112.07944 moveto
15.44206 112.07944 lineto stroke
 0 1.24533 dtransform truncate idtransform setlinewidth pop
newpath 17.43459 62.26636 moveto
19.65648 67.18413 21.97626 72.07985 24.39075 76.95125 curveto
26.61371 81.43576 28.82176 85.92636 31.34586 90.32878 curveto
33.46239 94.02129 35.63533 97.70314 38.2999 101.21095 curveto
40.29619 103.83781 42.40953 106.44035 45.25499 108.63548 curveto
47.19276 110.13057 49.42422 111.501 52.21117 111.94034 curveto
54.62459 112.32115 57.09761 111.802 59.16733 110.82985 curveto
62.06706 109.46777 64.17828 107.45659 66.1203 105.40663 curveto
68.87425 102.50006 71.01846 99.33353 73.07648 96.14801 curveto
75.66655 92.13931 77.8597 88.00975 80.03264 83.87715 curveto
82.49927 79.1859 84.7169 74.43004 86.98775 69.68861 curveto
89.35329 64.75108 91.57623 59.7801 93.94177 54.84259 curveto
96.21262 50.10117 98.43025 45.34529 100.89688 40.65404 curveto
103.06982 36.52144 105.26297 32.39189 107.85304 28.38394 curveto
109.91106 25.19843 112.05527 22.03189 114.80922 19.12532 curveto
116.75124 17.07613 118.86353 15.06418 121.76219 13.70287 curveto
123.83191 12.73071 126.30493 12.21156 128.71835 12.59238 curveto
131.5053 13.03171 133.73676 14.40291 135.67453 15.898 curveto
138.51999 18.09312 140.63333 20.69566 142.62962 23.32253 curveto
145.29526 26.83032 147.46606 30.51295 149.58366 34.20546 curveto
152.10776 38.60788 154.31581 43.09848 156.53877 47.583 curveto
158.95326 52.45439 161.27304 57.35011 163.49493 62.26788 curveto stroke
showpage
%%EOF
