%!PS
%%BoundingBox: -3 -1 184 133 
%%HiResBoundingBox: -2.73973 -0.24907 183.31213 132.25343 
%%Creator: MetaPost 1.9991
%%CreationDate: 2017.08.19:1107
%%Pages: 1
%%BeginProlog
%%EndProlog
%%Page: 1 1
 0 0 0 setrgbcolor
newpath 54.77249 59.27727 moveto
54.24402 59.27727 53.73726 59.0673 53.36359 58.69365 curveto
52.98993 58.31998 52.77997 57.81322 52.77997 57.28474 curveto
52.77997 56.75627 52.98993 56.24951 53.36359 55.87584 curveto
53.73726 55.50218 54.24402 55.29222 54.77249 55.29222 curveto
55.30096 55.29222 55.80772 55.50218 56.1814 55.87584 curveto
56.55505 56.24951 56.76501 56.75627 56.76501 57.28474 curveto
56.76501 57.81322 56.55505 58.31998 56.1814 58.69365 curveto
55.80772 59.0673 55.30096 59.27727 54.77249 59.27727 curveto closepath fill
newpath 82.15875 109.09035 moveto
81.63028 109.09035 81.12352 108.88039 80.74985 108.50673 curveto
80.37619 108.13306 80.16623 107.6263 80.16623 107.09782 curveto
80.16623 106.56935 80.37619 106.06259 80.74985 105.68892 curveto
81.12352 105.31526 81.63028 105.1053 82.15875 105.1053 curveto
82.68723 105.1053 83.19398 105.31526 83.56766 105.68892 curveto
83.94131 106.06259 84.15128 106.56935 84.15128 107.09782 curveto
84.15128 107.6263 83.94131 108.13306 83.56766 108.50673 curveto
83.19398 108.88039 82.68723 109.09035 82.15875 109.09035 curveto closepath fill
newpath 109.54128 59.27727 moveto
109.0128 59.27727 108.50604 59.0673 108.13237 58.69365 curveto
107.75871 58.31998 107.54875 57.81322 107.54875 57.28474 curveto
107.54875 56.75627 107.75871 56.24951 108.13237 55.87584 curveto
108.50604 55.50218 109.0128 55.29222 109.54128 55.29222 curveto
110.06975 55.29222 110.5765 55.50218 110.95018 55.87584 curveto
111.32384 56.24951 111.5338 56.75627 111.5338 57.28474 curveto
111.5338 57.81322 111.32384 58.31998 110.95018 58.69365 curveto
110.5765 59.0673 110.06975 59.27727 109.54128 59.27727 curveto closepath fill
newpath 136.93124 9.46419 moveto
136.40277 9.46419 135.89601 9.25423 135.52234 8.88057 curveto
135.14868 8.5069 134.93872 8.00014 134.93872 7.47166 curveto
134.93872 6.94319 135.14868 6.43643 135.52234 6.06276 curveto
135.89601 5.6891 136.40277 5.47914 136.93124 5.47914 curveto
137.45972 5.47914 137.96648 5.6891 138.34015 6.06276 curveto
138.7138 6.43643 138.92377 6.94319 138.92377 7.47166 curveto
138.92377 8.00014 138.7138 8.5069 138.34015 8.88057 curveto
137.96648 9.25423 137.45972 9.46419 136.93124 9.46419 curveto closepath fill
newpath 164.31749 59.27727 moveto
163.78902 59.27727 163.28226 59.0673 162.90858 58.69365 curveto
162.53493 58.31998 162.32497 57.81322 162.32497 57.28474 curveto
162.32497 56.75627 162.53493 56.24951 162.90858 55.87584 curveto
163.28226 55.50218 163.78902 55.29222 164.31749 55.29222 curveto
164.84596 55.29222 165.35272 55.50218 165.7264 55.87584 curveto
166.10005 56.24951 166.31001 56.75627 166.31001 57.28474 curveto
166.31001 57.81322 166.10005 58.31998 165.7264 58.69365 curveto
165.35272 59.0673 164.84596 59.27727 164.31749 59.27727 curveto closepath fill
 0 0.49814 dtransform truncate idtransform setlinewidth pop [] 0 setdash
 1 setlinecap 1 setlinejoin 10 setmiterlimit
newpath 0 57.28474 moveto
183.06306 57.28474 lineto stroke
newpath 178.08176 59.7754 moveto
179.25769 58.20749 181.10318 57.28474 183.06306 57.28474 curveto
181.10318 57.28474 179.25769 56.362 178.08176 54.79408 curveto stroke
 0.49814 0 dtransform exch truncate exch idtransform pop setlinewidth
newpath 0 0 moveto
0 132.00436 lineto stroke
 0 0.49814 dtransform truncate idtransform setlinewidth pop
newpath -2.49066 127.02306 moveto
-0.92274 128.19899 0 130.04448 0 132.00436 curveto
0 130.04448 0.92274 128.19899 2.49066 127.02306 curveto stroke
 0.49814 0 dtransform exch truncate exch idtransform pop setlinewidth
newpath 54.77249 55.29222 moveto
54.77249 59.27727 lineto stroke
newpath 82.15875 55.29222 moveto
82.15875 59.27727 lineto stroke
newpath 109.54128 55.29222 moveto
109.54128 59.27727 lineto stroke
newpath 136.93124 55.29222 moveto
136.93124 59.27727 lineto stroke
newpath 164.31749 55.29222 moveto
164.31749 59.27727 lineto stroke
 0 0.49814 dtransform truncate idtransform setlinewidth pop
newpath 1.99252 7.47166 moveto
-1.99252 7.47166 lineto stroke
newpath 1.99252 107.09782 moveto
-1.99252 107.09782 lineto stroke
 0 1.24533 dtransform truncate idtransform setlinewidth pop
newpath 54.77249 57.29007 moveto
55.9308 60.64584 57.10878 63.98796 58.30591 67.31638 curveto
59.46474 70.53687 60.62198 73.75812 61.83986 76.93376 curveto
62.97847 79.90266 64.13411 82.85864 65.37328 85.74469 curveto
66.49167 88.34875 67.64465 90.92392 68.90671 93.39117 curveto
70.0054 95.53842 71.15678 97.63397 72.44064 99.5608 curveto
73.525 101.18738 74.67957 102.72276 75.97408 103.99818 curveto
77.06479 105.07295 78.23799 105.97897 79.50749 106.52396 curveto
80.65302 107.01573 81.85281 107.20424 83.04303 107.03322 curveto
84.27742 106.85536 85.46603 106.29669 86.57645 105.5062 curveto
87.86563 104.58878 89.02713 103.35744 90.1104 102.00372 curveto
91.40224 100.3893 92.55362 98.56508 93.64381 96.6717 curveto
94.91704 94.45985 96.06895 92.11346 97.17723 89.72679 curveto
98.42758 87.0338 99.58215 84.2534 100.71118 81.45323 curveto
101.93918 78.40605 103.09589 75.30109 104.2446 72.19081 curveto
105.45184 68.92168 106.60962 65.61682 107.77802 62.3188 curveto
108.96558 58.96606 110.1244 55.59203 111.31197 52.23929 curveto
112.48038 48.94127 113.63814 45.63641 114.84538 42.36726 curveto
115.99411 39.25775 117.1508 36.15356 118.3788 33.10637 curveto
119.50784 30.30621 120.66188 27.5258 121.91275 24.83357 curveto
123.02104 22.44766 124.17294 20.10204 125.44617 17.89095 curveto
126.53636 15.99832 127.68774 14.17412 128.97958 12.56046 curveto
130.06287 11.20749 131.22488 9.97768 132.51353 9.061 curveto
133.62395 8.27127 134.81258 7.71262 136.04695 7.5355 curveto
137.23718 7.36449 138.43698 7.55452 139.5825 8.04706 curveto
140.852 8.59279 142.02519 9.49957 143.11592 10.5751 curveto
144.41043 11.85129 145.565 13.38742 146.64934 15.01477 curveto
147.9332 16.94235 149.08458 19.03792 150.18329 21.18591 curveto
151.44534 23.65317 152.59831 26.2291 153.7167 28.83392 curveto
154.95587 31.71997 156.11151 34.67671 157.25012 37.64636 curveto
158.46802 40.82202 159.62524 44.04402 160.78407 47.26451 curveto
161.98122 50.59294 163.1592 53.93504 164.31749 57.29083 curveto stroke
showpage
%%EOF
