%!PS
%%BoundingBox: -1 -1 193 100 
%%HiResBoundingBox: -0.24907 -0.24907 192.02943 99.87523 
%%Creator: MetaPost 1.9991
%%CreationDate: 2017.08.19:1107
%%Pages: 1
%%BeginProlog
%%EndProlog
%%Page: 1 1
 0 0 0 setrgbcolor
newpath 2.17018 18.60043 moveto
1.64171 18.60043 1.13495 18.39047 0.76128 18.01682 curveto
0.38762 17.64314 0.17766 17.13638 0.17766 16.60791 curveto
0.17766 16.07944 0.38762 15.57268 0.76128 15.199 curveto
1.13495 14.82535 1.64171 14.61539 2.17018 14.61539 curveto
2.69865 14.61539 3.20541 14.82535 3.57909 15.199 curveto
3.95274 15.57268 4.1627 16.07944 4.1627 16.60791 curveto
4.1627 17.13638 3.95274 17.64314 3.57909 18.01682 curveto
3.20541 18.39047 2.69865 18.60043 2.17018 18.60043 curveto closepath fill
newpath 45.98817 51.8056 moveto
45.4597 51.8056 44.95294 51.59564 44.57927 51.22198 curveto
44.20561 50.84831 43.99565 50.34155 43.99565 49.81308 curveto
43.99565 49.2846 44.20561 48.77785 44.57927 48.40417 curveto
44.95294 48.03052 45.4597 47.82056 45.98817 47.82056 curveto
46.51665 47.82056 47.0234 48.03052 47.39708 48.40417 curveto
47.77074 48.77785 47.9807 49.2846 47.9807 49.81308 curveto
47.9807 50.34155 47.77074 50.84831 47.39708 51.22198 curveto
47.0234 51.59564 46.51665 51.8056 45.98817 51.8056 curveto closepath fill
newpath 89.80617 85.01077 moveto
89.2777 85.01077 88.77094 84.80081 88.39726 84.42715 curveto
88.0236 84.05348 87.81364 83.54672 87.81364 83.01825 curveto
87.81364 82.48978 88.0236 81.98302 88.39726 81.60934 curveto
88.77094 81.23569 89.2777 81.02573 89.80617 81.02573 curveto
90.33464 81.02573 90.8414 81.23569 91.21507 81.60934 curveto
91.58873 81.98302 91.79869 82.48978 91.79869 83.01825 curveto
91.79869 83.54672 91.58873 84.05348 91.21507 84.42715 curveto
90.8414 84.80081 90.33464 85.01077 89.80617 85.01077 curveto closepath fill
newpath 133.62418 51.8056 moveto
133.0957 51.8056 132.58894 51.59564 132.21527 51.22198 curveto
131.84161 50.84831 131.63165 50.34155 131.63165 49.81308 curveto
131.63165 49.2846 131.84161 48.77785 132.21527 48.40417 curveto
132.58894 48.03052 133.0957 47.82056 133.62418 47.82056 curveto
134.15265 47.82056 134.65941 48.03052 135.03308 48.40417 curveto
135.40674 48.77785 135.6167 49.2846 135.6167 49.81308 curveto
135.6167 50.34155 135.40674 50.84831 135.03308 51.22198 curveto
134.65941 51.59564 134.15265 51.8056 133.62418 51.8056 curveto closepath fill
newpath 177.44217 18.60043 moveto
176.9137 18.60043 176.40694 18.39047 176.03326 18.01682 curveto
175.6596 17.64314 175.44965 17.13638 175.44965 16.60791 curveto
175.44965 16.07944 175.6596 15.57268 176.03326 15.199 curveto
176.40694 14.82535 176.9137 14.61539 177.44217 14.61539 curveto
177.97064 14.61539 178.4774 14.82535 178.85107 15.199 curveto
179.22473 15.57268 179.4347 16.07944 179.4347 16.60791 curveto
179.4347 17.13638 179.22473 17.64314 178.85107 18.01682 curveto
178.4774 18.39047 177.97064 18.60043 177.44217 18.60043 curveto closepath fill
 0 0.49814 dtransform truncate idtransform setlinewidth pop [] 0 setdash
 1 setlinecap 1 setlinejoin 10 setmiterlimit
newpath 0 49.81308 moveto
191.78036 49.81308 lineto stroke
newpath 186.79906 52.30374 moveto
187.97499 50.73582 189.82048 49.81308 191.78036 49.81308 curveto
189.82048 49.81308 187.97499 48.89034 186.79906 47.32242 curveto stroke
 0.49814 0 dtransform exch truncate exch idtransform pop setlinewidth
newpath 31.38225 0 moveto
31.38225 99.62616 lineto stroke
 0 0.49814 dtransform truncate idtransform setlinewidth pop
newpath 28.89159 94.64485 moveto
30.4595 95.82079 31.38225 97.66628 31.38225 99.62616 curveto
31.38225 97.66628 32.305 95.82079 33.87291 94.64485 curveto stroke
 0.49814 0 dtransform exch truncate exch idtransform pop setlinewidth
newpath 2.17018 47.82056 moveto
2.17018 51.8056 lineto stroke
newpath 45.98817 47.82056 moveto
45.98817 51.8056 lineto stroke
newpath 89.80617 47.82056 moveto
89.80617 51.8056 lineto stroke
newpath 133.62418 47.82056 moveto
133.62418 51.8056 lineto stroke
newpath 177.44217 47.82056 moveto
177.44217 51.8056 lineto stroke
 0 0.49814 dtransform truncate idtransform setlinewidth pop
newpath 33.37477 16.60791 moveto
29.38972 16.60791 lineto stroke
newpath 33.37477 83.01825 moveto
29.38972 83.01825 lineto stroke
 0 1.24533 dtransform truncate idtransform setlinewidth pop
newpath 2.17018 16.60791 moveto
2.63371 16.60791 3.09746 16.62158 3.56099 16.64896 curveto
4.02452 16.67632 4.48805 16.71736 4.95158 16.77208 curveto
5.41533 16.82681 5.87886 16.89674 6.34239 16.97884 curveto
6.80699 17.06091 7.27136 17.1567 7.73575 17.26614 curveto
8.19928 17.3756 8.66281 17.49873 9.12634 17.63554 curveto
9.59009 17.77235 10.05362 17.92134 10.51715 18.084 curveto
10.98068 18.24666 11.44421 18.42148 11.90775 18.60997 curveto
12.37149 18.79848 12.83502 19.00066 13.29855 19.21501 curveto
13.7623 19.42935 14.22583 19.65738 14.68915 19.89604 curveto
15.1529 20.13623 15.61642 20.38858 16.07996 20.65157 curveto
16.5437 20.91608 17.00723 21.19124 17.47055 21.47855 curveto
17.93515 21.76738 18.39975 22.06685 18.86412 22.3785 curveto
19.32787 22.69012 19.7914 23.0124 20.25471 23.34532 curveto
20.71846 23.67824 21.18199 24.0218 21.64552 24.37599 curveto
22.10927 24.7302 22.5728 25.09656 23.03612 25.47205 curveto
23.49986 25.84753 23.9634 26.23213 24.42693 26.62738 curveto
24.89067 27.02263 25.3542 27.42699 25.81752 27.84047 curveto
26.28127 28.25397 26.7448 28.67657 27.20833 29.1083 curveto
27.67207 29.54004 28.1356 29.97935 28.59892 30.42781 curveto
29.06352 30.87627 29.52791 31.33536 29.9923 31.79901 curveto
30.45604 32.26266 30.91957 32.73392 31.3831 33.21126 curveto
31.84685 33.68858 32.31038 34.17352 32.7737 34.66454 curveto
33.23744 35.15556 33.70097 35.65417 34.1645 36.15735 curveto
34.62825 36.66052 35.09157 37.16827 35.5551 37.68208 curveto
36.01884 38.1959 36.48238 38.71428 36.9459 39.23723 curveto
37.40965 39.76016 37.87318 40.28918 38.33672 40.81973 curveto
38.80025 41.35027 39.26378 41.88538 39.72731 42.42351 curveto
40.19191 42.96165 40.65628 43.50435 41.12067 44.04858 curveto
41.58441 44.59128 42.04794 45.13855 42.51147 45.6858 curveto
43.90207 47.33215 lineto
45.29288 48.98459 lineto
46.68347 50.64006 lineto
48.07428 52.294 lineto
49.46487 53.94035 lineto
49.9284 54.48761 50.39194 55.03488 50.85568 55.57758 curveto
51.32007 56.12181 51.78445 56.66298 52.24904 57.20265 curveto
52.71257 57.74078 53.1761 58.2774 53.63963 58.80795 curveto
54.10316 59.3385 54.5667 59.866 55.03044 60.38893 curveto
55.49397 60.91188 55.9575 61.43025 56.42125 61.94408 curveto
56.88478 62.45789 57.3481 62.96715 57.81184 63.47032 curveto
58.27538 63.97351 58.7389 64.4706 59.20265 64.96162 curveto
59.66597 65.45264 60.1295 65.93758 60.59325 66.4149 curveto
61.05678 66.89224 61.52031 67.3635 61.98405 67.82715 curveto
62.44844 68.2908 62.91283 68.74837 63.37743 69.19682 curveto
63.84074 69.64375 64.30428 70.08461 64.76802 70.51634 curveto
65.23155 70.94806 65.69508 71.37068 66.15883 71.78416 curveto
66.62215 72.19765 67.08568 72.60353 67.54942 72.99878 curveto
68.01295 73.39403 68.47649 73.77863 68.94023 74.15411 curveto
69.40355 74.5296 69.86708 74.89444 70.33083 75.24864 curveto
70.79436 75.60284 71.25789 75.94792 71.72163 76.28084 curveto
72.18495 76.61375 72.64848 76.93604 73.11223 77.24767 curveto
73.57661 77.55931 74.0412 77.85878 74.5058 78.14761 curveto
74.96912 78.43492 75.43265 78.71008 75.8964 78.9746 curveto
76.35992 79.23758 76.82346 79.48993 77.2872 79.73012 curveto
77.75052 79.96878 78.21405 80.19681 78.6778 80.41115 curveto
79.14133 80.6255 79.60486 80.82768 80.0686 81.01619 curveto
80.53214 81.20468 80.99567 81.3795 81.4592 81.54216 curveto
81.92273 81.70482 82.38626 81.8538 82.85 81.99062 curveto
83.31354 82.12743 83.77707 82.25056 84.2406 82.36002 curveto
84.70499 82.46947 85.16937 82.56525 85.63396 82.64732 curveto
86.09749 82.72942 86.56102 82.79935 87.02477 82.85408 curveto
87.4883 82.9088 87.95183 82.94984 88.41536 82.9772 curveto
88.87889 83.00458 89.34264 83.01825 89.80617 83.01825 curveto
90.2697 83.01825 90.73344 83.00458 91.19698 82.9772 curveto
91.6605 82.94984 92.12404 82.90727 92.58757 82.85255 curveto
93.05132 82.79782 93.51485 82.72942 93.97838 82.64732 curveto
94.44298 82.56525 94.90736 82.46947 95.37175 82.36002 curveto
95.83528 82.25056 96.29881 82.12743 96.76234 81.99062 curveto
97.22609 81.8538 97.68962 81.70482 98.15315 81.54216 curveto
98.61668 81.3795 99.08022 81.20317 99.54375 81.01466 curveto
100.00749 80.82616 100.47102 80.6255 100.93456 80.41115 curveto
101.3983 80.19681 101.86183 79.96878 102.32515 79.73012 curveto
102.7889 79.48993 103.25243 79.23758 103.71596 78.9746 curveto
104.1797 78.71008 104.64323 78.43492 105.10655 78.14761 curveto
105.57115 77.85878 106.03574 77.55931 106.50012 77.24767 curveto
106.96387 76.93604 107.4274 76.61375 107.89072 76.28084 curveto
108.35446 75.94792 108.818 75.60284 109.28152 75.24864 curveto
109.74527 74.89444 110.2088 74.5296 110.67212 74.15411 curveto
111.13586 73.77863 111.5994 73.3925 112.06293 72.99727 curveto
112.52667 72.60202 112.9902 72.19765 113.45352 71.78416 curveto
113.91727 71.37068 114.3808 70.94806 114.84433 70.51634 curveto
115.30807 70.08461 115.7716 69.64375 116.23492 69.19682 curveto
116.69952 68.74837 117.16391 68.2908 117.62828 67.82715 curveto
118.09203 67.3635 118.55556 66.89224 119.01909 66.4149 curveto
119.48283 65.93758 119.94637 65.45264 120.40968 64.96162 curveto
120.87343 64.4706 121.33696 63.97198 121.80049 63.46881 curveto
122.26424 62.96564 122.72755 62.45789 123.19109 61.94408 curveto
123.65483 61.43025 124.11836 60.91188 124.5819 60.38893 curveto
125.04564 59.866 125.50917 59.33698 125.9727 58.80643 curveto
126.43623 58.2759 126.89977 57.74078 127.3633 57.20265 curveto
127.8279 56.6645 128.29228 56.12181 128.75667 55.57758 curveto
129.22041 55.03488 129.68394 54.48761 130.14748 53.94035 curveto
131.53807 52.294 lineto
132.92888 50.64006 lineto
134.31947 48.98459 lineto
135.71028 47.33215 lineto
136.17381 46.78185 136.63734 46.23155 137.10088 45.68428 curveto
137.5644 45.13702 138.02794 44.59128 138.49168 44.04858 curveto
138.95607 43.50435 139.42044 42.96165 139.88504 42.422 curveto
140.34857 41.88385 140.8121 41.34875 141.27563 40.8182 curveto
141.73917 40.28766 142.2027 39.76016 142.66644 39.23723 curveto
143.12997 38.71428 143.5935 38.1959 144.05725 37.68208 curveto
144.52078 37.16827 144.9841 36.65901 145.44785 36.15584 curveto
145.91138 35.65265 146.37491 35.15556 146.83865 34.66454 curveto
147.30197 34.17352 147.7655 33.68858 148.22925 33.21126 curveto
148.69278 32.73392 149.15631 32.26266 149.62006 31.79901 curveto
150.08444 31.33536 150.54883 30.87627 151.01341 30.42781 curveto
151.47673 29.97935 151.94026 29.54004 152.404 29.1083 curveto
152.86754 28.67657 153.33107 28.25397 153.79482 27.84047 curveto
154.25813 27.42699 154.72166 27.02263 155.18541 26.62738 curveto
155.64894 26.23213 156.11247 25.84753 156.57622 25.47205 curveto
157.03954 25.09656 157.50307 24.7302 157.96681 24.37599 curveto
158.43034 24.0218 158.89388 23.67824 159.35762 23.34532 curveto
159.82094 23.0124 160.28447 22.69012 160.74821 22.3785 curveto
161.2126 22.06685 161.6772 21.76738 162.1418 21.47855 curveto
162.60512 21.19124 163.06865 20.91608 163.5324 20.65157 curveto
163.99593 20.38858 164.45946 20.13623 164.9232 19.89604 curveto
165.38652 19.65738 165.85005 19.42935 166.3138 19.21501 curveto
166.77733 19.00066 167.24086 18.79848 167.7046 18.60997 curveto
168.16814 18.42148 168.63167 18.24666 169.0952 18.084 curveto
169.55873 17.92134 170.02226 17.77235 170.48601 17.63554 curveto
170.94954 17.49873 171.41307 17.3756 171.8766 17.26614 curveto
172.34099 17.1567 172.80536 17.06091 173.26996 16.97884 curveto
173.73349 16.89674 174.19702 16.82681 174.66077 16.77208 curveto
175.1243 16.71736 175.58783 16.67632 176.05136 16.64896 curveto
176.5149 16.62158 176.97864 16.60791 177.44217 16.60791 curveto stroke
showpage
%%EOF
