%!PS
%%BoundingBox: -1 -1 181 109 
%%HiResBoundingBox: -0.24907 -0.24907 180.82149 108.59253 
%%Creator: MetaPost 1.9991
%%CreationDate: 2017.08.19:1107
%%Pages: 1
%%BeginProlog
%%EndProlog
%%Page: 1 1
 0 0 0 setrgbcolor
newpath 6.22664 54.29626 moveto
5.69817 54.29626 5.1914 54.0863 4.81773 53.71265 curveto
4.44408 53.33897 4.23412 52.83221 4.23412 52.30374 curveto
4.23412 51.77527 4.44408 51.26851 4.81773 50.89484 curveto
5.1914 50.52118 5.69817 50.31122 6.22664 50.31122 curveto
6.75511 50.31122 7.26187 50.52118 7.63554 50.89484 curveto
8.0092 51.26851 8.21916 51.77527 8.21916 52.30374 curveto
8.21916 52.83221 8.0092 53.33897 7.63554 53.71265 curveto
7.26187 54.0863 6.75511 54.29626 6.22664 54.29626 curveto closepath fill
newpath 45.34985 99.12804 moveto
44.82138 99.12804 44.31462 98.91808 43.94095 98.54442 curveto
43.56729 98.17075 43.35733 97.66399 43.35733 97.13551 curveto
43.35733 96.60704 43.56729 96.10028 43.94095 95.72661 curveto
44.31462 95.35295 44.82138 95.14299 45.34985 95.14299 curveto
45.87833 95.14299 46.38509 95.35295 46.75876 95.72661 curveto
47.13242 96.10028 47.34238 96.60704 47.34238 97.13551 curveto
47.34238 97.66399 47.13242 98.17075 46.75876 98.54442 curveto
46.38509 98.91808 45.87833 99.12804 45.34985 99.12804 curveto closepath fill
newpath 84.47307 54.29626 moveto
83.9446 54.29626 83.43784 54.0863 83.06416 53.71265 curveto
82.6905 53.33897 82.48055 52.83221 82.48055 52.30374 curveto
82.48055 51.77527 82.6905 51.26851 83.06416 50.89484 curveto
83.43784 50.52118 83.9446 50.31122 84.47307 50.31122 curveto
85.00154 50.31122 85.5083 50.52118 85.88197 50.89484 curveto
86.25563 51.26851 86.46559 51.77527 86.46559 52.30374 curveto
86.46559 52.83221 86.25563 53.33897 85.88197 53.71265 curveto
85.5083 54.0863 85.00154 54.29626 84.47307 54.29626 curveto closepath fill
newpath 123.59628 9.4645 moveto
123.06781 9.4645 122.56105 9.25453 122.18738 8.88087 curveto
121.81372 8.5072 121.60376 8.00044 121.60376 7.47197 curveto
121.60376 6.9435 121.81372 6.43674 122.18738 6.06306 curveto
122.56105 5.6894 123.06781 5.47945 123.59628 5.47945 curveto
124.12476 5.47945 124.63152 5.6894 125.00519 6.06306 curveto
125.37885 6.43674 125.5888 6.9435 125.5888 7.47197 curveto
125.5888 8.00044 125.37885 8.5072 125.00519 8.88087 curveto
124.63152 9.25453 124.12476 9.4645 123.59628 9.4645 curveto closepath fill
newpath 162.71948 54.29626 moveto
162.19101 54.29626 161.68425 54.0863 161.31058 53.71265 curveto
160.93692 53.33897 160.72696 52.83221 160.72696 52.30374 curveto
160.72696 51.77527 160.93692 51.26851 161.31058 50.89484 curveto
161.68425 50.52118 162.19101 50.31122 162.71948 50.31122 curveto
163.24796 50.31122 163.75471 50.52118 164.12839 50.89484 curveto
164.50204 51.26851 164.712 51.77527 164.712 52.30374 curveto
164.712 52.83221 164.50204 53.33897 164.12839 53.71265 curveto
163.75471 54.0863 163.24796 54.29626 162.71948 54.29626 curveto closepath fill
 0 0.49814 dtransform truncate idtransform setlinewidth pop [] 0 setdash
 1 setlinecap 1 setlinejoin 10 setmiterlimit
newpath 0 52.30374 moveto
180.57242 52.30374 lineto stroke
newpath 175.59111 54.7944 moveto
176.76704 53.22649 178.61253 52.30374 180.57242 52.30374 curveto
178.61253 52.30374 176.76704 51.381 175.59111 49.81308 curveto stroke
 0.49814 0 dtransform exch truncate exch idtransform pop setlinewidth
newpath 6.22664 0 moveto
6.22664 108.34346 lineto stroke
 0 0.49814 dtransform truncate idtransform setlinewidth pop
newpath 3.73598 103.36215 moveto
5.3039 104.53809 6.22664 106.38358 6.22664 108.34346 curveto
6.22664 106.38358 7.14938 104.53809 8.7173 103.36215 curveto stroke
 0.49814 0 dtransform exch truncate exch idtransform pop setlinewidth
newpath 45.34985 50.31122 moveto
45.34985 54.29626 lineto stroke
newpath 84.47307 50.31122 moveto
84.47307 54.29626 lineto stroke
newpath 123.59628 50.31122 moveto
123.59628 54.29626 lineto stroke
newpath 162.71948 50.31122 moveto
162.71948 54.29626 lineto stroke
 0 0.49814 dtransform truncate idtransform setlinewidth pop
newpath 8.21916 7.47197 moveto
4.23412 7.47197 lineto stroke
newpath 8.21916 97.13551 moveto
4.23412 97.13551 lineto stroke
 0 1.24533 dtransform truncate idtransform setlinewidth pop
newpath 6.22664 52.30374 moveto
7.05095 53.79207 7.8787 55.27971 8.71022 56.76666 curveto
9.53491 58.24132 10.35962 59.71619 11.19571 61.18855 curveto
12.01622 62.63379 12.84016 64.0781 13.67929 65.51945 curveto
14.49562 66.92136 15.31956 68.32144 16.1625 69.71765 curveto
16.97504 71.06323 17.79858 72.40652 18.64609 73.74413 curveto
19.4552 75.02084 20.27913 76.29414 21.13194 77.56061 curveto
21.93575 78.75386 22.75816 79.94234 23.61516 81.12192 curveto
24.414 82.22147 25.23604 83.31508 26.09874 84.3973 curveto
26.89227 85.39308 27.71355 86.38089 28.58194 87.35387 curveto
29.37091 88.2377 30.19182 89.11104 31.06781 89.965 curveto
31.84995 90.72752 32.67007 91.4759 33.55139 92.19852 curveto
34.3282 92.83539 35.1472 93.45403 36.0346 94.03664 curveto
36.80798 94.54422 37.62775 95.02628 38.51819 95.45952 curveto
39.29385 95.8369 40.11816 96.17825 41.00406 96.45485 curveto
41.79112 96.70044 42.62152 96.89403 43.48726 97.01033 curveto
44.3017 97.11978 45.13855 97.159 45.97084 97.12183 curveto
46.821 97.08376 47.6552 96.96655 48.45404 96.788 curveto
49.3327 96.59167 50.16006 96.32283 50.93991 96.0109 curveto
51.82921 95.6554 52.65048 95.24312 53.4235 94.80075 curveto
54.3128 94.2918 55.13217 93.74112 55.90671 93.16855 curveto
56.79144 92.51456 57.61082 91.8298 58.39029 91.1293 curveto
59.26895 90.33965 60.08984 89.52765 60.87578 88.70357 curveto
61.74759 87.78917 62.56848 86.85791 63.35936 85.91731 curveto
64.22472 84.88823 65.04637 83.84615 65.84256 82.79723 curveto
66.70222 81.66463 67.52502 80.52199 68.32616 79.3741 curveto
69.18124 78.14868 70.00519 76.91574 70.81201 75.67871 curveto
71.66179 74.37576 72.48497 73.06667 73.29523 71.75484 curveto
74.14044 70.38622 74.96437 69.01282 75.77881 67.63736 curveto
76.61984 66.21698 77.44377 64.7932 78.26201 63.36803 curveto
79.1 61.90843 79.9247 60.44633 80.74788 58.98376 curveto
81.58131 57.50273 82.40524 56.01988 83.23146 54.53726 curveto
84.0611 53.04848 84.88503 51.55832 85.71466 50.06953 curveto
86.54088 48.58691 87.36482 47.10406 88.19826 45.62303 curveto
89.02142 44.16048 89.84612 42.69836 90.68411 41.23877 curveto
91.50235 39.81361 92.32628 38.38982 93.16733 36.96944 curveto
93.98175 35.59398 94.8057 34.22058 95.65091 32.85197 curveto
96.46117 31.54013 97.28433 30.23103 98.13411 28.9281 curveto
98.94095 27.69106 99.76488 26.45811 100.61998 25.2327 curveto
101.42111 24.08482 102.2439 22.94218 103.10356 21.80957 curveto
103.89975 20.76088 104.7214 19.71902 105.58676 18.69017 curveto
106.37764 17.74979 107.19891 16.81831 108.07036 15.90392 curveto
108.85628 15.0796 109.6768 14.26715 110.55583 13.4775 curveto
111.33531 12.77722 112.15468 12.09293 113.03943 11.43893 curveto
113.81395 10.8666 114.63333 10.31569 115.52263 9.80673 curveto
116.29564 9.36436 117.11691 8.95209 118.00621 8.59659 curveto
118.78606 8.28465 119.61342 8.01581 120.49208 7.81949 curveto
121.29092 7.64093 122.12512 7.52373 122.97528 7.48566 curveto
123.80759 7.44849 124.64444 7.4877 125.45886 7.59715 curveto
126.32462 7.71346 127.155 7.90704 127.94208 8.15263 curveto
128.82834 8.42923 129.65227 8.77058 130.42793 9.14796 curveto
131.31839 9.58144 132.13814 10.06372 132.91153 10.57153 curveto
133.79893 11.15413 134.61792 11.77231 135.39473 12.40897 curveto
136.27643 13.13158 137.09619 13.88042 137.87831 14.64316 curveto
138.75432 15.49712 139.57521 16.37047 140.36418 17.25429 curveto
141.23257 18.22728 142.05385 19.21509 142.84738 20.21088 curveto
143.71008 21.29309 144.53212 22.3867 145.33098 23.48625 curveto
146.18797 24.66583 147.01076 25.8543 147.81418 27.04756 curveto
148.66737 28.31424 149.49094 29.58777 150.30005 30.86472 curveto
151.14754 32.20232 151.9711 33.54517 152.78363 34.89052 curveto
153.62694 36.28673 154.4505 37.68681 155.26683 39.08871 curveto
156.10597 40.53006 156.9299 41.97438 157.75041 43.41962 curveto
158.58652 44.89198 159.41121 46.36685 160.2359 47.84149 curveto
161.06744 49.32846 161.89517 50.8161 162.71948 52.30443 curveto stroke
showpage
%%EOF
