%!PS
%%BoundingBox: -1 -1 100 100 
%%HiResBoundingBox: -0.24907 -0.24907 99.87523 99.87523 
%%Creator: MetaPost 2.000
%%CreationDate: 2017.06.03:1629
%%Pages: 1
%%BeginProlog
%%EndProlog
%%Page: 1 1
 0 0 0 setrgbcolor 0 0.49814 dtransform truncate idtransform setlinewidth pop [] 0 setdash 1 setlinecap
 1 setlinejoin 10 setmiterlimit
newpath 0 49.81308 moveto
99.62616 49.81308 lineto stroke
newpath 94.64485 52.30374 moveto
95.82079 50.73582 97.66628 49.81308 99.62616 49.81308 curveto
97.66628 49.81308 95.82079 48.89034 94.64485 47.32242 curveto stroke
 0.49814 0 dtransform exch truncate exch idtransform pop setlinewidth
newpath 49.81308 0 moveto
49.81308 99.62616 lineto stroke
 0 0.49814 dtransform truncate idtransform setlinewidth pop
newpath 47.32242 94.64485 moveto
48.89034 95.82079 49.81308 97.66628 49.81308 99.62616 curveto
49.81308 97.66628 50.73582 95.82079 52.30374 94.64485 curveto stroke
 0.49814 0 dtransform exch truncate exch idtransform pop setlinewidth
newpath 19.92523 47.82056 moveto
19.92523 51.8056 lineto stroke
newpath 49.81308 47.82056 moveto
49.81308 51.8056 lineto stroke
newpath 79.70093 47.82056 moveto
79.70093 51.8056 lineto stroke
 0 0.49814 dtransform truncate idtransform setlinewidth pop
newpath 51.8056 19.92523 moveto
47.82056 19.92523 lineto stroke
newpath 51.8056 49.81308 moveto
47.82056 49.81308 lineto stroke
newpath 51.8056 79.70093 moveto
47.82056 79.70093 lineto stroke
newpath 50.06215 49.81308 moveto
50.06215 49.87914 50.0359 49.94249 49.9892 49.9892 curveto
49.94249 50.0359 49.87914 50.06215 49.81308 50.06215 curveto
49.74702 50.06215 49.68367 50.0359 49.63696 49.9892 curveto
49.59026 49.94249 49.56401 49.87914 49.56401 49.81308 curveto
49.56401 49.74702 49.59026 49.68367 49.63696 49.63696 curveto
49.68367 49.59026 49.74702 49.56401 49.81308 49.56401 curveto
49.87914 49.56401 49.94249 49.59026 49.9892 49.63696 curveto
50.0359 49.68367 50.06215 49.74702 50.06215 49.81308 curveto closepath fill
newpath 52.87566 48.99442 moveto
52.87566 49.06047 52.84941 49.12383 52.8027 49.17053 curveto
52.756 49.21724 52.69264 49.24348 52.62659 49.24348 curveto
52.56053 49.24348 52.49718 49.21724 52.45047 49.17053 curveto
52.40376 49.12383 52.37752 49.06047 52.37752 48.99442 curveto
52.37752 48.92836 52.40376 48.865 52.45047 48.8183 curveto
52.49718 48.77159 52.56053 48.74535 52.62659 48.74535 curveto
52.69264 48.74535 52.756 48.77159 52.8027 48.8183 curveto
52.84941 48.865 52.87566 48.92836 52.87566 48.99442 curveto closepath fill
newpath 55.68916 48.1757 moveto
55.68916 48.24176 55.66292 48.30511 55.61621 48.35182 curveto
55.5695 48.39853 55.50615 48.42477 55.4401 48.42477 curveto
55.37404 48.42477 55.31068 48.39853 55.26398 48.35182 curveto
55.21727 48.30511 55.19102 48.24176 55.19102 48.1757 curveto
55.19102 48.10965 55.21727 48.0463 55.26398 47.99959 curveto
55.31068 47.95288 55.37404 47.92664 55.4401 47.92664 curveto
55.50615 47.92664 55.5695 47.95288 55.61621 47.99959 curveto
55.66292 48.0463 55.68916 48.10965 55.68916 48.1757 curveto closepath fill
newpath 58.50267 47.35704 moveto
58.50267 47.4231 58.47643 47.48645 58.42972 47.53316 curveto
58.38301 47.57986 58.31966 47.60611 58.2536 47.60611 curveto
58.18755 47.60611 58.12419 47.57986 58.07748 47.53316 curveto
58.03078 47.48645 58.00453 47.4231 58.00453 47.35704 curveto
58.00453 47.29099 58.03078 47.22763 58.07748 47.18092 curveto
58.12419 47.13422 58.18755 47.10797 58.2536 47.10797 curveto
58.31966 47.10797 58.38301 47.13422 58.42972 47.18092 curveto
58.47643 47.22763 58.50267 47.29099 58.50267 47.35704 curveto closepath fill
newpath 61.3162 46.53838 moveto
61.3162 46.60443 61.28995 46.66779 61.24324 46.7145 curveto
61.19653 46.7612 61.13318 46.78745 61.06712 46.78745 curveto
61.00107 46.78745 60.93771 46.7612 60.891 46.7145 curveto
60.8443 46.66779 60.81805 46.60443 60.81805 46.53838 curveto
60.81805 46.47232 60.8443 46.40897 60.891 46.36226 curveto
60.93771 46.31555 61.00107 46.2893 61.06712 46.2893 curveto
61.13318 46.2893 61.19653 46.31555 61.24324 46.36226 curveto
61.28995 46.40897 61.3162 46.47232 61.3162 46.53838 curveto closepath fill
newpath 64.12971 45.71967 moveto
64.12971 45.78572 64.10347 45.84908 64.05676 45.89578 curveto
64.01006 45.94249 63.9467 45.96873 63.88065 45.96873 curveto
63.81459 45.96873 63.75124 45.94249 63.70453 45.89578 curveto
63.65782 45.84908 63.63158 45.78572 63.63158 45.71967 curveto
63.63158 45.65361 63.65782 45.59026 63.70453 45.54355 curveto
63.75124 45.49684 63.81459 45.4706 63.88065 45.4706 curveto
63.9467 45.4706 64.01006 45.49684 64.05676 45.54355 curveto
64.10347 45.59026 64.12971 45.65361 64.12971 45.71967 curveto closepath fill
newpath 66.94322 44.901 moveto
66.94322 44.96706 66.91698 45.03041 66.87027 45.07712 curveto
66.82356 45.12383 66.76021 45.15007 66.69415 45.15007 curveto
66.6281 45.15007 66.56474 45.12383 66.51804 45.07712 curveto
66.47133 45.03041 66.44508 44.96706 66.44508 44.901 curveto
66.44508 44.83495 66.47133 44.77159 66.51804 44.72488 curveto
66.56474 44.67818 66.6281 44.65193 66.69415 44.65193 curveto
66.76021 44.65193 66.82356 44.67818 66.87027 44.72488 curveto
66.91698 44.77159 66.94322 44.83495 66.94322 44.901 curveto closepath fill
newpath 69.75674 44.08229 moveto
69.75674 44.14835 69.7305 44.2117 69.68379 44.2584 curveto
69.63708 44.30511 69.57373 44.33136 69.50768 44.33136 curveto
69.44162 44.33136 69.37827 44.30511 69.33156 44.2584 curveto
69.28485 44.2117 69.2586 44.14835 69.2586 44.08229 curveto
69.2586 44.01624 69.28485 43.95288 69.33156 43.90617 curveto
69.37827 43.85947 69.44162 43.83322 69.50768 43.83322 curveto
69.57373 43.83322 69.63708 43.85947 69.68379 43.90617 curveto
69.7305 43.95288 69.75674 44.01624 69.75674 44.08229 curveto closepath fill
newpath 72.57025 43.26363 moveto
72.57025 43.32968 72.544 43.39304 72.4973 43.43974 curveto
72.45059 43.48645 72.38724 43.5127 72.32118 43.5127 curveto
72.25513 43.5127 72.19177 43.48645 72.14507 43.43974 curveto
72.09836 43.39304 72.07211 43.32968 72.07211 43.26363 curveto
72.07211 43.19757 72.09836 43.13422 72.14507 43.08751 curveto
72.19177 43.0408 72.25513 43.01456 72.32118 43.01456 curveto
72.38724 43.01456 72.45059 43.0408 72.4973 43.08751 curveto
72.544 43.13422 72.57025 43.19757 72.57025 43.26363 curveto closepath fill
newpath 75.38377 42.44496 moveto
75.38377 42.51102 75.35753 42.57437 75.31082 42.62108 curveto
75.26411 42.66779 75.20076 42.69403 75.1347 42.69403 curveto
75.06865 42.69403 75.0053 42.66779 74.95859 42.62108 curveto
74.91188 42.57437 74.88564 42.51102 74.88564 42.44496 curveto
74.88564 42.3789 74.91188 42.31555 74.95859 42.26884 curveto
75.0053 42.22214 75.06865 42.19589 75.1347 42.19589 curveto
75.20076 42.19589 75.26411 42.22214 75.31082 42.26884 curveto
75.35753 42.31555 75.38377 42.3789 75.38377 42.44496 curveto closepath fill
newpath 78.19728 41.62625 moveto
78.19728 41.6923 78.17104 41.75566 78.12433 41.80237 curveto
78.07762 41.84908 78.01427 41.87532 77.94821 41.87532 curveto
77.88216 41.87532 77.8188 41.84908 77.7721 41.80237 curveto
77.72539 41.75566 77.69914 41.6923 77.69914 41.62625 curveto
77.69914 41.5602 77.72539 41.49684 77.7721 41.45013 curveto
77.8188 41.40343 77.88216 41.37718 77.94821 41.37718 curveto
78.01427 41.37718 78.07762 41.40343 78.12433 41.45013 curveto
78.17104 41.49684 78.19728 41.5602 78.19728 41.62625 curveto closepath fill
newpath 81.01155 40.80736 moveto
81.01155 40.87341 80.9853 40.93677 80.9386 40.98347 curveto
80.89189 41.03018 80.82854 41.05643 80.76248 41.05643 curveto
80.69643 41.05643 80.63307 41.03018 80.58636 40.98347 curveto
80.53966 40.93677 80.51341 40.87341 80.51341 40.80736 curveto
80.51341 40.7413 80.53966 40.67795 80.58636 40.63124 curveto
80.63307 40.58453 80.69643 40.55829 80.76248 40.55829 curveto
80.82854 40.55829 80.89189 40.58453 80.9386 40.63124 curveto
80.9853 40.67795 81.01155 40.7413 81.01155 40.80736 curveto closepath fill
newpath 83.82506 39.9887 moveto
83.82506 40.05475 83.79881 40.1181 83.7521 40.16481 curveto
83.7054 40.21152 83.64204 40.23776 83.57599 40.23776 curveto
83.50993 40.23776 83.44658 40.21152 83.39987 40.16481 curveto
83.35316 40.1181 83.32692 40.05475 83.32692 39.9887 curveto
83.32692 39.92264 83.35316 39.85928 83.39987 39.81258 curveto
83.44658 39.76587 83.50993 39.73962 83.57599 39.73962 curveto
83.64204 39.73962 83.7054 39.76587 83.7521 39.81258 curveto
83.79881 39.85928 83.82506 39.92264 83.82506 39.9887 curveto closepath fill
newpath 86.63858 39.16998 moveto
86.63858 39.23604 86.61234 39.2994 86.56563 39.3461 curveto
86.51892 39.3928 86.45557 39.41905 86.38951 39.41905 curveto
86.32346 39.41905 86.2601 39.3928 86.2134 39.3461 curveto
86.16669 39.2994 86.14044 39.23604 86.14044 39.16998 curveto
86.14044 39.10393 86.16669 39.04057 86.2134 38.99387 curveto
86.2601 38.94716 86.32346 38.92091 86.38951 38.92091 curveto
86.45557 38.92091 86.51892 38.94716 86.56563 38.99387 curveto
86.61234 39.04057 86.63858 39.10393 86.63858 39.16998 curveto closepath fill
newpath 89.45209 38.35132 moveto
89.45209 38.41737 89.42584 38.48073 89.37914 38.52744 curveto
89.33243 38.57414 89.26907 38.60039 89.20302 38.60039 curveto
89.13696 38.60039 89.07361 38.57414 89.0269 38.52744 curveto
88.9802 38.48073 88.95395 38.41737 88.95395 38.35132 curveto
88.95395 38.28526 88.9802 38.22191 89.0269 38.1752 curveto
89.07361 38.1285 89.13696 38.10225 89.20302 38.10225 curveto
89.26907 38.10225 89.33243 38.1285 89.37914 38.1752 curveto
89.42584 38.22191 89.45209 38.28526 89.45209 38.35132 curveto closepath fill
newpath 92.26561 37.53265 moveto
92.26561 37.59871 92.23936 37.66206 92.19266 37.70877 curveto
92.14595 37.75548 92.0826 37.78172 92.01654 37.78172 curveto
91.95049 37.78172 91.88713 37.75548 91.84042 37.70877 curveto
91.79372 37.66206 91.76747 37.59871 91.76747 37.53265 curveto
91.76747 37.4666 91.79372 37.40324 91.84042 37.35654 curveto
91.88713 37.30983 91.95049 37.28358 92.01654 37.28358 curveto
92.0826 37.28358 92.14595 37.30983 92.19266 37.35654 curveto
92.23936 37.40324 92.26561 37.4666 92.26561 37.53265 curveto closepath fill
newpath 95.07912 36.71394 moveto
95.07912 36.78 95.05287 36.84335 95.00616 36.89006 curveto
94.95946 36.93677 94.8961 36.96301 94.83005 36.96301 curveto
94.76399 36.96301 94.70064 36.93677 94.65393 36.89006 curveto
94.60722 36.84335 94.58098 36.78 94.58098 36.71394 curveto
94.58098 36.64789 94.60722 36.58453 94.65393 36.53783 curveto
94.70064 36.49112 94.76399 36.46487 94.83005 36.46487 curveto
94.8961 36.46487 94.95946 36.49112 95.00616 36.53783 curveto
95.05287 36.58453 95.07912 36.64789 95.07912 36.71394 curveto closepath fill
newpath 97.89262 35.89528 moveto
97.89262 35.96133 97.86638 36.02469 97.81967 36.0714 curveto
97.77296 36.1181 97.70961 36.14435 97.64355 36.14435 curveto
97.5775 36.14435 97.51414 36.1181 97.46744 36.0714 curveto
97.42073 36.02469 97.39449 35.96133 97.39449 35.89528 curveto
97.39449 35.82922 97.42073 35.76587 97.46744 35.71916 curveto
97.51414 35.67245 97.5775 35.64621 97.64355 35.64621 curveto
97.70961 35.64621 97.77296 35.67245 97.81967 35.71916 curveto
97.86638 35.76587 97.89262 35.82922 97.89262 35.89528 curveto closepath fill
 0.7 setgray
newpath 79.70093 49.81308 moveto
79.70093 57.74019 76.55144 65.34166 70.94655 70.94655 curveto
65.34166 76.55144 57.74019 79.70093 49.81308 79.70093 curveto
41.88597 79.70093 34.2845 76.55144 28.67961 70.94655 curveto
23.07472 65.34166 19.92523 57.74019 19.92523 49.81308 curveto
19.92523 41.88597 23.07472 34.2845 28.67961 28.67961 curveto
34.2845 23.07472 41.88597 19.92523 49.81308 19.92523 curveto
57.74019 19.92523 65.34166 23.07472 70.94655 28.67961 curveto
76.55144 34.2845 79.70093 41.88597 79.70093 49.81308 curveto closepath stroke
 0 0 0 setrgbcolor 0 1.4944 dtransform truncate idtransform setlinewidth pop
newpath 79.70093 49.81308 moveto
79.70093 50.67775 79.66322 51.54198 79.58829 52.40346 curveto
79.51334 53.26479 79.401 54.12262 79.25171 54.97423 curveto
79.10258 55.82507 78.91682 56.66922 78.69443 57.50395 curveto
78.47186 58.33943 78.21313 59.16489 77.91913 59.97803 curveto
77.62512 60.79102 77.296 61.5911 76.9327 62.3755 curveto
76.56921 63.16022 76.17169 63.92882 75.74149 64.67902 curveto
75.31142 65.42908 74.84898 66.16028 74.35555 66.87035 curveto
73.8627 67.57951 73.33914 68.26694 72.78671 68.9308 curveto
72.23352 69.59541 71.6519 70.23602 71.04323 70.85033 curveto
70.43471 71.46448 69.79958 72.05202 69.14012 72.61115 curveto
68.48051 73.17026 67.79704 73.70065 67.09154 74.20049 curveto
66.38602 74.70032 65.65923 75.16928 64.91298 75.60603 curveto
64.16748 76.04248 63.4036 76.44623 62.62314 76.81639 curveto
61.84177 77.18701 61.04489 77.52357 60.23433 77.82518 curveto
59.42393 78.12663 58.60106 78.39282 57.76755 78.62282 curveto
56.93404 78.85298 56.09094 79.0468 55.24055 79.20383 curveto
54.39017 79.36087 53.5334 79.4808 52.67253 79.56366 curveto
51.81287 79.64635 50.94986 79.69165 50.08626 79.69955 curveto
49.22157 79.70746 48.35706 79.67813 47.49496 79.61108 curveto
46.63287 79.54405 45.77412 79.4393 44.921 79.29778 curveto
44.06804 79.15625 43.22145 78.97778 42.38399 78.76283 curveto
41.54652 78.54788 40.71878 78.29659 39.90306 78.00989 curveto
39.08809 77.72348 38.2859 77.40211 37.49875 77.04625 curveto
36.71085 76.69006 35.93875 76.29968 35.18474 75.87648 curveto
34.43074 75.45326 33.69559 74.99767 32.9811 74.51059 curveto
32.26646 74.02353 31.57341 73.50577 30.90378 72.95865 curveto
30.23415 72.4117 29.58853 71.836 28.96875 71.23294 curveto
28.34958 70.63051 27.75702 70.00145 27.19243 69.34763 curveto
26.62738 68.69319 26.09106 68.01459 25.58484 67.31363 curveto
25.07863 66.61269 24.60281 65.88998 24.15923 65.14784 curveto
23.71564 64.40553 23.30428 63.64455 22.92651 62.86667 curveto
22.54875 62.08894 22.20518 61.2951 21.89629 60.48744 curveto
21.58784 59.68068 21.31467 58.8607 21.07722 58.03023 curveto
20.83961 57.19885 20.63774 56.35759 20.47295 55.50871 curveto
20.30817 54.65985 20.18047 53.80429 20.08987 52.94434 curveto
19.99927 52.08452 19.94606 51.22122 19.93025 50.35669 curveto
19.9146 49.49294 19.93617 48.62901 19.99547 47.76723 curveto
20.05475 46.90453 20.15128 46.04488 20.28506 45.19054 curveto
20.41884 44.33635 20.58955 43.48839 20.79675 42.64896 curveto
21.00395 41.80936 21.24763 40.97919 21.52689 40.16074 curveto
21.80614 39.34242 22.12051 38.53658 22.46954 37.74548 curveto
22.81813 36.95529 23.20105 36.18076 23.61697 35.42372 curveto
24.03336 34.66591 24.4824 33.92635 24.96278 33.2073 curveto
25.44316 32.48827 25.9547 31.7905 26.49557 31.11584 curveto
27.03645 30.4412 27.60652 29.79056 28.20395 29.16531 curveto
28.80122 28.5402 29.42542 27.94127 30.07468 27.37029 curveto
30.72319 26.79991 31.39632 26.25798 32.0918 25.74583 curveto
32.7882 25.23308 33.50616 24.75056 34.24437 24.30014 curveto
34.9824 23.84972 35.73976 23.43167 36.51413 23.0469 curveto
37.28851 22.66216 38.07947 22.31145 38.88425 21.99525 curveto
39.68903 21.67906 40.50719 21.39783 41.33644 21.15247 curveto
42.16463 20.90741 43.003 20.69855 43.84929 20.5263 curveto
44.69662 20.35378 45.55096 20.21802 46.41002 20.1195 curveto
47.26923 20.021 48.13222 19.95975 48.99675 19.93617 curveto
49.86096 19.91261 50.72595 19.92676 51.58894 19.97813 curveto
52.45226 20.02951 53.31282 20.118 54.16838 20.24402 curveto
55.02287 20.36989 55.87143 20.533 56.71178 20.73244 curveto
57.5532 20.93219 58.3855 21.16797 59.20639 21.43979 curveto
60.02728 21.7116 60.83601 22.01866 61.63031 22.36055 curveto
62.42445 22.70229 63.20338 23.07854 63.96484 23.48792 curveto
64.7266 23.89745 65.47012 24.33966 66.19357 24.81366 curveto
66.9161 25.28703 67.61768 25.79173 68.29643 26.32593 curveto
68.9758 26.86072 69.6319 27.42441 70.26247 28.01605 curveto
70.89304 28.60756 71.49745 29.22643 72.07437 29.87036 curveto
72.65143 30.51447 73.20036 31.18303 73.71935 31.87471 curveto
74.23848 32.56639 74.72707 33.28043 75.18419 34.01451 curveto
75.64069 34.7477 76.06528 35.50018 76.45657 36.27014 curveto
76.84833 37.04088 77.20662 37.82832 77.53012 38.63022 curveto
77.8536 39.43211 78.14214 40.24768 78.39479 41.07466 curveto stroke
newpath 76.09236 38.65294 moveto
77.1982 39.05283 78.05121 39.95004 78.39479 41.07466 curveto
78.05121 39.95004 78.25719 38.72931 78.95073 37.77968 curveto stroke
showpage
%%EOF
