%!PS
%%BoundingBox: -1 -1 121 120 
%%HiResBoundingBox: -0.24907 -0.24907 120.17406 119.80046 
%%Creator: MetaPost 2.000
%%CreationDate: 2017.06.03:1629
%%Pages: 1
%%BeginProlog
%%EndProlog
%%Page: 1 1
 0.7 setgray 0 0.49814 dtransform truncate idtransform setlinewidth pop [] 0 setdash 1 setlinecap
 1 setlinejoin 10 setmiterlimit
newpath 0 59.7757 moveto
119.55139 59.7757 lineto stroke
 0 0 0 setrgbcolor
newpath 114.57008 62.26636 moveto
115.74602 60.69844 117.5915 59.7757 119.55139 59.7757 curveto
117.5915 59.7757 115.74602 58.85295 114.57008 57.28503 curveto stroke
 0.7 setgray 0.49814 0 dtransform exch truncate exch idtransform pop setlinewidth
newpath 59.7757 0 moveto
59.7757 119.55139 lineto stroke
 0 0 0 setrgbcolor 0 0.49814 dtransform truncate idtransform setlinewidth pop
newpath 57.28503 114.57008 moveto
58.85295 115.74602 59.7757 117.5915 59.7757 119.55139 curveto
59.7757 117.5915 60.69844 115.74602 62.26636 114.57008 curveto stroke
 0.7 setgray 0.49814 0 dtransform exch truncate exch idtransform pop setlinewidth
newpath 11.95514 57.78317 moveto
11.95514 61.76822 lineto stroke
newpath 23.91028 57.78317 moveto
23.91028 61.76822 lineto stroke
newpath 35.86542 57.78317 moveto
35.86542 61.76822 lineto stroke
newpath 47.82056 57.78317 moveto
47.82056 61.76822 lineto stroke
newpath 71.73083 57.78317 moveto
71.73083 61.76822 lineto stroke
newpath 83.68597 57.78317 moveto
83.68597 61.76822 lineto stroke
newpath 95.64111 57.78317 moveto
95.64111 61.76822 lineto stroke
newpath 107.59625 57.78317 moveto
107.59625 61.76822 lineto stroke
 0 0.49814 dtransform truncate idtransform setlinewidth pop
newpath 61.76822 11.95514 moveto
57.78317 11.95514 lineto stroke
newpath 61.76822 23.91028 moveto
57.78317 23.91028 lineto stroke
newpath 61.76822 35.86542 moveto
57.78317 35.86542 lineto stroke
newpath 61.76822 47.82056 moveto
57.78317 47.82056 lineto stroke
newpath 61.76822 71.73083 moveto
57.78317 71.73083 lineto stroke
newpath 61.76822 83.68597 moveto
57.78317 83.68597 lineto stroke
newpath 61.76822 95.64111 moveto
57.78317 95.64111 lineto stroke
newpath 61.76822 107.59625 moveto
57.78317 107.59625 lineto stroke
 0 0 0 setrgbcolor
newpath 63.76068 59.7757 moveto
63.82835 59.65767 63.88947 59.53581 63.94402 59.41104 curveto
64.00056 59.28152 64.05037 59.14944 64.09268 59.01463 curveto
64.13647 58.87491 64.17332 58.73334 64.20232 58.58978 curveto
64.23242 58.4411 64.25485 58.29115 64.26927 58.14029 curveto
64.28423 57.98415 64.29135 57.82726 64.29025 57.67038 curveto
64.28897 57.50821 64.27985 57.3462 64.26216 57.18513 curveto
64.24391 57.01877 64.21747 56.8535 64.18262 56.68987 curveto
64.1465 56.52094 64.10236 56.35384 64.04945 56.18948 curveto
63.9949 56.02002 63.93253 55.8531 63.86156 55.68983 curveto
63.7884 55.52164 63.70741 55.35692 63.61803 55.19675 curveto
63.5261 55.03185 63.4263 54.8713 63.31868 54.71606 curveto
63.20795 54.55646 63.08955 54.4023 62.96387 54.25418 curveto
62.83435 54.10185 62.69789 53.95537 62.55434 53.8162 curveto
62.40694 53.67336 62.25298 53.53726 62.09244 53.4094 curveto
61.92772 53.27805 61.75697 53.15454 61.58038 53.03944 curveto
61.39925 52.92142 61.21263 52.81178 61.02109 52.71144 curveto
60.82462 52.60873 60.62358 52.51517 60.41818 52.43143 curveto
60.20767 52.34569 59.9935 52.26962 59.77588 52.20413 curveto
59.55296 52.13701 59.32693 52.08026 59.09872 52.03448 curveto
58.86487 51.9876 58.62918 51.9513 58.39203 51.92667 curveto
58.14941 51.9013 57.9057 51.88727 57.66162 51.88472 curveto
57.41188 51.88216 57.16197 51.89091 56.91315 51.91171 curveto
56.65884 51.93288 56.40565 51.9659 56.15446 52.01059 curveto
55.8978 52.05637 55.64331 52.11365 55.39194 52.18315 curveto
55.13527 52.25412 54.88171 52.33656 54.6327 52.43088 curveto
54.3784 52.5272 54.1285 52.63483 53.88405 52.75432 curveto
53.63467 52.87617 53.39096 53.00934 53.15381 53.15363 curveto
52.91193 53.30084 52.67679 53.459 52.4495 53.62793 curveto
52.21764 53.80014 51.99344 53.98256 51.77837 54.17537 curveto
51.55873 54.37221 51.3482 54.57889 51.14755 54.79488 curveto
50.94324 55.01488 50.74896 55.2438 50.56563 55.4815 curveto
50.37883 55.72357 50.20316 55.97404 50.03934 56.23216 curveto
49.87242 56.49522 49.71738 56.76556 49.57509 57.04266 curveto
49.43024 57.32469 49.29817 57.61328 49.1796 57.90733 curveto
49.059 58.20688 48.95157 58.51134 48.85854 58.82054 curveto
48.76385 59.13522 48.68323 59.45354 48.61755 59.77551 curveto
48.55078 60.10297 48.49843 60.43314 48.46158 60.76515 curveto
48.42401 61.103 48.40138 61.44211 48.39464 61.78197 curveto
48.38771 62.12784 48.39609 62.47371 48.42035 62.81885 curveto
48.44498 63.16927 48.48547 63.51825 48.54167 63.86502 curveto
48.59877 64.21729 48.67155 64.56699 48.76021 64.91267 curveto
48.85033 65.26382 48.95576 65.61098 49.07707 65.95265 curveto
49.2004 66.29962 49.33904 66.64111 49.493 66.97566 curveto
49.64932 67.31552 49.82062 67.64807 50.00687 67.97241 curveto
50.19604 68.30168 50.39944 68.62238 50.61743 68.93341 curveto
50.83871 69.249 51.07367 69.55492 51.32231 69.84935 curveto
51.5746 70.14815 51.84003 70.43582 52.11803 70.71074 curveto
52.40042 70.99002 52.69502 71.25691 53.0015 71.50992 curveto
53.31198 71.76622 53.63358 72.00885 53.96577 72.23633 curveto
54.30252 72.4669 54.6493 72.68271 55.00539 72.88228 curveto
55.36658 73.08476 55.73634 73.27138 56.11414 73.44067 curveto
56.49722 73.61232 56.8876 73.76701 57.28438 73.90384 curveto
57.68661 74.04248 58.09468 74.1636 58.50769 74.26576 curveto
58.92616 74.36937 59.3492 74.45438 59.77533 74.52023 curveto
60.20712 74.587 60.64146 74.6348 61.07745 74.6627 curveto
61.51982 74.69098 61.96292 74.69992 62.40602 74.6888 curveto
62.85423 74.67747 63.30171 74.64629 63.74718 74.59521 curveto
64.1983 74.5434 64.64688 74.47171 65.09163 74.37996 curveto
65.54202 74.28691 65.98785 74.17436 66.42822 74.04175 curveto
66.87405 73.90749 67.31369 73.75371 67.74585 73.5804 curveto
68.18329 73.4049 68.61272 73.21008 69.03265 72.99629 curveto
69.45769 72.77994 69.87325 72.54535 70.27748 72.29214 curveto
70.68666 72.03584 71.08452 71.76166 71.46924 71.47015 curveto
71.85854 71.17519 72.23486 70.86324 72.59642 70.5347 curveto
72.96272 70.20197 73.31425 69.85355 73.64954 69.48961 curveto
73.98848 69.12186 74.31117 68.7395 74.616 68.3431 curveto
74.9243 67.94232 75.21489 67.52805 75.48651 67.10153 curveto
75.76125 66.67012 76.017 66.22684 76.2525 65.7726 curveto
76.49055 65.31345 76.70837 64.8439 76.90485 64.3654 curveto
77.1035 63.88162 77.2808 63.38927 77.43587 62.8898 curveto
77.59256 62.38486 77.727 61.87335 77.83847 61.35655 curveto
77.95102 60.8341 78.04077 60.3069 78.10681 59.77661 curveto
78.17358 59.23993 78.21663 58.70032 78.2356 58.1598 curveto
78.25476 57.6142 78.25002 57.06784 78.22083 56.52258 curveto
78.19127 55.97166 78.13782 55.42241 78.05975 54.87624 curveto
77.98076 54.32442 77.8775 53.77605 77.75018 53.23335 curveto
77.62138 52.685 77.4687 52.14247 77.29248 51.60744 curveto stroke
newpath 79.64688 53.97873 moveto
78.53262 53.60287 77.66035 52.72435 77.29248 51.60744 curveto
77.66035 52.72435 77.4809 53.94928 76.80807 54.91373 curveto stroke
 0 1.24533 dtransform truncate idtransform setlinewidth pop
newpath 111.54257 29.88785 moveto
59.7757 59.7757 lineto
119.55139 59.7757 lineto stroke
newpath 116.5626 61.2701 moveto
117.26816 60.32935 118.37546 59.7757 119.55139 59.7757 curveto
118.37546 59.7757 117.26816 59.22205 116.5626 58.2813 curveto stroke
newpath 109.70142 32.67644 moveto
109.84206 31.50894 110.52419 30.47581 111.54257 29.88785 curveto
110.52419 30.47581 109.2884 30.54999 108.207 30.08806 curveto stroke
newpath 59.7757 61.76822 moveto
59.24722 61.76822 58.74046 61.55826 58.36679 61.1846 curveto
57.99313 60.81093 57.78317 60.30417 57.78317 59.7757 curveto
57.78317 59.24722 57.99313 58.74046 58.36679 58.36679 curveto
58.74046 57.99313 59.24722 57.78317 59.7757 57.78317 curveto
60.30417 57.78317 60.81093 57.99313 61.1846 58.36679 curveto
61.55826 58.74046 61.76822 59.24722 61.76822 59.7757 curveto
61.76822 60.30417 61.55826 60.81093 61.1846 61.1846 curveto
60.81093 61.55826 60.30417 61.76822 59.7757 61.76822 curveto closepath fill
showpage
%%EOF
