%!PS
%%BoundingBox: -1 -1 121 120 
%%HiResBoundingBox: -0.62267 -0.24907 120.17406 119.80046 
%%Creator: MetaPost 2.000
%%CreationDate: 2017.06.03:1629
%%Pages: 1
%%BeginProlog
%%EndProlog
%%Page: 1 1
 0.7 setgray 0 0.49814 dtransform truncate idtransform setlinewidth pop [] 0 setdash 1 setlinecap
 1 setlinejoin 10 setmiterlimit
newpath 0 59.7757 moveto
119.55139 59.7757 lineto stroke
 0 0 0 setrgbcolor
newpath 114.57008 62.26636 moveto
115.74602 60.69844 117.5915 59.7757 119.55139 59.7757 curveto
117.5915 59.7757 115.74602 58.85295 114.57008 57.28503 curveto stroke
 0.7 setgray 0.49814 0 dtransform exch truncate exch idtransform pop setlinewidth
newpath 59.7757 0 moveto
59.7757 119.55139 lineto stroke
 0 0 0 setrgbcolor 0 0.49814 dtransform truncate idtransform setlinewidth pop
newpath 57.28503 114.57008 moveto
58.85295 115.74602 59.7757 117.5915 59.7757 119.55139 curveto
59.7757 117.5915 60.69844 115.74602 62.26636 114.57008 curveto stroke
 0.7 setgray 0.49814 0 dtransform exch truncate exch idtransform pop setlinewidth
newpath 11.95514 57.78317 moveto
11.95514 61.76822 lineto stroke
newpath 23.91028 57.78317 moveto
23.91028 61.76822 lineto stroke
newpath 35.86542 57.78317 moveto
35.86542 61.76822 lineto stroke
newpath 47.82056 57.78317 moveto
47.82056 61.76822 lineto stroke
newpath 71.73083 57.78317 moveto
71.73083 61.76822 lineto stroke
newpath 83.68597 57.78317 moveto
83.68597 61.76822 lineto stroke
newpath 95.64111 57.78317 moveto
95.64111 61.76822 lineto stroke
newpath 107.59625 57.78317 moveto
107.59625 61.76822 lineto stroke
 0 0.49814 dtransform truncate idtransform setlinewidth pop
newpath 61.76822 11.95514 moveto
57.78317 11.95514 lineto stroke
newpath 61.76822 23.91028 moveto
57.78317 23.91028 lineto stroke
newpath 61.76822 35.86542 moveto
57.78317 35.86542 lineto stroke
newpath 61.76822 47.82056 moveto
57.78317 47.82056 lineto stroke
newpath 61.76822 71.73083 moveto
57.78317 71.73083 lineto stroke
newpath 61.76822 83.68597 moveto
57.78317 83.68597 lineto stroke
newpath 61.76822 95.64111 moveto
57.78317 95.64111 lineto stroke
newpath 61.76822 107.59625 moveto
57.78317 107.59625 lineto stroke
 0 0 0 setrgbcolor
newpath 62.76448 59.7757 moveto
62.8152 59.86417 62.86116 59.95538 62.90184 60.04897 curveto
62.94417 60.1462 62.98175 60.24542 63.01349 60.34668 curveto
63.04633 60.4512 63.07387 60.55756 63.09558 60.665 curveto
63.1182 60.77664 63.13498 60.88919 63.14592 61.00247 curveto
63.15704 61.11942 63.16252 61.2369 63.1616 61.35437 curveto
63.1607 61.47604 63.15376 61.59753 63.14046 61.71848 curveto
63.12677 61.84308 63.10725 61.96712 63.08098 62.0897 curveto
63.05399 62.21649 63.0206 62.342 62.98102 62.4655 curveto
62.94034 62.59245 62.89345 62.7176 62.84018 62.83981 curveto
62.78528 62.96623 62.72453 63.08992 62.6574 63.21013 curveto
62.58844 63.33382 62.51366 63.45403 62.43303 63.57024 curveto
62.34984 63.69008 62.26118 63.80592 62.16669 63.9172 curveto
62.06982 64.03139 61.96748 64.14085 61.86003 64.24501 curveto
61.7495 64.35228 61.63383 64.45406 61.51344 64.5502 curveto
61.38994 64.64871 61.26205 64.74138 61.12962 64.82767 curveto
60.99371 64.91632 60.85344 64.9986 60.70969 65.07393 curveto
60.56248 65.15091 60.41162 65.22096 60.25783 65.2837 curveto
60.09985 65.34811 59.93896 65.4054 59.77551 65.45445 curveto
59.60841 65.50462 59.43895 65.54732 59.26784 65.5816 curveto
59.09235 65.61682 58.9154 65.64381 58.73735 65.66241 curveto
58.55548 65.6814 58.37288 65.69215 58.1901 65.69398 curveto
58.00275 65.6958 57.81558 65.68924 57.62878 65.67355 curveto
57.43816 65.65768 57.24844 65.63306 57.06018 65.59949 curveto
56.86736 65.56519 56.67654 65.52196 56.48775 65.46997 curveto
56.29529 65.41689 56.1054 65.35522 55.9186 65.28444 curveto
55.7276 65.21202 55.54025 65.13121 55.35674 65.04146 curveto
55.16975 64.95007 54.98697 64.85046 54.80928 64.7423 curveto
54.6276 64.63174 54.45119 64.51299 54.28044 64.3862 curveto
54.1066 64.25705 53.93877 64.12024 53.77751 63.97575 curveto
53.61298 63.82817 53.45499 63.67331 53.30449 63.5113 curveto
53.15144 63.3464 53.00569 63.17493 52.86833 62.9967 curveto
52.72823 62.81483 52.59616 62.62694 52.4732 62.43303 curveto
52.34807 62.23582 52.23186 62.03334 52.12532 61.82556 curveto
52.0166 61.61377 51.91737 61.39723 51.82834 61.17651 curveto
51.73787 60.95213 51.65741 60.72374 51.58774 60.49207 curveto
51.51677 60.25638 51.45639 60.0176 51.40714 59.77643 curveto
51.35696 59.53052 51.31775 59.28261 51.29002 59.03325 curveto
51.26193 58.78004 51.24496 58.52592 51.23985 58.27127 curveto
51.23474 58.01187 51.24095 57.75247 51.25919 57.49379 curveto
51.27762 57.23111 51.30789 56.96951 51.35004 56.70956 curveto
51.3929 56.44505 51.44745 56.18274 51.51404 55.92314 curveto
51.58153 55.65991 51.66052 55.3996 51.75154 55.14348 curveto
51.84404 54.88298 51.9482 54.62668 52.06384 54.37549 curveto
52.18115 54.12083 52.30939 53.87146 52.44894 53.62848 curveto
52.59087 53.3813 52.74373 53.1405 52.90736 52.907 curveto
53.07318 52.67058 53.24922 52.44147 53.43565 52.22073 curveto
53.6252 51.99635 53.82422 51.78036 54.0329 51.57387 curveto
54.24432 51.36462 54.46506 51.16489 54.69437 50.97552 curveto
54.92749 50.78307 55.16884 50.60101 55.41821 50.43027 curveto
55.67068 50.25734 55.93063 50.09554 56.19751 49.94594 curveto
56.46858 49.79399 56.74641 49.65407 57.02989 49.52692 curveto
57.31685 49.39832 57.60945 49.28212 57.9068 49.1796 curveto
58.2087 49.07542 58.51517 48.98459 58.82529 48.90797 curveto
59.13905 48.83026 59.45592 48.76659 59.77533 48.71733 curveto
60.09949 48.66736 60.42566 48.63142 60.75293 48.61044 curveto
61.08401 48.58928 61.41585 48.58235 61.74748 48.59074 curveto
62.08405 48.5993 62.42007 48.62248 62.75444 48.66096 curveto
63.09265 48.69983 63.42886 48.75346 63.76215 48.82242 curveto
64.10017 48.89227 64.4349 48.97675 64.76546 49.07634 curveto
65.09966 49.17703 65.42911 49.29196 65.75308 49.42203 curveto
66.08144 49.55392 66.40378 49.70004 66.71918 49.86057 curveto
67.03787 50.02274 67.34927 50.1986 67.65227 50.38849 curveto
67.95927 50.58095 68.2579 50.78673 68.54668 51.00563 curveto
68.83855 51.2269 69.12057 51.46059 69.39165 51.70685 curveto
69.6662 51.95622 69.92998 52.21745 70.18135 52.49036 curveto
70.43529 52.76581 70.67699 53.05257 70.90556 53.34955 curveto
71.13705 53.65054 71.35541 53.96158 71.55936 54.2819 curveto
71.76532 54.60533 71.95685 54.93753 72.13326 55.27792 curveto
72.31184 55.6227 72.47548 55.97496 72.62288 56.33414 curveto
72.77173 56.6968 72.90453 57.06583 73.02074 57.44034 curveto
73.1384 57.81941 73.23964 58.20341 73.32318 58.59142 curveto
73.40765 58.98308 73.4746 59.3782 73.52403 59.7757 curveto
73.57384 60.17757 73.60649 60.58127 73.62071 60.98587 curveto
73.63513 61.3956 73.63148 61.80586 73.60959 62.21521 curveto
73.58751 62.62804 73.54738 63.03975 73.48883 63.44911 curveto
73.42953 63.86339 73.35219 64.27512 73.2566 64.68245 curveto
73.16011 65.09344 73.04573 65.50024 72.91328 65.90103 curveto
72.7792 66.30655 72.62779 66.70624 72.45851 67.09843 curveto
72.28777 67.49393 72.10005 67.88194 71.89502 68.26082 curveto
71.6876 68.64409 71.46378 69.01823 71.22334 69.3818 curveto
70.9809 69.74829 70.7226 70.10419 70.44878 70.44788 curveto
70.17186 70.79538 69.87999 71.13068 69.57353 71.45245 curveto
69.26451 71.777 68.94125 72.08783 68.60469 72.38371 curveto
68.26447 72.68289 67.91148 72.96729 67.54628 73.23544 curveto
67.17816 73.5058 66.79836 73.7599 66.40761 73.9965 curveto
66.01266 74.23566 65.60751 74.45747 65.19305 74.66106 curveto
64.7753 74.8661 64.3488 75.05309 63.91464 75.22055 curveto
63.47574 75.38983 63.02972 75.54015 62.57768 75.67021 curveto
62.12218 75.8012 61.6612 75.91211 61.19585 76.00241 curveto
60.72556 76.09361 60.25163 76.16458 59.77515 76.21402 curveto
59.29501 76.26399 58.81306 76.29282 58.33037 76.3003 curveto
57.84276 76.30777 57.35497 76.2941 56.86864 76.25853 curveto
56.37865 76.22276 55.89049 76.16566 55.40562 76.08687 curveto
54.91563 76.00732 54.42949 75.90663 53.94844 75.78423 curveto
53.46393 75.66092 52.98508 75.51662 52.51334 75.35117 curveto
52.03667 75.18407 51.56749 74.99635 51.10742 74.78784 curveto
50.64407 74.57806 50.1902 74.3482 49.74728 74.0983 curveto
49.2998 73.84601 48.86363 73.5742 48.44025 73.28342 curveto
48.01392 72.99081 47.60019 72.6798 47.20123 72.35071 curveto
46.79826 72.01833 46.4099 71.66844 46.03775 71.30196 curveto
45.66307 70.93292 45.3048 70.54784 44.96402 70.14742 curveto
44.6198 69.743 44.29326 69.32379 43.98607 68.89072 curveto
43.67686 68.45474 43.38663 68.00543 43.11684 67.54391 curveto
42.84448 67.078 42.59274 66.60043 42.36234 66.11246 curveto
42.13048 65.62119 41.91997 65.12009 41.73225 64.6104 curveto
41.54272 64.0958 41.37563 63.57333 41.23206 63.04413 curveto
41.08759 62.51164 40.96646 61.97296 40.86905 61.42989 curveto stroke
newpath 42.86766 64.10785 moveto
41.81712 63.57948 41.07668 62.58734 40.86905 61.42989 curveto
41.07668 62.58734 40.72722 63.77498 39.92583 64.63556 curveto stroke
 0 1.24533 dtransform truncate idtransform setlinewidth pop
newpath 0 59.7757 moveto
59.7757 59.7757 lineto
119.55139 59.7757 lineto stroke
newpath 116.5626 61.2701 moveto
117.26816 60.32935 118.37546 59.7757 119.55139 59.7757 curveto
118.37546 59.7757 117.26816 59.22205 116.5626 58.2813 curveto stroke
newpath 2.98878 58.2813 moveto
2.28323 59.22205 1.17593 59.7757 0 59.7757 curveto
1.17593 59.7757 2.28323 60.32935 2.98878 61.2701 curveto stroke
newpath 59.7757 61.76822 moveto
59.24722 61.76822 58.74046 61.55826 58.36679 61.1846 curveto
57.99313 60.81093 57.78317 60.30417 57.78317 59.7757 curveto
57.78317 59.24722 57.99313 58.74046 58.36679 58.36679 curveto
58.74046 57.99313 59.24722 57.78317 59.7757 57.78317 curveto
60.30417 57.78317 60.81093 57.99313 61.1846 58.36679 curveto
61.55826 58.74046 61.76822 59.24722 61.76822 59.7757 curveto
61.76822 60.30417 61.55826 60.81093 61.1846 61.1846 curveto
60.81093 61.55826 60.30417 61.76822 59.7757 61.76822 curveto closepath fill
showpage
%%EOF
