%!PS
%%BoundingBox: -1 -1 121 120 
%%HiResBoundingBox: -0.24907 -0.24907 120.17406 119.80046 
%%Creator: MetaPost 2.000
%%CreationDate: 2017.06.03:1629
%%Pages: 1
%%BeginProlog
%%EndProlog
%%Page: 1 1
 0.7 setgray 0 0.49814 dtransform truncate idtransform setlinewidth pop [] 0 setdash 1 setlinecap
 1 setlinejoin 10 setmiterlimit
newpath 0 59.7757 moveto
119.55139 59.7757 lineto stroke
 0 0 0 setrgbcolor
newpath 114.57008 62.26636 moveto
115.74602 60.69844 117.5915 59.7757 119.55139 59.7757 curveto
117.5915 59.7757 115.74602 58.85295 114.57008 57.28503 curveto stroke
 0.7 setgray 0.49814 0 dtransform exch truncate exch idtransform pop setlinewidth
newpath 59.7757 0 moveto
59.7757 119.55139 lineto stroke
 0 0 0 setrgbcolor 0 0.49814 dtransform truncate idtransform setlinewidth pop
newpath 57.28503 114.57008 moveto
58.85295 115.74602 59.7757 117.5915 59.7757 119.55139 curveto
59.7757 117.5915 60.69844 115.74602 62.26636 114.57008 curveto stroke
 0.7 setgray 0.49814 0 dtransform exch truncate exch idtransform pop setlinewidth
newpath 11.95514 57.78317 moveto
11.95514 61.76822 lineto stroke
newpath 23.91028 57.78317 moveto
23.91028 61.76822 lineto stroke
newpath 35.86542 57.78317 moveto
35.86542 61.76822 lineto stroke
newpath 47.82056 57.78317 moveto
47.82056 61.76822 lineto stroke
newpath 71.73083 57.78317 moveto
71.73083 61.76822 lineto stroke
newpath 83.68597 57.78317 moveto
83.68597 61.76822 lineto stroke
newpath 95.64111 57.78317 moveto
95.64111 61.76822 lineto stroke
newpath 107.59625 57.78317 moveto
107.59625 61.76822 lineto stroke
 0 0.49814 dtransform truncate idtransform setlinewidth pop
newpath 61.76822 11.95514 moveto
57.78317 11.95514 lineto stroke
newpath 61.76822 23.91028 moveto
57.78317 23.91028 lineto stroke
newpath 61.76822 35.86542 moveto
57.78317 35.86542 lineto stroke
newpath 61.76822 47.82056 moveto
57.78317 47.82056 lineto stroke
newpath 61.76822 71.73083 moveto
57.78317 71.73083 lineto stroke
newpath 61.76822 83.68597 moveto
57.78317 83.68597 lineto stroke
newpath 61.76822 95.64111 moveto
57.78317 95.64111 lineto stroke
newpath 61.76822 107.59625 moveto
57.78317 107.59625 lineto stroke
 0 0 0 setrgbcolor
newpath 63.76068 59.7757 moveto
63.82835 59.65767 63.88947 59.53581 63.94402 59.41104 curveto
64.00056 59.28152 64.05037 59.14926 64.09268 59.01445 curveto
64.13647 58.87473 64.17332 58.73315 64.20232 58.5896 curveto
64.23242 58.44092 64.25485 58.29097 64.26927 58.1401 curveto
64.28423 57.98396 64.29135 57.82744 64.29025 57.67056 curveto
64.28897 57.50839 64.27985 57.34657 64.26216 57.1855 curveto
64.24391 57.01913 64.21747 56.85387 64.18262 56.69023 curveto
64.14668 56.5213 64.10236 56.3542 64.04964 56.18967 curveto
63.99527 56.02002 63.93271 55.85329 63.86174 55.69002 curveto
63.78859 55.52164 63.7076 55.3571 63.61821 55.19675 curveto
63.52628 55.03185 63.4263 54.87149 63.31868 54.71625 curveto
63.20776 54.55646 63.08937 54.40195 62.9635 54.25363 curveto
62.83417 54.1013 62.69771 53.95518 62.55434 53.8162 curveto
62.40694 53.67336 62.25298 53.53745 62.09244 53.4094 curveto
61.92772 53.27805 61.75697 53.15436 61.58038 53.03926 curveto
61.39925 52.92123 61.21263 52.8116 61.02109 52.71144 curveto
60.82462 52.60873 60.62341 52.51498 60.418 52.43124 curveto
60.20749 52.3455 59.99315 52.26962 59.77551 52.20413 curveto
59.5526 52.13701 59.32675 52.08008 59.09837 52.0343 curveto
58.86469 51.98741 58.62881 51.9513 58.39166 51.92667 curveto
58.14905 51.90149 57.90533 51.88727 57.66125 51.88472 curveto
57.4117 51.88216 57.16197 51.89091 56.91333 51.91171 curveto
56.65903 51.93288 56.40584 51.9659 56.15463 52.01059 curveto
55.89798 52.05637 55.6435 52.11365 55.39212 52.18315 curveto
55.13545 52.25412 54.88188 52.33656 54.63289 52.43088 curveto
54.37859 52.5272 54.12868 52.63483 53.88423 52.75432 curveto
53.63486 52.87617 53.39096 53.00934 53.15381 53.15363 curveto
52.91193 53.30084 52.6766 53.459 52.44931 53.62793 curveto
52.21745 53.80014 51.99326 53.98274 51.77818 54.17555 curveto
51.55891 54.37221 51.34839 54.57852 51.14792 54.79433 curveto
50.9436 55.01433 50.74951 55.24327 50.56618 55.48096 curveto
50.37938 55.72322 50.20334 55.97331 50.03952 56.23163 curveto
49.8726 56.49449 49.71754 56.76501 49.57544 57.04211 curveto
49.4306 57.32414 49.29836 57.61255 49.17978 57.9068 curveto
49.059 58.20633 48.95175 58.51079 48.85872 58.81999 curveto
48.76385 59.13504 48.68323 59.4539 48.61737 59.77625 curveto
48.5506 60.10368 48.49843 60.43387 48.46158 60.76605 curveto
48.42401 61.1039 48.40138 61.4432 48.39464 61.78305 curveto
48.38771 62.12837 48.39627 62.47406 48.42053 62.81866 curveto
48.44516 63.16908 48.48547 63.51807 48.54167 63.86484 curveto
48.59877 64.21729 48.67155 64.5668 48.76021 64.91267 curveto
48.85033 65.26382 48.95595 65.61098 49.07726 65.95265 curveto
49.20058 66.2998 49.33922 66.6413 49.49318 66.97603 curveto
49.6495 67.31589 49.8208 67.64844 50.00705 67.97278 curveto
50.19623 68.30205 50.39963 68.62274 50.61761 68.93378 curveto
50.8389 69.24954 51.07404 69.5551 51.32268 69.84972 curveto
51.57497 70.14851 51.8402 70.43619 52.1184 70.71129 curveto
52.4006 70.99039 52.69502 71.25691 53.00113 71.50955 curveto
53.31161 71.76585 53.63304 72.00848 53.96523 72.23596 curveto
54.30215 72.46672 54.64912 72.68234 55.0052 72.8821 curveto
55.3664 73.08458 55.73616 73.2712 56.11395 73.44049 curveto
56.49704 73.61214 56.8876 73.76701 57.28438 73.90384 curveto
57.68661 74.04248 58.09468 74.16342 58.50769 74.26558 curveto
58.92616 74.36919 59.3492 74.45438 59.77533 74.52023 curveto
60.20712 74.587 60.64165 74.6348 61.07764 74.6627 curveto
61.51945 74.69098 61.96219 74.7001 62.40474 74.68898 curveto
62.85313 74.67766 63.30061 74.64665 63.7461 74.59558 curveto
64.19722 74.54376 64.64578 74.47208 65.09053 74.38031 curveto
65.54092 74.28728 65.98712 74.17473 66.42749 74.04211 curveto
66.87369 73.90767 67.31387 73.75352 67.7464 73.57985 curveto
68.18384 73.40436 68.61327 73.20972 69.03337 72.99593 curveto
69.4586 72.77957 69.87434 72.5448 70.27858 72.2916 curveto
70.68776 72.0353 71.08543 71.76112 71.47015 71.46942 curveto
71.85944 71.17427 72.23578 70.86234 72.59752 70.53378 curveto
72.96346 70.20142 73.31462 69.85336 73.64954 69.48979 curveto
73.9883 69.12204 74.31082 68.73969 74.61565 68.34328 curveto
74.92393 67.94232 75.21489 67.52823 75.48651 67.10153 curveto
75.76125 66.67012 76.017 66.22684 76.2525 65.7726 curveto
76.49055 65.31326 76.70856 64.8439 76.90503 64.36522 curveto
77.10368 63.88144 77.2808 63.38908 77.43587 62.88962 curveto
77.59256 62.38449 77.727 61.8728 77.83884 61.356 curveto stroke
newpath 78.66728 64.59323 moveto
77.89705 63.70467 77.59012 62.50533 77.83884 61.356 curveto
77.59012 62.50533 76.8148 63.47047 75.74611 63.96109 curveto stroke
newpath 59.7757 61.76822 moveto
59.24722 61.76822 58.74046 61.55826 58.36679 61.1846 curveto
57.99313 60.81093 57.78317 60.30417 57.78317 59.7757 curveto
57.78317 59.24722 57.99313 58.74046 58.36679 58.36679 curveto
58.74046 57.99313 59.24722 57.78317 59.7757 57.78317 curveto
60.30417 57.78317 60.81093 57.99313 61.1846 58.36679 curveto
61.55826 58.74046 61.76822 59.24722 61.76822 59.7757 curveto
61.76822 60.30417 61.55826 60.81093 61.1846 61.1846 curveto
60.81093 61.55826 60.30417 61.76822 59.7757 61.76822 curveto closepath fill
 0 1.24533 dtransform truncate idtransform setlinewidth pop
newpath 59.7757 59.7757 moveto
119.55139 59.7757 lineto stroke
newpath 116.5626 61.2701 moveto
117.26816 60.32935 118.37546 59.7757 119.55139 59.7757 curveto
118.37546 59.7757 117.26816 59.22205 116.5626 58.2813 curveto stroke
showpage
%%EOF
