%!PS
%%BoundingBox: -1 -1 100 100 
%%HiResBoundingBox: -0.24907 -0.24907 99.87523 99.87523 
%%Creator: MetaPost 2.000
%%CreationDate: 2017.06.03:1629
%%Pages: 1
%%BeginProlog
%%EndProlog
%%Page: 1 1
 0 0 0 setrgbcolor 0 0.49814 dtransform truncate idtransform setlinewidth pop [] 0 setdash 1 setlinecap
 1 setlinejoin 10 setmiterlimit
newpath 0 49.81308 moveto
99.62616 49.81308 lineto stroke
newpath 94.64485 52.30374 moveto
95.82079 50.73582 97.66628 49.81308 99.62616 49.81308 curveto
97.66628 49.81308 95.82079 48.89034 94.64485 47.32242 curveto stroke
 0.49814 0 dtransform exch truncate exch idtransform pop setlinewidth
newpath 49.81308 0 moveto
49.81308 99.62616 lineto stroke
 0 0.49814 dtransform truncate idtransform setlinewidth pop
newpath 47.32242 94.64485 moveto
48.89034 95.82079 49.81308 97.66628 49.81308 99.62616 curveto
49.81308 97.66628 50.73582 95.82079 52.30374 94.64485 curveto stroke
 0.49814 0 dtransform exch truncate exch idtransform pop setlinewidth
newpath 19.92523 47.82056 moveto
19.92523 51.8056 lineto stroke
newpath 49.81308 47.82056 moveto
49.81308 51.8056 lineto stroke
newpath 79.70093 47.82056 moveto
79.70093 51.8056 lineto stroke
 0 0.49814 dtransform truncate idtransform setlinewidth pop
newpath 51.8056 19.92523 moveto
47.82056 19.92523 lineto stroke
newpath 51.8056 49.81308 moveto
47.82056 49.81308 lineto stroke
newpath 51.8056 79.70093 moveto
47.82056 79.70093 lineto stroke
newpath 50.06215 49.81308 moveto
50.06215 49.87914 50.0359 49.94249 49.9892 49.9892 curveto
49.94249 50.0359 49.87914 50.06215 49.81308 50.06215 curveto
49.74702 50.06215 49.68367 50.0359 49.63696 49.9892 curveto
49.59026 49.94249 49.56401 49.87914 49.56401 49.81308 curveto
49.56401 49.74702 49.59026 49.68367 49.63696 49.63696 curveto
49.68367 49.59026 49.74702 49.56401 49.81308 49.56401 curveto
49.87914 49.56401 49.94249 49.59026 49.9892 49.63696 curveto
50.0359 49.68367 50.06215 49.74702 50.06215 49.81308 curveto closepath fill
newpath 52.53458 48.24075 moveto
52.53458 48.30681 52.50833 48.37016 52.46162 48.41687 curveto
52.41492 48.46358 52.35156 48.48982 52.2855 48.48982 curveto
52.21945 48.48982 52.1561 48.46358 52.10939 48.41687 curveto
52.06268 48.37016 52.03644 48.30681 52.03644 48.24075 curveto
52.03644 48.1747 52.06268 48.11134 52.10939 48.06464 curveto
52.1561 48.01793 52.21945 47.99168 52.2855 47.99168 curveto
52.35156 47.99168 52.41492 48.01793 52.46162 48.06464 curveto
52.50833 48.11134 52.53458 48.1747 52.53458 48.24075 curveto closepath fill
newpath 55.00703 46.66847 moveto
55.00703 46.73453 54.98079 46.79788 54.93408 46.84459 curveto
54.88737 46.8913 54.82402 46.91754 54.75797 46.91754 curveto
54.69191 46.91754 54.62856 46.8913 54.58185 46.84459 curveto
54.53514 46.79788 54.5089 46.73453 54.5089 46.66847 curveto
54.5089 46.60242 54.53514 46.53906 54.58185 46.49236 curveto
54.62856 46.44565 54.69191 46.4194 54.75797 46.4194 curveto
54.82402 46.4194 54.88737 46.44565 54.93408 46.49236 curveto
54.98079 46.53906 55.00703 46.60242 55.00703 46.66847 curveto closepath fill
newpath 57.47948 45.09615 moveto
57.47948 45.1622 57.45323 45.22556 57.40652 45.27226 curveto
57.35982 45.31897 57.29646 45.34521 57.23041 45.34521 curveto
57.16435 45.34521 57.101 45.31897 57.05429 45.27226 curveto
57.00758 45.22556 56.98134 45.1622 56.98134 45.09615 curveto
56.98134 45.03009 57.00758 44.96674 57.05429 44.92003 curveto
57.101 44.87332 57.16435 44.84708 57.23041 44.84708 curveto
57.29646 44.84708 57.35982 44.87332 57.40652 44.92003 curveto
57.45323 44.96674 57.47948 45.03009 57.47948 45.09615 curveto closepath fill
newpath 59.95192 43.52382 moveto
59.95192 43.58987 59.92567 43.65323 59.87897 43.69994 curveto
59.83226 43.74664 59.7689 43.77289 59.70285 43.77289 curveto
59.6368 43.77289 59.57344 43.74664 59.52673 43.69994 curveto
59.48003 43.65323 59.45378 43.58987 59.45378 43.52382 curveto
59.45378 43.45776 59.48003 43.39441 59.52673 43.3477 curveto
59.57344 43.301 59.6368 43.27475 59.70285 43.27475 curveto
59.7689 43.27475 59.83226 43.301 59.87897 43.3477 curveto
59.92567 43.39441 59.95192 43.45776 59.95192 43.52382 curveto closepath fill
newpath 62.425 41.95113 moveto
62.425 42.01718 62.39876 42.08054 62.35205 42.12724 curveto
62.30534 42.17395 62.24199 42.2002 62.17593 42.2002 curveto
62.10988 42.2002 62.04652 42.17395 61.99982 42.12724 curveto
61.95311 42.08054 61.92686 42.01718 61.92686 41.95113 curveto
61.92686 41.88507 61.95311 41.82172 61.99982 41.77501 curveto
62.04652 41.7283 62.10988 41.70206 62.17593 41.70206 curveto
62.24199 41.70206 62.30534 41.7283 62.35205 41.77501 curveto
62.39876 41.82172 62.425 41.88507 62.425 41.95113 curveto closepath fill
newpath 64.89746 40.3788 moveto
64.89746 40.44485 64.87122 40.50821 64.82451 40.55492 curveto
64.7778 40.60162 64.71445 40.62787 64.64839 40.62787 curveto
64.58234 40.62787 64.51898 40.60162 64.47227 40.55492 curveto
64.42557 40.50821 64.39932 40.44485 64.39932 40.3788 curveto
64.39932 40.31274 64.42557 40.24939 64.47227 40.20268 curveto
64.51898 40.15598 64.58234 40.12973 64.64839 40.12973 curveto
64.71445 40.12973 64.7778 40.15598 64.82451 40.20268 curveto
64.87122 40.24939 64.89746 40.31274 64.89746 40.3788 curveto closepath fill
newpath 67.3699 38.80652 moveto
67.3699 38.87257 67.34366 38.93593 67.29695 38.98264 curveto
67.25024 39.02934 67.18689 39.05559 67.12083 39.05559 curveto
67.05478 39.05559 66.99142 39.02934 66.94472 38.98264 curveto
66.89801 38.93593 66.87177 38.87257 66.87177 38.80652 curveto
66.87177 38.74046 66.89801 38.67711 66.94472 38.6304 curveto
66.99142 38.5837 67.05478 38.55745 67.12083 38.55745 curveto
67.18689 38.55745 67.25024 38.5837 67.29695 38.6304 curveto
67.34366 38.67711 67.3699 38.74046 67.3699 38.80652 curveto closepath fill
newpath 69.84236 37.23419 moveto
69.84236 37.30025 69.81612 37.3636 69.76941 37.41031 curveto
69.7227 37.45702 69.65935 37.48326 69.59329 37.48326 curveto
69.52724 37.48326 69.46388 37.45702 69.41718 37.41031 curveto
69.37047 37.3636 69.34422 37.30025 69.34422 37.23419 curveto
69.34422 37.16814 69.37047 37.10478 69.41718 37.05807 curveto
69.46388 37.01137 69.52724 36.98512 69.59329 36.98512 curveto
69.65935 36.98512 69.7227 37.01137 69.76941 37.05807 curveto
69.81612 37.10478 69.84236 37.16814 69.84236 37.23419 curveto closepath fill
newpath 72.3148 35.66187 moveto
72.3148 35.72792 72.28856 35.79128 72.24185 35.83798 curveto
72.19514 35.88469 72.13179 35.91093 72.06573 35.91093 curveto
71.99968 35.91093 71.93633 35.88469 71.88962 35.83798 curveto
71.84291 35.79128 71.81667 35.72792 71.81667 35.66187 curveto
71.81667 35.59581 71.84291 35.53246 71.88962 35.48575 curveto
71.93633 35.43904 71.99968 35.4128 72.06573 35.4128 curveto
72.13179 35.4128 72.19514 35.43904 72.24185 35.48575 curveto
72.28856 35.53246 72.3148 35.59581 72.3148 35.66187 curveto closepath fill
newpath 74.78726 34.08958 moveto
74.78726 34.15564 74.76102 34.219 74.71431 34.2657 curveto
74.6676 34.31241 74.60425 34.33865 74.5382 34.33865 curveto
74.47214 34.33865 74.40878 34.31241 74.36208 34.2657 curveto
74.31537 34.219 74.28912 34.15564 74.28912 34.08958 curveto
74.28912 34.02353 74.31537 33.96017 74.36208 33.91347 curveto
74.40878 33.86676 74.47214 33.84052 74.5382 33.84052 curveto
74.60425 33.84052 74.6676 33.86676 74.71431 33.91347 curveto
74.76102 33.96017 74.78726 34.02353 74.78726 34.08958 curveto closepath fill
newpath 77.2597 32.51726 moveto
77.2597 32.58331 77.23346 32.64667 77.18675 32.69337 curveto
77.14005 32.74008 77.07669 32.76633 77.01064 32.76633 curveto
76.94458 32.76633 76.88123 32.74008 76.83452 32.69337 curveto
76.78781 32.64667 76.76157 32.58331 76.76157 32.51726 curveto
76.76157 32.4512 76.78781 32.38785 76.83452 32.34114 curveto
76.88123 32.29443 76.94458 32.26819 77.01064 32.26819 curveto
77.07669 32.26819 77.14005 32.29443 77.18675 32.34114 curveto
77.23346 32.38785 77.2597 32.4512 77.2597 32.51726 curveto closepath fill
newpath 79.73215 30.94493 moveto
79.73215 31.01099 79.7059 31.07434 79.6592 31.12105 curveto
79.61249 31.16776 79.54913 31.194 79.48308 31.194 curveto
79.41702 31.194 79.35367 31.16776 79.30696 31.12105 curveto
79.26025 31.07434 79.23401 31.01099 79.23401 30.94493 curveto
79.23401 30.87888 79.26025 30.81552 79.30696 30.76881 curveto
79.35367 30.7221 79.41702 30.69586 79.48308 30.69586 curveto
79.54913 30.69586 79.61249 30.7221 79.6592 30.76881 curveto
79.7059 30.81552 79.73215 30.87888 79.73215 30.94493 curveto closepath fill
newpath 82.20459 29.37265 moveto
82.20459 29.4387 82.17834 29.50206 82.13164 29.54877 curveto
82.08493 29.59547 82.02158 29.62172 81.95552 29.62172 curveto
81.88947 29.62172 81.82611 29.59547 81.7794 29.54877 curveto
81.7327 29.50206 81.70645 29.4387 81.70645 29.37265 curveto
81.70645 29.3066 81.7327 29.24324 81.7794 29.19653 curveto
81.82611 29.14983 81.88947 29.12358 81.95552 29.12358 curveto
82.02158 29.12358 82.08493 29.14983 82.13164 29.19653 curveto
82.17834 29.24324 82.20459 29.3066 82.20459 29.37265 curveto closepath fill
newpath 84.67703 27.80032 moveto
84.67703 27.86638 84.65079 27.92973 84.60408 27.97644 curveto
84.55737 28.02315 84.49402 28.0494 84.42796 28.0494 curveto
84.36191 28.0494 84.29855 28.02315 84.25185 27.97644 curveto
84.20514 27.92973 84.1789 27.86638 84.1789 27.80032 curveto
84.1789 27.73427 84.20514 27.67091 84.25185 27.6242 curveto
84.29855 27.5775 84.36191 27.55125 84.42796 27.55125 curveto
84.49402 27.55125 84.55737 27.5775 84.60408 27.6242 curveto
84.65079 27.67091 84.67703 27.73427 84.67703 27.80032 curveto closepath fill
newpath 87.15012 26.22758 moveto
87.15012 26.29364 87.12387 26.357 87.07716 26.4037 curveto
87.03046 26.45041 86.9671 26.47665 86.90105 26.47665 curveto
86.83499 26.47665 86.77164 26.45041 86.72493 26.4037 curveto
86.67822 26.357 86.65198 26.29364 86.65198 26.22758 curveto
86.65198 26.16153 86.67822 26.09818 86.72493 26.05147 curveto
86.77164 26.00476 86.83499 25.97852 86.90105 25.97852 curveto
86.9671 25.97852 87.03046 26.00476 87.07716 26.05147 curveto
87.12387 26.09818 87.15012 26.16153 87.15012 26.22758 curveto closepath fill
newpath 89.62257 24.6553 moveto
89.62257 24.72136 89.59633 24.78471 89.54962 24.83142 curveto
89.50291 24.87813 89.43956 24.90437 89.3735 24.90437 curveto
89.30745 24.90437 89.2441 24.87813 89.19739 24.83142 curveto
89.15068 24.78471 89.12444 24.72136 89.12444 24.6553 curveto
89.12444 24.58925 89.15068 24.5259 89.19739 24.47919 curveto
89.2441 24.43248 89.30745 24.40623 89.3735 24.40623 curveto
89.43956 24.40623 89.50291 24.43248 89.54962 24.47919 curveto
89.59633 24.5259 89.62257 24.58925 89.62257 24.6553 curveto closepath fill
newpath 92.09436 23.08339 moveto
92.09436 23.14944 92.06812 23.2128 92.02141 23.2595 curveto
91.9747 23.30621 91.91135 23.33246 91.84529 23.33246 curveto
91.77924 23.33246 91.71588 23.30621 91.66917 23.2595 curveto
91.62247 23.2128 91.59622 23.14944 91.59622 23.08339 curveto
91.59622 23.01733 91.62247 22.95398 91.66917 22.90727 curveto
91.71588 22.86057 91.77924 22.83432 91.84529 22.83432 curveto
91.91135 22.83432 91.9747 22.86057 92.02141 22.90727 curveto
92.06812 22.95398 92.09436 23.01733 92.09436 23.08339 curveto closepath fill
 0.7 setgray
newpath 79.70093 49.81308 moveto
79.70093 57.74019 76.55144 65.34166 70.94655 70.94655 curveto
65.34166 76.55144 57.74019 79.70093 49.81308 79.70093 curveto
41.88597 79.70093 34.2845 76.55144 28.67961 70.94655 curveto
23.07472 65.34166 19.92523 57.74019 19.92523 49.81308 curveto
19.92523 41.88597 23.07472 34.2845 28.67961 28.67961 curveto
34.2845 23.07472 41.88597 19.92523 49.81308 19.92523 curveto
57.74019 19.92523 65.34166 23.07472 70.94655 28.67961 curveto
76.55144 34.2845 79.70093 41.88597 79.70093 49.81308 curveto closepath stroke
 0 0 0 setrgbcolor 0 1.4944 dtransform truncate idtransform setlinewidth pop
newpath 79.70093 49.81308 moveto
79.70123 50.68445 79.66307 51.55551 79.58691 52.42352 curveto
79.5106 53.29337 79.39598 54.15956 79.24396 55.01938 curveto
79.09225 55.87752 78.90268 56.7285 78.67664 57.57007 curveto
78.45044 58.41164 78.1879 59.24287 77.88904 60.0615 curveto
77.58955 60.88177 77.25436 61.68854 76.88435 62.47948 curveto
76.51509 63.2689 76.11134 64.04176 75.67444 64.79576 curveto
75.23663 65.5513 74.76599 66.28737 74.26387 67.0017 curveto
73.76266 67.71466 73.2306 68.40527 72.66905 69.07172 curveto
72.1075 69.73816 71.51723 70.37967 70.89957 70.99443 curveto
70.28056 71.61041 69.63493 72.19887 68.96454 72.75844 curveto
68.29552 73.3168 67.60246 73.84583 66.88722 74.34367 curveto
66.17198 74.84154 65.43546 75.30807 64.67947 75.74149 curveto
63.92197 76.17564 63.14561 76.57635 62.35315 76.94272 curveto
61.56221 77.30847 60.7556 77.63942 59.93562 77.93463 curveto
59.11563 78.22986 58.28319 78.48889 57.44055 78.71129 curveto
56.59625 78.93416 55.74268 79.11992 54.8821 79.26813 curveto
54.02321 79.41605 53.15837 79.52626 52.2899 79.59831 curveto
51.4196 79.67052 50.54672 79.70457 49.67352 79.70047 curveto
48.80217 79.69652 47.93126 79.65425 47.06354 79.57414 curveto
46.19598 79.49403 45.33221 79.37592 44.47499 79.22025 curveto
43.61578 79.06429 42.76389 78.8706 41.92155 78.64015 curveto
41.08104 78.41014 40.25102 78.14336 39.43378 77.84068 curveto
38.61653 77.53802 37.81297 77.19978 37.02538 76.82689 curveto
36.23625 76.45323 35.46355 76.04536 34.70999 75.6042 curveto
33.95796 75.16397 33.2257 74.69073 32.51501 74.18634 curveto
31.80434 73.68195 31.11615 73.14685 30.45229 72.58241 curveto
29.78706 72.01675 29.14691 71.42221 28.53368 70.80061 curveto
27.92166 70.18022 27.3373 69.53339 26.78198 68.86194 curveto
26.22545 68.18895 25.6987 67.49179 25.20313 66.77275 curveto
24.70862 66.05524 24.24573 65.31657 23.81581 64.55862 curveto
23.38591 63.80066 22.98929 63.024 22.62733 62.23138 curveto
22.26463 61.43709 21.93657 60.6273 21.64455 59.80428 curveto
21.35313 58.98308 21.0982 58.14957 20.87975 57.30602 curveto
20.6613 56.46248 20.47949 55.6098 20.33568 54.7503 curveto
20.19157 53.88898 20.08531 53.02187 20.01689 52.15126 curveto
19.94864 51.28249 19.91855 50.41127 19.9266 49.5399 curveto
19.93466 48.66656 19.98102 47.79413 20.06525 46.9249 curveto
20.1493 46.05765 20.27138 45.19434 20.431 44.3377 curveto
20.5906 43.4811 20.78763 42.63193 21.02158 41.79248 curveto
21.256 40.95122 21.52719 40.12045 21.83427 39.3029 curveto
22.14058 38.48717 22.48247 37.68527 22.85902 36.8995 curveto
23.23557 36.11357 23.64616 35.34451 24.0899 34.59462 curveto
24.53455 33.84303 25.01189 33.11122 25.52054 32.40146 curveto
26.02812 31.6932 26.56657 31.00761 27.13405 30.34648 curveto
27.70169 29.68521 28.2979 29.04886 28.92133 28.43973 curveto
29.5458 27.82938 30.1969 27.24684 30.87231 26.69351 curveto
31.54636 26.14122 32.24397 25.61859 32.96378 25.12743 curveto
33.68509 24.6352 34.4277 24.17488 35.1893 23.7474 curveto
35.94908 23.32085 36.72726 22.92773 37.52156 22.56943 curveto
38.31584 22.21112 39.12549 21.88777 39.94821 21.60031 curveto
40.7726 21.31224 41.60916 21.0602 42.45558 20.8451 curveto
43.30005 20.63045 44.15347 20.45273 45.01358 20.31288 curveto
45.8737 20.17302 46.73944 20.07101 47.60852 20.00687 curveto
48.47943 19.94257 49.35262 19.9161 50.22581 19.92796 curveto
51.09702 19.93982 51.96747 19.9903 52.83443 20.07846 curveto
53.70139 20.16664 54.56424 20.29251 55.42024 20.45607 curveto
56.27792 20.61995 57.12816 20.82123 57.9682 21.05943 curveto
58.80643 21.2972 59.63402 21.57158 60.44823 21.8817 curveto
61.26425 22.19241 62.0663 22.53886 62.85207 22.91968 curveto
63.63634 23.29971 64.40356 23.7138 65.15149 24.16104 curveto
65.89941 24.60828 66.62727 25.08804 67.33324 25.59898 curveto
68.04073 26.11098 68.72542 26.65352 69.38548 27.22527 curveto
70.04417 27.79593 70.67732 28.39519 71.28357 29.0212 curveto
71.88982 29.6472 72.4684 30.29921 73.01749 30.97583 curveto
73.56778 31.65384 74.08813 32.35555 74.57718 33.07915 curveto
75.06516 33.80109 75.52106 34.5443 75.94397 35.30606 curveto
76.36703 36.06796 76.7568 36.84781 77.11147 37.64378 curveto
77.46687 38.44142 77.78703 39.25441 78.07146 40.08002 curveto
78.35527 40.9038 78.60321 41.73958 78.8139 42.5851 curveto
79.02505 43.43245 79.19896 44.28877 79.33517 45.1513 curveto
79.47108 46.01204 79.56912 46.87839 79.62933 47.74762 curveto
79.68953 48.617 79.71187 49.48853 79.6959 50.3599 curveto
79.67995 51.23293 79.62582 52.10489 79.53355 52.97307 curveto
79.44144 53.83972 79.31116 54.70181 79.14363 55.55705 curveto
78.9761 56.41216 78.77135 57.25966 78.52979 58.09682 curveto
78.28778 58.9358 78.00912 59.76399 77.69475 60.57866 curveto
77.381 61.3915 77.0318 62.19019 76.64812 62.97247 curveto
76.26427 63.75505 75.84653 64.52046 75.3958 65.26642 curveto
74.9443 66.01373 74.46013 66.74083 73.94508 67.44589 curveto
73.43097 68.14958 72.88644 68.8303 72.31288 69.48627 curveto
71.7381 70.14359 71.13475 70.77553 70.50464 71.38025 curveto
69.87589 71.98361 69.22084 72.55899 68.54178 73.10504 curveto
67.86272 73.6511 67.1601 74.16734 66.43573 74.65198 curveto
65.71 75.13751 64.96329 75.59114 64.19788 76.01146 curveto
63.43414 76.43103 62.65233 76.81685 61.85469 77.16801 curveto
61.05705 77.51918 60.24467 77.83522 59.41937 78.11523 curveto
58.59254 78.3957 57.75371 78.64 56.90561 78.8472 curveto
56.05902 79.0541 55.20392 79.22359 54.34259 79.3557 curveto
53.48126 79.4878 52.61446 79.5822 51.74492 79.63844 curveto
50.8734 79.69484 49.99991 79.71309 49.12672 79.69318 curveto
48.25566 79.67326 47.38597 79.61504 46.51993 79.51897 curveto
45.6519 79.42258 44.7886 79.2885 43.93228 79.11673 curveto
43.07794 78.94525 42.23135 78.73637 41.39526 78.49103 curveto
40.55917 78.24567 39.73402 77.96397 38.92255 77.64641 curveto
38.10925 77.3281 37.31056 76.9742 36.52827 76.58609 curveto
35.74767 76.1989 34.98439 75.77766 34.24072 75.32373 curveto
33.49689 74.86966 32.77344 74.38321 32.07219 73.86574 curveto
31.36957 73.34735 30.68974 72.79842 30.035 72.22076 curveto
29.38162 71.6443 28.7538 71.03943 28.15334 70.40794 curveto
27.55286 69.77647 26.98021 69.11899 26.43721 68.43735 curveto
25.89313 67.75433 25.37947 67.04776 24.89711 66.3199 curveto
24.41568 65.5934 23.96631 64.84608 23.5504 64.08022 curveto
23.13356 63.31299 22.75063 62.52782 22.40251 61.72699 curveto
22.05515 60.92784 21.7429 60.11394 21.46669 59.28757 curveto
21.19048 58.46104 20.95044 57.62267 20.7475 56.77518 curveto
20.5441 55.92586 20.37794 55.06818 20.24948 54.2044 curveto
20.12134 53.34262 20.03119 52.47551 19.97905 51.60582 curveto
19.92691 50.73598 19.91277 49.86415 19.93663 48.9931 curveto
19.96065 48.12021 20.02252 47.2487 20.1227 46.38129 curveto
20.22273 45.51555 20.36092 44.65468 20.53635 43.80095 curveto
20.71208 42.9457 20.9252 42.09834 21.17482 41.26164 curveto
21.42397 40.42676 21.70961 39.60298 22.03082 38.79303 curveto
22.35219 37.98293 22.70882 37.18727 23.09981 36.40833 curveto
23.49156 35.62787 23.91705 34.8649 24.3754 34.12169 curveto
24.83281 33.37999 25.32277 32.65883 25.84343 31.95999 curveto
26.36394 31.26117 26.91469 30.5853 27.49434 29.93466 curveto
28.0752 29.28267 28.68433 28.65636 29.31992 28.05756 curveto
29.95413 27.45998 30.61418 26.89037 31.29826 26.35056 curveto
31.98235 25.81075 32.68968 25.30118 33.41846 24.82323 curveto
34.14859 24.34422 34.89941 23.8976 35.66861 23.48427 curveto
36.43616 23.07169 37.22148 22.69286 38.02231 22.34915 curveto
38.8248 22.00484 39.64189 21.69594 40.4713 21.42291 curveto
41.29904 21.1505 42.13817 20.91426 42.98643 20.71512 curveto
43.83484 20.51613 44.69147 20.35437 45.554 20.23033 curveto
46.41853 20.10599 47.28792 20.01918 48.1599 19.97084 curveto
49.02989 19.9225 49.9017 19.91277 50.77261 19.94073 curveto
51.64352 19.9687 52.51291 20.03468 53.37804 20.13867 curveto
54.245 20.24295 55.10693 20.38509 55.96158 20.56462 curveto
56.81439 20.74385 57.65886 20.96016 58.49268 21.21312 curveto
59.32663 21.46623 60.14905 21.75537 60.95763 22.08054 curveto
61.76788 22.40631 62.56323 22.7675 63.34187 23.16275 curveto
64.11899 23.55724 64.87846 23.98532 65.61803 24.44608 curveto
66.35927 24.90791 67.07983 25.40196 67.7779 25.92688 curveto
68.47444 26.45058 69.14742 27.00468 69.79547 27.58737 curveto
70.44337 28.17004 71.06573 28.78055 71.66026 29.41751 curveto
72.25603 30.05583 72.82365 30.71983 73.36134 31.40771 curveto
73.89812 32.09438 74.40448 32.80415 74.87909 33.5352 curveto stroke
newpath 71.9982 31.8421 moveto
73.17145 31.92163 74.23877 32.54889 74.87909 33.5352 curveto
74.23877 32.54889 74.10019 31.31866 74.50504 30.21463 curveto stroke
showpage
%%EOF
