%!PS
%%BoundingBox: -1 -1 100 100 
%%HiResBoundingBox: -0.24907 -0.24907 99.87523 99.87523 
%%Creator: MetaPost 2.000
%%CreationDate: 2017.06.03:1629
%%Pages: 1
%%BeginProlog
%%EndProlog
%%Page: 1 1
 0 0 0 setrgbcolor 0 0.49814 dtransform truncate idtransform setlinewidth pop [] 0 setdash 1 setlinecap
 1 setlinejoin 10 setmiterlimit
newpath 0 49.81308 moveto
99.62616 49.81308 lineto stroke
newpath 94.64485 52.30374 moveto
95.82079 50.73582 97.66628 49.81308 99.62616 49.81308 curveto
97.66628 49.81308 95.82079 48.89034 94.64485 47.32242 curveto stroke
 0.49814 0 dtransform exch truncate exch idtransform pop setlinewidth
newpath 49.81308 0 moveto
49.81308 99.62616 lineto stroke
 0 0.49814 dtransform truncate idtransform setlinewidth pop
newpath 47.32242 94.64485 moveto
48.89034 95.82079 49.81308 97.66628 49.81308 99.62616 curveto
49.81308 97.66628 50.73582 95.82079 52.30374 94.64485 curveto stroke
 0.49814 0 dtransform exch truncate exch idtransform pop setlinewidth
newpath 19.92523 47.82056 moveto
19.92523 51.8056 lineto stroke
newpath 49.81308 47.82056 moveto
49.81308 51.8056 lineto stroke
newpath 79.70093 47.82056 moveto
79.70093 51.8056 lineto stroke
 0 0.49814 dtransform truncate idtransform setlinewidth pop
newpath 51.8056 19.92523 moveto
47.82056 19.92523 lineto stroke
newpath 51.8056 49.81308 moveto
47.82056 49.81308 lineto stroke
newpath 51.8056 79.70093 moveto
47.82056 79.70093 lineto stroke
 0.7 setgray
newpath 79.70093 49.81308 moveto
79.70093 57.74019 76.55144 65.34166 70.94655 70.94655 curveto
65.34166 76.55144 57.74019 79.70093 49.81308 79.70093 curveto
41.88597 79.70093 34.2845 76.55144 28.67961 70.94655 curveto
23.07472 65.34166 19.92523 57.74019 19.92523 49.81308 curveto
19.92523 41.88597 23.07472 34.2845 28.67961 28.67961 curveto
34.2845 23.07472 41.88597 19.92523 49.81308 19.92523 curveto
57.74019 19.92523 65.34166 23.07472 70.94655 28.67961 curveto
76.55144 34.2845 79.70093 41.88597 79.70093 49.81308 curveto closepath stroke
 0 0 0 setrgbcolor 0 1.4944 dtransform truncate idtransform setlinewidth pop
newpath 79.70093 49.81308 moveto
79.70108 48.94385 79.66322 48.0749 79.58737 47.20901 curveto
79.51152 46.34238 79.39781 45.47952 79.2467 44.62274 curveto
79.09575 43.76674 78.90755 42.91757 78.68256 42.07797 curveto
78.45743 41.23793 78.19565 40.40791 77.89815 39.59067 curveto
77.6008 38.77373 77.26819 37.97015 76.90077 37.18225 curveto
76.53319 36.39389 76.13126 35.6221 75.69633 34.8687 curveto
75.26172 34.11575 74.79442 33.38228 74.29579 32.67007 curveto
73.79703 31.95757 73.26724 31.26726 72.70828 30.60097 curveto
72.14946 29.93497 71.56177 29.29391 70.947 28.67915 curveto
70.33224 28.06439 69.6912 27.4767 69.02519 26.91788 curveto
68.3589 26.35892 67.6686 25.82913 66.95609 25.33037 curveto
66.24388 24.83174 65.5104 24.36444 64.75746 23.92982 curveto
64.00406 23.4949 63.23227 23.09297 62.44391 22.72539 curveto
61.656 22.35797 60.85243 22.02536 60.03549 21.72801 curveto
59.21825 21.43051 58.38823 21.16873 57.54819 20.9436 curveto
56.70859 20.71861 55.85942 20.53041 55.00342 20.37946 curveto
54.14664 20.22835 53.28378 20.11464 52.41714 20.03879 curveto
51.55125 19.96294 50.68231 19.92523 49.81308 19.92523 curveto
48.94385 19.92523 48.0749 19.96294 47.20901 20.03879 curveto
46.34238 20.11464 45.47952 20.22835 44.62274 20.37946 curveto
43.76674 20.53041 42.91757 20.71861 42.07797 20.9436 curveto
41.23793 21.16873 40.40791 21.43051 39.59067 21.72801 curveto
38.77373 22.02536 37.97015 22.35797 37.18225 22.72539 curveto
36.39389 23.09297 35.6221 23.4949 34.8687 23.92982 curveto
34.11575 24.36444 33.38228 24.83174 32.67007 25.33037 curveto
31.95757 25.82913 31.26726 26.35892 30.60097 26.91788 curveto
29.93497 27.4767 29.29391 28.06439 28.67915 28.67915 curveto
28.06439 29.29391 27.4767 29.93497 26.91788 30.60097 curveto
26.35892 31.26726 25.82913 31.95757 25.33037 32.67007 curveto
24.83174 33.38228 24.36444 34.11575 23.92982 34.8687 curveto
23.4949 35.6221 23.09297 36.39389 22.72539 37.18225 curveto
22.35797 37.97015 22.02536 38.77373 21.72801 39.59067 curveto
21.43051 40.40791 21.16873 41.23793 20.9436 42.07797 curveto
20.71861 42.91757 20.53041 43.76674 20.37946 44.62274 curveto
20.22835 45.47952 20.11464 46.34238 20.03879 47.20901 curveto
19.96294 48.0749 19.92508 48.94385 19.92523 49.81308 curveto stroke
newpath 18.43028 46.82457 moveto
19.37117 47.52995 19.92502 48.63715 19.92523 49.81308 curveto
19.92502 48.63715 20.47847 47.52974 21.41908 46.82402 curveto stroke
showpage
%%EOF
