%!PS
%%BoundingBox: -1 -1 100 100 
%%HiResBoundingBox: -0.24907 -0.24907 99.87523 99.87523 
%%Creator: MetaPost 2.000
%%CreationDate: 2017.06.03:1629
%%Pages: 1
%%BeginProlog
%%EndProlog
%%Page: 1 1
 0 0 0 setrgbcolor 0 0.49814 dtransform truncate idtransform setlinewidth pop [] 0 setdash 1 setlinecap
 1 setlinejoin 10 setmiterlimit
newpath 0 49.81308 moveto
99.62616 49.81308 lineto stroke
newpath 94.64485 52.30374 moveto
95.82079 50.73582 97.66628 49.81308 99.62616 49.81308 curveto
97.66628 49.81308 95.82079 48.89034 94.64485 47.32242 curveto stroke
 0.49814 0 dtransform exch truncate exch idtransform pop setlinewidth
newpath 49.81308 0 moveto
49.81308 99.62616 lineto stroke
 0 0.49814 dtransform truncate idtransform setlinewidth pop
newpath 47.32242 94.64485 moveto
48.89034 95.82079 49.81308 97.66628 49.81308 99.62616 curveto
49.81308 97.66628 50.73582 95.82079 52.30374 94.64485 curveto stroke
 0.49814 0 dtransform exch truncate exch idtransform pop setlinewidth
newpath 19.92523 47.82056 moveto
19.92523 51.8056 lineto stroke
newpath 49.81308 47.82056 moveto
49.81308 51.8056 lineto stroke
newpath 79.70093 47.82056 moveto
79.70093 51.8056 lineto stroke
 0 0.49814 dtransform truncate idtransform setlinewidth pop
newpath 51.8056 19.92523 moveto
47.82056 19.92523 lineto stroke
newpath 51.8056 49.81308 moveto
47.82056 49.81308 lineto stroke
newpath 51.8056 79.70093 moveto
47.82056 79.70093 lineto stroke
newpath 50.06215 49.81308 moveto
50.06215 49.87914 50.0359 49.94249 49.9892 49.9892 curveto
49.94249 50.0359 49.87914 50.06215 49.81308 50.06215 curveto
49.74702 50.06215 49.68367 50.0359 49.63696 49.9892 curveto
49.59026 49.94249 49.56401 49.87914 49.56401 49.81308 curveto
49.56401 49.74702 49.59026 49.68367 49.63696 49.63696 curveto
49.68367 49.59026 49.74702 49.56401 49.81308 49.56401 curveto
49.87914 49.56401 49.94249 49.59026 49.9892 49.63696 curveto
50.0359 49.68367 50.06215 49.74702 50.06215 49.81308 curveto closepath fill
newpath 48.84262 47.14899 moveto
48.84262 47.21504 48.81638 47.2784 48.76967 47.3251 curveto
48.72296 47.37181 48.6596 47.39806 48.59355 47.39806 curveto
48.5275 47.39806 48.46414 47.37181 48.41743 47.3251 curveto
48.37073 47.2784 48.34448 47.21504 48.34448 47.14899 curveto
48.34448 47.08293 48.37073 47.01958 48.41743 46.97287 curveto
48.46414 46.92616 48.5275 46.89992 48.59355 46.89992 curveto
48.6596 46.89992 48.72296 46.92616 48.76967 46.97287 curveto
48.81638 47.01958 48.84262 47.08293 48.84262 47.14899 curveto closepath fill
newpath 47.6231 44.4849 moveto
47.6231 44.55095 47.59685 44.6143 47.55014 44.66101 curveto
47.50343 44.70772 47.44008 44.73396 47.37402 44.73396 curveto
47.30797 44.73396 47.24461 44.70772 47.1979 44.66101 curveto
47.1512 44.6143 47.12495 44.55095 47.12495 44.4849 curveto
47.12495 44.41884 47.1512 44.35548 47.1979 44.30878 curveto
47.24461 44.26207 47.30797 44.23582 47.37402 44.23582 curveto
47.44008 44.23582 47.50343 44.26207 47.55014 44.30878 curveto
47.59685 44.35548 47.6231 44.41884 47.6231 44.4849 curveto closepath fill
newpath 46.40361 41.82085 moveto
46.40361 41.8869 46.37737 41.95026 46.33066 41.99696 curveto
46.28395 42.04367 46.2206 42.06992 46.15454 42.06992 curveto
46.08849 42.06992 46.02513 42.04367 45.97842 41.99696 curveto
45.93172 41.95026 45.90547 41.8869 45.90547 41.82085 curveto
45.90547 41.75479 45.93172 41.69144 45.97842 41.64473 curveto
46.02513 41.59802 46.08849 41.57178 46.15454 41.57178 curveto
46.2206 41.57178 46.28395 41.59802 46.33066 41.64473 curveto
46.37737 41.69144 46.40361 41.75479 46.40361 41.82085 curveto closepath fill
newpath 45.18408 39.15675 moveto
45.18408 39.22281 45.15784 39.28616 45.11113 39.33287 curveto
45.06442 39.37958 45.00107 39.40582 44.93501 39.40582 curveto
44.86896 39.40582 44.8056 39.37958 44.7589 39.33287 curveto
44.71219 39.28616 44.68594 39.22281 44.68594 39.15675 curveto
44.68594 39.0907 44.71219 39.02734 44.7589 38.98064 curveto
44.8056 38.93393 44.86896 38.90768 44.93501 38.90768 curveto
45.00107 38.90768 45.06442 38.93393 45.11113 38.98064 curveto
45.15784 39.02734 45.18408 39.0907 45.18408 39.15675 curveto closepath fill
newpath 43.96423 36.49197 moveto
43.96423 36.55803 43.93799 36.62138 43.89128 36.66809 curveto
43.84457 36.7148 43.78122 36.74104 43.71516 36.74104 curveto
43.64911 36.74104 43.58575 36.7148 43.53905 36.66809 curveto
43.49234 36.62138 43.4661 36.55803 43.4661 36.49197 curveto
43.4661 36.42592 43.49234 36.36256 43.53905 36.31586 curveto
43.58575 36.26915 43.64911 36.2429 43.71516 36.2429 curveto
43.78122 36.2429 43.84457 36.26915 43.89128 36.31586 curveto
43.93799 36.36256 43.96423 36.42592 43.96423 36.49197 curveto closepath fill
newpath 42.7447 33.82788 moveto
42.7447 33.89394 42.71846 33.95729 42.67175 34.004 curveto
42.62505 34.0507 42.56169 34.07695 42.49564 34.07695 curveto
42.42958 34.07695 42.36623 34.0507 42.31952 34.004 curveto
42.27281 33.95729 42.24657 33.89394 42.24657 33.82788 curveto
42.24657 33.76183 42.27281 33.69847 42.31952 33.65176 curveto
42.36623 33.60506 42.42958 33.57881 42.49564 33.57881 curveto
42.56169 33.57881 42.62505 33.60506 42.67175 33.65176 curveto
42.71846 33.69847 42.7447 33.76183 42.7447 33.82788 curveto closepath fill
newpath 41.52519 31.16382 moveto
41.52519 31.22987 41.49895 31.29323 41.45224 31.33994 curveto
41.40553 31.38664 41.34218 31.41289 41.27612 31.41289 curveto
41.21007 31.41289 41.14671 31.38664 41.1 31.33994 curveto
41.0533 31.29323 41.02705 31.22987 41.02705 31.16382 curveto
41.02705 31.09776 41.0533 31.03441 41.1 30.9877 curveto
41.14671 30.941 41.21007 30.91475 41.27612 30.91475 curveto
41.34218 30.91475 41.40553 30.941 41.45224 30.9877 curveto
41.49895 31.03441 41.52519 31.09776 41.52519 31.16382 curveto closepath fill
newpath 40.30566 28.49973 moveto
40.30566 28.56578 40.27942 28.62914 40.23271 28.67584 curveto
40.186 28.72255 40.12265 28.7488 40.0566 28.7488 curveto
39.99054 28.7488 39.92719 28.72255 39.88048 28.67584 curveto
39.83377 28.62914 39.80753 28.56578 39.80753 28.49973 curveto
39.80753 28.43367 39.83377 28.37032 39.88048 28.32361 curveto
39.92719 28.2769 39.99054 28.25066 40.0566 28.25066 curveto
40.12265 28.25066 40.186 28.2769 40.23271 28.32361 curveto
40.27942 28.37032 40.30566 28.43367 40.30566 28.49973 curveto closepath fill
newpath 39.08617 25.83565 moveto
39.08617 25.9017 39.05992 25.96506 39.01321 26.01176 curveto
38.9665 26.05847 38.90315 26.08472 38.8371 26.08472 curveto
38.77104 26.08472 38.70769 26.05847 38.66098 26.01176 curveto
38.61427 25.96506 38.58803 25.9017 38.58803 25.83565 curveto
38.58803 25.76959 38.61427 25.70624 38.66098 25.65953 curveto
38.70769 25.61282 38.77104 25.58658 38.8371 25.58658 curveto
38.90315 25.58658 38.9665 25.61282 39.01321 25.65953 curveto
39.05992 25.70624 39.08617 25.76959 39.08617 25.83565 curveto closepath fill
newpath 37.86664 23.17155 moveto
37.86664 23.23761 37.8404 23.30096 37.79369 23.34767 curveto
37.74698 23.39438 37.68362 23.42062 37.61757 23.42062 curveto
37.55151 23.42062 37.48816 23.39438 37.44145 23.34767 curveto
37.39474 23.30096 37.3685 23.23761 37.3685 23.17155 curveto
37.3685 23.1055 37.39474 23.04214 37.44145 22.99544 curveto
37.48816 22.94873 37.55151 22.92249 37.61757 22.92249 curveto
37.68362 22.92249 37.74698 22.94873 37.79369 22.99544 curveto
37.8404 23.04214 37.86664 23.1055 37.86664 23.17155 curveto closepath fill
newpath 36.64713 20.50749 moveto
36.64713 20.57355 36.62088 20.6369 36.57417 20.68361 curveto
36.52747 20.73032 36.46411 20.75656 36.39806 20.75656 curveto
36.332 20.75656 36.26865 20.73032 36.22194 20.68361 curveto
36.17523 20.6369 36.14899 20.57355 36.14899 20.50749 curveto
36.14899 20.44144 36.17523 20.37808 36.22194 20.33138 curveto
36.26865 20.28467 36.332 20.25842 36.39806 20.25842 curveto
36.46411 20.25842 36.52747 20.28467 36.57417 20.33138 curveto
36.62088 20.37808 36.64713 20.44144 36.64713 20.50749 curveto closepath fill
newpath 35.4276 17.8434 moveto
35.4276 17.90945 35.40135 17.97281 35.35464 18.01952 curveto
35.30794 18.06622 35.24458 18.09247 35.17853 18.09247 curveto
35.11247 18.09247 35.04912 18.06622 35.00241 18.01952 curveto
34.9557 17.97281 34.92946 17.90945 34.92946 17.8434 curveto
34.92946 17.77734 34.9557 17.71399 35.00241 17.66728 curveto
35.04912 17.62057 35.11247 17.59433 35.17853 17.59433 curveto
35.24458 17.59433 35.30794 17.62057 35.35464 17.66728 curveto
35.40135 17.71399 35.4276 17.77734 35.4276 17.8434 curveto closepath fill
newpath 34.20807 15.1793 moveto
34.20807 15.24536 34.18182 15.30872 34.13512 15.35542 curveto
34.08841 15.40213 34.02505 15.42838 33.959 15.42838 curveto
33.89294 15.42838 33.82959 15.40213 33.78288 15.35542 curveto
33.73618 15.30872 33.70993 15.24536 33.70993 15.1793 curveto
33.70993 15.11325 33.73618 15.0499 33.78288 15.00319 curveto
33.82959 14.95648 33.89294 14.93024 33.959 14.93024 curveto
34.02505 14.93024 34.08841 14.95648 34.13512 15.00319 curveto
34.18182 15.0499 34.20807 15.11325 34.20807 15.1793 curveto closepath fill
newpath 32.98854 12.51521 moveto
32.98854 12.58127 32.9623 12.64462 32.91559 12.69133 curveto
32.86888 12.73804 32.80553 12.76428 32.73947 12.76428 curveto
32.67342 12.76428 32.61006 12.73804 32.56335 12.69133 curveto
32.51665 12.64462 32.4904 12.58127 32.4904 12.51521 curveto
32.4904 12.44916 32.51665 12.3858 32.56335 12.3391 curveto
32.61006 12.29239 32.67342 12.26614 32.73947 12.26614 curveto
32.80553 12.26614 32.86888 12.29239 32.91559 12.3391 curveto
32.9623 12.3858 32.98854 12.44916 32.98854 12.51521 curveto closepath fill
newpath 31.76906 9.85117 moveto
31.76906 9.91722 31.74281 9.98058 31.6961 10.02728 curveto
31.6494 10.07399 31.58604 10.10023 31.51999 10.10023 curveto
31.45393 10.10023 31.39058 10.07399 31.34387 10.02728 curveto
31.29716 9.98058 31.27092 9.91722 31.27092 9.85117 curveto
31.27092 9.78511 31.29716 9.72176 31.34387 9.67505 curveto
31.39058 9.62834 31.45393 9.6021 31.51999 9.6021 curveto
31.58604 9.6021 31.6494 9.62834 31.6961 9.67505 curveto
31.74281 9.72176 31.76906 9.78511 31.76906 9.85117 curveto closepath fill
newpath 30.54921 7.18639 moveto
30.54921 7.25244 30.52296 7.3158 30.47626 7.3625 curveto
30.42955 7.40921 30.3662 7.43546 30.30014 7.43546 curveto
30.23409 7.43546 30.17073 7.40921 30.12402 7.3625 curveto
30.07732 7.3158 30.05107 7.25244 30.05107 7.18639 curveto
30.05107 7.12033 30.07732 7.05698 30.12402 7.01027 curveto
30.17073 6.96356 30.23409 6.93732 30.30014 6.93732 curveto
30.3662 6.93732 30.42955 6.96356 30.47626 7.01027 curveto
30.52296 7.05698 30.54921 7.12033 30.54921 7.18639 curveto closepath fill
newpath 29.33 4.52298 moveto
29.33 4.58904 29.30376 4.65239 29.25705 4.6991 curveto
29.21034 4.7458 29.14699 4.77205 29.08093 4.77205 curveto
29.01488 4.77205 28.95152 4.7458 28.90482 4.6991 curveto
28.85811 4.65239 28.83186 4.58904 28.83186 4.52298 curveto
28.83186 4.45692 28.85811 4.39357 28.90482 4.34686 curveto
28.95152 4.30016 29.01488 4.27391 29.08093 4.27391 curveto
29.14699 4.27391 29.21034 4.30016 29.25705 4.34686 curveto
29.30376 4.39357 29.33 4.45692 29.33 4.52298 curveto closepath fill
 0.7 setgray
newpath 79.70093 49.81308 moveto
79.70093 57.74019 76.55144 65.34166 70.94655 70.94655 curveto
65.34166 76.55144 57.74019 79.70093 49.81308 79.70093 curveto
41.88597 79.70093 34.2845 76.55144 28.67961 70.94655 curveto
23.07472 65.34166 19.92523 57.74019 19.92523 49.81308 curveto
19.92523 41.88597 23.07472 34.2845 28.67961 28.67961 curveto
34.2845 23.07472 41.88597 19.92523 49.81308 19.92523 curveto
57.74019 19.92523 65.34166 23.07472 70.94655 28.67961 curveto
76.55144 34.2845 79.70093 41.88597 79.70093 49.81308 curveto closepath stroke
 0 0 0 setrgbcolor 0 1.4944 dtransform truncate idtransform setlinewidth pop
newpath 79.70093 49.81308 moveto
79.70093 48.95114 79.66368 48.08966 79.58919 47.23091 curveto
79.51471 46.37201 79.40282 45.51677 79.25446 44.66743 curveto
79.10608 43.81857 78.92108 42.97655 78.69989 42.14365 curveto
78.47871 41.31029 78.22165 40.48695 77.92917 39.67595 curveto
77.63684 38.86523 77.30939 38.06744 76.9482 37.28487 curveto
76.587 36.50227 76.19221 35.73566 75.76474 34.98727 curveto
75.33711 34.23859 74.87726 33.50891 74.38655 32.80005 curveto
73.89584 32.09149 73.37457 31.40453 72.82457 30.74097 curveto
72.27441 30.07726 71.69615 29.43742 71.09065 28.82373 curveto
70.48532 28.21019 69.85355 27.62325 69.19759 27.06427 curveto
68.54147 26.50531 67.8618 25.97476 67.15994 25.47447 curveto
66.45793 24.97403 65.73448 24.50446 64.99187 24.06665 curveto
64.24927 23.62883 63.48827 23.22325 62.7107 22.85126 curveto
61.93327 22.47928 61.13991 22.14134 60.3333 21.83792 curveto
59.52638 21.53448 58.70671 21.26602 57.87654 21.03343 curveto
57.04668 20.80101 56.20694 20.6046 55.36005 20.44467 curveto
54.513 20.2846 53.65927 20.16116 52.80159 20.07481 curveto
51.94406 19.98862 51.08304 19.93967 50.22125 19.92796 curveto
49.35947 19.91626 48.49767 19.9418 47.63817 20.00458 curveto
46.7782 20.06737 45.92143 20.16695 45.07013 20.30376 curveto
44.21915 20.44057 43.37453 20.61433 42.53859 20.82411 curveto
41.7025 21.03389 40.87582 21.27986 40.06085 21.5611 curveto
39.24605 21.84233 38.44385 22.15868 37.65656 22.50923 curveto stroke
newpath 39.77902 19.92831 moveto
39.51715 21.07472 38.7308 22.0309 37.65656 22.50923 curveto
38.7308 22.0309 39.96756 22.08626 40.99478 22.65866 curveto stroke
showpage
%%EOF
