%!PS
%%BoundingBox: -1 -1 121 120 
%%HiResBoundingBox: -0.24907 -0.24907 120.17406 119.80046 
%%Creator: MetaPost 2.000
%%CreationDate: 2017.06.03:1629
%%Pages: 1
%%BeginProlog
%%EndProlog
%%Page: 1 1
 0.7 setgray 0 0.49814 dtransform truncate idtransform setlinewidth pop [] 0 setdash 1 setlinecap
 1 setlinejoin 10 setmiterlimit
newpath 0 59.7757 moveto
119.55139 59.7757 lineto stroke
 0 0 0 setrgbcolor
newpath 114.57008 62.26636 moveto
115.74602 60.69844 117.5915 59.7757 119.55139 59.7757 curveto
117.5915 59.7757 115.74602 58.85295 114.57008 57.28503 curveto stroke
 0.7 setgray 0.49814 0 dtransform exch truncate exch idtransform pop setlinewidth
newpath 59.7757 0 moveto
59.7757 119.55139 lineto stroke
 0 0 0 setrgbcolor 0 0.49814 dtransform truncate idtransform setlinewidth pop
newpath 57.28503 114.57008 moveto
58.85295 115.74602 59.7757 117.5915 59.7757 119.55139 curveto
59.7757 117.5915 60.69844 115.74602 62.26636 114.57008 curveto stroke
 0.7 setgray 0.49814 0 dtransform exch truncate exch idtransform pop setlinewidth
newpath 11.95514 57.78317 moveto
11.95514 61.76822 lineto stroke
newpath 23.91028 57.78317 moveto
23.91028 61.76822 lineto stroke
newpath 35.86542 57.78317 moveto
35.86542 61.76822 lineto stroke
newpath 47.82056 57.78317 moveto
47.82056 61.76822 lineto stroke
newpath 71.73083 57.78317 moveto
71.73083 61.76822 lineto stroke
newpath 83.68597 57.78317 moveto
83.68597 61.76822 lineto stroke
newpath 95.64111 57.78317 moveto
95.64111 61.76822 lineto stroke
newpath 107.59625 57.78317 moveto
107.59625 61.76822 lineto stroke
 0 0.49814 dtransform truncate idtransform setlinewidth pop
newpath 61.76822 11.95514 moveto
57.78317 11.95514 lineto stroke
newpath 61.76822 23.91028 moveto
57.78317 23.91028 lineto stroke
newpath 61.76822 35.86542 moveto
57.78317 35.86542 lineto stroke
newpath 61.76822 47.82056 moveto
57.78317 47.82056 lineto stroke
newpath 61.76822 71.73083 moveto
57.78317 71.73083 lineto stroke
newpath 61.76822 83.68597 moveto
57.78317 83.68597 lineto stroke
newpath 61.76822 95.64111 moveto
57.78317 95.64111 lineto stroke
newpath 61.76822 107.59625 moveto
57.78317 107.59625 lineto stroke
 0 0 0 setrgbcolor
newpath 62.76448 59.7757 moveto
62.81537 59.86435 62.86116 59.95557 62.90202 60.04915 curveto
62.94435 60.1462 62.98175 60.24542 63.01349 60.3465 curveto
63.04633 60.4512 63.07405 60.55756 63.09576 60.66518 curveto
63.1182 60.77664 63.13516 60.889 63.14592 61.0021 curveto
63.15704 61.11923 63.16252 61.2369 63.1616 61.35437 curveto
63.1607 61.47586 63.15395 61.59735 63.14063 61.71811 curveto
63.12695 61.84308 63.10707 61.9673 63.0808 62.09026 curveto
63.0538 62.21686 63.0206 62.34236 62.98102 62.46567 curveto
62.94016 62.59282 62.89326 62.71796 62.84 62.84036 curveto
62.7851 62.9666 62.72417 63.08992 62.65721 63.21013 curveto
62.58826 63.33382 62.51347 63.45421 62.43285 63.5706 curveto
62.34984 63.69026 62.261 63.8061 62.16669 63.9172 curveto
62.06964 64.03139 61.96748 64.14085 61.85985 64.2452 curveto
61.74931 64.35228 61.63383 64.45424 61.51344 64.5502 curveto
61.38994 64.64871 61.26189 64.74156 61.12944 64.82785 curveto
60.99371 64.91632 60.85362 64.9986 60.71005 65.07375 curveto
60.56265 65.15091 60.4118 65.22096 60.25783 65.2837 curveto
60.10004 65.34811 59.93933 65.40521 59.77606 65.45428 curveto
59.60878 65.50462 59.4395 65.54732 59.2682 65.5816 curveto
59.0929 65.61682 58.91612 65.644 58.73827 65.66241 curveto
58.55585 65.6814 58.3727 65.69215 58.18936 65.69398 curveto
58.0022 65.6958 57.81522 65.68924 57.6286 65.67355 curveto
57.43779 65.6575 57.24808 65.63306 57.05963 65.59949 curveto
56.86699 65.56519 56.67636 65.52214 56.48775 65.47015 curveto
56.2951 65.41707 56.10521 65.35504 55.91841 65.28426 curveto
55.7276 65.21184 55.54025 65.13121 55.35692 65.04164 curveto
55.16994 64.95024 54.98715 64.85028 54.80928 64.74211 curveto
54.62778 64.63156 54.45137 64.51317 54.2808 64.38657 curveto
54.10678 64.25742 53.93877 64.12042 53.77751 63.97575 curveto
53.61314 63.82835 53.45535 63.67366 53.30504 63.51186 curveto
53.15181 63.34695 53.00606 63.1753 52.8687 62.99707 curveto
52.72859 62.81537 52.5967 62.62767 52.47375 62.43393 curveto
52.3486 62.23656 52.23222 62.03389 52.1255 61.82611 curveto
52.01678 61.61414 51.91737 61.39742 51.82834 61.17633 curveto
51.73787 60.95177 51.65741 60.72337 51.58774 60.49152 curveto
51.51677 60.25565 51.4562 60.0165 51.40695 59.77515 curveto
51.35696 59.52962 51.31757 59.28188 51.29002 59.03288 curveto
51.26193 58.7795 51.24496 58.5252 51.23985 58.27036 curveto
51.23474 58.01132 51.24095 57.7521 51.25919 57.4936 curveto
51.27762 57.23093 51.30789 56.96896 51.35004 56.70901 curveto
51.3929 56.44487 51.44745 56.18256 51.51404 55.92332 curveto
51.58171 55.65991 51.6607 55.3996 51.75172 55.1433 curveto
51.84422 54.88298 51.94801 54.62686 52.06349 54.37604 curveto
52.18079 54.1212 52.3092 53.87164 52.44894 53.62848 curveto
52.59087 53.38147 52.74336 53.14087 52.90681 52.90773 curveto
53.07263 52.67113 53.24886 52.44183 53.43529 52.22092 curveto
53.62502 51.99635 53.8244 51.78 54.03345 51.57332 curveto
54.24506 51.36409 54.46579 51.16434 54.69527 50.9748 curveto
54.92822 50.78253 55.16939 50.60083 55.41858 50.43027 curveto
55.67122 50.25734 55.93117 50.09535 56.19824 49.94557 curveto
56.46913 49.79362 56.7466 49.6537 57.02989 49.52673 curveto
57.31703 49.39795 57.61 49.28194 57.90752 49.17941 curveto
58.20924 49.07542 58.51535 48.98477 58.8251 48.90816 curveto
59.13905 48.83044 59.4561 48.7664 59.7757 48.71716 curveto
60.09949 48.66718 60.4253 48.63142 60.75238 48.61044 curveto
61.08365 48.58928 61.41566 48.58235 61.74748 48.59074 curveto
62.08368 48.59914 62.41934 48.62248 62.75336 48.66078 curveto
63.09175 48.69965 63.42831 48.75346 63.76178 48.82224 curveto
64.09944 48.89192 64.43399 48.97638 64.76418 49.07579 curveto
65.09856 49.1765 65.42819 49.29178 65.75235 49.42184 curveto
66.08107 49.55374 66.4036 49.70004 66.71936 49.86057 curveto
67.03824 50.02274 67.34999 50.19878 67.65318 50.38885 curveto
67.96 50.58113 68.25809 50.78691 68.54668 51.00563 curveto
68.83873 51.2269 69.12094 51.46077 69.3922 51.70721 curveto
69.66656 51.95659 69.92998 52.21764 70.18117 52.49036 curveto
70.43529 52.76599 70.67717 53.05275 70.90575 53.34991 curveto
71.13705 53.65054 71.35504 53.96121 71.5588 54.28117 curveto
71.76477 54.6048 71.9565 54.93735 72.13307 55.27792 curveto
72.31148 55.62233 72.47511 55.97423 72.62233 56.33305 curveto
72.77136 56.69588 72.90453 57.06493 73.02074 57.4396 curveto
73.13821 57.81831 73.23909 58.20213 73.32265 58.58978 curveto
73.4071 58.98161 73.4746 59.37692 73.52403 59.77478 curveto
73.57402 60.17683 73.60649 60.5809 73.62053 60.98587 curveto
73.63495 61.39597 73.6313 61.8066 73.6094 62.21631 curveto
73.58733 62.62949 73.5472 63.04158 73.48865 63.45111 curveto
73.42935 63.86502 73.352 64.2762 73.25642 64.68318 curveto
73.15993 65.09436 73.04555 65.50134 72.9131 65.9023 curveto
72.7792 66.30765 72.62761 66.70679 72.45851 67.09862 curveto
72.28758 67.49448 72.09969 67.88248 71.89447 68.26173 curveto
71.68724 68.64464 71.4636 69.01842 71.22334 69.38162 curveto
70.98071 69.74829 70.72223 70.10437 70.44823 70.44823 curveto
70.17168 70.79556 69.87999 71.13068 69.57388 71.45229 curveto
69.26468 71.777 68.94162 72.08801 68.60487 72.38408 curveto
68.26501 72.68289 67.91222 72.96692 67.5472 73.23471 curveto
67.1787 73.50507 66.79872 73.75935 66.40779 73.99614 curveto
66.01321 74.2351 65.60843 74.45694 65.1945 74.66034 curveto
64.77658 74.86555 64.3499 75.05254 63.91556 75.22018 curveto
63.4761 75.38965 63.02954 75.53996 62.57695 75.67021 curveto
62.12108 75.8012 61.65993 75.91248 61.19438 76.00276 curveto
60.72466 76.09398 60.2509 76.16458 59.77496 76.21402 curveto
59.29465 76.26381 58.81233 76.29282 58.32947 76.3003 curveto
57.84221 76.30777 57.35478 76.29391 56.86882 76.25853 curveto
56.37865 76.22276 55.89014 76.16585 55.40489 76.08705 curveto
54.91545 76.0075 54.42967 75.90663 53.94917 75.78441 curveto
53.4643 75.66109 52.98508 75.51662 52.51297 75.35117 curveto
52.03685 75.18425 51.5682 74.99654 51.10869 74.78839 curveto
50.64516 74.57843 50.19093 74.34839 49.74765 74.09848 curveto
49.30054 73.84637 48.86473 73.57494 48.4417 73.28452 curveto
48.01501 72.99173 47.60129 72.68033 47.20197 72.35106 curveto
46.79936 72.01906 46.41136 71.6699 46.03958 71.30379 curveto
45.66379 70.93384 45.30443 70.54747 44.96275 70.14597 curveto
44.61888 69.7419 44.29272 69.32306 43.98589 68.89037 curveto
43.6765 68.4542 43.38626 68.00452 43.11647 67.54282 curveto
42.84448 67.07727 42.59256 66.60043 42.36234 66.11282 curveto
42.1303 65.62137 41.92015 65.1199 41.73225 64.60985 curveto
41.54291 64.0958 41.37581 63.5737 41.23224 63.04504 curveto
41.08759 62.51219 40.96628 61.97333 40.86905 61.42989 curveto
40.77109 60.88208 40.69684 60.33026 40.6474 59.77606 curveto
40.5976 59.21748 40.57207 58.6569 40.57133 58.09615 curveto
40.57079 57.531 40.5945 56.96605 40.64357 56.40291 curveto
40.69283 55.83559 40.76689 55.27063 40.86594 54.70987 curveto
40.96573 54.14473 41.08995 53.58434 41.239 53.03014 curveto
41.38913 52.47192 41.56316 51.92029 41.76181 51.3774 curveto
41.9623 50.82922 42.18666 50.29 42.4344 49.7617 curveto
42.68358 49.23048 42.95593 48.71022 43.25073 48.20291 curveto
43.54771 47.69177 43.86676 47.19376 44.20753 46.71071 curveto
44.55066 46.2242 44.91496 45.7528 45.2995 45.29822 curveto
45.68697 44.84035 46.09413 44.39943 46.52026 43.97731 curveto
46.94931 43.5521 47.39679 43.14584 47.8616 42.75984 curveto
48.3297 42.37128 48.81458 42.00316 49.31494 41.6571 curveto
49.81898 41.30849 50.33797 40.98196 50.87064 40.67896 curveto
51.40695 40.37376 51.9564 40.09212 52.51753 39.83527 curveto
53.08249 39.57658 53.65857 39.34254 54.24414 39.1344 curveto
54.83391 38.9248 55.43225 38.74055 56.03807 38.5835 curveto
56.6479 38.42532 57.2645 38.29399 57.88582 38.18982 curveto
58.51152 38.08493 59.1416 38.00722 59.77405 37.9576 curveto
60.41089 37.90762 61.04955 37.88554 61.68839 37.89175 curveto
62.33269 37.89795 62.97646 37.93243 63.61784 37.995 curveto
64.26216 38.05794 64.90355 38.14877 65.54001 38.26808 curveto
66.18068 38.38812 66.81587 38.53587 67.44357 38.71173 curveto
68.0753 38.88869 68.69919 39.09317 69.31303 39.32484 curveto
69.9309 39.55798 70.53853 39.81793 71.13377 40.10434 curveto
71.73285 40.39256 72.31895 40.70705 72.89049 41.04672 curveto
73.46565 41.38858 74.0257 41.7556 74.56876 42.14635 curveto stroke
newpath 71.26993 41.61372 moveto
72.39207 41.2622 73.61424 41.45953 74.56876 42.14635 curveto
73.61424 41.45953 73.0388 40.3634 73.01556 39.1877 curveto stroke
 0 1.24533 dtransform truncate idtransform setlinewidth pop
newpath 102.04318 17.50821 moveto
59.7757 59.7757 lineto
119.55139 59.7757 lineto stroke
newpath 116.5626 61.2701 moveto
117.26816 60.32935 118.37546 59.7757 119.55139 59.7757 curveto
118.37546 59.7757 117.26816 59.22205 116.5626 58.2813 curveto stroke
newpath 100.9865 20.6783 moveto
100.82019 19.51419 101.21167 18.33972 102.04318 17.50821 curveto
101.21167 18.33972 100.0372 18.7312 98.8731 18.5649 curveto stroke
newpath 59.7757 61.76822 moveto
59.24722 61.76822 58.74046 61.55826 58.36679 61.1846 curveto
57.99313 60.81093 57.78317 60.30417 57.78317 59.7757 curveto
57.78317 59.24722 57.99313 58.74046 58.36679 58.36679 curveto
58.74046 57.99313 59.24722 57.78317 59.7757 57.78317 curveto
60.30417 57.78317 60.81093 57.99313 61.1846 58.36679 curveto
61.55826 58.74046 61.76822 59.24722 61.76822 59.7757 curveto
61.76822 60.30417 61.55826 60.81093 61.1846 61.1846 curveto
60.81093 61.55826 60.30417 61.76822 59.7757 61.76822 curveto closepath fill
showpage
%%EOF
