%!PS
%%BoundingBox: -1 -1 121 120 
%%HiResBoundingBox: -0.24907 -0.24907 120.17406 119.80046 
%%Creator: MetaPost 2.000
%%CreationDate: 2017.06.03:1629
%%Pages: 1
%%BeginProlog
%%EndProlog
%%Page: 1 1
 0.7 setgray 0 0.49814 dtransform truncate idtransform setlinewidth pop [] 0 setdash 1 setlinecap
 1 setlinejoin 10 setmiterlimit
newpath 0 59.7757 moveto
119.55139 59.7757 lineto stroke
 0 0 0 setrgbcolor
newpath 114.57008 62.26636 moveto
115.74602 60.69844 117.5915 59.7757 119.55139 59.7757 curveto
117.5915 59.7757 115.74602 58.85295 114.57008 57.28503 curveto stroke
 0.7 setgray 0.49814 0 dtransform exch truncate exch idtransform pop setlinewidth
newpath 59.7757 0 moveto
59.7757 119.55139 lineto stroke
 0 0 0 setrgbcolor 0 0.49814 dtransform truncate idtransform setlinewidth pop
newpath 57.28503 114.57008 moveto
58.85295 115.74602 59.7757 117.5915 59.7757 119.55139 curveto
59.7757 117.5915 60.69844 115.74602 62.26636 114.57008 curveto stroke
 0.7 setgray 0.49814 0 dtransform exch truncate exch idtransform pop setlinewidth
newpath 11.95514 57.78317 moveto
11.95514 61.76822 lineto stroke
newpath 23.91028 57.78317 moveto
23.91028 61.76822 lineto stroke
newpath 35.86542 57.78317 moveto
35.86542 61.76822 lineto stroke
newpath 47.82056 57.78317 moveto
47.82056 61.76822 lineto stroke
newpath 71.73083 57.78317 moveto
71.73083 61.76822 lineto stroke
newpath 83.68597 57.78317 moveto
83.68597 61.76822 lineto stroke
newpath 95.64111 57.78317 moveto
95.64111 61.76822 lineto stroke
newpath 107.59625 57.78317 moveto
107.59625 61.76822 lineto stroke
 0 0.49814 dtransform truncate idtransform setlinewidth pop
newpath 61.76822 11.95514 moveto
57.78317 11.95514 lineto stroke
newpath 61.76822 23.91028 moveto
57.78317 23.91028 lineto stroke
newpath 61.76822 35.86542 moveto
57.78317 35.86542 lineto stroke
newpath 61.76822 47.82056 moveto
57.78317 47.82056 lineto stroke
newpath 61.76822 71.73083 moveto
57.78317 71.73083 lineto stroke
newpath 61.76822 83.68597 moveto
57.78317 83.68597 lineto stroke
newpath 61.76822 95.64111 moveto
57.78317 95.64111 lineto stroke
newpath 61.76822 107.59625 moveto
57.78317 107.59625 lineto stroke
 0 0 0 setrgbcolor
newpath 62.76448 59.7757 moveto
62.8152 59.68704 62.86098 59.59583 62.90184 59.50224 curveto
62.94417 59.40501 62.98175 59.30579 63.01349 59.20453 curveto
63.04633 59.09982 63.07405 58.99365 63.09576 58.88603 curveto
63.1182 58.77457 63.13516 58.6622 63.14592 58.5491 curveto
63.15704 58.43198 63.16252 58.3145 63.1616 58.19702 curveto
63.1607 58.07535 63.15395 57.95367 63.14063 57.83273 curveto
63.12695 57.70813 63.10707 57.58391 63.0808 57.46132 curveto
63.0538 57.33472 63.0206 57.2094 62.9812 57.08626 curveto
62.94052 56.95912 62.89363 56.83397 62.84036 56.71158 curveto
62.78546 56.58516 62.72453 56.46147 62.6574 56.34126 curveto
62.58844 56.21758 62.51366 56.09718 62.43285 55.98079 curveto
62.34984 55.86113 62.26118 55.74547 62.16687 55.63455 curveto
62.06964 55.52019 61.9673 55.41054 61.8595 55.30602 curveto
61.74913 55.19894 61.63365 55.09715 61.51344 55.00119 curveto
61.38994 54.90268 61.26189 54.80983 61.12944 54.72354 curveto
60.99371 54.63507 60.8538 54.55298 60.71024 54.47783 curveto
60.56265 54.40067 60.41144 54.33025 60.2573 54.26732 curveto
60.09949 54.20291 59.93896 54.146 59.7757 54.09694 curveto
59.6086 54.04677 59.43913 54.00407 59.26802 53.96979 curveto
59.09271 53.93457 58.91612 53.9074 58.73827 53.88898 curveto
58.55603 53.87 58.37306 53.85924 58.18973 53.8574 curveto
58.00256 53.85559 57.81558 53.86197 57.62915 53.87766 curveto
57.43852 53.8937 57.2488 53.91833 57.06036 53.9519 curveto
56.86754 53.9862 56.67636 54.02943 56.48756 54.08142 curveto
56.2951 54.1345 56.10521 54.19635 55.91841 54.26714 curveto
55.72777 54.33937 55.54044 54.42 55.35728 54.50957 curveto
55.1703 54.60097 54.98752 54.70074 54.80965 54.80891 curveto
54.62796 54.91965 54.45119 55.03822 54.28044 55.16519 curveto
54.1066 55.29434 53.93877 55.43115 53.77751 55.57564 curveto
53.61314 55.72304 53.45535 55.87773 53.30504 56.03954 curveto
53.15163 56.2048 53.00569 56.37665 52.86797 56.55524 curveto
52.72786 56.73692 52.59616 56.92445 52.4732 57.1182 curveto
52.34807 57.31538 52.23186 57.51787 52.12532 57.72565 curveto
52.01678 57.93726 51.91754 58.15343 51.8287 58.37398 curveto
51.73805 58.59889 51.6576 58.82765 51.58774 59.05988 curveto
51.51677 59.29575 51.45639 59.53453 51.40714 59.77588 curveto
51.35715 60.02124 51.31775 60.26878 51.29002 60.51779 curveto
51.26193 60.77098 51.24496 61.02528 51.23985 61.28012 curveto
51.23474 61.5397 51.24095 61.79929 51.25919 62.05815 curveto
51.27762 62.32083 51.30789 62.58243 51.35004 62.84238 curveto
51.3929 63.10652 51.44727 63.36847 51.51385 63.6277 curveto
51.58153 63.89148 51.66089 64.15234 51.75209 64.40901 curveto
51.84439 64.66914 51.9482 64.92526 52.06367 65.17609 curveto
52.18097 65.43074 52.30939 65.68011 52.44913 65.92328 curveto
52.59087 66.17009 52.74355 66.41052 52.90681 66.64366 curveto
53.073 66.88063 53.2494 67.11029 53.4362 67.33157 curveto
53.62537 67.55559 53.8244 67.77121 54.0329 67.97734 curveto
54.2445 68.18658 54.46506 68.38632 54.69455 68.57587 curveto
54.9273 68.76814 55.1681 68.95001 55.41711 69.12057 curveto
55.67014 69.29387 55.93063 69.45586 56.19824 69.60582 curveto
56.46895 69.75758 56.74641 69.89732 57.02953 70.02429 curveto
57.31667 70.15308 57.60927 70.26927 57.9068 70.3718 curveto
58.20888 70.47597 58.51535 70.56662 58.82565 70.64342 curveto
59.13959 70.72113 59.45647 70.78499 59.77606 70.83423 curveto
60.09985 70.88422 60.42548 70.91997 60.75238 70.94095 curveto
61.08347 70.96211 61.4153 70.96886 61.74712 70.96046 curveto
62.08386 70.9519 62.42007 70.92891 62.75462 70.89043 curveto
63.09283 70.85156 63.42923 70.79774 63.76251 70.72897 curveto
64.10017 70.6593 64.43454 70.57483 64.76454 70.47542 curveto
65.09874 70.37471 65.42838 70.25961 65.75235 70.12955 curveto
66.08089 69.99765 66.40341 69.85135 66.71901 69.69083 curveto
67.03769 69.52866 67.34927 69.3528 67.65227 69.1629 curveto
67.95892 68.97081 68.25717 68.7654 68.54558 68.54668 curveto
68.838 68.32504 69.12094 68.0908 69.39256 67.844 curveto
69.66693 67.5948 69.92998 67.33376 70.18098 67.06122 curveto
70.43492 66.78558 70.6768 66.49883 70.90538 66.20184 curveto
71.13669 65.9014 71.35469 65.59091 71.55826 65.27113 curveto
71.76477 64.94696 71.95685 64.61386 72.13362 64.27274 curveto
72.31203 63.92851 72.47548 63.57661 72.6227 63.21797 curveto
72.77155 62.85533 72.90453 62.48628 73.02074 62.11179 curveto
73.1384 61.73235 73.23946 61.34816 73.32318 60.9598 curveto
73.40765 60.56813 73.47478 60.173 73.52422 59.77533 curveto
73.57402 59.37328 73.60649 58.96939 73.62071 58.5646 curveto
73.63495 58.15561 73.63148 57.7459 73.60959 57.33728 curveto
73.58751 56.92354 73.5472 56.51073 73.48865 56.10046 curveto
73.42953 55.68674 73.35219 55.27574 73.2566 54.86876 curveto
73.16011 54.45758 73.04591 54.05096 72.91347 53.65 curveto
72.77957 53.24484 72.62816 52.8457 72.45906 52.45406 curveto
72.28795 52.05765 72.09969 51.66891 71.89429 51.28911 curveto
71.68724 50.90639 71.46341 50.53279 71.22334 50.16977 curveto
70.9809 49.80328 70.7226 49.4472 70.44878 49.10352 curveto
70.17168 48.75565 69.87944 48.42018 69.5728 48.09802 curveto
69.26378 47.7735 68.94052 47.46265 68.60396 47.16676 curveto
68.26428 46.86795 67.91167 46.5841 67.54683 46.3165 curveto
67.17853 46.04614 66.79854 45.79204 66.40779 45.55525 curveto
66.01266 45.31592 65.60733 45.09355 65.19269 44.88997 curveto
64.77495 44.68474 64.34827 44.49794 63.91391 44.33047 curveto
63.47574 44.16138 63.03027 44.01143 62.57878 43.88155 curveto
62.1231 43.75056 61.66211 43.63947 61.19658 43.54916 curveto
60.72592 43.45778 60.25163 43.387 59.77496 43.33737 curveto
59.29483 43.2874 58.8127 43.25839 58.33002 43.25092 curveto
57.84294 43.24344 57.35588 43.2573 56.8701 43.29268 curveto
56.37901 43.32845 55.88977 43.38554 55.4038 43.46452 curveto
54.91454 43.54407 54.42894 43.64494 53.94862 43.76717 curveto
53.46393 43.89047 52.9849 44.03477 52.51297 44.20023 curveto
52.03703 44.36696 51.56876 44.55449 51.10942 44.76263 curveto
50.64516 44.97296 50.1902 45.20355 49.74619 45.45383 curveto
49.29926 45.70575 48.86363 45.97719 48.44078 46.26743 curveto
48.01428 46.56021 47.60074 46.87141 47.2016 47.2005 curveto
46.79918 47.53252 46.41136 47.88185 46.03958 48.24779 curveto
45.66415 48.61755 45.30461 49.00337 44.96312 49.4047 curveto
44.61925 49.80858 44.29344 50.22742 43.98662 50.65994 curveto
43.67741 51.09593 43.387 51.54504 43.11739 52.00658 curveto
42.84485 52.47284 42.59293 52.95078 42.36234 53.43912 curveto
42.13048 53.93056 41.92015 54.43167 41.73225 54.94154 curveto
41.54291 55.45523 41.37599 55.97696 41.2326 56.50543 curveto
41.08795 57.0381 40.96664 57.57698 40.8694 58.1204 curveto
40.77127 58.66895 40.69702 59.22168 40.6474 59.7768 curveto
40.59741 60.33517 40.57207 60.8954 40.57133 61.45598 curveto
40.57079 62.02094 40.5945 62.58571 40.64357 63.14848 curveto
40.69301 63.71672 40.76743 64.28241 40.86667 64.84409 curveto
40.96646 65.40886 41.09068 65.96925 41.23953 66.52309 curveto
41.3895 67.0811 41.56389 67.63257 41.76236 68.17526 curveto
41.9623 68.72217 42.18594 69.26013 42.43312 69.78714 curveto
42.68268 70.31926 42.95538 70.84026 43.25073 71.34848 curveto
43.54753 71.85925 43.8664 72.35709 44.20699 72.83995 curveto
44.55011 73.32648 44.91423 73.79767 45.29877 74.25208 curveto
45.68605 74.70976 46.09303 75.15031 46.5188 75.57225 curveto
46.94858 75.99821 47.3966 76.40536 47.86215 76.79192 curveto
48.33006 77.18048 48.81476 77.54842 49.31494 77.89429 curveto
49.8188 78.24272 50.3376 78.56906 50.87009 78.87207 curveto
51.40732 79.17763 51.9575 79.46 52.51935 79.71722 curveto
53.08414 79.97589 53.66003 80.20976 54.24542 80.41772 curveto
54.83482 80.62714 55.43317 80.81102 56.03862 80.9679 curveto
56.64827 81.12589 57.26468 81.25758 57.88582 81.36157 curveto
58.51244 81.46646 59.14342 81.54436 59.77698 81.59396 curveto
60.41362 81.64395 61.0521 81.66603 61.69075 81.65982 curveto
62.3336 81.65363 62.97572 81.6195 63.61548 81.55695 curveto
64.2596 81.494 64.90082 81.40297 65.53691 81.28368 curveto
66.17867 81.16345 66.81477 81.0157 67.44357 80.83966 curveto
68.07512 80.66289 68.69864 80.4584 69.3123 80.22691 curveto stroke
newpath 67.04333 82.68004 moveto
67.37143 81.5508 68.21205 80.64197 69.3123 80.22691 curveto
68.21205 80.64197 66.98062 80.51476 65.98843 79.88359 curveto stroke
 0 1.24533 dtransform truncate idtransform setlinewidth pop
newpath 89.66354 111.54257 moveto
59.7757 59.7757 lineto
119.55139 59.7757 lineto stroke
newpath 116.5626 61.2701 moveto
117.26816 60.32935 118.37546 59.7757 119.55139 59.7757 curveto
118.37546 59.7757 117.26816 59.22205 116.5626 58.2813 curveto stroke
newpath 86.87495 109.70142 moveto
88.04245 109.84206 89.07558 110.52419 89.66354 111.54257 curveto
89.07558 110.52419 89.0014 109.2884 89.46333 108.207 curveto stroke
newpath 59.7757 61.76822 moveto
59.24722 61.76822 58.74046 61.55826 58.36679 61.1846 curveto
57.99313 60.81093 57.78317 60.30417 57.78317 59.7757 curveto
57.78317 59.24722 57.99313 58.74046 58.36679 58.36679 curveto
58.74046 57.99313 59.24722 57.78317 59.7757 57.78317 curveto
60.30417 57.78317 60.81093 57.99313 61.1846 58.36679 curveto
61.55826 58.74046 61.76822 59.24722 61.76822 59.7757 curveto
61.76822 60.30417 61.55826 60.81093 61.1846 61.1846 curveto
60.81093 61.55826 60.30417 61.76822 59.7757 61.76822 curveto closepath fill
showpage
%%EOF
