%!PS
%%BoundingBox: -1 -1 125 125 
%%HiResBoundingBox: -0.24907 -0.24907 124.78185 124.78185 
%%Creator: MetaPost 2.000
%%CreationDate: 2017.06.03:1629
%%Pages: 1
%%BeginProlog
%%EndProlog
%%Page: 1 1
 0 0 0 setrgbcolor 0 0.49814 dtransform truncate idtransform setlinewidth pop [] 0 setdash 1 setlinecap
 1 setlinejoin 10 setmiterlimit
newpath 0 62.26639 moveto
124.53278 62.26639 lineto stroke
newpath 119.55147 64.75705 moveto
120.7274 63.18913 122.57289 62.26639 124.53278 62.26639 curveto
122.57289 62.26639 120.7274 61.34364 119.55147 59.77573 curveto stroke
 0.49814 0 dtransform exch truncate exch idtransform pop setlinewidth
newpath 62.26639 0 moveto
62.26639 124.53278 lineto stroke
 0 0.49814 dtransform truncate idtransform setlinewidth pop
newpath 59.77573 119.55147 moveto
61.34364 120.7274 62.26639 122.57289 62.26639 124.53278 curveto
62.26639 122.57289 63.18913 120.7274 64.75705 119.55147 curveto stroke
 0.49814 0 dtransform exch truncate exch idtransform pop setlinewidth
newpath 24.90656 60.27386 moveto
24.90656 64.25891 lineto stroke
newpath 62.26639 60.27386 moveto
62.26639 64.25891 lineto stroke
newpath 99.62622 60.27386 moveto
99.62622 64.25891 lineto stroke
 0 0.49814 dtransform truncate idtransform setlinewidth pop
newpath 64.25891 24.90656 moveto
60.27386 24.90656 lineto stroke
newpath 64.25891 62.26639 moveto
60.27386 62.26639 lineto stroke
newpath 64.25891 99.62622 moveto
60.27386 99.62622 lineto stroke
newpath 62.51546 62.26639 moveto
62.51546 62.33244 62.48921 62.3958 62.4425 62.4425 curveto
62.3958 62.48921 62.33244 62.51546 62.26639 62.51546 curveto
62.20033 62.51546 62.13698 62.48921 62.09027 62.4425 curveto
62.04356 62.3958 62.01732 62.33244 62.01732 62.26639 curveto
62.01732 62.20033 62.04356 62.13698 62.09027 62.09027 curveto
62.13698 62.04356 62.20033 62.01732 62.26639 62.01732 curveto
62.33244 62.01732 62.3958 62.04356 62.4425 62.09027 curveto
62.48921 62.13698 62.51546 62.20033 62.51546 62.26639 curveto closepath fill
newpath 60.41872 60.16965 moveto
60.41872 60.2357 60.39247 60.29906 60.34576 60.34576 curveto
60.29906 60.39247 60.2357 60.41872 60.16965 60.41872 curveto
60.10359 60.41872 60.04024 60.39247 59.99353 60.34576 curveto
59.94682 60.29906 59.92058 60.2357 59.92058 60.16965 curveto
59.92058 60.10359 59.94682 60.04024 59.99353 59.99353 curveto
60.04024 59.94682 60.10359 59.92058 60.16965 59.92058 curveto
60.2357 59.92058 60.29906 59.94682 60.34576 59.99353 curveto
60.39247 60.04024 60.41872 60.10359 60.41872 60.16965 curveto closepath fill
newpath 58.32193 58.07286 moveto
58.32193 58.13892 58.29568 58.20227 58.24898 58.24898 curveto
58.20227 58.29568 58.13892 58.32193 58.07286 58.32193 curveto
58.0068 58.32193 57.94345 58.29568 57.89674 58.24898 curveto
57.85004 58.20227 57.82379 58.13892 57.82379 58.07286 curveto
57.82379 58.0068 57.85004 57.94345 57.89674 57.89674 curveto
57.94345 57.85004 58.0068 57.82379 58.07286 57.82379 curveto
58.13892 57.82379 58.20227 57.85004 58.24898 57.89674 curveto
58.29568 57.94345 58.32193 58.0068 58.32193 58.07286 curveto closepath fill
newpath 56.22586 55.97679 moveto
56.22586 56.04285 56.19962 56.1062 56.15291 56.15291 curveto
56.1062 56.19962 56.04285 56.22586 55.97679 56.22586 curveto
55.91074 56.22586 55.84738 56.19962 55.80067 56.15291 curveto
55.75397 56.1062 55.72772 56.04285 55.72772 55.97679 curveto
55.72772 55.91074 55.75397 55.84738 55.80067 55.80067 curveto
55.84738 55.75397 55.91074 55.72772 55.97679 55.72772 curveto
56.04285 55.72772 56.1062 55.75397 56.15291 55.80067 curveto
56.19962 55.84738 56.22586 55.91074 56.22586 55.97679 curveto closepath fill
newpath 54.1291 53.88004 moveto
54.1291 53.94609 54.10286 54.00945 54.05615 54.05615 curveto
54.00945 54.10286 53.94609 54.1291 53.88004 54.1291 curveto
53.81398 54.1291 53.75063 54.10286 53.70392 54.05615 curveto
53.65721 54.00945 53.63097 53.94609 53.63097 53.88004 curveto
53.63097 53.81398 53.65721 53.75063 53.70392 53.70392 curveto
53.75063 53.65721 53.81398 53.63097 53.88004 53.63097 curveto
53.94609 53.63097 54.00945 53.65721 54.05615 53.70392 curveto
54.10286 53.75063 54.1291 53.81398 54.1291 53.88004 curveto closepath fill
newpath 52.03233 51.78326 moveto
52.03233 51.84932 52.00609 51.91267 51.95938 51.95938 curveto
51.91267 52.00609 51.84932 52.03233 51.78326 52.03233 curveto
51.71721 52.03233 51.65385 52.00609 51.60715 51.95938 curveto
51.56044 51.91267 51.5342 51.84932 51.5342 51.78326 curveto
51.5342 51.71721 51.56044 51.65385 51.60715 51.60715 curveto
51.65385 51.56044 51.71721 51.5342 51.78326 51.5342 curveto
51.84932 51.5342 51.91267 51.56044 51.95938 51.60715 curveto
52.00609 51.65385 52.03233 51.71721 52.03233 51.78326 curveto closepath fill
newpath 49.93558 49.68651 moveto
49.93558 49.75256 49.90933 49.81592 49.86263 49.86263 curveto
49.81592 49.90933 49.75256 49.93558 49.68651 49.93558 curveto
49.62045 49.93558 49.5571 49.90933 49.51039 49.86263 curveto
49.46368 49.81592 49.43744 49.75256 49.43744 49.68651 curveto
49.43744 49.62045 49.46368 49.5571 49.51039 49.51039 curveto
49.5571 49.46368 49.62045 49.43744 49.68651 49.43744 curveto
49.75256 49.43744 49.81592 49.46368 49.86263 49.51039 curveto
49.90933 49.5571 49.93558 49.62045 49.93558 49.68651 curveto closepath fill
newpath 47.8395 47.59042 moveto
47.8395 47.65648 47.81325 47.71983 47.76654 47.76654 curveto
47.71983 47.81325 47.65648 47.8395 47.59042 47.8395 curveto
47.52437 47.8395 47.46101 47.81325 47.4143 47.76654 curveto
47.3676 47.71983 47.34135 47.65648 47.34135 47.59042 curveto
47.34135 47.52437 47.3676 47.46101 47.4143 47.4143 curveto
47.46101 47.3676 47.52437 47.34135 47.59042 47.34135 curveto
47.65648 47.34135 47.71983 47.3676 47.76654 47.4143 curveto
47.81325 47.46101 47.8395 47.52437 47.8395 47.59042 curveto closepath fill
newpath 45.7427 45.49364 moveto
45.7427 45.5597 45.71646 45.62305 45.66975 45.66975 curveto
45.62305 45.71646 45.5597 45.7427 45.49364 45.7427 curveto
45.42758 45.7427 45.36423 45.71646 45.31752 45.66975 curveto
45.27081 45.62305 45.24457 45.5597 45.24457 45.49364 curveto
45.24457 45.42758 45.27081 45.36423 45.31752 45.31752 curveto
45.36423 45.27081 45.42758 45.24457 45.49364 45.24457 curveto
45.5597 45.24457 45.62305 45.27081 45.66975 45.31752 curveto
45.71646 45.36423 45.7427 45.42758 45.7427 45.49364 curveto closepath fill
newpath 43.64594 43.39687 moveto
43.64594 43.46292 43.61969 43.52628 43.57298 43.57298 curveto
43.52628 43.61969 43.46292 43.64594 43.39687 43.64594 curveto
43.33081 43.64594 43.26746 43.61969 43.22075 43.57298 curveto
43.17404 43.52628 43.1478 43.46292 43.1478 43.39687 curveto
43.1478 43.33081 43.17404 43.26746 43.22075 43.22075 curveto
43.26746 43.17404 43.33081 43.1478 43.39687 43.1478 curveto
43.46292 43.1478 43.52628 43.17404 43.57298 43.22075 curveto
43.61969 43.26746 43.64594 43.33081 43.64594 43.39687 curveto closepath fill
newpath 41.54918 41.30011 moveto
41.54918 41.36617 41.52293 41.42952 41.47623 41.47623 curveto
41.42952 41.52293 41.36617 41.54918 41.30011 41.54918 curveto
41.23405 41.54918 41.1707 41.52293 41.124 41.47623 curveto
41.07729 41.42952 41.05104 41.36617 41.05104 41.30011 curveto
41.05104 41.23405 41.07729 41.1707 41.124 41.124 curveto
41.1707 41.07729 41.23405 41.05104 41.30011 41.05104 curveto
41.36617 41.05104 41.42952 41.07729 41.47623 41.124 curveto
41.52293 41.1707 41.54918 41.23405 41.54918 41.30011 curveto closepath fill
newpath 39.45242 39.20335 moveto
39.45242 39.26941 39.42618 39.33276 39.37947 39.37947 curveto
39.33276 39.42618 39.26941 39.45242 39.20335 39.45242 curveto
39.1373 39.45242 39.07394 39.42618 39.02724 39.37947 curveto
38.98053 39.33276 38.95428 39.26941 38.95428 39.20335 curveto
38.95428 39.1373 38.98053 39.07394 39.02724 39.02724 curveto
39.07394 38.98053 39.1373 38.95428 39.20335 38.95428 curveto
39.26941 38.95428 39.33276 38.98053 39.37947 39.02724 curveto
39.42618 39.07394 39.45242 39.1373 39.45242 39.20335 curveto closepath fill
newpath 37.35632 37.10725 moveto
37.35632 37.17331 37.33008 37.23666 37.28337 37.28337 curveto
37.23666 37.33008 37.17331 37.35632 37.10725 37.35632 curveto
37.0412 37.35632 36.97784 37.33008 36.93114 37.28337 curveto
36.88443 37.23666 36.85818 37.17331 36.85818 37.10725 curveto
36.85818 37.0412 36.88443 36.97784 36.93114 36.93114 curveto
36.97784 36.88443 37.0412 36.85818 37.10725 36.85818 curveto
37.17331 36.85818 37.23666 36.88443 37.28337 36.93114 curveto
37.33008 36.97784 37.35632 37.0412 37.35632 37.10725 curveto closepath fill
newpath 35.25955 35.01048 moveto
35.25955 35.07654 35.2333 35.1399 35.1866 35.1866 curveto
35.1399 35.2333 35.07654 35.25955 35.01048 35.25955 curveto
34.94443 35.25955 34.88107 35.2333 34.83437 35.1866 curveto
34.78766 35.1399 34.76141 35.07654 34.76141 35.01048 curveto
34.76141 34.94443 34.78766 34.88107 34.83437 34.83437 curveto
34.88107 34.78766 34.94443 34.76141 35.01048 34.76141 curveto
35.07654 34.76141 35.1399 34.78766 35.1866 34.83437 curveto
35.2333 34.88107 35.25955 34.94443 35.25955 35.01048 curveto closepath fill
newpath 33.16278 32.91371 moveto
33.16278 32.97977 33.13654 33.04312 33.08983 33.08983 curveto
33.04312 33.13654 32.97977 33.16278 32.91371 33.16278 curveto
32.84766 33.16278 32.7843 33.13654 32.7376 33.08983 curveto
32.69089 33.04312 32.66464 32.97977 32.66464 32.91371 curveto
32.66464 32.84766 32.69089 32.7843 32.7376 32.7376 curveto
32.7843 32.69089 32.84766 32.66464 32.91371 32.66464 curveto
32.97977 32.66464 33.04312 32.69089 33.08983 32.7376 curveto
33.13654 32.7843 33.16278 32.84766 33.16278 32.91371 curveto closepath fill
newpath 31.06602 30.81696 moveto
31.06602 30.88301 31.03978 30.94637 30.99307 30.99307 curveto
30.94637 31.03978 30.88301 31.06602 30.81696 31.06602 curveto
30.7509 31.06602 30.68755 31.03978 30.64084 30.99307 curveto
30.59413 30.94637 30.56789 30.88301 30.56789 30.81696 curveto
30.56789 30.7509 30.59413 30.68755 30.64084 30.64084 curveto
30.68755 30.59413 30.7509 30.56789 30.81696 30.56789 curveto
30.88301 30.56789 30.94637 30.59413 30.99307 30.64084 curveto
31.03978 30.68755 31.06602 30.7509 31.06602 30.81696 curveto closepath fill
newpath 28.96994 28.72087 moveto
28.96994 28.78693 28.9437 28.85028 28.89699 28.89699 curveto
28.85028 28.9437 28.78693 28.96994 28.72087 28.96994 curveto
28.65482 28.96994 28.59146 28.9437 28.54475 28.89699 curveto
28.49805 28.85028 28.4718 28.78693 28.4718 28.72087 curveto
28.4718 28.65482 28.49805 28.59146 28.54475 28.54475 curveto
28.59146 28.49805 28.65482 28.4718 28.72087 28.4718 curveto
28.78693 28.4718 28.85028 28.49805 28.89699 28.54475 curveto
28.9437 28.59146 28.96994 28.65482 28.96994 28.72087 curveto closepath fill
newpath 26.87317 26.6241 moveto
26.87317 26.69016 26.84692 26.75351 26.80022 26.80022 curveto
26.75351 26.84692 26.69016 26.87317 26.6241 26.87317 curveto
26.55804 26.87317 26.49469 26.84692 26.44798 26.80022 curveto
26.40128 26.75351 26.37503 26.69016 26.37503 26.6241 curveto
26.37503 26.55804 26.40128 26.49469 26.44798 26.44798 curveto
26.49469 26.40128 26.55804 26.37503 26.6241 26.37503 curveto
26.69016 26.37503 26.75351 26.40128 26.80022 26.44798 curveto
26.84692 26.49469 26.87317 26.55804 26.87317 26.6241 curveto closepath fill
newpath 24.77641 24.52734 moveto
24.77641 24.5934 24.75017 24.65675 24.70346 24.70346 curveto
24.65675 24.75017 24.5934 24.77641 24.52734 24.77641 curveto
24.46129 24.77641 24.39793 24.75017 24.35123 24.70346 curveto
24.30452 24.65675 24.27827 24.5934 24.27827 24.52734 curveto
24.27827 24.46129 24.30452 24.39793 24.35123 24.35123 curveto
24.39793 24.30452 24.46129 24.27827 24.52734 24.27827 curveto
24.5934 24.27827 24.65675 24.30452 24.70346 24.35123 curveto
24.75017 24.39793 24.77641 24.46129 24.77641 24.52734 curveto closepath fill
newpath 22.67964 22.43057 moveto
22.67964 22.49663 22.6534 22.55998 22.60669 22.60669 curveto
22.55998 22.6534 22.49663 22.67964 22.43057 22.67964 curveto
22.36452 22.67964 22.30116 22.6534 22.25446 22.60669 curveto
22.20775 22.55998 22.1815 22.49663 22.1815 22.43057 curveto
22.1815 22.36452 22.20775 22.30116 22.25446 22.25446 curveto
22.30116 22.20775 22.36452 22.1815 22.43057 22.1815 curveto
22.49663 22.1815 22.55998 22.20775 22.60669 22.25446 curveto
22.6534 22.30116 22.67964 22.36452 22.67964 22.43057 curveto closepath fill
newpath 20.58354 20.33447 moveto
20.58354 20.40053 20.5573 20.46388 20.51059 20.51059 curveto
20.46388 20.5573 20.40053 20.58354 20.33447 20.58354 curveto
20.26842 20.58354 20.20506 20.5573 20.15836 20.51059 curveto
20.11165 20.46388 20.0854 20.40053 20.0854 20.33447 curveto
20.0854 20.26842 20.11165 20.20506 20.15836 20.15836 curveto
20.20506 20.11165 20.26842 20.0854 20.33447 20.0854 curveto
20.40053 20.0854 20.46388 20.11165 20.51059 20.15836 curveto
20.5573 20.20506 20.58354 20.26842 20.58354 20.33447 curveto closepath fill
newpath 18.4868 18.23773 moveto
18.4868 18.30379 18.46056 18.36714 18.41385 18.41385 curveto
18.36714 18.46056 18.30379 18.4868 18.23773 18.4868 curveto
18.17168 18.4868 18.10832 18.46056 18.06161 18.41385 curveto
18.01491 18.36714 17.98866 18.30379 17.98866 18.23773 curveto
17.98866 18.17168 18.01491 18.10832 18.06161 18.06161 curveto
18.10832 18.01491 18.17168 17.98866 18.23773 17.98866 curveto
18.30379 17.98866 18.36714 18.01491 18.41385 18.06161 curveto
18.46056 18.10832 18.4868 18.17168 18.4868 18.23773 curveto closepath fill
newpath 62.51546 62.26639 moveto
62.51546 62.33244 62.48921 62.3958 62.4425 62.4425 curveto
62.3958 62.48921 62.33244 62.51546 62.26639 62.51546 curveto
62.20033 62.51546 62.13698 62.48921 62.09027 62.4425 curveto
62.04356 62.3958 62.01732 62.33244 62.01732 62.26639 curveto
62.01732 62.20033 62.04356 62.13698 62.09027 62.09027 curveto
62.13698 62.04356 62.20033 62.01732 62.26639 62.01732 curveto
62.33244 62.01732 62.3958 62.04356 62.4425 62.09027 curveto
62.48921 62.13698 62.51546 62.20033 62.51546 62.26639 curveto closepath fill
newpath 61.38066 59.52681 moveto
61.38066 59.59286 61.35442 59.65622 61.30771 59.70293 curveto
61.261 59.74963 61.19765 59.77588 61.13159 59.77588 curveto
61.06554 59.77588 61.00218 59.74963 60.95547 59.70293 curveto
60.90877 59.65622 60.88252 59.59286 60.88252 59.52681 curveto
60.88252 59.46075 60.90877 59.3974 60.95547 59.3507 curveto
61.00218 59.30399 61.06554 59.27774 61.13159 59.27774 curveto
61.19765 59.27774 61.261 59.30399 61.30771 59.3507 curveto
61.35442 59.3974 61.38066 59.46075 61.38066 59.52681 curveto closepath fill
newpath 60.24582 56.78725 moveto
60.24582 56.8533 60.21957 56.91666 60.17287 56.96336 curveto
60.12616 57.01007 60.0628 57.03632 59.99675 57.03632 curveto
59.9307 57.03632 59.86734 57.01007 59.82063 56.96336 curveto
59.77393 56.91666 59.74768 56.8533 59.74768 56.78725 curveto
59.74768 56.72119 59.77393 56.65784 59.82063 56.61113 curveto
59.86734 56.56442 59.9307 56.53818 59.99675 56.53818 curveto
60.0628 56.53818 60.12616 56.56442 60.17287 56.61113 curveto
60.21957 56.65784 60.24582 56.72119 60.24582 56.78725 curveto closepath fill
newpath 59.11139 54.04855 moveto
59.11139 54.11461 59.08514 54.17796 59.03844 54.22467 curveto
58.99173 54.27138 58.92838 54.29762 58.86232 54.29762 curveto
58.79626 54.29762 58.73291 54.27138 58.6862 54.22467 curveto
58.6395 54.17796 58.61325 54.11461 58.61325 54.04855 curveto
58.61325 53.9825 58.6395 53.91914 58.6862 53.87244 curveto
58.73291 53.82573 58.79626 53.79948 58.86232 53.79948 curveto
58.92838 53.79948 58.99173 53.82573 59.03844 53.87244 curveto
59.08514 53.91914 59.11139 53.9825 59.11139 54.04855 curveto closepath fill
newpath 57.97655 51.30899 moveto
57.97655 51.37505 57.9503 51.4384 57.9036 51.4851 curveto
57.85689 51.53181 57.79353 51.55806 57.72748 51.55806 curveto
57.66142 51.55806 57.59807 51.53181 57.55136 51.4851 curveto
57.50465 51.4384 57.47841 51.37505 57.47841 51.30899 curveto
57.47841 51.24294 57.50465 51.17958 57.55136 51.13287 curveto
57.59807 51.08617 57.66142 51.05992 57.72748 51.05992 curveto
57.79353 51.05992 57.85689 51.08617 57.9036 51.13287 curveto
57.9503 51.17958 57.97655 51.24294 57.97655 51.30899 curveto closepath fill
newpath 56.84175 48.56941 moveto
56.84175 48.63547 56.8155 48.69882 56.7688 48.74553 curveto
56.72209 48.79224 56.65874 48.81848 56.59268 48.81848 curveto
56.52663 48.81848 56.46327 48.79224 56.41656 48.74553 curveto
56.36986 48.69882 56.34361 48.63547 56.34361 48.56941 curveto
56.34361 48.50336 56.36986 48.44 56.41656 48.3933 curveto
56.46327 48.34659 56.52663 48.32034 56.59268 48.32034 curveto
56.65874 48.32034 56.72209 48.34659 56.7688 48.3933 curveto
56.8155 48.44 56.84175 48.50336 56.84175 48.56941 curveto closepath fill
newpath 55.70691 45.82983 moveto
55.70691 45.89589 55.68066 45.95924 55.63396 46.00595 curveto
55.58725 46.05266 55.5239 46.0789 55.45784 46.0789 curveto
55.39178 46.0789 55.32843 46.05266 55.28172 46.00595 curveto
55.23502 45.95924 55.20877 45.89589 55.20877 45.82983 curveto
55.20877 45.76378 55.23502 45.70042 55.28172 45.65372 curveto
55.32843 45.60701 55.39178 45.58076 55.45784 45.58076 curveto
55.5239 45.58076 55.58725 45.60701 55.63396 45.65372 curveto
55.68066 45.70042 55.70691 45.76378 55.70691 45.82983 curveto closepath fill
newpath 54.57248 43.09113 moveto
54.57248 43.15718 54.54623 43.22054 54.49953 43.26724 curveto
54.45282 43.31395 54.38947 43.3402 54.32341 43.3402 curveto
54.25735 43.3402 54.194 43.31395 54.1473 43.26724 curveto
54.10059 43.22054 54.07434 43.15718 54.07434 43.09113 curveto
54.07434 43.02507 54.10059 42.96172 54.1473 42.91501 curveto
54.194 42.8683 54.25735 42.84206 54.32341 42.84206 curveto
54.38947 42.84206 54.45282 42.8683 54.49953 42.91501 curveto
54.54623 42.96172 54.57248 43.02507 54.57248 43.09113 curveto closepath fill
newpath 53.43767 40.35156 moveto
53.43767 40.41762 53.41142 40.48097 53.36472 40.52768 curveto
53.31801 40.57439 53.25465 40.60063 53.1886 40.60063 curveto
53.12254 40.60063 53.05919 40.57439 53.01248 40.52768 curveto
52.96577 40.48097 52.93953 40.41762 52.93953 40.35156 curveto
52.93953 40.2855 52.96577 40.22215 53.01248 40.17545 curveto
53.05919 40.12874 53.12254 40.1025 53.1886 40.1025 curveto
53.25465 40.1025 53.31801 40.12874 53.36472 40.17545 curveto
53.41142 40.22215 53.43767 40.2855 53.43767 40.35156 curveto closepath fill
newpath 52.30284 37.61197 moveto
52.30284 37.67802 52.2766 37.74138 52.22989 37.78809 curveto
52.18318 37.8348 52.11983 37.86104 52.05377 37.86104 curveto
51.98772 37.86104 51.92436 37.8348 51.87766 37.78809 curveto
51.83095 37.74138 51.8047 37.67802 51.8047 37.61197 curveto
51.8047 37.54591 51.83095 37.48256 51.87766 37.43585 curveto
51.92436 37.38914 51.98772 37.3629 52.05377 37.3629 curveto
52.11983 37.3629 52.18318 37.38914 52.22989 37.43585 curveto
52.2766 37.48256 52.30284 37.54591 52.30284 37.61197 curveto closepath fill
newpath 51.1684 34.87328 moveto
51.1684 34.93933 51.14215 35.00269 51.09544 35.0494 curveto
51.04874 35.0961 50.98538 35.12234 50.91933 35.12234 curveto
50.85327 35.12234 50.78992 35.0961 50.74321 35.0494 curveto
50.6965 35.00269 50.67026 34.93933 50.67026 34.87328 curveto
50.67026 34.80722 50.6965 34.74387 50.74321 34.69716 curveto
50.78992 34.65045 50.85327 34.6242 50.91933 34.6242 curveto
50.98538 34.6242 51.04874 34.65045 51.09544 34.69716 curveto
51.14215 34.74387 51.1684 34.80722 51.1684 34.87328 curveto closepath fill
newpath 50.03357 32.13371 moveto
50.03357 32.19977 50.00732 32.26312 49.96062 32.30983 curveto
49.91391 32.35654 49.85056 32.38278 49.7845 32.38278 curveto
49.71844 32.38278 49.65509 32.35654 49.60838 32.30983 curveto
49.56168 32.26312 49.53543 32.19977 49.53543 32.13371 curveto
49.53543 32.06766 49.56168 32.0043 49.60838 31.9576 curveto
49.65509 31.91089 49.71844 31.88464 49.7845 31.88464 curveto
49.85056 31.88464 49.91391 31.91089 49.96062 31.9576 curveto
50.00732 32.0043 50.03357 32.06766 50.03357 32.13371 curveto closepath fill
newpath 48.89876 29.39413 moveto
48.89876 29.46019 48.87251 29.52354 48.8258 29.57025 curveto
48.7791 29.61696 48.71574 29.6432 48.64969 29.6432 curveto
48.58363 29.6432 48.52028 29.61696 48.47357 29.57025 curveto
48.42686 29.52354 48.40062 29.46019 48.40062 29.39413 curveto
48.40062 29.32808 48.42686 29.26472 48.47357 29.21802 curveto
48.52028 29.17131 48.58363 29.14507 48.64969 29.14507 curveto
48.71574 29.14507 48.7791 29.17131 48.8258 29.21802 curveto
48.87251 29.26472 48.89876 29.32808 48.89876 29.39413 curveto closepath fill
newpath 47.76393 26.65454 moveto
47.76393 26.7206 47.73769 26.78395 47.69098 26.83066 curveto
47.64427 26.87737 47.58092 26.90361 47.51486 26.90361 curveto
47.4488 26.90361 47.38545 26.87737 47.33875 26.83066 curveto
47.29204 26.78395 47.2658 26.7206 47.2658 26.65454 curveto
47.2658 26.58849 47.29204 26.52513 47.33875 26.47842 curveto
47.38545 26.43172 47.4488 26.40547 47.51486 26.40547 curveto
47.58092 26.40547 47.64427 26.43172 47.69098 26.47842 curveto
47.73769 26.52513 47.76393 26.58849 47.76393 26.65454 curveto closepath fill
newpath 46.62949 23.91585 moveto
46.62949 23.9819 46.60324 24.04526 46.55653 24.09196 curveto
46.50983 24.13867 46.44647 24.16492 46.38042 24.16492 curveto
46.31436 24.16492 46.251 24.13867 46.2043 24.09196 curveto
46.1576 24.04526 46.13135 23.9819 46.13135 23.91585 curveto
46.13135 23.8498 46.1576 23.78644 46.2043 23.73973 curveto
46.251 23.69302 46.31436 23.66678 46.38042 23.66678 curveto
46.44647 23.66678 46.50983 23.69302 46.55653 23.73973 curveto
46.60324 23.78644 46.62949 23.8498 46.62949 23.91585 curveto closepath fill
newpath 45.49469 21.17627 moveto
45.49469 21.24232 45.46844 21.30568 45.42174 21.35239 curveto
45.37503 21.3991 45.31168 21.42534 45.24562 21.42534 curveto
45.17957 21.42534 45.11621 21.3991 45.0695 21.35239 curveto
45.0228 21.30568 44.99655 21.24232 44.99655 21.17627 curveto
44.99655 21.11021 45.0228 21.04686 45.0695 21.00015 curveto
45.11621 20.95345 45.17957 20.9272 45.24562 20.9272 curveto
45.31168 20.9272 45.37503 20.95345 45.42174 21.00015 curveto
45.46844 21.04686 45.49469 21.11021 45.49469 21.17627 curveto closepath fill
newpath 44.35985 18.43669 moveto
44.35985 18.50275 44.3336 18.5661 44.2869 18.61281 curveto
44.24019 18.65952 44.17683 18.68576 44.11078 18.68576 curveto
44.04472 18.68576 43.98137 18.65952 43.93466 18.61281 curveto
43.88795 18.5661 43.86171 18.50275 43.86171 18.43669 curveto
43.86171 18.37064 43.88795 18.30728 43.93466 18.26057 curveto
43.98137 18.21387 44.04472 18.18762 44.11078 18.18762 curveto
44.17683 18.18762 44.24019 18.21387 44.2869 18.26057 curveto
44.3336 18.30728 44.35985 18.37064 44.35985 18.43669 curveto closepath fill
newpath 43.22505 15.69711 moveto
43.22505 15.76317 43.1988 15.82652 43.1521 15.87323 curveto
43.1054 15.91994 43.04204 15.94618 42.97598 15.94618 curveto
42.90993 15.94618 42.84657 15.91994 42.79987 15.87323 curveto
42.75316 15.82652 42.72691 15.76317 42.72691 15.69711 curveto
42.72691 15.63106 42.75316 15.5677 42.79987 15.521 curveto
42.84657 15.47429 42.90993 15.44804 42.97598 15.44804 curveto
43.04204 15.44804 43.1054 15.47429 43.1521 15.521 curveto
43.1988 15.5677 43.22505 15.63106 43.22505 15.69711 curveto closepath fill
newpath 42.09058 12.95842 moveto
42.09058 13.02448 42.06433 13.08783 42.01762 13.13454 curveto
41.97092 13.18124 41.90756 13.20749 41.8415 13.20749 curveto
41.77545 13.20749 41.7121 13.18124 41.66539 13.13454 curveto
41.61868 13.08783 41.59244 13.02448 41.59244 12.95842 curveto
41.59244 12.89236 41.61868 12.82901 41.66539 12.7823 curveto
41.7121 12.7356 41.77545 12.70935 41.8415 12.70935 curveto
41.90756 12.70935 41.97092 12.7356 42.01762 12.7823 curveto
42.06433 12.82901 42.09058 12.89236 42.09058 12.95842 curveto closepath fill
newpath 40.95578 10.21886 moveto
40.95578 10.28491 40.92953 10.34827 40.88283 10.39497 curveto
40.83612 10.44168 40.77277 10.46793 40.70671 10.46793 curveto
40.64066 10.46793 40.5773 10.44168 40.5306 10.39497 curveto
40.48389 10.34827 40.45764 10.28491 40.45764 10.21886 curveto
40.45764 10.1528 40.48389 10.08945 40.5306 10.04274 curveto
40.5773 9.99603 40.64066 9.96979 40.70671 9.96979 curveto
40.77277 9.96979 40.83612 9.99603 40.88283 10.04274 curveto
40.92953 10.08945 40.95578 10.1528 40.95578 10.21886 curveto closepath fill
newpath 39.82094 7.4793 moveto
39.82094 7.54535 39.7947 7.6087 39.74799 7.65541 curveto
39.70128 7.70212 39.63792 7.72836 39.57187 7.72836 curveto
39.50581 7.72836 39.44246 7.70212 39.39575 7.65541 curveto
39.34904 7.6087 39.3228 7.54535 39.3228 7.4793 curveto
39.3228 7.41324 39.34904 7.34988 39.39575 7.30318 curveto
39.44246 7.25647 39.50581 7.23022 39.57187 7.23022 curveto
39.63792 7.23022 39.70128 7.25647 39.74799 7.30318 curveto
39.7947 7.34988 39.82094 7.41324 39.82094 7.4793 curveto closepath fill
newpath 38.68614 4.73972 moveto
38.68614 4.80577 38.6599 4.86913 38.61319 4.91583 curveto
38.56648 4.96254 38.50313 4.98878 38.43707 4.98878 curveto
38.37102 4.98878 38.30766 4.96254 38.26096 4.91583 curveto
38.21425 4.86913 38.188 4.80577 38.188 4.73972 curveto
38.188 4.67366 38.21425 4.6103 38.26096 4.5636 curveto
38.30766 4.51689 38.37102 4.49065 38.43707 4.49065 curveto
38.50313 4.49065 38.56648 4.51689 38.61319 4.5636 curveto
38.6599 4.6103 38.68614 4.67366 38.68614 4.73972 curveto closepath fill
 0.7 setgray
newpath 99.62622 62.26639 moveto
99.62622 72.17528 95.68935 81.67712 88.68324 88.68324 curveto
81.67712 95.68935 72.17528 99.62622 62.26639 99.62622 curveto
52.3575 99.62622 42.85565 95.68935 35.84953 88.68324 curveto
28.84343 81.67712 24.90656 72.17528 24.90656 62.26639 curveto
24.90656 52.3575 28.84343 42.85565 35.84953 35.84953 curveto
42.85565 28.84343 52.3575 24.90656 62.26639 24.90656 curveto
72.17528 24.90656 81.67712 28.84343 88.68324 35.84953 curveto
95.68935 42.85565 99.62622 52.3575 99.62622 62.26639 curveto closepath stroke
 0 0 0 setrgbcolor 0 1.4944 dtransform truncate idtransform setlinewidth pop
newpath 99.62622 62.26639 moveto
99.62622 61.18896 99.57967 60.1121 99.48656 59.03868 curveto
99.39345 57.96506 99.25359 56.89598 99.06813 55.83434 curveto
98.88266 54.77325 98.65141 53.72072 98.37492 52.6796 curveto
98.09845 51.6379 97.77711 50.60873 97.41151 49.59497 curveto
97.0461 48.58157 96.6368 47.58435 96.1853 46.60611 curveto
95.73381 45.62788 95.24033 44.6696 94.70598 43.73412 curveto
94.17145 42.79826 93.59663 41.88615 92.98325 41.00008 curveto
92.36986 40.1144 91.71826 39.25568 91.03076 38.42624 curveto
90.34308 37.5966 89.62024 36.7968 88.86337 36.02968 curveto
88.1067 35.26276 87.31699 34.52908 86.49704 33.83037 curveto
85.6769 33.13165 84.82732 32.46848 83.94998 31.84311 curveto
83.07246 31.21756 82.16815 30.63058 81.23988 30.08333 curveto
80.31163 29.53606 79.36038 29.02908 78.38841 28.5641 curveto
77.41664 28.09912 76.42493 27.6767 75.41667 27.29741 curveto
74.40804 26.91812 73.38344 26.58255 72.34572 26.29181 curveto
71.3084 26.00127 70.25871 25.75577 69.2001 25.55586 curveto
68.1413 25.35577 67.07413 25.20146 66.00203 25.09354 curveto
64.93011 24.9858 63.85384 24.9246 62.7766 24.90997 curveto
61.69936 24.89534 60.62213 24.92726 59.54774 25.00575 curveto
58.4728 25.08423 57.40182 25.2087 56.3377 25.37971 curveto
55.27396 25.55074 54.2182 25.76793 53.17326 26.03015 curveto
52.12814 26.29239 51.0948 26.59984 50.0761 26.95139 curveto
49.05759 27.30292 48.05484 27.69836 47.07071 28.13655 curveto stroke
newpath 49.19325 25.55565 moveto
48.93134 26.70206 48.14497 27.65823 47.07071 28.13655 curveto
48.14497 27.65823 49.38174 27.71362 50.40895 28.28606 curveto stroke
showpage
%%EOF
