%!PS
%%BoundingBox: -1 -1 125 125 
%%HiResBoundingBox: -0.24907 -0.24907 124.78185 124.78185 
%%Creator: MetaPost 2.000
%%CreationDate: 2017.06.03:1629
%%Pages: 1
%%BeginProlog
%%EndProlog
%%Page: 1 1
 0 0 0 setrgbcolor 0 0.49814 dtransform truncate idtransform setlinewidth pop [] 0 setdash 1 setlinecap
 1 setlinejoin 10 setmiterlimit
newpath 0 62.26639 moveto
124.53278 62.26639 lineto stroke
newpath 119.55147 64.75705 moveto
120.7274 63.18913 122.57289 62.26639 124.53278 62.26639 curveto
122.57289 62.26639 120.7274 61.34364 119.55147 59.77573 curveto stroke
 0.49814 0 dtransform exch truncate exch idtransform pop setlinewidth
newpath 62.26639 0 moveto
62.26639 124.53278 lineto stroke
 0 0.49814 dtransform truncate idtransform setlinewidth pop
newpath 59.77573 119.55147 moveto
61.34364 120.7274 62.26639 122.57289 62.26639 124.53278 curveto
62.26639 122.57289 63.18913 120.7274 64.75705 119.55147 curveto stroke
 0.49814 0 dtransform exch truncate exch idtransform pop setlinewidth
newpath 24.90656 60.27386 moveto
24.90656 64.25891 lineto stroke
newpath 62.26639 60.27386 moveto
62.26639 64.25891 lineto stroke
newpath 99.62622 60.27386 moveto
99.62622 64.25891 lineto stroke
 0 0.49814 dtransform truncate idtransform setlinewidth pop
newpath 64.25891 24.90656 moveto
60.27386 24.90656 lineto stroke
newpath 64.25891 62.26639 moveto
60.27386 62.26639 lineto stroke
newpath 64.25891 99.62622 moveto
60.27386 99.62622 lineto stroke
newpath 62.51546 62.26639 moveto
62.51546 62.33244 62.48921 62.3958 62.4425 62.4425 curveto
62.3958 62.48921 62.33244 62.51546 62.26639 62.51546 curveto
62.20033 62.51546 62.13698 62.48921 62.09027 62.4425 curveto
62.04356 62.3958 62.01732 62.33244 62.01732 62.26639 curveto
62.01732 62.20033 62.04356 62.13698 62.09027 62.09027 curveto
62.13698 62.04356 62.20033 62.01732 62.26639 62.01732 curveto
62.33244 62.01732 62.3958 62.04356 62.4425 62.09027 curveto
62.48921 62.13698 62.51546 62.20033 62.51546 62.26639 curveto closepath fill
newpath 60.41872 64.36313 moveto
60.41872 64.42918 60.39247 64.49254 60.34576 64.53925 curveto
60.29906 64.58595 60.2357 64.6122 60.16965 64.6122 curveto
60.10359 64.6122 60.04024 64.58595 59.99353 64.53925 curveto
59.94682 64.49254 59.92058 64.42918 59.92058 64.36313 curveto
59.92058 64.29707 59.94682 64.23372 59.99353 64.18701 curveto
60.04024 64.1403 60.10359 64.11406 60.16965 64.11406 curveto
60.2357 64.11406 60.29906 64.1403 60.34576 64.18701 curveto
60.39247 64.23372 60.41872 64.29707 60.41872 64.36313 curveto closepath fill
newpath 58.32193 66.45992 moveto
58.32193 66.52597 58.29568 66.58932 58.24898 66.63603 curveto
58.20227 66.68274 58.13892 66.70898 58.07286 66.70898 curveto
58.0068 66.70898 57.94345 66.68274 57.89674 66.63603 curveto
57.85004 66.58932 57.82379 66.52597 57.82379 66.45992 curveto
57.82379 66.39386 57.85004 66.3305 57.89674 66.2838 curveto
57.94345 66.23709 58.0068 66.21085 58.07286 66.21085 curveto
58.13892 66.21085 58.20227 66.23709 58.24898 66.2838 curveto
58.29568 66.3305 58.32193 66.39386 58.32193 66.45992 curveto closepath fill
newpath 56.22586 68.55598 moveto
56.22586 68.62204 56.19962 68.6854 56.15291 68.7321 curveto
56.1062 68.77881 56.04285 68.80505 55.97679 68.80505 curveto
55.91074 68.80505 55.84738 68.77881 55.80067 68.7321 curveto
55.75397 68.6854 55.72772 68.62204 55.72772 68.55598 curveto
55.72772 68.48993 55.75397 68.42657 55.80067 68.37987 curveto
55.84738 68.33316 55.91074 68.30692 55.97679 68.30692 curveto
56.04285 68.30692 56.1062 68.33316 56.15291 68.37987 curveto
56.19962 68.42657 56.22586 68.48993 56.22586 68.55598 curveto closepath fill
newpath 54.1291 70.65274 moveto
54.1291 70.7188 54.10286 70.78215 54.05615 70.82886 curveto
54.00945 70.87556 53.94609 70.90181 53.88004 70.90181 curveto
53.81398 70.90181 53.75063 70.87556 53.70392 70.82886 curveto
53.65721 70.78215 53.63097 70.7188 53.63097 70.65274 curveto
53.63097 70.58669 53.65721 70.52333 53.70392 70.47662 curveto
53.75063 70.42992 53.81398 70.40367 53.88004 70.40367 curveto
53.94609 70.40367 54.00945 70.42992 54.05615 70.47662 curveto
54.10286 70.52333 54.1291 70.58669 54.1291 70.65274 curveto closepath fill
newpath 52.03233 72.74951 moveto
52.03233 72.81557 52.00609 72.87892 51.95938 72.92563 curveto
51.91267 72.97234 51.84932 72.99858 51.78326 72.99858 curveto
51.71721 72.99858 51.65385 72.97234 51.60715 72.92563 curveto
51.56044 72.87892 51.5342 72.81557 51.5342 72.74951 curveto
51.5342 72.68346 51.56044 72.6201 51.60715 72.5734 curveto
51.65385 72.52669 51.71721 72.50044 51.78326 72.50044 curveto
51.84932 72.50044 51.91267 72.52669 51.95938 72.5734 curveto
52.00609 72.6201 52.03233 72.68346 52.03233 72.74951 curveto closepath fill
newpath 49.93558 74.84627 moveto
49.93558 74.91232 49.90933 74.97568 49.86263 75.02238 curveto
49.81592 75.06909 49.75256 75.09534 49.68651 75.09534 curveto
49.62045 75.09534 49.5571 75.06909 49.51039 75.02238 curveto
49.46368 74.97568 49.43744 74.91232 49.43744 74.84627 curveto
49.43744 74.78021 49.46368 74.71686 49.51039 74.67015 curveto
49.5571 74.62344 49.62045 74.5972 49.68651 74.5972 curveto
49.75256 74.5972 49.81592 74.62344 49.86263 74.67015 curveto
49.90933 74.71686 49.93558 74.78021 49.93558 74.84627 curveto closepath fill
newpath 47.8395 76.94235 moveto
47.8395 77.0084 47.81325 77.07176 47.76654 77.11847 curveto
47.71983 77.16518 47.65648 77.19142 47.59042 77.19142 curveto
47.52437 77.19142 47.46101 77.16518 47.4143 77.11847 curveto
47.3676 77.07176 47.34135 77.0084 47.34135 76.94235 curveto
47.34135 76.8763 47.3676 76.81294 47.4143 76.76624 curveto
47.46101 76.71953 47.52437 76.69328 47.59042 76.69328 curveto
47.65648 76.69328 47.71983 76.71953 47.76654 76.76624 curveto
47.81325 76.81294 47.8395 76.8763 47.8395 76.94235 curveto closepath fill
newpath 45.7427 79.03914 moveto
45.7427 79.1052 45.71646 79.16855 45.66975 79.21526 curveto
45.62305 79.26196 45.5597 79.28821 45.49364 79.28821 curveto
45.42758 79.28821 45.36423 79.26196 45.31752 79.21526 curveto
45.27081 79.16855 45.24457 79.1052 45.24457 79.03914 curveto
45.24457 78.97308 45.27081 78.90973 45.31752 78.86302 curveto
45.36423 78.81631 45.42758 78.79007 45.49364 78.79007 curveto
45.5597 78.79007 45.62305 78.81631 45.66975 78.86302 curveto
45.71646 78.90973 45.7427 78.97308 45.7427 79.03914 curveto closepath fill
newpath 43.64594 81.13591 moveto
43.64594 81.20197 43.61969 81.26532 43.57298 81.31203 curveto
43.52628 81.35873 43.46292 81.38498 43.39687 81.38498 curveto
43.33081 81.38498 43.26746 81.35873 43.22075 81.31203 curveto
43.17404 81.26532 43.1478 81.20197 43.1478 81.13591 curveto
43.1478 81.06985 43.17404 81.0065 43.22075 80.9598 curveto
43.26746 80.91309 43.33081 80.88684 43.39687 80.88684 curveto
43.46292 80.88684 43.52628 80.91309 43.57298 80.9598 curveto
43.61969 81.0065 43.64594 81.06985 43.64594 81.13591 curveto closepath fill
newpath 41.54918 83.23267 moveto
41.54918 83.29872 41.52293 83.36208 41.47623 83.40878 curveto
41.42952 83.45549 41.36617 83.48174 41.30011 83.48174 curveto
41.23405 83.48174 41.1707 83.45549 41.124 83.40878 curveto
41.07729 83.36208 41.05104 83.29872 41.05104 83.23267 curveto
41.05104 83.16661 41.07729 83.10326 41.124 83.05655 curveto
41.1707 83.00984 41.23405 82.9836 41.30011 82.9836 curveto
41.36617 82.9836 41.42952 83.00984 41.47623 83.05655 curveto
41.52293 83.10326 41.54918 83.16661 41.54918 83.23267 curveto closepath fill
newpath 39.45242 85.32942 moveto
39.45242 85.39548 39.42618 85.45883 39.37947 85.50554 curveto
39.33276 85.55225 39.26941 85.57849 39.20335 85.57849 curveto
39.1373 85.57849 39.07394 85.55225 39.02724 85.50554 curveto
38.98053 85.45883 38.95428 85.39548 38.95428 85.32942 curveto
38.95428 85.26337 38.98053 85.20001 39.02724 85.1533 curveto
39.07394 85.1066 39.1373 85.08035 39.20335 85.08035 curveto
39.26941 85.08035 39.33276 85.1066 39.37947 85.1533 curveto
39.42618 85.20001 39.45242 85.26337 39.45242 85.32942 curveto closepath fill
newpath 37.35632 87.42552 moveto
37.35632 87.49158 37.33008 87.55493 37.28337 87.60164 curveto
37.23666 87.64835 37.17331 87.67459 37.10725 87.67459 curveto
37.0412 87.67459 36.97784 87.64835 36.93114 87.60164 curveto
36.88443 87.55493 36.85818 87.49158 36.85818 87.42552 curveto
36.85818 87.35947 36.88443 87.29611 36.93114 87.2494 curveto
36.97784 87.2027 37.0412 87.17645 37.10725 87.17645 curveto
37.17331 87.17645 37.23666 87.2027 37.28337 87.2494 curveto
37.33008 87.29611 37.35632 87.35947 37.35632 87.42552 curveto closepath fill
newpath 35.25955 89.5223 moveto
35.25955 89.58835 35.2333 89.6517 35.1866 89.69841 curveto
35.1399 89.74512 35.07654 89.77136 35.01048 89.77136 curveto
34.94443 89.77136 34.88107 89.74512 34.83437 89.69841 curveto
34.78766 89.6517 34.76141 89.58835 34.76141 89.5223 curveto
34.76141 89.45624 34.78766 89.39288 34.83437 89.34618 curveto
34.88107 89.29947 34.94443 89.27322 35.01048 89.27322 curveto
35.07654 89.27322 35.1399 89.29947 35.1866 89.34618 curveto
35.2333 89.39288 35.25955 89.45624 35.25955 89.5223 curveto closepath fill
newpath 33.16278 91.61906 moveto
33.16278 91.68512 33.13654 91.74847 33.08983 91.79518 curveto
33.04312 91.84189 32.97977 91.86813 32.91371 91.86813 curveto
32.84766 91.86813 32.7843 91.84189 32.7376 91.79518 curveto
32.69089 91.74847 32.66464 91.68512 32.66464 91.61906 curveto
32.66464 91.55301 32.69089 91.48965 32.7376 91.44295 curveto
32.7843 91.39624 32.84766 91.37 32.91371 91.37 curveto
32.97977 91.37 33.04312 91.39624 33.08983 91.44295 curveto
33.13654 91.48965 33.16278 91.55301 33.16278 91.61906 curveto closepath fill
newpath 31.06602 93.71582 moveto
31.06602 93.78188 31.03978 93.84523 30.99307 93.89194 curveto
30.94637 93.93864 30.88301 93.96489 30.81696 93.96489 curveto
30.7509 93.96489 30.68755 93.93864 30.64084 93.89194 curveto
30.59413 93.84523 30.56789 93.78188 30.56789 93.71582 curveto
30.56789 93.64977 30.59413 93.58641 30.64084 93.5397 curveto
30.68755 93.493 30.7509 93.46675 30.81696 93.46675 curveto
30.88301 93.46675 30.94637 93.493 30.99307 93.5397 curveto
31.03978 93.58641 31.06602 93.64977 31.06602 93.71582 curveto closepath fill
newpath 28.96994 95.8119 moveto
28.96994 95.87796 28.9437 95.94131 28.89699 95.98802 curveto
28.85028 96.03473 28.78693 96.06097 28.72087 96.06097 curveto
28.65482 96.06097 28.59146 96.03473 28.54475 95.98802 curveto
28.49805 95.94131 28.4718 95.87796 28.4718 95.8119 curveto
28.4718 95.74585 28.49805 95.6825 28.54475 95.63579 curveto
28.59146 95.58908 28.65482 95.56284 28.72087 95.56284 curveto
28.78693 95.56284 28.85028 95.58908 28.89699 95.63579 curveto
28.9437 95.6825 28.96994 95.74585 28.96994 95.8119 curveto closepath fill
newpath 26.87317 97.90868 moveto
26.87317 97.97473 26.84692 98.03809 26.80022 98.0848 curveto
26.75351 98.1315 26.69016 98.15775 26.6241 98.15775 curveto
26.55804 98.15775 26.49469 98.1315 26.44798 98.0848 curveto
26.40128 98.03809 26.37503 97.97473 26.37503 97.90868 curveto
26.37503 97.84262 26.40128 97.77927 26.44798 97.73256 curveto
26.49469 97.68585 26.55804 97.6596 26.6241 97.6596 curveto
26.69016 97.6596 26.75351 97.68585 26.80022 97.73256 curveto
26.84692 97.77927 26.87317 97.84262 26.87317 97.90868 curveto closepath fill
newpath 24.77641 100.00543 moveto
24.77641 100.07149 24.75017 100.13484 24.70346 100.18155 curveto
24.65675 100.22826 24.5934 100.2545 24.52734 100.2545 curveto
24.46129 100.2545 24.39793 100.22826 24.35123 100.18155 curveto
24.30452 100.13484 24.27827 100.07149 24.27827 100.00543 curveto
24.27827 99.93938 24.30452 99.87602 24.35123 99.82932 curveto
24.39793 99.78261 24.46129 99.75636 24.52734 99.75636 curveto
24.5934 99.75636 24.65675 99.78261 24.70346 99.82932 curveto
24.75017 99.87602 24.77641 99.93938 24.77641 100.00543 curveto closepath fill
newpath 22.67964 102.1022 moveto
22.67964 102.16826 22.6534 102.23161 22.60669 102.27832 curveto
22.55998 102.32503 22.49663 102.35127 22.43057 102.35127 curveto
22.36452 102.35127 22.30116 102.32503 22.25446 102.27832 curveto
22.20775 102.23161 22.1815 102.16826 22.1815 102.1022 curveto
22.1815 102.03615 22.20775 101.9728 22.25446 101.92609 curveto
22.30116 101.87938 22.36452 101.85313 22.43057 101.85313 curveto
22.49663 101.85313 22.55998 101.87938 22.60669 101.92609 curveto
22.6534 101.9728 22.67964 102.03615 22.67964 102.1022 curveto closepath fill
newpath 20.58354 104.1983 moveto
20.58354 104.26436 20.5573 104.32771 20.51059 104.37442 curveto
20.46388 104.42113 20.40053 104.44737 20.33447 104.44737 curveto
20.26842 104.44737 20.20506 104.42113 20.15836 104.37442 curveto
20.11165 104.32771 20.0854 104.26436 20.0854 104.1983 curveto
20.0854 104.13225 20.11165 104.0689 20.15836 104.02219 curveto
20.20506 103.97548 20.26842 103.94923 20.33447 103.94923 curveto
20.40053 103.94923 20.46388 103.97548 20.51059 104.02219 curveto
20.5573 104.0689 20.58354 104.13225 20.58354 104.1983 curveto closepath fill
newpath 18.4868 106.29504 moveto
18.4868 106.3611 18.46056 106.42445 18.41385 106.47116 curveto
18.36714 106.51787 18.30379 106.54411 18.23773 106.54411 curveto
18.17168 106.54411 18.10832 106.51787 18.06161 106.47116 curveto
18.01491 106.42445 17.98866 106.3611 17.98866 106.29504 curveto
17.98866 106.22899 18.01491 106.16563 18.06161 106.11893 curveto
18.10832 106.07222 18.17168 106.04597 18.23773 106.04597 curveto
18.30379 106.04597 18.36714 106.07222 18.41385 106.11893 curveto
18.46056 106.16563 18.4868 106.22899 18.4868 106.29504 curveto closepath fill
 0.7 setgray
newpath 99.62622 62.26639 moveto
99.62622 72.17528 95.68935 81.67712 88.68324 88.68324 curveto
81.67712 95.68935 72.17528 99.62622 62.26639 99.62622 curveto
52.3575 99.62622 42.85565 95.68935 35.84953 88.68324 curveto
28.84343 81.67712 24.90656 72.17528 24.90656 62.26639 curveto
24.90656 52.3575 28.84343 42.85565 35.84953 35.84953 curveto
42.85565 28.84343 52.3575 24.90656 62.26639 24.90656 curveto
72.17528 24.90656 81.67712 28.84343 88.68324 35.84953 curveto
95.68935 42.85565 99.62622 52.3575 99.62622 62.26639 curveto closepath stroke
 0 0 0 setrgbcolor 0 1.4944 dtransform truncate idtransform setlinewidth pop
newpath 99.62622 62.26639 moveto
99.6264 63.35312 99.5791 64.43948 99.48427 65.52203 curveto
99.38945 66.60516 99.24731 67.68353 99.05844 68.7543 curveto
98.86975 69.82451 98.63449 70.88617 98.35326 71.93584 curveto
98.07204 72.98572 97.7452 74.02304 97.37332 75.04442 curveto
97.00163 76.0656 96.5853 77.07005 96.12602 78.05493 curveto
95.66655 79.04039 95.16412 80.00513 94.62047 80.94687 curveto
94.0772 81.88805 93.49307 82.80492 92.8698 83.69516 curveto
92.24634 84.5856 91.58469 85.4483 90.88597 86.28098 curveto
90.18745 87.11346 89.45282 87.9148 88.68437 88.68324 curveto
87.91536 89.45207 87.11328 90.18707 86.28041 90.88597 curveto
85.44792 91.58449 84.58542 92.24654 83.69516 92.8698 curveto
82.80472 93.49326 81.88768 94.07758 80.9463 94.62105 curveto
80.00513 95.16432 79.04039 95.66617 78.0555 96.12544 curveto
77.07024 96.58492 76.0654 97.00145 75.04384 97.37332 curveto
74.02266 97.7452 72.98552 98.07204 71.93584 98.35326 curveto
70.88617 98.63449 69.82451 98.86975 68.7543 99.05844 curveto
67.68391 99.24713 66.60593 99.38945 65.52318 99.48427 curveto
64.44005 99.5791 63.35312 99.62622 62.26582 99.62622 curveto
61.17908 99.62622 60.09273 99.5791 59.01018 99.48427 curveto
57.92743 99.38945 56.84943 99.24713 55.77904 99.05844 curveto
54.70883 98.86975 53.64719 98.63449 52.5975 98.35326 curveto
51.54744 98.07184 50.51012 97.74463 49.48836 97.37276 curveto
48.467 97.00107 47.46236 96.5853 46.47728 96.12602 curveto
45.4922 95.66673 44.52785 95.1645 43.58647 94.62105 curveto
42.6453 94.07777 41.72824 93.49364 40.83818 92.87038 curveto
39.94756 92.24672 39.08466 91.5843 38.2518 90.8854 curveto
37.41931 90.18687 36.6176 89.45226 35.84897 88.6838 curveto stroke
newpath 39.01915 89.74011 moveto
37.85507 89.90657 36.68057 89.51521 35.84897 88.6838 curveto
36.68057 89.51521 37.0722 90.68962 36.90602 91.85373 curveto stroke
showpage
%%EOF
