%!PS
%%BoundingBox: 39 39 161 160 
%%HiResBoundingBox: 39.6014 39.6014 160.14906 159.65092 
%%Creator: MetaPost 2.000
%%CreationDate: 2017.06.03:1629
%%Pages: 1
%%BeginProlog
%%EndProlog
%%Page: 1 1
 0.7 setgray 0 0.49814 dtransform truncate idtransform setlinewidth pop [] 0 setdash 1 setlinejoin
 10 setmiterlimit
newpath 159.40186 99.62616 moveto
159.40186 115.48036 153.10286 130.68332 141.8931 141.8931 curveto
130.68332 153.10286 115.48036 159.40186 99.62616 159.40186 curveto
83.77196 159.40186 68.569 153.10286 57.35922 141.8931 curveto
46.14946 130.68332 39.85046 115.48036 39.85046 99.62616 curveto
39.85046 83.77196 46.14946 68.569 57.35922 57.35922 curveto
68.569 46.14946 83.77196 39.85046 99.62616 39.85046 curveto
115.48036 39.85046 130.68332 46.14946 141.8931 57.35922 curveto
153.10286 68.569 159.40186 83.77196 159.40186 99.62616 curveto closepath stroke
newpath 99.62616 99.62616 moveto
159.40186 99.62616 lineto
159.17474 104.83519 lineto
158.4934 110.00682 lineto
157.36513 115.09727 lineto
155.79721 120.07007 lineto
153.80153 124.88872 lineto
151.39357 129.514 lineto
148.59158 133.91217 lineto
145.41655 138.04948 lineto
141.89401 141.89401 lineto
138.04948 145.41655 lineto
133.91217 148.59158 lineto
129.514 151.39357 lineto
 closepath fill
 0 0 0 setrgbcolor 1 setlinecap
newpath 159.40186 99.62616 moveto
99.62616 99.62616 lineto
129.514 151.39206 lineto stroke
newpath 129.4006 102.23112 moveto
129.3246 103.09763 129.21089 103.96017 129.05978 104.81665 curveto
128.90868 105.6728 128.72078 106.52197 128.49579 107.36172 curveto
128.27081 108.20177 128.00903 109.03148 127.71169 109.84872 curveto
127.41434 110.66566 127.08142 111.46924 126.71385 112.25699 curveto
126.34627 113.04504 125.94464 113.81699 125.50987 114.57008 curveto
125.0751 115.32318 124.6075 116.05681 124.10887 116.76917 curveto
123.61026 117.48152 123.08063 118.17168 122.52182 118.83781 curveto
121.963 119.50397 121.375 120.14548 120.76024 120.76024 curveto
120.14548 121.375 119.50397 121.96269 118.83781 122.52151 curveto
118.17168 123.08032 117.48152 123.60995 116.76917 124.10887 curveto stroke
newpath 118.35997 121.17026 moveto
118.32173 122.34557 117.73236 123.43428 116.76917 124.10887 curveto
117.73236 123.43428 118.95695 123.25255 120.07454 123.61835 curveto stroke
newpath 130.62814 105.33904 moveto
129.75264 104.55399 129.29787 103.40256 129.4006 102.23112 curveto
129.29787 103.40256 128.64958 104.45724 127.65079 105.0779 curveto stroke
newpath 99.62616 101.61868 moveto
99.09769 101.61868 98.59093 101.40872 98.21725 101.03506 curveto
97.8436 100.66139 97.63364 100.15463 97.63364 99.62616 curveto
97.63364 99.09769 97.8436 98.59093 98.21725 98.21725 curveto
98.59093 97.8436 99.09769 97.63364 99.62616 97.63364 curveto
100.15463 97.63364 100.66139 97.8436 101.03506 98.21725 curveto
101.40872 98.59093 101.61868 99.09769 101.61868 99.62616 curveto
101.61868 100.15463 101.40872 100.66139 101.03506 101.03506 curveto
100.66139 101.40872 100.15463 101.61868 99.62616 101.61868 curveto closepath fill
 0 1.4944 dtransform truncate idtransform setlinewidth pop
newpath 159.40186 99.62616 moveto
159.40216 101.36493 159.32646 103.1031 159.17474 104.83519 curveto
159.02303 106.56819 158.79561 108.2936 158.4934 110.00682 curveto
158.1915 111.71915 157.8151 113.41779 157.36513 115.09727 curveto
156.91516 116.77676 156.3919 118.43619 155.79721 120.07007 curveto
155.20222 121.70456 154.53668 123.3123 153.80153 124.88872 curveto
153.06668 126.46484 152.26312 128.00781 151.39357 129.514 curveto
150.52403 131.0202 149.58913 132.48747 148.59158 133.91217 curveto
147.59406 135.33688 146.53448 136.71721 145.41655 138.04948 curveto
144.29892 139.38145 143.12352 140.66449 141.89401 141.89401 curveto
140.66449 143.12352 139.38145 144.29892 138.04948 145.41655 curveto
136.71721 146.53448 135.33688 147.59406 133.91217 148.59158 curveto
132.48747 149.58913 131.0202 150.52403 129.514 151.39357 curveto stroke
showpage
%%EOF
