%!PS
%%BoundingBox: -1 -1 121 120 
%%HiResBoundingBox: -0.24907 -0.62267 120.17406 119.80046 
%%Creator: MetaPost 2.000
%%CreationDate: 2017.06.03:1629
%%Pages: 1
%%BeginProlog
%%EndProlog
%%Page: 1 1
 0.7 setgray 0 0.49814 dtransform truncate idtransform setlinewidth pop [] 0 setdash 1 setlinecap
 1 setlinejoin 10 setmiterlimit
newpath 0 59.7757 moveto
119.55139 59.7757 lineto stroke
 0 0 0 setrgbcolor
newpath 114.57008 62.26636 moveto
115.74602 60.69844 117.5915 59.7757 119.55139 59.7757 curveto
117.5915 59.7757 115.74602 58.85295 114.57008 57.28503 curveto stroke
 0.7 setgray 0.49814 0 dtransform exch truncate exch idtransform pop setlinewidth
newpath 59.7757 0 moveto
59.7757 119.55139 lineto stroke
 0 0 0 setrgbcolor 0 0.49814 dtransform truncate idtransform setlinewidth pop
newpath 57.28503 114.57008 moveto
58.85295 115.74602 59.7757 117.5915 59.7757 119.55139 curveto
59.7757 117.5915 60.69844 115.74602 62.26636 114.57008 curveto stroke
 0.7 setgray 0.49814 0 dtransform exch truncate exch idtransform pop setlinewidth
newpath 11.95514 57.78317 moveto
11.95514 61.76822 lineto stroke
newpath 23.91028 57.78317 moveto
23.91028 61.76822 lineto stroke
newpath 35.86542 57.78317 moveto
35.86542 61.76822 lineto stroke
newpath 47.82056 57.78317 moveto
47.82056 61.76822 lineto stroke
newpath 71.73083 57.78317 moveto
71.73083 61.76822 lineto stroke
newpath 83.68597 57.78317 moveto
83.68597 61.76822 lineto stroke
newpath 95.64111 57.78317 moveto
95.64111 61.76822 lineto stroke
newpath 107.59625 57.78317 moveto
107.59625 61.76822 lineto stroke
 0 0.49814 dtransform truncate idtransform setlinewidth pop
newpath 61.76822 11.95514 moveto
57.78317 11.95514 lineto stroke
newpath 61.76822 23.91028 moveto
57.78317 23.91028 lineto stroke
newpath 61.76822 35.86542 moveto
57.78317 35.86542 lineto stroke
newpath 61.76822 47.82056 moveto
57.78317 47.82056 lineto stroke
newpath 61.76822 71.73083 moveto
57.78317 71.73083 lineto stroke
newpath 61.76822 83.68597 moveto
57.78317 83.68597 lineto stroke
newpath 61.76822 95.64111 moveto
57.78317 95.64111 lineto stroke
newpath 61.76822 107.59625 moveto
57.78317 107.59625 lineto stroke
 0 0 0 setrgbcolor
newpath 62.76448 59.7757 moveto
62.8152 59.86435 62.86098 59.95557 62.90184 60.04915 curveto
62.94417 60.14638 62.98175 60.2456 63.01349 60.34686 curveto
63.04633 60.45157 63.07405 60.55774 63.09576 60.66536 curveto
63.1182 60.77682 63.13516 60.88919 63.14592 61.00229 curveto
63.15704 61.11923 63.16252 61.23671 63.1616 61.35419 curveto
63.1607 61.47586 63.15376 61.59772 63.14046 61.71866 curveto
63.12677 61.84326 63.10707 61.96748 63.0808 62.09007 curveto
63.0538 62.21667 63.02078 62.342 62.9812 62.46513 curveto
62.94034 62.59245 62.89326 62.71777 62.84 62.84036 curveto
62.7851 62.9666 62.72435 63.0901 62.6574 63.21013 curveto
62.58844 63.33382 62.51366 63.45403 62.43285 63.57042 curveto
62.34984 63.69008 62.26118 63.80574 62.16687 63.91684 curveto
62.06982 64.0312 61.9673 64.14102 61.85968 64.24538 curveto
61.74913 64.35245 61.63365 64.45424 61.51344 64.5502 curveto
61.38994 64.64871 61.26205 64.74138 61.12962 64.82767 curveto
60.99355 64.91632 60.85344 64.9986 60.7095 65.07393 curveto
60.5623 65.1511 60.41144 65.22115 60.25748 65.28389 curveto
60.09967 65.3483 59.93915 65.40521 59.77588 65.45428 curveto
59.60878 65.50462 59.43932 65.54732 59.2682 65.5816 curveto
59.09253 65.61682 58.91559 65.64381 58.73735 65.66241 curveto
58.55548 65.6814 58.37288 65.69215 58.1901 65.69398 curveto
58.00293 65.6958 57.81595 65.68924 57.62933 65.67374 curveto
57.43834 65.65768 57.24826 65.63324 57.05963 65.59949 curveto
56.86717 65.56519 56.67636 65.52196 56.48793 65.46997 curveto
56.29547 65.41689 56.10558 65.35522 55.91876 65.28444 curveto
55.72795 65.2122 55.54079 65.1314 55.35747 65.04182 curveto
55.17012 64.95024 54.98715 64.85028 54.80891 64.74193 curveto
54.6276 64.63156 54.45119 64.51317 54.2808 64.38657 curveto
54.10696 64.25742 53.93895 64.1206 53.7777 63.97594 curveto
53.61298 63.82835 53.45499 63.67331 53.30449 63.5113 curveto
53.15144 63.3464 53.00569 63.17474 52.86833 62.99652 curveto
52.72841 62.81502 52.59634 62.6273 52.47357 62.43375 curveto
52.34825 62.23619 52.23186 62.03316 52.12495 61.82501 curveto
52.01642 61.61359 51.91737 61.39723 51.82852 61.17668 curveto
51.73805 60.95232 51.65741 60.72392 51.58774 60.49225 curveto
51.51677 60.25638 51.45639 60.0176 51.40714 59.77625 curveto
51.35696 59.53033 51.31775 59.28224 51.29002 59.0327 curveto
51.26193 58.7795 51.24496 58.5252 51.23985 58.27054 curveto
51.23474 58.0115 51.24095 57.75247 51.25919 57.49397 curveto
51.2778 57.23093 51.30807 56.9686 51.35022 56.70828 curveto
51.39308 56.44414 51.44745 56.182 51.51404 55.92279 curveto
51.58153 55.65955 51.6607 55.39941 51.75172 55.1433 curveto
51.84422 54.88316 51.94801 54.62704 52.06349 54.37622 curveto
52.18097 54.12102 52.30957 53.8711 52.4495 53.62756 curveto
52.59123 53.38075 52.74391 53.14032 52.90718 52.90718 curveto
53.073 52.67058 53.24922 52.44128 53.43565 52.22055 curveto
53.6252 51.99617 53.8244 51.78 54.03326 51.5735 curveto
54.24487 51.36427 54.4656 51.16452 54.69508 50.97498 curveto
54.92786 50.7829 55.16884 50.6012 55.41785 50.43063 curveto
55.67032 50.2577 55.93027 50.0957 56.19733 49.94612 curveto
56.46858 49.79399 56.74641 49.65388 57.03008 49.52673 curveto
57.31721 49.39813 57.61 49.28212 57.90733 49.1796 curveto
58.20888 49.0756 58.5148 48.98495 58.82437 48.90833 curveto
59.13887 48.83044 59.45647 48.7664 59.77661 48.71698 curveto
60.1004 48.66699 60.42603 48.63142 60.75293 48.61044 curveto
61.08401 48.58928 61.41603 48.58235 61.74767 48.59074 curveto
62.08368 48.5993 62.41916 48.62267 62.75317 48.66096 curveto
63.0921 48.69983 63.42905 48.75346 63.76305 48.82242 curveto
64.10071 48.89209 64.43509 48.97656 64.76509 49.07597 curveto
65.09929 49.17668 65.42874 49.29196 65.75272 49.42203 curveto
66.08125 49.55392 66.40378 49.70004 66.71936 49.86057 curveto
67.03806 50.02274 67.34962 50.19896 67.65263 50.38885 curveto
67.95927 50.58113 68.25772 50.78618 68.54613 51.0049 curveto
68.838 51.226 69.11984 51.46004 69.39091 51.7063 curveto
69.66583 51.95604 69.92961 52.21745 70.18135 52.49054 curveto
70.43529 52.76599 70.67717 53.05275 70.90575 53.34973 curveto
71.13687 53.65018 71.35486 53.96066 71.55844 54.28044 curveto
71.76477 54.60461 71.95685 54.93771 72.13362 55.27884 curveto
72.31203 55.62306 72.47548 55.97496 72.6227 56.33359 curveto
72.77155 56.69624 72.90453 57.06529 73.02074 57.43979 curveto
73.13821 57.81831 73.23909 58.20195 73.32265 58.58942 curveto
73.40729 58.9818 73.47478 59.37784 73.52422 59.77625 curveto
73.5742 60.1783 73.60649 60.58218 73.62071 60.98697 curveto
73.63495 61.39597 73.63148 61.80568 73.60959 62.2143 curveto
73.58751 62.62804 73.5472 63.04085 73.48865 63.45093 curveto
73.42953 63.86465 73.35219 64.27565 73.2566 64.68263 curveto
73.16011 65.09381 73.04591 65.50043 72.91347 65.9014 curveto
72.77957 66.30655 72.62816 66.70569 72.45906 67.09734 curveto
72.28795 67.49356 72.09969 67.8823 71.89429 68.26192 curveto
71.68724 68.64464 71.4636 69.01823 71.22353 69.38126 curveto
70.98108 69.74792 70.7226 70.10364 70.44878 70.44751 curveto
70.17168 70.79538 69.87962 71.13086 69.57298 71.453 curveto
69.26396 71.77771 68.9407 72.08856 68.60414 72.38463 curveto
68.26447 72.68344 67.91185 72.96729 67.54701 73.2349 curveto
67.1787 73.50525 66.79872 73.75935 66.40797 73.99614 curveto
66.01285 74.23547 65.60751 74.45766 65.19287 74.66124 curveto
64.77513 74.86647 64.34862 75.05345 63.91446 75.22092 curveto
63.4761 75.39001 63.03064 75.53978 62.57915 75.66966 curveto
62.12254 75.80083 61.66064 75.9123 61.19438 76.00276 curveto
60.72484 76.09398 60.25127 76.16458 59.77551 76.21402 curveto
59.29538 76.26381 58.81306 76.29282 58.33037 76.3003 curveto
57.84349 76.30777 57.35643 76.2941 56.87064 76.25871 curveto
56.37975 76.22295 55.89049 76.16566 55.40453 76.08669 curveto
54.91527 76.00732 54.42967 75.90663 53.94917 75.78441 curveto
53.46466 75.66109 52.98563 75.5168 52.51389 75.35135 curveto
52.03703 75.18407 51.56767 74.99635 51.10742 74.78784 curveto
50.64407 74.57806 50.1902 74.34802 49.7471 74.09811 curveto
49.30017 73.84601 48.86436 73.57475 48.44133 73.28433 curveto
48.0141 72.991 47.59964 72.67924 47.19978 72.34943 curveto
46.79736 72.0176 46.40953 71.66808 46.03793 71.30214 curveto
45.66325 70.9331 45.3048 70.54784 44.96402 70.14742 curveto
44.62035 69.74355 44.29417 69.32507 43.98735 68.89255 curveto
43.67741 68.45564 43.38681 68.00525 43.11647 67.54282 curveto
42.84448 67.07745 42.59274 66.6008 42.3627 66.11336 curveto
42.13084 65.6221 41.92033 65.12082 41.73262 64.61095 curveto
41.54291 64.09616 41.37581 63.57333 41.23206 63.04395 curveto
41.08759 62.51128 40.96628 61.9726 40.86905 61.42934 curveto
40.77109 60.88171 40.69702 60.33008 40.64758 59.77606 curveto
40.59778 59.21767 40.57207 58.65727 40.57133 58.0967 curveto
40.57079 57.53082 40.59468 56.96495 40.64375 56.4011 curveto
40.69301 55.83412 40.76707 55.26935 40.86612 54.70895 curveto
40.96591 54.14418 41.08995 53.58379 41.239 53.02977 curveto
41.38931 52.47064 41.56407 51.91846 41.76291 51.37466 curveto
41.96284 50.82776 42.18666 50.28981 42.43385 49.7626 curveto
42.68285 49.23158 42.95485 48.71169 43.24963 48.20456 curveto
43.54643 47.69377 43.8655 47.19595 44.20607 46.71307 curveto
44.54974 46.22565 44.91441 45.75354 45.2995 45.29822 curveto
45.68678 44.84035 46.09377 44.39961 46.51971 43.97768 curveto
46.94876 43.55264 47.39606 43.14656 47.86069 42.76093 curveto
48.32951 42.37183 48.81511 42.00298 49.31622 41.65637 curveto
49.82007 41.30795 50.3387 40.9816 50.87119 40.67877 curveto
51.40732 40.37376 51.95677 40.09212 52.51753 39.83527 curveto
53.0823 39.57658 53.65802 39.34254 54.24341 39.1344 curveto
54.83391 38.92444 55.43335 38.74037 56.0399 38.58313 curveto
56.64955 38.42497 57.26595 38.29362 57.88708 38.18929 curveto stroke
newpath 55.1872 40.15816 moveto
55.72714 39.11353 56.7274 38.3841 57.88708 38.18929 curveto
56.7274 38.3841 55.5437 38.02155 54.69205 37.21068 curveto stroke
 0 1.24533 dtransform truncate idtransform setlinewidth pop
newpath 59.7757 0 moveto
59.7757 59.7757 lineto
119.55139 59.7757 lineto stroke
newpath 116.5626 61.2701 moveto
117.26816 60.32935 118.37546 59.7757 119.55139 59.7757 curveto
118.37546 59.7757 117.26816 59.22205 116.5626 58.2813 curveto stroke
newpath 61.2701 2.98878 moveto
60.32935 2.28323 59.7757 1.17593 59.7757 0 curveto
59.7757 1.17593 59.22205 2.28323 58.2813 2.98878 curveto stroke
newpath 59.7757 61.76822 moveto
59.24722 61.76822 58.74046 61.55826 58.36679 61.1846 curveto
57.99313 60.81093 57.78317 60.30417 57.78317 59.7757 curveto
57.78317 59.24722 57.99313 58.74046 58.36679 58.36679 curveto
58.74046 57.99313 59.24722 57.78317 59.7757 57.78317 curveto
60.30417 57.78317 60.81093 57.99313 61.1846 58.36679 curveto
61.55826 58.74046 61.76822 59.24722 61.76822 59.7757 curveto
61.76822 60.30417 61.55826 60.81093 61.1846 61.1846 curveto
60.81093 61.55826 60.30417 61.76822 59.7757 61.76822 curveto closepath fill
showpage
%%EOF
