%!PS
%%BoundingBox: -1 -1 125 125 
%%HiResBoundingBox: -0.24907 -0.24907 124.78185 124.78185 
%%Creator: MetaPost 2.000
%%CreationDate: 2017.06.03:1629
%%Pages: 1
%%BeginProlog
%%EndProlog
%%Page: 1 1
 0 0 0 setrgbcolor 0 0.49814 dtransform truncate idtransform setlinewidth pop [] 0 setdash 1 setlinecap
 1 setlinejoin 10 setmiterlimit
newpath 0 62.26639 moveto
124.53278 62.26639 lineto stroke
newpath 119.55147 64.75705 moveto
120.7274 63.18913 122.57289 62.26639 124.53278 62.26639 curveto
122.57289 62.26639 120.7274 61.34364 119.55147 59.77573 curveto stroke
 0.49814 0 dtransform exch truncate exch idtransform pop setlinewidth
newpath 62.26639 0 moveto
62.26639 124.53278 lineto stroke
 0 0.49814 dtransform truncate idtransform setlinewidth pop
newpath 59.77573 119.55147 moveto
61.34364 120.7274 62.26639 122.57289 62.26639 124.53278 curveto
62.26639 122.57289 63.18913 120.7274 64.75705 119.55147 curveto stroke
 0.49814 0 dtransform exch truncate exch idtransform pop setlinewidth
newpath 24.90656 60.27386 moveto
24.90656 64.25891 lineto stroke
newpath 62.26639 60.27386 moveto
62.26639 64.25891 lineto stroke
newpath 99.62622 60.27386 moveto
99.62622 64.25891 lineto stroke
 0 0.49814 dtransform truncate idtransform setlinewidth pop
newpath 64.25891 24.90656 moveto
60.27386 24.90656 lineto stroke
newpath 64.25891 62.26639 moveto
60.27386 62.26639 lineto stroke
newpath 64.25891 99.62622 moveto
60.27386 99.62622 lineto stroke
 0.7 setgray
newpath 99.62622 62.26639 moveto
99.62622 72.17528 95.68935 81.67712 88.68324 88.68324 curveto
81.67712 95.68935 72.17528 99.62622 62.26639 99.62622 curveto
52.3575 99.62622 42.85565 95.68935 35.84953 88.68324 curveto
28.84343 81.67712 24.90656 72.17528 24.90656 62.26639 curveto
24.90656 52.3575 28.84343 42.85565 35.84953 35.84953 curveto
42.85565 28.84343 52.3575 24.90656 62.26639 24.90656 curveto
72.17528 24.90656 81.67712 28.84343 88.68324 35.84953 curveto
95.68935 42.85565 99.62622 52.3575 99.62622 62.26639 curveto closepath stroke
 0 0 0 setrgbcolor 0 1.4944 dtransform truncate idtransform setlinewidth pop
newpath 99.62622 62.26639 moveto
99.62604 61.18573 99.5791 60.10565 99.48541 59.02899 curveto
99.39174 57.95251 99.25188 56.8804 99.06528 55.81609 curveto
98.87848 54.75046 98.64532 53.69354 98.36694 52.64824 curveto
98.08876 51.60406 97.76553 50.57243 97.39783 49.5562 curveto
97.03014 48.53996 96.61856 47.54045 96.16422 46.55994 curveto
95.70987 45.57942 95.21335 44.61905 94.67577 43.68167 curveto
94.13763 42.74315 93.559 41.82858 92.94164 40.94023 curveto
92.32481 40.05283 91.66982 39.19278 90.97832 38.36238 curveto
90.28702 37.532 89.55962 36.732 88.79897 35.96469 curveto
88.03812 35.19719 87.24458 34.46295 86.42007 33.76424 curveto
85.59576 33.06572 84.74123 32.4031 83.85934 31.7787 curveto
82.9765 31.15353 82.06705 30.56693 81.13329 30.02061 curveto
80.20065 29.47487 79.24466 28.96999 78.26814 28.5071 curveto
77.29161 28.0442 76.2957 27.62367 75.2827 27.24724 curveto
74.2697 26.87082 73.24092 26.53865 72.19922 26.25134 curveto
71.15637 25.96384 70.10156 25.72118 69.03763 25.52507 curveto
67.97484 25.32916 66.90387 25.18 65.82816 25.07701 curveto
64.75244 24.97401 63.67293 24.91719 62.59247 24.9077 curveto
61.51181 24.8982 60.43135 24.93562 59.35393 25.02 curveto
58.27669 25.10437 57.20345 25.23549 56.1376 25.41278 curveto
55.07045 25.59026 54.01126 25.81372 52.96349 26.08318 curveto
51.91684 26.35225 50.88274 26.66673 49.86346 27.02548 curveto
48.8442 27.38425 47.84087 27.7871 46.85637 28.2329 curveto
45.87187 28.67868 44.90712 29.16684 43.965 29.69624 curveto
43.02191 30.22623 42.1024 30.79666 41.20872 31.40645 curveto
40.31601 32.01547 39.45027 32.66287 38.61378 33.34695 curveto
37.7775 34.03102 36.97124 34.7512 36.19728 35.50522 curveto
35.42313 36.25941 34.68224 37.04686 33.9763 37.8653 curveto
33.27055 38.68353 32.60016 39.53197 31.96796 40.40836 curveto
31.33519 41.28569 30.74098 42.19019 30.18651 43.11902 curveto
29.63278 44.04689 29.11916 44.99814 28.6479 45.97049 curveto
28.17645 46.94283 27.74776 47.9355 27.3624 48.94508 curveto
26.97704 49.95468 26.63556 50.98022 26.33913 52.01945 curveto
26.04251 53.05983 25.79092 54.11255 25.58551 55.17477 curveto
25.38028 56.23586 25.22198 57.30548 25.1095 58.38025 curveto
24.9972 59.45482 24.93126 60.53395 24.91226 61.61423 curveto
24.89345 62.6947 24.92119 63.77534 24.99605 64.85335 curveto
25.07092 65.93153 25.19292 67.00592 25.3609 68.07365 curveto
25.52907 69.14214 25.74323 70.20303 26.00336 71.2529 curveto
26.26312 72.30182 26.56848 73.33896 26.91832 74.36148 curveto
27.26814 75.38399 27.66225 76.39072 28.09949 77.37883 curveto
28.53673 78.36714 29.01654 79.33606 29.53777 80.28275 curveto
30.05957 81.2304 30.62222 82.15503 31.22403 83.05383 curveto
31.82506 83.95169 32.46506 84.82294 33.14172 85.66531 curveto
33.81859 86.50787 34.53154 87.32059 35.2789 88.1012 curveto
36.02626 88.8818 36.80687 89.62973 37.61902 90.3427 curveto
38.43098 91.05566 39.27373 91.7329 40.14441 92.3727 curveto
41.01624 93.01326 41.9156 93.61563 42.83969 94.1781 curveto
43.76282 94.73999 44.70988 95.26141 45.67804 95.74123 curveto
46.6464 96.22102 47.63509 96.65865 48.64125 97.05295 curveto
49.64742 97.44705 50.66992 97.79764 51.70648 98.10301 curveto
52.7442 98.40875 53.79465 98.66946 54.85497 98.88399 curveto
55.91414 99.09834 56.98207 99.26613 58.05588 99.38794 curveto
59.1295 99.50974 60.20789 99.58537 61.28816 99.61368 curveto
62.36862 99.642 63.44966 99.62318 64.52841 99.55782 curveto
65.60698 99.49245 66.68211 99.38014 67.75099 99.22148 curveto
68.821 99.06262 69.8836 98.85739 70.93594 98.60637 curveto
71.98715 98.35555 73.02695 98.05911 74.0525 97.71822 curveto
75.07785 97.3773 76.08821 96.99214 77.08012 96.56383 curveto
78.07222 96.13533 79.04532 95.66426 79.99658 95.1512 curveto
80.94858 94.63777 81.87779 94.0829 82.78192 93.48889 curveto
83.68509 92.89545 84.56223 92.26344 85.41049 91.594 curveto
86.25874 90.92474 87.07755 90.21881 87.86462 89.47849 curveto
88.65189 88.73796 89.40665 87.96362 90.12665 87.15775 curveto
90.84645 86.35185 91.5309 85.5152 92.17831 84.65002 curveto
92.82648 83.7837 93.43701 82.88985 94.00764 81.97072 curveto
94.57753 81.05272 95.10712 80.11002 95.59529 79.14604 curveto
96.08345 78.18205 96.52982 77.19736 96.93266 76.19481 curveto
97.3357 75.19225 97.69502 74.17259 98.00952 73.13869 curveto
98.32439 72.10364 98.59402 71.05547 98.81787 69.99706 curveto
99.04152 68.93977 99.2192 67.87337 99.35031 66.80069 curveto
99.48143 65.72801 99.5658 64.6502 99.60342 63.57013 curveto stroke
newpath 100.99284 66.60912 moveto
100.07724 65.87125 99.56248 64.74535 99.60342 63.57013 curveto
99.56248 64.74535 98.97061 65.8327 98.00587 66.50505 curveto stroke
showpage
%%EOF
