%!PS
%%BoundingBox: -1 -1 125 125 
%%HiResBoundingBox: -0.24907 -0.24907 124.78185 124.78185 
%%Creator: MetaPost 2.000
%%CreationDate: 2017.06.03:1629
%%Pages: 1
%%BeginProlog
%%EndProlog
%%Page: 1 1
 0 0 0 setrgbcolor 0 0.49814 dtransform truncate idtransform setlinewidth pop [] 0 setdash 1 setlinecap
 1 setlinejoin 10 setmiterlimit
newpath 0 62.26639 moveto
124.53278 62.26639 lineto stroke
newpath 119.55147 64.75705 moveto
120.7274 63.18913 122.57289 62.26639 124.53278 62.26639 curveto
122.57289 62.26639 120.7274 61.34364 119.55147 59.77573 curveto stroke
 0.49814 0 dtransform exch truncate exch idtransform pop setlinewidth
newpath 62.26639 0 moveto
62.26639 124.53278 lineto stroke
 0 0.49814 dtransform truncate idtransform setlinewidth pop
newpath 59.77573 119.55147 moveto
61.34364 120.7274 62.26639 122.57289 62.26639 124.53278 curveto
62.26639 122.57289 63.18913 120.7274 64.75705 119.55147 curveto stroke
 0.49814 0 dtransform exch truncate exch idtransform pop setlinewidth
newpath 24.90656 60.27386 moveto
24.90656 64.25891 lineto stroke
newpath 62.26639 60.27386 moveto
62.26639 64.25891 lineto stroke
newpath 99.62622 60.27386 moveto
99.62622 64.25891 lineto stroke
 0 0.49814 dtransform truncate idtransform setlinewidth pop
newpath 64.25891 24.90656 moveto
60.27386 24.90656 lineto stroke
newpath 64.25891 62.26639 moveto
60.27386 62.26639 lineto stroke
newpath 64.25891 99.62622 moveto
60.27386 99.62622 lineto stroke
newpath 62.51546 62.26639 moveto
62.51546 62.33244 62.48921 62.3958 62.4425 62.4425 curveto
62.3958 62.48921 62.33244 62.51546 62.26639 62.51546 curveto
62.20033 62.51546 62.13698 62.48921 62.09027 62.4425 curveto
62.04356 62.3958 62.01732 62.33244 62.01732 62.26639 curveto
62.01732 62.20033 62.04356 62.13698 62.09027 62.09027 curveto
62.13698 62.04356 62.20033 62.01732 62.26639 62.01732 curveto
62.33244 62.01732 62.3958 62.04356 62.4425 62.09027 curveto
62.48921 62.13698 62.51546 62.20033 62.51546 62.26639 curveto closepath fill
newpath 60.41872 60.16965 moveto
60.41872 60.2357 60.39247 60.29906 60.34576 60.34576 curveto
60.29906 60.39247 60.2357 60.41872 60.16965 60.41872 curveto
60.10359 60.41872 60.04024 60.39247 59.99353 60.34576 curveto
59.94682 60.29906 59.92058 60.2357 59.92058 60.16965 curveto
59.92058 60.10359 59.94682 60.04024 59.99353 59.99353 curveto
60.04024 59.94682 60.10359 59.92058 60.16965 59.92058 curveto
60.2357 59.92058 60.29906 59.94682 60.34576 59.99353 curveto
60.39247 60.04024 60.41872 60.10359 60.41872 60.16965 curveto closepath fill
newpath 58.32193 58.07286 moveto
58.32193 58.13892 58.29568 58.20227 58.24898 58.24898 curveto
58.20227 58.29568 58.13892 58.32193 58.07286 58.32193 curveto
58.0068 58.32193 57.94345 58.29568 57.89674 58.24898 curveto
57.85004 58.20227 57.82379 58.13892 57.82379 58.07286 curveto
57.82379 58.0068 57.85004 57.94345 57.89674 57.89674 curveto
57.94345 57.85004 58.0068 57.82379 58.07286 57.82379 curveto
58.13892 57.82379 58.20227 57.85004 58.24898 57.89674 curveto
58.29568 57.94345 58.32193 58.0068 58.32193 58.07286 curveto closepath fill
newpath 56.22586 55.97679 moveto
56.22586 56.04285 56.19962 56.1062 56.15291 56.15291 curveto
56.1062 56.19962 56.04285 56.22586 55.97679 56.22586 curveto
55.91074 56.22586 55.84738 56.19962 55.80067 56.15291 curveto
55.75397 56.1062 55.72772 56.04285 55.72772 55.97679 curveto
55.72772 55.91074 55.75397 55.84738 55.80067 55.80067 curveto
55.84738 55.75397 55.91074 55.72772 55.97679 55.72772 curveto
56.04285 55.72772 56.1062 55.75397 56.15291 55.80067 curveto
56.19962 55.84738 56.22586 55.91074 56.22586 55.97679 curveto closepath fill
newpath 54.1291 53.88004 moveto
54.1291 53.94609 54.10286 54.00945 54.05615 54.05615 curveto
54.00945 54.10286 53.94609 54.1291 53.88004 54.1291 curveto
53.81398 54.1291 53.75063 54.10286 53.70392 54.05615 curveto
53.65721 54.00945 53.63097 53.94609 53.63097 53.88004 curveto
53.63097 53.81398 53.65721 53.75063 53.70392 53.70392 curveto
53.75063 53.65721 53.81398 53.63097 53.88004 53.63097 curveto
53.94609 53.63097 54.00945 53.65721 54.05615 53.70392 curveto
54.10286 53.75063 54.1291 53.81398 54.1291 53.88004 curveto closepath fill
newpath 52.03233 51.78326 moveto
52.03233 51.84932 52.00609 51.91267 51.95938 51.95938 curveto
51.91267 52.00609 51.84932 52.03233 51.78326 52.03233 curveto
51.71721 52.03233 51.65385 52.00609 51.60715 51.95938 curveto
51.56044 51.91267 51.5342 51.84932 51.5342 51.78326 curveto
51.5342 51.71721 51.56044 51.65385 51.60715 51.60715 curveto
51.65385 51.56044 51.71721 51.5342 51.78326 51.5342 curveto
51.84932 51.5342 51.91267 51.56044 51.95938 51.60715 curveto
52.00609 51.65385 52.03233 51.71721 52.03233 51.78326 curveto closepath fill
newpath 49.93558 49.68651 moveto
49.93558 49.75256 49.90933 49.81592 49.86263 49.86263 curveto
49.81592 49.90933 49.75256 49.93558 49.68651 49.93558 curveto
49.62045 49.93558 49.5571 49.90933 49.51039 49.86263 curveto
49.46368 49.81592 49.43744 49.75256 49.43744 49.68651 curveto
49.43744 49.62045 49.46368 49.5571 49.51039 49.51039 curveto
49.5571 49.46368 49.62045 49.43744 49.68651 49.43744 curveto
49.75256 49.43744 49.81592 49.46368 49.86263 49.51039 curveto
49.90933 49.5571 49.93558 49.62045 49.93558 49.68651 curveto closepath fill
newpath 47.8395 47.59042 moveto
47.8395 47.65648 47.81325 47.71983 47.76654 47.76654 curveto
47.71983 47.81325 47.65648 47.8395 47.59042 47.8395 curveto
47.52437 47.8395 47.46101 47.81325 47.4143 47.76654 curveto
47.3676 47.71983 47.34135 47.65648 47.34135 47.59042 curveto
47.34135 47.52437 47.3676 47.46101 47.4143 47.4143 curveto
47.46101 47.3676 47.52437 47.34135 47.59042 47.34135 curveto
47.65648 47.34135 47.71983 47.3676 47.76654 47.4143 curveto
47.81325 47.46101 47.8395 47.52437 47.8395 47.59042 curveto closepath fill
newpath 45.7427 45.49364 moveto
45.7427 45.5597 45.71646 45.62305 45.66975 45.66975 curveto
45.62305 45.71646 45.5597 45.7427 45.49364 45.7427 curveto
45.42758 45.7427 45.36423 45.71646 45.31752 45.66975 curveto
45.27081 45.62305 45.24457 45.5597 45.24457 45.49364 curveto
45.24457 45.42758 45.27081 45.36423 45.31752 45.31752 curveto
45.36423 45.27081 45.42758 45.24457 45.49364 45.24457 curveto
45.5597 45.24457 45.62305 45.27081 45.66975 45.31752 curveto
45.71646 45.36423 45.7427 45.42758 45.7427 45.49364 curveto closepath fill
newpath 43.64594 43.39687 moveto
43.64594 43.46292 43.61969 43.52628 43.57298 43.57298 curveto
43.52628 43.61969 43.46292 43.64594 43.39687 43.64594 curveto
43.33081 43.64594 43.26746 43.61969 43.22075 43.57298 curveto
43.17404 43.52628 43.1478 43.46292 43.1478 43.39687 curveto
43.1478 43.33081 43.17404 43.26746 43.22075 43.22075 curveto
43.26746 43.17404 43.33081 43.1478 43.39687 43.1478 curveto
43.46292 43.1478 43.52628 43.17404 43.57298 43.22075 curveto
43.61969 43.26746 43.64594 43.33081 43.64594 43.39687 curveto closepath fill
newpath 41.54918 41.30011 moveto
41.54918 41.36617 41.52293 41.42952 41.47623 41.47623 curveto
41.42952 41.52293 41.36617 41.54918 41.30011 41.54918 curveto
41.23405 41.54918 41.1707 41.52293 41.124 41.47623 curveto
41.07729 41.42952 41.05104 41.36617 41.05104 41.30011 curveto
41.05104 41.23405 41.07729 41.1707 41.124 41.124 curveto
41.1707 41.07729 41.23405 41.05104 41.30011 41.05104 curveto
41.36617 41.05104 41.42952 41.07729 41.47623 41.124 curveto
41.52293 41.1707 41.54918 41.23405 41.54918 41.30011 curveto closepath fill
newpath 39.45242 39.20335 moveto
39.45242 39.26941 39.42618 39.33276 39.37947 39.37947 curveto
39.33276 39.42618 39.26941 39.45242 39.20335 39.45242 curveto
39.1373 39.45242 39.07394 39.42618 39.02724 39.37947 curveto
38.98053 39.33276 38.95428 39.26941 38.95428 39.20335 curveto
38.95428 39.1373 38.98053 39.07394 39.02724 39.02724 curveto
39.07394 38.98053 39.1373 38.95428 39.20335 38.95428 curveto
39.26941 38.95428 39.33276 38.98053 39.37947 39.02724 curveto
39.42618 39.07394 39.45242 39.1373 39.45242 39.20335 curveto closepath fill
newpath 37.35632 37.10725 moveto
37.35632 37.17331 37.33008 37.23666 37.28337 37.28337 curveto
37.23666 37.33008 37.17331 37.35632 37.10725 37.35632 curveto
37.0412 37.35632 36.97784 37.33008 36.93114 37.28337 curveto
36.88443 37.23666 36.85818 37.17331 36.85818 37.10725 curveto
36.85818 37.0412 36.88443 36.97784 36.93114 36.93114 curveto
36.97784 36.88443 37.0412 36.85818 37.10725 36.85818 curveto
37.17331 36.85818 37.23666 36.88443 37.28337 36.93114 curveto
37.33008 36.97784 37.35632 37.0412 37.35632 37.10725 curveto closepath fill
newpath 35.25955 35.01048 moveto
35.25955 35.07654 35.2333 35.1399 35.1866 35.1866 curveto
35.1399 35.2333 35.07654 35.25955 35.01048 35.25955 curveto
34.94443 35.25955 34.88107 35.2333 34.83437 35.1866 curveto
34.78766 35.1399 34.76141 35.07654 34.76141 35.01048 curveto
34.76141 34.94443 34.78766 34.88107 34.83437 34.83437 curveto
34.88107 34.78766 34.94443 34.76141 35.01048 34.76141 curveto
35.07654 34.76141 35.1399 34.78766 35.1866 34.83437 curveto
35.2333 34.88107 35.25955 34.94443 35.25955 35.01048 curveto closepath fill
newpath 33.16278 32.91371 moveto
33.16278 32.97977 33.13654 33.04312 33.08983 33.08983 curveto
33.04312 33.13654 32.97977 33.16278 32.91371 33.16278 curveto
32.84766 33.16278 32.7843 33.13654 32.7376 33.08983 curveto
32.69089 33.04312 32.66464 32.97977 32.66464 32.91371 curveto
32.66464 32.84766 32.69089 32.7843 32.7376 32.7376 curveto
32.7843 32.69089 32.84766 32.66464 32.91371 32.66464 curveto
32.97977 32.66464 33.04312 32.69089 33.08983 32.7376 curveto
33.13654 32.7843 33.16278 32.84766 33.16278 32.91371 curveto closepath fill
newpath 31.06602 30.81696 moveto
31.06602 30.88301 31.03978 30.94637 30.99307 30.99307 curveto
30.94637 31.03978 30.88301 31.06602 30.81696 31.06602 curveto
30.7509 31.06602 30.68755 31.03978 30.64084 30.99307 curveto
30.59413 30.94637 30.56789 30.88301 30.56789 30.81696 curveto
30.56789 30.7509 30.59413 30.68755 30.64084 30.64084 curveto
30.68755 30.59413 30.7509 30.56789 30.81696 30.56789 curveto
30.88301 30.56789 30.94637 30.59413 30.99307 30.64084 curveto
31.03978 30.68755 31.06602 30.7509 31.06602 30.81696 curveto closepath fill
newpath 28.96994 28.72087 moveto
28.96994 28.78693 28.9437 28.85028 28.89699 28.89699 curveto
28.85028 28.9437 28.78693 28.96994 28.72087 28.96994 curveto
28.65482 28.96994 28.59146 28.9437 28.54475 28.89699 curveto
28.49805 28.85028 28.4718 28.78693 28.4718 28.72087 curveto
28.4718 28.65482 28.49805 28.59146 28.54475 28.54475 curveto
28.59146 28.49805 28.65482 28.4718 28.72087 28.4718 curveto
28.78693 28.4718 28.85028 28.49805 28.89699 28.54475 curveto
28.9437 28.59146 28.96994 28.65482 28.96994 28.72087 curveto closepath fill
newpath 26.87317 26.6241 moveto
26.87317 26.69016 26.84692 26.75351 26.80022 26.80022 curveto
26.75351 26.84692 26.69016 26.87317 26.6241 26.87317 curveto
26.55804 26.87317 26.49469 26.84692 26.44798 26.80022 curveto
26.40128 26.75351 26.37503 26.69016 26.37503 26.6241 curveto
26.37503 26.55804 26.40128 26.49469 26.44798 26.44798 curveto
26.49469 26.40128 26.55804 26.37503 26.6241 26.37503 curveto
26.69016 26.37503 26.75351 26.40128 26.80022 26.44798 curveto
26.84692 26.49469 26.87317 26.55804 26.87317 26.6241 curveto closepath fill
newpath 24.77641 24.52734 moveto
24.77641 24.5934 24.75017 24.65675 24.70346 24.70346 curveto
24.65675 24.75017 24.5934 24.77641 24.52734 24.77641 curveto
24.46129 24.77641 24.39793 24.75017 24.35123 24.70346 curveto
24.30452 24.65675 24.27827 24.5934 24.27827 24.52734 curveto
24.27827 24.46129 24.30452 24.39793 24.35123 24.35123 curveto
24.39793 24.30452 24.46129 24.27827 24.52734 24.27827 curveto
24.5934 24.27827 24.65675 24.30452 24.70346 24.35123 curveto
24.75017 24.39793 24.77641 24.46129 24.77641 24.52734 curveto closepath fill
newpath 22.67964 22.43057 moveto
22.67964 22.49663 22.6534 22.55998 22.60669 22.60669 curveto
22.55998 22.6534 22.49663 22.67964 22.43057 22.67964 curveto
22.36452 22.67964 22.30116 22.6534 22.25446 22.60669 curveto
22.20775 22.55998 22.1815 22.49663 22.1815 22.43057 curveto
22.1815 22.36452 22.20775 22.30116 22.25446 22.25446 curveto
22.30116 22.20775 22.36452 22.1815 22.43057 22.1815 curveto
22.49663 22.1815 22.55998 22.20775 22.60669 22.25446 curveto
22.6534 22.30116 22.67964 22.36452 22.67964 22.43057 curveto closepath fill
newpath 20.58354 20.33447 moveto
20.58354 20.40053 20.5573 20.46388 20.51059 20.51059 curveto
20.46388 20.5573 20.40053 20.58354 20.33447 20.58354 curveto
20.26842 20.58354 20.20506 20.5573 20.15836 20.51059 curveto
20.11165 20.46388 20.0854 20.40053 20.0854 20.33447 curveto
20.0854 20.26842 20.11165 20.20506 20.15836 20.15836 curveto
20.20506 20.11165 20.26842 20.0854 20.33447 20.0854 curveto
20.40053 20.0854 20.46388 20.11165 20.51059 20.15836 curveto
20.5573 20.20506 20.58354 20.26842 20.58354 20.33447 curveto closepath fill
newpath 18.4868 18.23773 moveto
18.4868 18.30379 18.46056 18.36714 18.41385 18.41385 curveto
18.36714 18.46056 18.30379 18.4868 18.23773 18.4868 curveto
18.17168 18.4868 18.10832 18.46056 18.06161 18.41385 curveto
18.01491 18.36714 17.98866 18.30379 17.98866 18.23773 curveto
17.98866 18.17168 18.01491 18.10832 18.06161 18.06161 curveto
18.10832 18.01491 18.17168 17.98866 18.23773 17.98866 curveto
18.30379 17.98866 18.36714 18.01491 18.41385 18.06161 curveto
18.46056 18.10832 18.4868 18.17168 18.4868 18.23773 curveto closepath fill
 0.7 setgray
newpath 99.62622 62.26639 moveto
99.62622 72.17528 95.68935 81.67712 88.68324 88.68324 curveto
81.67712 95.68935 72.17528 99.62622 62.26639 99.62622 curveto
52.3575 99.62622 42.85565 95.68935 35.84953 88.68324 curveto
28.84343 81.67712 24.90656 72.17528 24.90656 62.26639 curveto
24.90656 52.3575 28.84343 42.85565 35.84953 35.84953 curveto
42.85565 28.84343 52.3575 24.90656 62.26639 24.90656 curveto
72.17528 24.90656 81.67712 28.84343 88.68324 35.84953 curveto
95.68935 42.85565 99.62622 52.3575 99.62622 62.26639 curveto closepath stroke
 0 0 0 setrgbcolor 0 1.4944 dtransform truncate idtransform setlinewidth pop
newpath 99.62622 62.26639 moveto
99.62604 63.34932 99.5789 64.43169 99.48485 65.51064 curveto
99.39078 66.58939 99.25035 67.66377 99.06299 68.73036 curveto
98.87564 69.79695 98.64172 70.85481 98.36238 71.90108 curveto
98.08249 72.94923 97.75735 73.98466 97.38757 75.0045 curveto
97.01836 76.02264 96.60506 77.02425 96.14882 78.00647 curveto
95.69258 78.9887 95.19339 79.9504 94.65353 80.8893 curveto
94.11368 81.828 93.53355 82.74297 92.91426 83.63132 curveto
92.29498 84.51967 91.63751 85.38084 90.94354 86.212 curveto
90.2494 87.04335 89.51933 87.8441 88.75563 88.61198 curveto
87.99194 89.37985 87.19518 90.1139 86.36763 90.81244 curveto
85.53876 91.5121 84.67986 92.17564 83.79321 92.80083 curveto
82.9081 93.42485 81.99617 94.01012 81.06032 94.55492 curveto
80.12427 95.0997 79.16522 95.60365 78.18547 96.06502 curveto
77.20572 96.5264 76.20639 96.945 75.19035 97.31973 curveto
74.1743 97.69427 73.14249 98.02452 72.09775 98.30937 curveto
71.05281 98.5944 69.9961 98.83383 68.93045 99.02708 curveto
67.8648 99.22034 66.79138 99.36722 65.71301 99.46718 curveto
64.63483 99.56712 63.55264 99.61995 62.4699 99.62566 curveto
61.38487 99.63155 60.30023 99.5903 59.21881 99.50195 curveto
58.1395 99.41377 57.06435 99.27829 55.99681 99.09663 curveto
54.92944 98.91496 53.87027 98.68694 52.82268 98.41312 curveto
51.7747 98.1393 50.73947 97.82025 49.71924 97.45654 curveto
48.6992 97.09285 47.69551 96.68468 46.711 96.23376 curveto
45.7265 95.78284 44.76195 95.28915 43.8202 94.75444 curveto
42.87845 94.21971 41.96027 93.64452 41.0685 93.02998 curveto
40.1752 92.41432 39.30888 91.76045 38.47241 91.06953 curveto
37.63765 90.37994 36.83328 89.65425 36.0616 88.89473 curveto
35.28973 88.13503 34.55112 87.34206 33.84804 86.51813 curveto
33.14514 85.69458 32.47816 84.8406 31.84938 83.9591 curveto
31.22061 83.07741 30.6302 82.1689 30.08047 81.2359 curveto
29.53055 80.30289 29.02167 79.34631 28.55498 78.36903 curveto
28.08829 77.39175 27.66377 76.3949 27.28374 75.38075 curveto
26.90292 74.3649 26.56677 73.33307 26.27585 72.28815 curveto
25.9853 71.24492 25.74037 70.18935 25.54161 69.12485 curveto
25.34285 68.06015 25.19006 66.98749 25.08441 65.90968 curveto
24.97876 64.83188 24.92043 63.75008 24.90883 62.66714 curveto
24.89725 61.5844 24.9324 60.50146 25.01486 59.42175 curveto
25.09734 58.34186 25.22655 57.26614 25.40251 56.19746 curveto
25.57848 55.12897 25.8008 54.06865 26.06892 53.01935 curveto
26.33704 51.97005 26.65057 50.9329 27.00896 49.91078 curveto
27.3679 48.88695 27.77113 47.87926 28.2175 46.89058 curveto
28.6631 45.9036 29.15108 44.93639 29.68086 43.99179 curveto
30.21045 43.04738 30.78128 42.12634 31.39105 41.23154 curveto
32.00084 40.33653 32.64938 39.4685 33.33441 38.62975 curveto
34.01944 37.79099 34.74075 36.98245 35.4961 36.2064 curveto
36.25143 35.43034 37.04022 34.68774 37.86015 33.98029 curveto
38.6801 33.27284 39.53064 32.60149 40.40892 31.96796 curveto
41.28873 31.33348 42.19551 30.73718 43.127 30.18138 curveto
44.05716 29.62651 45.01106 29.1125 45.98589 28.64049 curveto
46.9605 28.16847 47.95526 27.7394 48.96732 27.35385 curveto
49.97939 26.96829 51.0074 26.62683 52.0491 26.33058 curveto
53.0908 26.03433 54.14485 25.78389 55.2084 25.57924 curveto
56.27176 25.37457 57.34349 25.21648 58.42073 25.10493 curveto
59.49796 24.99359 60.57938 24.92897 61.66212 24.91168 curveto
62.74695 24.89421 63.83199 24.92384 64.91434 25.00061 curveto
65.99461 25.0772 67.0709 25.2009 68.14035 25.37115 curveto
69.2098 25.54141 70.27126 25.75786 71.32188 26.02046 curveto
72.37251 26.28288 73.41118 26.5911 74.43501 26.94397 curveto
75.45885 27.29684 76.46692 27.69398 77.45636 28.13426 curveto
78.4458 28.57455 79.41568 29.05759 80.36313 29.58223 curveto
81.31058 30.10689 82.23485 30.6722 83.13307 31.27704 curveto
84.03131 31.88188 84.90276 32.52548 85.74512 33.20615 curveto
86.589 33.88794 87.40286 34.60623 88.18443 35.35872 curveto
88.96448 36.10986 89.71126 36.89465 90.42308 37.7108 curveto
91.1349 38.52695 91.8108 39.37387 92.4491 40.24873 curveto
93.08737 41.1238 93.68727 42.02602 94.24709 42.95313 curveto
94.80688 43.88005 95.32622 44.83073 95.80336 45.80289 curveto
96.2805 46.77504 96.71489 47.76752 97.10596 48.7775 curveto
97.49684 49.78746 97.84401 50.81358 98.14577 51.85356 curveto
98.44809 52.89565 98.70462 53.95027 98.91534 55.01459 curveto
99.1257 56.077 99.2895 57.14796 99.40674 58.22462 curveto
99.52399 59.3011 99.5943 60.38232 99.61768 61.46487 curveto
99.64104 62.54762 99.6173 63.63075 99.54642 64.7114 curveto
99.47554 65.79187 99.35735 66.86891 99.19298 67.93912 curveto
99.02841 69.0095 98.81767 70.0725 98.56076 71.12463 curveto
98.30405 72.1766 98.00172 73.21716 97.65436 74.2429 curveto
97.30643 75.27036 96.91403 76.28221 96.47832 77.27565 curveto
96.04335 78.26738 95.56526 79.23953 95.04575 80.18983 curveto
94.52621 81.14012 93.96585 82.06743 93.36575 82.9689 curveto
92.76567 83.87036 92.12643 84.74522 91.45033 85.5912 curveto
90.77425 86.43718 90.06184 87.25333 89.31487 88.03735 curveto
88.5679 88.82158 87.7871 89.57292 86.97475 90.28911 curveto
86.1624 91.00531 85.31909 91.68578 84.44765 92.32881 curveto
83.5762 92.97165 82.6774 93.57631 81.75352 94.14105 curveto
80.82773 94.70674 79.878 95.23215 78.90662 95.71558 curveto
77.93712 96.19803 76.9471 96.63774 75.93942 97.03413 curveto
74.93153 97.43051 73.90694 97.7832 72.86847 98.09047 curveto
71.83018 98.39774 70.7788 98.6594 69.71771 98.87544 curveto
68.65645 99.09149 67.58643 99.26157 66.51053 99.3845 curveto
65.43462 99.50746 64.35397 99.58347 63.27141 99.61253 curveto
62.18886 99.64162 61.10535 99.62395 60.02432 99.55896 curveto
58.94139 99.49377 57.86186 99.38167 56.78862 99.22261 curveto
55.71747 99.06395 54.65373 98.85815 53.60025 98.60695 curveto
52.54695 98.35573 51.50488 98.0593 50.47743 97.71764 curveto
49.44978 97.37598 48.43755 96.98947 47.44354 96.55983 curveto
46.44934 96.1302 45.47433 95.65761 44.52138 95.14322 curveto
43.56822 94.62883 42.63808 94.0734 41.73318 93.47806 curveto
40.82849 92.88292 39.95021 92.24843 39.10062 91.57689 curveto
38.24951 90.90402 37.42805 90.19467 36.6385 89.45055 curveto
35.8505 88.70775 35.09534 87.93094 34.37477 87.12239 curveto
33.6544 86.31404 32.96956 85.47453 32.32198 84.60669 curveto
31.67438 83.73868 31.06459 82.84273 30.4949 81.92169 curveto
29.92523 81.00066 29.39601 80.0553 28.90842 79.08846 curveto
28.42082 78.12144 27.97522 77.1337 27.57332 76.12811 curveto
27.17143 75.12251 26.81343 74.10019 26.50046 73.06343 curveto
26.1875 72.02667 25.91994 70.9768 25.69838 69.91667 curveto
25.47643 68.85483 25.30066 67.78368 25.17163 66.70663 curveto
25.0428 65.6313 24.9609 64.55103 24.92593 63.46866 curveto
24.89098 62.38629 24.90314 61.30298 24.96242 60.22156 curveto
25.02171 59.14015 25.12813 58.06197 25.28108 56.98985 curveto
25.43405 55.91776 25.63358 54.85287 25.87909 53.79807 curveto
26.1246 52.74326 26.41571 51.69965 26.75186 50.6701 curveto
27.08801 49.64056 27.46881 48.62624 27.89313 47.62994 curveto
28.3182 46.63196 28.78642 45.65257 29.29663 44.69525 curveto
29.8059 43.73944 30.35657 42.80643 30.94698 41.89851 curveto
31.53737 40.99077 32.16692 40.10925 32.8339 39.25626 curveto
33.50087 38.40305 34.20471 37.57932 34.94313 36.7873 curveto stroke
newpath 33.99803 39.99245 moveto
33.79108 38.83487 34.14122 37.6474 34.94313 36.7873 curveto
34.14122 37.6474 32.98117 38.07977 31.81194 37.9543 curveto stroke
showpage
%%EOF
