%!PS
%%BoundingBox: -1 -1 100 100 
%%HiResBoundingBox: -0.24907 -0.24907 99.87523 99.87523 
%%Creator: MetaPost 2.000
%%CreationDate: 2017.06.03:1629
%%Pages: 1
%%BeginProlog
%%EndProlog
%%Page: 1 1
 0 0 0 setrgbcolor 0 0.49814 dtransform truncate idtransform setlinewidth pop [] 0 setdash 1 setlinecap
 1 setlinejoin 10 setmiterlimit
newpath 0 49.81308 moveto
99.62616 49.81308 lineto stroke
newpath 94.64485 52.30374 moveto
95.82079 50.73582 97.66628 49.81308 99.62616 49.81308 curveto
97.66628 49.81308 95.82079 48.89034 94.64485 47.32242 curveto stroke
 0.49814 0 dtransform exch truncate exch idtransform pop setlinewidth
newpath 49.81308 0 moveto
49.81308 99.62616 lineto stroke
 0 0.49814 dtransform truncate idtransform setlinewidth pop
newpath 47.32242 94.64485 moveto
48.89034 95.82079 49.81308 97.66628 49.81308 99.62616 curveto
49.81308 97.66628 50.73582 95.82079 52.30374 94.64485 curveto stroke
 0.49814 0 dtransform exch truncate exch idtransform pop setlinewidth
newpath 19.92523 47.82056 moveto
19.92523 51.8056 lineto stroke
newpath 49.81308 47.82056 moveto
49.81308 51.8056 lineto stroke
newpath 79.70093 47.82056 moveto
79.70093 51.8056 lineto stroke
 0 0.49814 dtransform truncate idtransform setlinewidth pop
newpath 51.8056 19.92523 moveto
47.82056 19.92523 lineto stroke
newpath 51.8056 49.81308 moveto
47.82056 49.81308 lineto stroke
newpath 51.8056 79.70093 moveto
47.82056 79.70093 lineto stroke
newpath 50.06215 49.81308 moveto
50.06215 49.87914 50.0359 49.94249 49.9892 49.9892 curveto
49.94249 50.0359 49.87914 50.06215 49.81308 50.06215 curveto
49.74702 50.06215 49.68367 50.0359 49.63696 49.9892 curveto
49.59026 49.94249 49.56401 49.87914 49.56401 49.81308 curveto
49.56401 49.74702 49.59026 49.68367 49.63696 49.63696 curveto
49.68367 49.59026 49.74702 49.56401 49.81308 49.56401 curveto
49.87914 49.56401 49.94249 49.59026 49.9892 49.63696 curveto
50.0359 49.68367 50.06215 49.74702 50.06215 49.81308 curveto closepath fill
newpath 47.52458 51.27815 moveto
47.52458 51.34421 47.49834 51.40756 47.45163 51.45427 curveto
47.40492 51.50098 47.34157 51.52722 47.27551 51.52722 curveto
47.20946 51.52722 47.1461 51.50098 47.0994 51.45427 curveto
47.05269 51.40756 47.02644 51.34421 47.02644 51.27815 curveto
47.02644 51.2121 47.05269 51.14874 47.0994 51.10204 curveto
47.1461 51.05533 47.20946 51.02908 47.27551 51.02908 curveto
47.34157 51.02908 47.40492 51.05533 47.45163 51.10204 curveto
47.49834 51.14874 47.52458 51.2121 47.52458 51.27815 curveto closepath fill
newpath 44.98706 52.74321 moveto
44.98706 52.80927 44.96082 52.87262 44.91411 52.91933 curveto
44.8674 52.96603 44.80405 52.99228 44.73799 52.99228 curveto
44.67194 52.99228 44.60858 52.96603 44.56187 52.91933 curveto
44.51517 52.87262 44.48892 52.80927 44.48892 52.74321 curveto
44.48892 52.67715 44.51517 52.6138 44.56187 52.5671 curveto
44.60858 52.52039 44.67194 52.49414 44.73799 52.49414 curveto
44.80405 52.49414 44.8674 52.52039 44.91411 52.5671 curveto
44.96082 52.6138 44.98706 52.67715 44.98706 52.74321 curveto closepath fill
newpath 42.44885 54.20865 moveto
42.44885 54.2747 42.4226 54.33806 42.3759 54.38477 curveto
42.3292 54.43147 42.26584 54.45772 42.19978 54.45772 curveto
42.13373 54.45772 42.07037 54.43147 42.02367 54.38477 curveto
41.97696 54.33806 41.95071 54.2747 41.95071 54.20865 curveto
41.95071 54.1426 41.97696 54.07924 42.02367 54.03253 curveto
42.07037 53.98582 42.13373 53.95958 42.19978 53.95958 curveto
42.26584 53.95958 42.3292 53.98582 42.3759 54.03253 curveto
42.4226 54.07924 42.44885 54.1426 42.44885 54.20865 curveto closepath fill
newpath 39.9113 55.67372 moveto
39.9113 55.73978 39.88506 55.80313 39.83835 55.84984 curveto
39.79164 55.89655 39.72829 55.92279 39.66223 55.92279 curveto
39.59618 55.92279 39.53282 55.89655 39.48611 55.84984 curveto
39.4394 55.80313 39.41316 55.73978 39.41316 55.67372 curveto
39.41316 55.60767 39.4394 55.54431 39.48611 55.4976 curveto
39.53282 55.4509 39.59618 55.42465 39.66223 55.42465 curveto
39.72829 55.42465 39.79164 55.4509 39.83835 55.4976 curveto
39.88506 55.54431 39.9113 55.60767 39.9113 55.67372 curveto closepath fill
newpath 37.37373 57.1388 moveto
37.37373 57.20485 37.34749 57.2682 37.30078 57.31491 curveto
37.25407 57.36162 37.19072 57.38786 37.12466 57.38786 curveto
37.05861 57.38786 36.99525 57.36162 36.94855 57.31491 curveto
36.90184 57.2682 36.8756 57.20485 36.8756 57.1388 curveto
36.8756 57.07274 36.90184 57.00938 36.94855 56.96268 curveto
36.99525 56.91597 37.05861 56.88972 37.12466 56.88972 curveto
37.19072 56.88972 37.25407 56.91597 37.30078 56.96268 curveto
37.34749 57.00938 37.37373 57.07274 37.37373 57.1388 curveto closepath fill
newpath 34.83618 58.60385 moveto
34.83618 58.6699 34.80994 58.73326 34.76323 58.77997 curveto
34.71652 58.82668 34.65317 58.85292 34.58711 58.85292 curveto
34.52106 58.85292 34.4577 58.82668 34.411 58.77997 curveto
34.36429 58.73326 34.33804 58.6699 34.33804 58.60385 curveto
34.33804 58.5378 34.36429 58.47444 34.411 58.42773 curveto
34.4577 58.38103 34.52106 58.35478 34.58711 58.35478 curveto
34.65317 58.35478 34.71652 58.38103 34.76323 58.42773 curveto
34.80994 58.47444 34.83618 58.5378 34.83618 58.60385 curveto closepath fill
newpath 32.29861 60.06894 moveto
32.29861 60.135 32.27237 60.19835 32.22566 60.24506 curveto
32.17896 60.29176 32.1156 60.31801 32.04955 60.31801 curveto
31.98349 60.31801 31.92014 60.29176 31.87343 60.24506 curveto
31.82672 60.19835 31.80048 60.135 31.80048 60.06894 curveto
31.80048 60.00288 31.82672 59.93953 31.87343 59.89282 curveto
31.92014 59.84612 31.98349 59.81987 32.04955 59.81987 curveto
32.1156 59.81987 32.17896 59.84612 32.22566 59.89282 curveto
32.27237 59.93953 32.29861 60.00288 32.29861 60.06894 curveto closepath fill
newpath 29.76106 61.53401 moveto
29.76106 61.60007 29.73482 61.66342 29.68811 61.71013 curveto
29.6414 61.75684 29.57805 61.78308 29.512 61.78308 curveto
29.44594 61.78308 29.38258 61.75684 29.33588 61.71013 curveto
29.28917 61.66342 29.26292 61.60007 29.26292 61.53401 curveto
29.26292 61.46796 29.28917 61.4046 29.33588 61.3579 curveto
29.38258 61.31119 29.44594 61.28494 29.512 61.28494 curveto
29.57805 61.28494 29.6414 61.31119 29.68811 61.3579 curveto
29.73482 61.4046 29.76106 61.46796 29.76106 61.53401 curveto closepath fill
newpath 27.22351 62.99907 moveto
27.22351 63.06512 27.19727 63.12848 27.15056 63.17519 curveto
27.10385 63.2219 27.0405 63.24814 26.97444 63.24814 curveto
26.90839 63.24814 26.84503 63.2219 26.79832 63.17519 curveto
26.75162 63.12848 26.72537 63.06512 26.72537 62.99907 curveto
26.72537 62.93301 26.75162 62.86966 26.79832 62.82295 curveto
26.84503 62.77625 26.90839 62.75 26.97444 62.75 curveto
27.0405 62.75 27.10385 62.77625 27.15056 62.82295 curveto
27.19727 62.86966 27.22351 62.93301 27.22351 62.99907 curveto closepath fill
newpath 24.68596 64.46416 moveto
24.68596 64.53021 24.65971 64.59357 24.613 64.64027 curveto
24.5663 64.68698 24.50294 64.71323 24.43689 64.71323 curveto
24.37083 64.71323 24.30748 64.68698 24.26077 64.64027 curveto
24.21407 64.59357 24.18782 64.53021 24.18782 64.46416 curveto
24.18782 64.3981 24.21407 64.33475 24.26077 64.28804 curveto
24.30748 64.24133 24.37083 64.21509 24.43689 64.21509 curveto
24.50294 64.21509 24.5663 64.24133 24.613 64.28804 curveto
24.65971 64.33475 24.68596 64.3981 24.68596 64.46416 curveto closepath fill
newpath 22.14839 65.92921 moveto
22.14839 65.99527 22.12215 66.05862 22.07544 66.10533 curveto
22.02873 66.15204 21.96538 66.17828 21.89932 66.17828 curveto
21.83327 66.17828 21.76991 66.15204 21.7232 66.10533 curveto
21.6765 66.05862 21.65025 65.99527 21.65025 65.92921 curveto
21.65025 65.86316 21.6765 65.7998 21.7232 65.7531 curveto
21.76991 65.70639 21.83327 65.68015 21.89932 65.68015 curveto
21.96538 65.68015 22.02873 65.70639 22.07544 65.7531 curveto
22.12215 65.7998 22.14839 65.86316 22.14839 65.92921 curveto closepath fill
newpath 19.61018 67.39468 moveto
19.61018 67.46074 19.58394 67.5241 19.53723 67.5708 curveto
19.49052 67.61751 19.42717 67.64375 19.36111 67.64375 curveto
19.29506 67.64375 19.2317 67.61751 19.185 67.5708 curveto
19.13829 67.5241 19.11205 67.46074 19.11205 67.39468 curveto
19.11205 67.32863 19.13829 67.26527 19.185 67.21857 curveto
19.2317 67.17186 19.29506 67.14561 19.36111 67.14561 curveto
19.42717 67.14561 19.49052 67.17186 19.53723 67.21857 curveto
19.58394 67.26527 19.61018 67.32863 19.61018 67.39468 curveto closepath fill
newpath 17.07263 68.85976 moveto
17.07263 68.92581 17.04639 68.98917 16.99968 69.03587 curveto
16.95297 69.08258 16.88962 69.10883 16.82356 69.10883 curveto
16.7575 69.10883 16.69415 69.08258 16.64745 69.03587 curveto
16.60074 68.98917 16.5745 68.92581 16.5745 68.85976 curveto
16.5745 68.7937 16.60074 68.73035 16.64745 68.68364 curveto
16.69415 68.63693 16.7575 68.61069 16.82356 68.61069 curveto
16.88962 68.61069 16.95297 68.63693 16.99968 68.68364 curveto
17.04639 68.73035 17.07263 68.7937 17.07263 68.85976 curveto closepath fill
newpath 14.53508 70.32481 moveto
14.53508 70.39087 14.50883 70.45422 14.46213 70.50093 curveto
14.41542 70.54764 14.35207 70.57388 14.28601 70.57388 curveto
14.21996 70.57388 14.1566 70.54764 14.1099 70.50093 curveto
14.06319 70.45422 14.03694 70.39087 14.03694 70.32481 curveto
14.03694 70.25876 14.06319 70.1954 14.1099 70.1487 curveto
14.1566 70.10199 14.21996 70.07574 14.28601 70.07574 curveto
14.35207 70.07574 14.41542 70.10199 14.46213 70.1487 curveto
14.50883 70.1954 14.53508 70.25876 14.53508 70.32481 curveto closepath fill
newpath 11.99754 71.78989 moveto
11.99754 71.85594 11.9713 71.9193 11.92459 71.966 curveto
11.87788 72.01271 11.81453 72.03896 11.74847 72.03896 curveto
11.68242 72.03896 11.61906 72.01271 11.57236 71.966 curveto
11.52565 71.9193 11.4994 71.85594 11.4994 71.78989 curveto
11.4994 71.72383 11.52565 71.66048 11.57236 71.61377 curveto
11.61906 71.56706 11.68242 71.54082 11.74847 71.54082 curveto
11.81453 71.54082 11.87788 71.56706 11.92459 71.61377 curveto
11.9713 71.66048 11.99754 71.72383 11.99754 71.78989 curveto closepath fill
newpath 9.45998 73.25494 moveto
9.45998 73.321 9.43373 73.38435 9.38702 73.43106 curveto
9.34032 73.47777 9.27696 73.50401 9.2109 73.50401 curveto
9.14485 73.50401 9.0815 73.47777 9.03479 73.43106 curveto
8.98808 73.38435 8.96184 73.321 8.96184 73.25494 curveto
8.96184 73.18889 8.98808 73.12553 9.03479 73.07883 curveto
9.0815 73.03212 9.14485 73.00587 9.2109 73.00587 curveto
9.27696 73.00587 9.34032 73.03212 9.38702 73.07883 curveto
9.43373 73.12553 9.45998 73.18889 9.45998 73.25494 curveto closepath fill
newpath 6.9231 74.71962 moveto
6.9231 74.78568 6.89685 74.84903 6.85014 74.89574 curveto
6.80344 74.94244 6.74008 74.96869 6.67403 74.96869 curveto
6.60797 74.96869 6.54462 74.94244 6.49791 74.89574 curveto
6.4512 74.84903 6.42496 74.78568 6.42496 74.71962 curveto
6.42496 74.65356 6.4512 74.59021 6.49791 74.5435 curveto
6.54462 74.4968 6.60797 74.47055 6.67403 74.47055 curveto
6.74008 74.47055 6.80344 74.4968 6.85014 74.5435 curveto
6.89685 74.59021 6.9231 74.65356 6.9231 74.71962 curveto closepath fill
 0.7 setgray
newpath 79.70093 49.81308 moveto
79.70093 57.74019 76.55144 65.34166 70.94655 70.94655 curveto
65.34166 76.55144 57.74019 79.70093 49.81308 79.70093 curveto
41.88597 79.70093 34.2845 76.55144 28.67961 70.94655 curveto
23.07472 65.34166 19.92523 57.74019 19.92523 49.81308 curveto
19.92523 41.88597 23.07472 34.2845 28.67961 28.67961 curveto
34.2845 23.07472 41.88597 19.92523 49.81308 19.92523 curveto
57.74019 19.92523 65.34166 23.07472 70.94655 28.67961 curveto
76.55144 34.2845 79.70093 41.88597 79.70093 49.81308 curveto closepath stroke
 0 0 0 setrgbcolor 0 1.4944 dtransform truncate idtransform setlinewidth pop
newpath 79.70093 49.81308 moveto
79.70108 50.68277 79.66322 51.55215 79.58737 52.4185 curveto
79.51152 53.28455 79.39766 54.14679 79.2467 55.00296 curveto
79.09575 55.85942 78.90755 56.70905 78.68256 57.5491 curveto
78.45758 58.38869 78.19595 59.21825 77.8986 60.03503 curveto
77.6011 60.85228 77.26788 61.65616 76.90031 62.44437 curveto
76.53288 63.23227 76.13141 64.00406 75.6968 64.757 curveto
75.26202 65.5101 74.79457 66.24373 74.29579 66.95609 curveto
73.79718 67.66829 73.26755 68.35829 72.70874 69.02429 curveto
72.14977 69.69043 71.56192 70.33209 70.947 70.947 curveto
70.33224 71.56177 69.69073 72.14946 69.02473 72.70828 curveto
68.3586 73.26724 67.66844 73.79703 66.95609 74.29579 curveto
66.24388 74.79442 65.51025 75.26172 64.75746 75.69633 curveto
64.00421 76.1311 63.23257 76.53319 62.44437 76.90077 curveto
61.65645 77.26819 60.85289 77.6008 60.03595 77.89815 curveto
59.2187 78.19565 58.38869 78.45743 57.54865 78.68256 curveto
56.70859 78.9077 55.85896 79.0962 55.0025 79.24716 curveto
54.14633 79.3981 53.28409 79.51167 52.41805 79.58737 curveto
51.5517 79.66307 50.68231 79.70093 49.81262 79.70093 curveto
48.94339 79.70093 48.07446 79.66322 47.20857 79.58737 curveto
46.34207 79.51152 45.47937 79.39781 44.62274 79.2467 curveto
43.76674 79.09575 42.91757 78.90755 42.07797 78.68256 curveto
41.23793 78.45743 40.40791 78.19565 39.59067 77.89815 curveto
38.77373 77.6008 37.97015 77.26804 37.18225 76.90077 curveto
36.39404 76.53334 35.62225 76.13156 34.86916 75.6968 curveto
34.11621 75.26202 33.38274 74.79457 32.67053 74.29579 curveto
31.95802 73.79688 31.26772 73.26724 30.60143 72.70828 curveto
29.93558 72.14961 29.29437 71.56207 28.67961 70.94746 curveto
28.06454 70.3324 27.47655 69.69104 26.91742 69.02473 curveto
26.35861 68.35875 25.82944 67.6686 25.33083 66.95654 curveto
24.8319 66.24403 24.36429 65.5101 23.92937 64.757 curveto stroke
newpath 26.71817 66.59784 moveto
25.55067 66.45732 24.51746 65.77533 23.92937 64.757 curveto
24.51746 65.77533 24.59178 67.0111 24.12997 68.09256 curveto stroke
showpage
%%EOF
