%!PS
%%BoundingBox: -1 -1 180 153 
%%HiResBoundingBox: -0.24907 -0.24907 179.94975 152.67711 
%%Creator: MetaPost 2.000
%%CreationDate: 2017.06.03:1629
%%Pages: 1
%%BeginProlog
%%EndProlog
%%Page: 1 1
 0 0 0 setrgbcolor 0 0.49814 dtransform truncate idtransform setlinewidth pop [] 0 setdash 1 setlinecap
 1 setlinejoin 10 setmiterlimit
newpath 0 76.21402 moveto
179.32709 76.21402 lineto stroke
newpath 174.34578 78.70468 moveto
175.52171 77.13676 177.3672 76.21402 179.32709 76.21402 curveto
177.3672 76.21402 175.52171 75.29128 174.34578 73.72336 curveto stroke
 0.49814 0 dtransform exch truncate exch idtransform pop setlinewidth
newpath 89.66354 0 moveto
89.66354 152.42804 lineto stroke
 0 0.49814 dtransform truncate idtransform setlinewidth pop
newpath 87.17288 147.44673 moveto
88.7408 148.62267 89.66354 150.46815 89.66354 152.42804 curveto
89.66354 150.46815 90.58629 148.62267 92.1542 147.44673 curveto stroke
 0.49814 0 dtransform exch truncate exch idtransform pop setlinewidth
newpath 35.86542 74.2215 moveto
35.86542 78.20654 lineto stroke
newpath 89.66354 74.2215 moveto
89.66354 78.20654 lineto stroke
newpath 143.46167 74.2215 moveto
143.46167 78.20654 lineto stroke
 0 0.49814 dtransform truncate idtransform setlinewidth pop
newpath 91.65607 22.4159 moveto
87.67102 22.4159 lineto stroke
newpath 91.65607 76.21402 moveto
87.67102 76.21402 lineto stroke
newpath 91.65607 130.01215 moveto
87.67102 130.01215 lineto stroke
 0.7 setgray
newpath 143.46167 76.21402 moveto
143.46167 90.4828 137.79257 104.16547 127.70378 114.25426 curveto
117.61499 124.34305 103.93233 130.01215 89.66354 130.01215 curveto
75.39476 130.01215 61.7121 124.34305 51.6233 114.25426 curveto
41.53452 104.16547 35.86542 90.4828 35.86542 76.21402 curveto
35.86542 61.94524 41.53452 48.26257 51.6233 38.17378 curveto
61.7121 28.08499 75.39476 22.4159 89.66354 22.4159 curveto
103.93233 22.4159 117.61499 28.08499 127.70378 38.17378 curveto
137.79257 48.26257 143.46167 61.94524 143.46167 76.21402 curveto closepath stroke
 0 0 0 setrgbcolor
newpath 53.93439 79.33998 moveto
54.02551 80.37924 54.16206 81.41438 54.3432 82.44186 curveto
54.52434 83.46936 54.75009 84.4889 55.02016 85.49669 curveto
55.29024 86.50475 55.6041 87.50023 55.9609 88.48091 curveto
56.31772 89.46133 56.71722 90.42589 57.15833 91.37155 curveto
57.59941 92.31723 58.08128 93.2432 58.60309 94.14673 curveto
59.12491 95.05054 59.68585 95.9308 60.28429 96.78563 curveto
60.88272 97.64046 61.51836 98.46873 62.1893 99.26802 curveto stroke
newpath 59.12315 97.93967 moveto
60.2973 97.87521 61.43326 98.36736 62.1893 99.26802 curveto
61.43326 98.36736 61.14539 97.1633 61.41231 96.01807 curveto stroke
newpath 55.68413 82.18684 moveto
54.68535 81.56615 54.0371 80.51143 53.93439 79.33998 curveto
54.0371 80.51143 53.58226 81.66286 52.70674 82.44789 curveto stroke
newpath 116.46054 73.86955 moveto
116.39214 73.08997 116.2898 72.31367 116.15381 71.54314 curveto
116.0178 70.77258 115.84871 70.00806 115.64621 69.25229 curveto
115.44373 68.49625 115.20813 67.74951 114.94052 67.01425 curveto
114.67291 66.279 114.37328 65.5558 114.04247 64.84654 curveto
113.71191 64.1373 113.35045 63.4431 112.95943 62.7653 curveto
112.56786 62.08698 112.14674 61.42616 111.69771 60.78476 curveto
111.24896 60.14365 110.77257 59.5225 110.26936 58.92297 curveto
109.76642 58.32346 109.23721 57.74637 108.68367 57.19308 curveto
108.13039 56.6398 107.5533 56.11087 106.95377 55.60793 curveto
106.35423 55.105 105.73337 54.62833 105.09225 54.17958 curveto
104.45113 53.73082 103.79086 53.30998 103.11308 52.91869 curveto
102.43529 52.52739 101.74109 52.16592 101.03183 51.8351 curveto
100.32259 51.50429 99.59938 51.20493 98.86385 50.93732 curveto
98.1286 50.66971 97.38187 50.43384 96.6261 50.23135 curveto
95.87033 50.02885 95.1058 49.85948 94.33525 49.72375 curveto
93.56471 49.58777 92.78842 49.4857 92.00883 49.41757 curveto
91.22871 49.34944 90.44586 49.31496 89.66272 49.31496 curveto
88.88014 49.31496 88.0981 49.34889 87.31853 49.41702 curveto
86.53894 49.48515 85.76265 49.58777 84.99211 49.72375 curveto
84.22156 49.85976 83.4573 50.02885 82.70154 50.23135 curveto
81.9455 50.43384 81.19876 50.66943 80.46324 50.93704 curveto
79.72798 51.20465 79.0045 51.50429 78.29526 51.8351 curveto
77.586 52.16592 76.8918 52.52739 76.214 52.91869 curveto
75.53622 53.30998 74.87596 53.73082 74.2351 54.17958 curveto
73.594 54.62833 72.97285 55.105 72.37332 55.60793 curveto
71.77379 56.11087 71.1967 56.6398 70.64342 57.19308 curveto
70.0896 57.7469 69.5604 58.32454 69.05692 58.92435 curveto
68.55397 59.52359 68.0773 60.14474 67.62856 60.78558 curveto
67.1798 61.4267 66.7595 62.08698 66.36821 62.76476 curveto
65.97691 63.44255 65.61545 64.13702 65.28462 64.84628 curveto
64.95381 65.55553 64.65417 66.279 64.38657 67.01425 curveto
64.11896 67.74951 63.88336 68.49625 63.68088 69.25201 curveto
63.47838 70.00806 63.30928 70.77231 63.17328 71.54314 curveto
63.0373 72.31367 62.93468 73.08997 62.86655 73.86955 curveto
62.79842 74.64912 62.76448 75.43117 62.76448 76.21347 curveto
62.76448 76.99606 62.79842 77.77837 62.86655 78.55823 curveto
62.93468 79.3378 63.03674 80.11409 63.17274 80.88463 curveto
63.30873 81.65573 63.47865 82.42053 63.68143 83.17685 curveto
63.88391 83.93262 64.11923 84.67935 64.38684 85.4146 curveto
64.65445 86.14986 64.95409 86.87334 65.2849 87.58258 curveto
65.61572 88.29184 65.97719 88.98631 66.36848 89.6641 curveto
66.75977 90.34161 67.18034 91.00188 67.6291 91.64273 curveto
68.07785 92.28384 68.55452 92.90498 69.05772 93.50452 curveto stroke
newpath 65.9916 92.17598 moveto
67.16577 92.11159 68.30171 92.60379 69.05772 93.50452 curveto
68.30171 92.60379 68.01392 91.3997 68.2809 90.25447 curveto stroke
newpath 89.66354 78.20654 moveto
89.13507 78.20654 88.62831 77.99658 88.25464 77.62292 curveto
87.88098 77.24925 87.67102 76.7425 87.67102 76.21402 curveto
87.67102 75.68555 87.88098 75.17879 88.25464 74.80511 curveto
88.62831 74.43146 89.13507 74.2215 89.66354 74.2215 curveto
90.19202 74.2215 90.69878 74.43146 91.07245 74.80511 curveto
91.4461 75.17879 91.65607 75.68555 91.65607 76.21402 curveto
91.65607 76.7425 91.4461 77.24925 91.07245 77.62292 curveto
90.69878 77.99658 90.19202 78.20654 89.66354 78.20654 curveto closepath fill
 0 1.24533 dtransform truncate idtransform setlinewidth pop
newpath 179.32709 76.21402 moveto
89.66354 76.21402 lineto
26.26233 139.61523 lineto stroke
newpath 27.31902 136.44514 moveto
27.48532 137.60925 27.09384 138.78372 26.26233 139.61523 curveto
27.09384 138.78372 28.26831 138.39224 29.43242 138.55855 curveto stroke
newpath 176.3383 77.70842 moveto
177.04385 76.76767 178.15115 76.21402 179.32709 76.21402 curveto
178.15115 76.21402 177.04385 75.66037 176.3383 74.71962 curveto stroke
showpage
%%EOF
