%!PS
%%BoundingBox: -1 -1 180 158 
%%HiResBoundingBox: -0.24907 -0.24907 179.94975 157.16028 
%%Creator: MetaPost 2.000
%%CreationDate: 2017.06.03:1629
%%Pages: 1
%%BeginProlog
%%EndProlog
%%Page: 1 1
 0 0 0 setrgbcolor 0 0.49814 dtransform truncate idtransform setlinewidth pop [] 0 setdash 1 setlinecap
 1 setlinejoin 10 setmiterlimit
newpath 0 71.73083 moveto
179.32709 71.73083 lineto stroke
newpath 174.34578 74.2215 moveto
175.52171 72.65358 177.3672 71.73083 179.32709 71.73083 curveto
177.3672 71.73083 175.52171 70.80809 174.34578 69.24017 curveto stroke
 0.49814 0 dtransform exch truncate exch idtransform pop setlinewidth
newpath 89.66354 0 moveto
89.66354 156.91121 lineto stroke
 0 0.49814 dtransform truncate idtransform setlinewidth pop
newpath 87.17288 151.9299 moveto
88.7408 153.10583 89.66354 154.95132 89.66354 156.91121 curveto
89.66354 154.95132 90.58629 153.10583 92.1542 151.9299 curveto stroke
 0.49814 0 dtransform exch truncate exch idtransform pop setlinewidth
newpath 35.86542 69.73831 moveto
35.86542 73.72336 lineto stroke
newpath 89.66354 69.73831 moveto
89.66354 73.72336 lineto stroke
newpath 143.46167 69.73831 moveto
143.46167 73.72336 lineto stroke
 0 0.49814 dtransform truncate idtransform setlinewidth pop
newpath 91.65607 17.93271 moveto
87.67102 17.93271 lineto stroke
newpath 91.65607 71.73083 moveto
87.67102 71.73083 lineto stroke
newpath 91.65607 125.52896 moveto
87.67102 125.52896 lineto stroke
 0.7 setgray
newpath 143.46167 71.73083 moveto
143.46167 85.99962 137.79257 99.68228 127.70378 109.77107 curveto
117.61499 119.85986 103.93233 125.52896 89.66354 125.52896 curveto
75.39476 125.52896 61.7121 119.85986 51.6233 109.77107 curveto
41.53452 99.68228 35.86542 85.99962 35.86542 71.73083 curveto
35.86542 57.46205 41.53452 43.77939 51.6233 33.6906 curveto
61.7121 23.6018 75.39476 17.93271 89.66354 17.93271 curveto
103.93233 17.93271 117.61499 23.6018 127.70378 33.6906 curveto
137.79257 43.77939 143.46167 57.46205 143.46167 71.73083 curveto closepath stroke
 0 0 0 setrgbcolor
newpath 89.91261 107.47066 moveto
89.91261 107.53671 89.88637 107.60007 89.83966 107.64677 curveto
89.79295 107.69348 89.7296 107.71973 89.66354 107.71973 curveto
89.59749 107.71973 89.53413 107.69348 89.48743 107.64677 curveto
89.44072 107.60007 89.41447 107.53671 89.41447 107.47066 curveto
89.41447 107.4046 89.44072 107.34125 89.48743 107.29454 curveto
89.53413 107.24783 89.59749 107.22159 89.66354 107.22159 curveto
89.7296 107.22159 89.79295 107.24783 89.83966 107.29454 curveto
89.88637 107.34125 89.91261 107.4046 89.91261 107.47066 curveto closepath fill
newpath 93.00517 107.47066 moveto
93.00517 107.53671 92.97893 107.60007 92.93222 107.64677 curveto
92.88551 107.69348 92.82216 107.71973 92.7561 107.71973 curveto
92.69005 107.71973 92.6267 107.69348 92.57999 107.64677 curveto
92.53328 107.60007 92.50703 107.53671 92.50703 107.47066 curveto
92.50703 107.4046 92.53328 107.34125 92.57999 107.29454 curveto
92.6267 107.24783 92.69005 107.22159 92.7561 107.22159 curveto
92.82216 107.22159 92.88551 107.24783 92.93222 107.29454 curveto
92.97893 107.34125 93.00517 107.4046 93.00517 107.47066 curveto closepath fill
newpath 96.09834 107.47066 moveto
96.09834 107.53671 96.0721 107.60007 96.02539 107.64677 curveto
95.97868 107.69348 95.91533 107.71973 95.84927 107.71973 curveto
95.78322 107.71973 95.71986 107.69348 95.67316 107.64677 curveto
95.62645 107.60007 95.6002 107.53671 95.6002 107.47066 curveto
95.6002 107.4046 95.62645 107.34125 95.67316 107.29454 curveto
95.71986 107.24783 95.78322 107.22159 95.84927 107.22159 curveto
95.91533 107.22159 95.97868 107.24783 96.02539 107.29454 curveto
96.0721 107.34125 96.09834 107.4046 96.09834 107.47066 curveto closepath fill
newpath 99.1909 107.47066 moveto
99.1909 107.53671 99.16466 107.60007 99.11795 107.64677 curveto
99.07124 107.69348 99.00789 107.71973 98.94183 107.71973 curveto
98.87578 107.71973 98.81242 107.69348 98.76572 107.64677 curveto
98.71901 107.60007 98.69276 107.53671 98.69276 107.47066 curveto
98.69276 107.4046 98.71901 107.34125 98.76572 107.29454 curveto
98.81242 107.24783 98.87578 107.22159 98.94183 107.22159 curveto
99.00789 107.22159 99.07124 107.24783 99.11795 107.29454 curveto
99.16466 107.34125 99.1909 107.4046 99.1909 107.47066 curveto closepath fill
newpath 102.28348 107.47066 moveto
102.28348 107.53671 102.25723 107.60007 102.21053 107.64677 curveto
102.16382 107.69348 102.10046 107.71973 102.03441 107.71973 curveto
101.96835 107.71973 101.905 107.69348 101.85829 107.64677 curveto
101.81158 107.60007 101.78534 107.53671 101.78534 107.47066 curveto
101.78534 107.4046 101.81158 107.34125 101.85829 107.29454 curveto
101.905 107.24783 101.96835 107.22159 102.03441 107.22159 curveto
102.10046 107.22159 102.16382 107.24783 102.21053 107.29454 curveto
102.25723 107.34125 102.28348 107.4046 102.28348 107.47066 curveto closepath fill
newpath 105.37604 107.47066 moveto
105.37604 107.53671 105.3498 107.60007 105.30309 107.64677 curveto
105.25638 107.69348 105.19302 107.71973 105.12697 107.71973 curveto
105.06091 107.71973 104.99756 107.69348 104.95085 107.64677 curveto
104.90414 107.60007 104.8779 107.53671 104.8779 107.47066 curveto
104.8779 107.4046 104.90414 107.34125 104.95085 107.29454 curveto
104.99756 107.24783 105.06091 107.22159 105.12697 107.22159 curveto
105.19302 107.22159 105.25638 107.24783 105.30309 107.29454 curveto
105.3498 107.34125 105.37604 107.4046 105.37604 107.47066 curveto closepath fill
newpath 108.46924 107.47066 moveto
108.46924 107.53671 108.443 107.60007 108.39629 107.64677 curveto
108.34958 107.69348 108.28622 107.71973 108.22017 107.71973 curveto
108.15411 107.71973 108.09076 107.69348 108.04405 107.64677 curveto
107.99734 107.60007 107.9711 107.53671 107.9711 107.47066 curveto
107.9711 107.4046 107.99734 107.34125 108.04405 107.29454 curveto
108.09076 107.24783 108.15411 107.22159 108.22017 107.22159 curveto
108.28622 107.22159 108.34958 107.24783 108.39629 107.29454 curveto
108.443 107.34125 108.46924 107.4046 108.46924 107.47066 curveto closepath fill
newpath 111.5618 107.47066 moveto
111.5618 107.53671 111.53555 107.60007 111.48885 107.64677 curveto
111.44214 107.69348 111.37878 107.71973 111.31273 107.71973 curveto
111.24667 107.71973 111.18332 107.69348 111.13661 107.64677 curveto
111.0899 107.60007 111.06366 107.53671 111.06366 107.47066 curveto
111.06366 107.4046 111.0899 107.34125 111.13661 107.29454 curveto
111.18332 107.24783 111.24667 107.22159 111.31273 107.22159 curveto
111.37878 107.22159 111.44214 107.24783 111.48885 107.29454 curveto
111.53555 107.34125 111.5618 107.4046 111.5618 107.47066 curveto closepath fill
newpath 114.65439 107.47066 moveto
114.65439 107.53671 114.62814 107.60007 114.58144 107.64677 curveto
114.53473 107.69348 114.47137 107.71973 114.40532 107.71973 curveto
114.33926 107.71973 114.27591 107.69348 114.2292 107.64677 curveto
114.1825 107.60007 114.15625 107.53671 114.15625 107.47066 curveto
114.15625 107.4046 114.1825 107.34125 114.2292 107.29454 curveto
114.27591 107.24783 114.33926 107.22159 114.40532 107.22159 curveto
114.47137 107.22159 114.53473 107.24783 114.58144 107.29454 curveto
114.62814 107.34125 114.65439 107.4046 114.65439 107.47066 curveto closepath fill
newpath 117.74696 107.47066 moveto
117.74696 107.53671 117.72072 107.60007 117.67401 107.64677 curveto
117.6273 107.69348 117.56395 107.71973 117.4979 107.71973 curveto
117.43184 107.71973 117.36848 107.69348 117.32178 107.64677 curveto
117.27507 107.60007 117.24883 107.53671 117.24883 107.47066 curveto
117.24883 107.4046 117.27507 107.34125 117.32178 107.29454 curveto
117.36848 107.24783 117.43184 107.22159 117.4979 107.22159 curveto
117.56395 107.22159 117.6273 107.24783 117.67401 107.29454 curveto
117.72072 107.34125 117.74696 107.4046 117.74696 107.47066 curveto closepath fill
newpath 120.84015 107.47066 moveto
120.84015 107.53671 120.8139 107.60007 120.7672 107.64677 curveto
120.72049 107.69348 120.65714 107.71973 120.59108 107.71973 curveto
120.52502 107.71973 120.46167 107.69348 120.41496 107.64677 curveto
120.36826 107.60007 120.34201 107.53671 120.34201 107.47066 curveto
120.34201 107.4046 120.36826 107.34125 120.41496 107.29454 curveto
120.46167 107.24783 120.52502 107.22159 120.59108 107.22159 curveto
120.65714 107.22159 120.72049 107.24783 120.7672 107.29454 curveto
120.8139 107.34125 120.84015 107.4046 120.84015 107.47066 curveto closepath fill
newpath 123.93271 107.47066 moveto
123.93271 107.53671 123.90646 107.60007 123.85976 107.64677 curveto
123.81305 107.69348 123.7497 107.71973 123.68364 107.71973 curveto
123.61758 107.71973 123.55423 107.69348 123.50752 107.64677 curveto
123.46082 107.60007 123.43457 107.53671 123.43457 107.47066 curveto
123.43457 107.4046 123.46082 107.34125 123.50752 107.29454 curveto
123.55423 107.24783 123.61758 107.22159 123.68364 107.22159 curveto
123.7497 107.22159 123.81305 107.24783 123.85976 107.29454 curveto
123.90646 107.34125 123.93271 107.4046 123.93271 107.47066 curveto closepath fill
newpath 127.02527 107.47066 moveto
127.02527 107.53671 126.99902 107.60007 126.95232 107.64677 curveto
126.90561 107.69348 126.84225 107.71973 126.7762 107.71973 curveto
126.71014 107.71973 126.64679 107.69348 126.60008 107.64677 curveto
126.55338 107.60007 126.52713 107.53671 126.52713 107.47066 curveto
126.52713 107.4046 126.55338 107.34125 126.60008 107.29454 curveto
126.64679 107.24783 126.71014 107.22159 126.7762 107.22159 curveto
126.84225 107.22159 126.90561 107.24783 126.95232 107.29454 curveto
126.99902 107.34125 127.02527 107.4046 127.02527 107.47066 curveto closepath fill
newpath 130.11783 107.47066 moveto
130.11783 107.53671 130.09158 107.60007 130.04488 107.64677 curveto
129.99817 107.69348 129.93481 107.71973 129.86876 107.71973 curveto
129.8027 107.71973 129.73935 107.69348 129.69264 107.64677 curveto
129.64594 107.60007 129.61969 107.53671 129.61969 107.47066 curveto
129.61969 107.4046 129.64594 107.34125 129.69264 107.29454 curveto
129.73935 107.24783 129.8027 107.22159 129.86876 107.22159 curveto
129.93481 107.22159 129.99817 107.24783 130.04488 107.29454 curveto
130.09158 107.34125 130.11783 107.4046 130.11783 107.47066 curveto closepath fill
newpath 107.52812 73.29382 moveto
107.4827 73.81372 107.41429 74.33089 107.32372 74.84476 curveto
107.23314 75.35864 107.1204 75.86815 106.98523 76.37218 curveto
106.85033 76.8762 106.69327 77.37393 106.51486 77.86429 curveto
106.33646 78.35463 106.1367 78.83678 105.91615 79.3096 curveto
105.6956 79.78244 105.45454 80.24542 105.19377 80.69719 curveto
104.933 81.14896 104.65253 81.58923 104.35318 82.01665 curveto stroke
newpath 104.84366 78.71129 moveto
105.20947 79.82887 105.02776 81.05345 104.35318 82.01665 curveto
105.02776 81.05345 106.11646 80.46407 107.29175 80.42583 curveto stroke
 0 1.24533 dtransform truncate idtransform setlinewidth pop
newpath 179.32709 71.73083 moveto
89.66354 71.73083 lineto
156.67807 131.28534 lineto stroke
newpath 153.45131 130.41699 moveto
154.6036 130.1825 155.79909 130.5042 156.67807 131.28534 curveto
155.79909 130.5042 155.33917 129.3548 155.43669 128.18292 curveto stroke
newpath 176.3383 73.22523 moveto
177.04385 72.28448 178.15115 71.73083 179.32709 71.73083 curveto
178.15115 71.73083 177.04385 71.17719 176.3383 70.23643 curveto stroke
newpath 89.66354 73.72336 moveto
89.13507 73.72336 88.62831 73.5134 88.25464 73.13974 curveto
87.88098 72.76607 87.67102 72.25931 87.67102 71.73083 curveto
87.67102 71.20236 87.88098 70.6956 88.25464 70.32193 curveto
88.62831 69.94827 89.13507 69.73831 89.66354 69.73831 curveto
90.19202 69.73831 90.69878 69.94827 91.07245 70.32193 curveto
91.4461 70.6956 91.65607 71.20236 91.65607 71.73083 curveto
91.65607 72.25931 91.4461 72.76607 91.07245 73.13974 curveto
90.69878 73.5134 90.19202 73.72336 89.66354 73.72336 curveto closepath fill
newpath 129.86876 109.46318 moveto
129.34029 109.46318 128.83353 109.25322 128.45985 108.87956 curveto
128.0862 108.50589 127.87624 107.99913 127.87624 107.47066 curveto
127.87624 106.94218 128.0862 106.43542 128.45985 106.06175 curveto
128.83353 105.6881 129.34029 105.47813 129.86876 105.47813 curveto
130.39723 105.47813 130.90399 105.6881 131.27766 106.06175 curveto
131.65132 106.43542 131.86128 106.94218 131.86128 107.47066 curveto
131.86128 107.99913 131.65132 108.50589 131.27766 108.87956 curveto
130.90399 109.25322 130.39723 109.46318 129.86876 109.46318 curveto closepath fill
showpage
%%EOF
