%!PS
%%BoundingBox: -1 -1 180 153 
%%HiResBoundingBox: -0.24907 -0.24907 179.94975 152.67711 
%%Creator: MetaPost 2.000
%%CreationDate: 2017.06.03:1629
%%Pages: 1
%%BeginProlog
%%EndProlog
%%Page: 1 1
 0 0 0 setrgbcolor 0 0.49814 dtransform truncate idtransform setlinewidth pop [] 0 setdash 1 setlinecap
 1 setlinejoin 10 setmiterlimit
newpath 0 76.21402 moveto
179.32709 76.21402 lineto stroke
newpath 174.34578 78.70468 moveto
175.52171 77.13676 177.3672 76.21402 179.32709 76.21402 curveto
177.3672 76.21402 175.52171 75.29128 174.34578 73.72336 curveto stroke
 0.49814 0 dtransform exch truncate exch idtransform pop setlinewidth
newpath 89.66354 0 moveto
89.66354 152.42804 lineto stroke
 0 0.49814 dtransform truncate idtransform setlinewidth pop
newpath 87.17288 147.44673 moveto
88.7408 148.62267 89.66354 150.46815 89.66354 152.42804 curveto
89.66354 150.46815 90.58629 148.62267 92.1542 147.44673 curveto stroke
 0.49814 0 dtransform exch truncate exch idtransform pop setlinewidth
newpath 35.86542 74.2215 moveto
35.86542 78.20654 lineto stroke
newpath 89.66354 74.2215 moveto
89.66354 78.20654 lineto stroke
newpath 143.46167 74.2215 moveto
143.46167 78.20654 lineto stroke
 0 0.49814 dtransform truncate idtransform setlinewidth pop
newpath 91.65607 22.4159 moveto
87.67102 22.4159 lineto stroke
newpath 91.65607 76.21402 moveto
87.67102 76.21402 lineto stroke
newpath 91.65607 130.01215 moveto
87.67102 130.01215 lineto stroke
 0.7 setgray
newpath 143.46167 76.21402 moveto
143.46167 90.4828 137.79257 104.16547 127.70378 114.25426 curveto
117.61499 124.34305 103.93233 130.01215 89.66354 130.01215 curveto
75.39476 130.01215 61.7121 124.34305 51.6233 114.25426 curveto
41.53452 104.16547 35.86542 90.4828 35.86542 76.21402 curveto
35.86542 61.94524 41.53452 48.26257 51.6233 38.17378 curveto
61.7121 28.08499 75.39476 22.4159 89.66354 22.4159 curveto
103.93233 22.4159 117.61499 28.08499 127.70378 38.17378 curveto
137.79257 48.26257 143.46167 61.94524 143.46167 76.21402 curveto closepath stroke
 0 0 0 setrgbcolor
newpath 122.16876 61.05649 moveto
122.60986 62.00215 123.00937 62.9667 123.36618 63.94713 curveto
123.72299 64.92781 124.03685 65.9233 124.30693 66.93135 curveto
124.577 67.93913 124.80275 68.95868 124.98389 69.98618 curveto
125.16502 71.01366 125.30157 72.0488 125.3927 73.08806 curveto stroke
newpath 123.64296 70.2412 moveto
124.64174 70.8619 125.29 71.91661 125.3927 73.08806 curveto
125.29 71.91661 125.74483 70.76518 126.62035 69.98015 curveto stroke
newpath 124.7865 63.13335 moveto
123.6357 62.89163 122.66586 62.12218 122.16876 61.05649 curveto
122.66586 62.12218 122.63222 63.35971 122.07791 64.3968 curveto stroke
newpath 116.46054 78.55849 moveto
116.39214 79.33807 116.2898 80.11436 116.15381 80.8849 curveto
116.0178 81.65573 115.84871 82.41998 115.64621 83.17603 curveto
115.44373 83.93207 115.20813 84.6788 114.94052 85.41432 curveto
114.67291 86.14958 114.37328 86.87306 114.04247 87.5823 curveto
113.71164 88.29156 113.35017 88.98576 112.95888 89.66356 curveto
112.56758 90.34134 112.14702 91.0016 111.69798 91.64273 curveto
111.24924 92.28384 110.7723 92.90498 110.26936 93.50452 curveto
109.76642 94.10403 109.23749 94.68141 108.6842 95.23468 curveto
108.13094 95.78796 107.55356 96.3169 106.95404 96.81984 curveto
106.3545 97.32277 105.73337 97.79971 105.09225 98.24846 curveto
104.45113 98.6975 103.79086 99.11806 103.11308 99.50935 curveto
102.43529 99.90065 101.74109 100.26212 101.03183 100.59294 curveto
100.32259 100.92375 99.5991 101.22339 98.86385 101.491 curveto
98.12833 101.7586 97.38159 101.9942 96.62555 102.19669 curveto
95.8695 102.39919 95.10526 102.56828 94.33443 102.70428 curveto
93.56389 102.84027 92.7876 102.94289 92.00801 103.01102 curveto
91.22844 103.07915 90.44614 103.11308 89.66354 103.11308 curveto
88.88095 103.11308 88.09865 103.07915 87.31908 103.01102 curveto
86.53949 102.94289 85.7632 102.84027 84.99266 102.70428 curveto
84.22183 102.56828 83.45758 102.39919 82.70154 102.19669 curveto
81.9455 101.9942 81.19876 101.7586 80.46324 101.491 curveto
79.72798 101.22339 79.0045 100.92375 78.29526 100.59294 curveto
77.586 100.26212 76.8918 99.90065 76.214 99.50935 curveto
75.53622 99.11806 74.87596 98.6975 74.23483 98.24846 curveto
73.59372 97.79971 72.97258 97.32277 72.37305 96.81984 curveto
71.77353 96.3169 71.19615 95.78796 70.64288 95.23468 curveto
70.0896 94.68141 69.56067 94.10403 69.05772 93.50452 curveto
68.5548 92.90498 68.07785 92.28384 67.6291 91.64273 curveto
67.18007 91.0016 66.7595 90.34134 66.36821 89.66356 curveto
65.97691 88.98576 65.61545 88.29156 65.28462 87.5823 curveto
64.95381 86.87306 64.65417 86.14958 64.38657 85.41432 curveto
64.11896 84.6788 63.88336 83.93207 63.68088 83.17603 curveto
63.47838 82.41998 63.30928 81.65573 63.17328 80.8849 curveto
63.0373 80.11436 62.93468 79.33807 62.86655 78.55849 curveto
62.79842 77.77892 62.76448 76.99661 62.76448 76.21402 curveto
62.76448 75.43143 62.79842 74.64912 62.86655 73.86955 curveto
62.93468 73.08997 63.0373 72.31367 63.17328 71.54314 curveto
63.30928 70.77231 63.47838 70.00806 63.68088 69.25201 curveto
63.88336 68.49597 64.11896 67.74924 64.38657 67.01372 curveto
64.65417 66.27846 64.95381 65.55498 65.28462 64.84573 curveto
65.61545 64.13647 65.97691 63.44228 66.36821 62.76448 curveto
66.7595 62.0867 67.18007 61.42644 67.6291 60.78531 curveto
68.07785 60.1442 68.5548 59.52306 69.05772 58.92352 curveto
69.56067 58.324 70.0896 57.74663 70.64288 57.19336 curveto
71.19615 56.64008 71.77353 56.11115 72.37305 55.6082 curveto
72.97258 55.10527 73.59372 54.62833 74.23483 54.17958 curveto
74.87596 53.73055 75.53622 53.30998 76.214 52.91869 curveto
76.8918 52.52739 77.586 52.16592 78.29526 51.8351 curveto
79.0045 51.50429 79.72798 51.20465 80.46324 50.93704 curveto
81.19876 50.66943 81.9455 50.43384 82.70154 50.23135 curveto
83.45758 50.02885 84.22183 49.85976 84.99266 49.72375 curveto
85.7632 49.58777 86.53949 49.48515 87.31908 49.41702 curveto
88.09865 49.34889 88.88095 49.31496 89.66354 49.31496 curveto
90.44614 49.31496 91.22844 49.34889 92.00801 49.41702 curveto
92.7876 49.48515 93.56389 49.58777 94.33443 49.72375 curveto
95.10526 49.85976 95.8695 50.02885 96.62555 50.23135 curveto
97.38159 50.43384 98.12833 50.66943 98.86385 50.93704 curveto
99.5991 51.20465 100.32259 51.50429 101.03183 51.8351 curveto
101.74109 52.16592 102.43529 52.52739 103.11308 52.91869 curveto
103.79086 53.30998 104.45113 53.73055 105.09225 54.17958 curveto
105.73337 54.62833 106.3545 55.10527 106.95404 55.6082 curveto
107.55356 56.11115 108.13094 56.64008 108.6842 57.19336 curveto
109.23749 57.74663 109.76642 58.324 110.26936 58.92352 curveto
110.7723 59.52306 111.24896 60.1442 111.69798 60.78531 curveto stroke
newpath 108.75937 59.1945 moveto
109.93468 59.23274 111.02339 59.82211 111.69798 60.78531 curveto
111.02339 59.82211 110.84166 58.59752 111.20746 57.47993 curveto stroke
newpath 89.66354 78.20654 moveto
89.13507 78.20654 88.62831 77.99658 88.25464 77.62292 curveto
87.88098 77.24925 87.67102 76.7425 87.67102 76.21402 curveto
87.67102 75.68555 87.88098 75.17879 88.25464 74.80511 curveto
88.62831 74.43146 89.13507 74.2215 89.66354 74.2215 curveto
90.19202 74.2215 90.69878 74.43146 91.07245 74.80511 curveto
91.4461 75.17879 91.65607 75.68555 91.65607 76.21402 curveto
91.65607 76.7425 91.4461 77.24925 91.07245 77.62292 curveto
90.69878 77.99658 90.19202 78.20654 89.66354 78.20654 curveto closepath fill
 0 1.24533 dtransform truncate idtransform setlinewidth pop
newpath 179.32709 76.21402 moveto
89.66354 76.21402 lineto
167.31221 31.38225 lineto stroke
newpath 165.47112 34.17085 moveto
165.61174 33.00336 166.29384 31.97023 167.31221 31.38225 curveto
166.29384 31.97023 165.05806 32.04443 163.97667 31.5825 curveto stroke
newpath 176.3383 77.70842 moveto
177.04385 76.76767 178.15115 76.21402 179.32709 76.21402 curveto
178.15115 76.21402 177.04385 75.66037 176.3383 74.71962 curveto stroke
showpage
%%EOF
