%!PS
%%BoundingBox: -1 -1 180 180 
%%HiResBoundingBox: -0.24907 -0.24907 179.94975 179.57616 
%%Creator: MetaPost 2.000
%%CreationDate: 2017.06.03:1629
%%Pages: 1
%%BeginProlog
%%EndProlog
%%Page: 1 1
 0 0 0 setrgbcolor 0 0.49814 dtransform truncate idtransform setlinewidth pop [] 0 setdash 1 setlinecap
 1 setlinejoin 10 setmiterlimit
newpath 0 89.66354 moveto
179.32709 89.66354 lineto stroke
newpath 174.34578 92.1542 moveto
175.52171 90.58629 177.3672 89.66354 179.32709 89.66354 curveto
177.3672 89.66354 175.52171 88.7408 174.34578 87.17288 curveto stroke
 0.49814 0 dtransform exch truncate exch idtransform pop setlinewidth
newpath 89.66354 0 moveto
89.66354 179.32709 lineto stroke
 0 0.49814 dtransform truncate idtransform setlinewidth pop
newpath 87.17288 174.34578 moveto
88.7408 175.52171 89.66354 177.3672 89.66354 179.32709 curveto
89.66354 177.3672 90.58629 175.52171 92.1542 174.34578 curveto stroke
 0.49814 0 dtransform exch truncate exch idtransform pop setlinewidth
newpath 35.86542 87.67102 moveto
35.86542 91.65607 lineto stroke
newpath 89.66354 87.67102 moveto
89.66354 91.65607 lineto stroke
newpath 143.46167 87.67102 moveto
143.46167 91.65607 lineto stroke
 0 0.49814 dtransform truncate idtransform setlinewidth pop
newpath 91.65607 35.86542 moveto
87.67102 35.86542 lineto stroke
newpath 91.65607 89.66354 moveto
87.67102 89.66354 lineto stroke
newpath 91.65607 143.46167 moveto
87.67102 143.46167 lineto stroke
 0.7 setgray
newpath 143.46167 89.66354 moveto
143.46167 103.93233 137.79257 117.61499 127.70378 127.70378 curveto
117.61499 137.79257 103.93233 143.46167 89.66354 143.46167 curveto
75.39476 143.46167 61.7121 137.79257 51.6233 127.70378 curveto
41.53452 117.61499 35.86542 103.93233 35.86542 89.66354 curveto
35.86542 75.39476 41.53452 61.7121 51.6233 51.6233 curveto
61.7121 41.53452 75.39476 35.86542 89.66354 35.86542 curveto
103.93233 35.86542 117.61499 41.53452 127.70378 51.6233 curveto
137.79257 61.7121 143.46167 75.39476 143.46167 89.66354 curveto closepath stroke
 0 0 0 setrgbcolor
newpath 116.46054 92.00801 moveto
116.39241 92.7876 116.29034 93.56361 116.15434 94.33415 curveto
116.01836 95.1047 115.84897 95.86868 115.64648 96.62445 curveto
115.44373 97.38104 115.20813 98.12805 114.94025 98.86412 curveto
114.67264 99.59938 114.37328 100.32259 114.04247 101.03183 curveto
113.71164 101.74109 113.35017 102.43501 112.95888 103.11281 curveto
112.56758 103.79031 112.1473 104.45059 111.69853 105.09143 curveto
111.24924 105.7331 110.7723 106.35478 110.26881 106.95486 curveto
109.76587 107.55411 109.23695 108.1312 108.68367 108.68448 curveto
108.13039 109.23776 107.5533 109.76642 106.95404 110.26936 curveto
106.3545 110.7723 105.73364 111.24896 105.0928 111.69771 curveto
104.45113 112.14702 103.79031 112.56786 103.11198 112.95943 curveto
102.43446 113.35045 101.73999 113.71191 101.03102 114.04247 curveto
100.32176 114.37328 99.59856 114.67291 98.86331 114.94052 curveto
98.12805 115.20813 97.38187 115.44373 96.6261 115.64621 curveto
95.87033 115.84871 95.10635 116.01808 94.3358 116.15381 curveto
93.56444 116.2898 92.7876 116.39241 92.0072 116.46054 curveto
91.22762 116.52867 90.44559 116.5626 89.663 116.5626 curveto
88.88069 116.5626 88.09865 116.52867 87.31934 116.46054 curveto
86.54004 116.39241 85.76402 116.29034 84.99347 116.15434 curveto
84.2221 116.01836 83.4573 115.84843 82.70071 115.64566 curveto
81.94495 115.44318 81.19821 115.20786 80.46297 114.94025 curveto
79.7277 114.67264 79.0045 114.373 78.29526 114.04247 curveto
77.586 113.71191 76.8918 113.35045 76.21428 112.95943 curveto
75.53677 112.56813 74.87677 112.14757 74.23593 111.6988 curveto
73.59427 111.24951 72.97258 110.7723 72.3725 110.26881 curveto
71.77325 109.76587 71.19615 109.23721 70.64288 108.6842 curveto
70.0896 108.13094 69.56067 107.55383 69.05772 106.95459 curveto
68.5548 106.35506 68.07813 105.73419 67.62938 105.09308 curveto
67.18007 104.4514 66.75923 103.79059 66.36766 103.11226 curveto
65.97664 102.43474 65.61517 101.74026 65.28462 101.03128 curveto
64.95381 100.32231 64.65417 99.5991 64.38657 98.86385 curveto
64.11896 98.1286 63.88391 97.38214 63.68143 96.62637 curveto
63.47865 95.86978 63.30873 95.1047 63.17274 94.33334 curveto
63.03674 93.56279 62.93468 92.78677 62.86655 92.0072 curveto
62.79842 91.22789 62.76448 90.44586 62.76448 89.66354 curveto
62.76448 88.88123 62.79842 88.0992 62.86655 87.31989 curveto
62.93468 86.54031 63.03674 85.7643 63.17274 84.99374 curveto
63.30873 84.22238 63.47865 83.4573 63.68143 82.70071 curveto
63.88391 81.94495 64.11896 81.19849 64.38657 80.46324 curveto
64.65417 79.72798 64.95381 79.00478 65.28462 78.2958 curveto
65.61517 77.58682 65.97664 76.89235 66.36766 76.21483 curveto
66.75923 75.5365 67.18007 74.87569 67.62938 74.23401 curveto
68.07813 73.5929 68.5548 72.97203 69.05772 72.3725 curveto
69.56067 71.77325 70.0896 71.19615 70.64288 70.64288 curveto
71.19615 70.08987 71.77325 69.56122 72.3725 69.05827 curveto
72.97258 68.5548 73.59427 68.07758 74.23593 67.62828 curveto
74.87677 67.17952 75.53677 66.75896 76.21428 66.36766 curveto
76.8918 65.97664 77.586 65.61517 78.29526 65.28462 curveto
79.0045 64.95409 79.7277 64.65445 80.46297 64.38684 curveto
81.19821 64.11923 81.94495 63.88391 82.70071 63.68143 curveto
83.4573 63.47865 84.2221 63.30873 84.99347 63.17274 curveto
85.76402 63.03674 86.54004 62.93468 87.31934 62.86655 curveto
88.09865 62.79842 88.88069 62.76448 89.663 62.76448 curveto
90.44559 62.76448 91.22762 62.79842 92.0072 62.86655 curveto
92.7876 62.93468 93.56444 63.0373 94.3358 63.17328 curveto
95.10635 63.309 95.87033 63.47838 96.6261 63.68088 curveto
97.38187 63.88336 98.12805 64.11896 98.86331 64.38657 curveto
99.59856 64.65417 100.32176 64.95381 101.03102 65.28462 curveto
101.73999 65.61517 102.43446 65.97664 103.11198 66.36766 curveto
103.79031 66.75923 104.45113 67.18007 105.0928 67.62938 curveto
105.73364 68.07813 106.3545 68.5548 106.95404 69.05772 curveto
107.5533 69.56067 108.13039 70.08932 108.68367 70.64261 curveto
109.23695 71.19589 109.76587 71.77298 110.26881 72.37222 curveto
110.7723 72.9723 111.24924 73.594 111.69853 74.23566 curveto
112.1473 74.8765 112.56758 75.53677 112.95888 76.21428 curveto
113.35017 76.89207 113.71164 77.586 114.04247 78.29526 curveto
114.37328 79.0045 114.67264 79.7277 114.94025 80.46297 curveto
115.20813 81.19904 115.44373 81.94604 115.64648 82.70264 curveto
115.84897 83.4584 116.01836 84.22238 116.15434 84.99294 curveto
116.29034 85.76347 116.39241 86.53949 116.46054 87.31908 curveto stroke
newpath 114.7116 84.47176 moveto
115.7102 85.09273 116.35815 86.14761 116.46054 87.31908 curveto
116.35815 86.14761 116.8133 84.99632 117.68904 84.21153 curveto stroke
newpath 125.3927 86.53758 moveto
125.30157 85.49832 125.16502 84.46318 124.98389 83.4357 curveto
124.80275 82.4082 124.577 81.38866 124.30693 80.38087 curveto
124.03685 79.3731 123.72299 78.37761 123.36618 77.3972 curveto
123.00937 76.41678 122.60959 75.45222 122.16876 74.50655 curveto
121.72768 73.56088 121.2458 72.63464 120.724 71.73083 curveto
120.20218 70.82703 119.64124 69.94676 119.0428 69.09193 curveto
118.44437 68.2371 117.80846 67.40883 117.13779 66.60954 curveto
116.4671 65.81027 115.76196 65.04054 115.02425 64.30284 curveto
114.28654 63.56512 113.51682 62.85999 112.71754 62.1893 curveto
111.91826 61.51863 111.08998 60.88272 110.23515 60.28429 curveto
109.38033 59.68585 108.50006 59.12491 107.59625 58.60309 curveto stroke
newpath 110.93182 58.8033 moveto
109.85042 59.26523 108.61464 59.19106 107.59625 58.60309 curveto
108.61464 59.19106 109.29677 60.22418 109.43741 61.39168 curveto stroke
newpath 89.66354 91.65607 moveto
89.13507 91.65607 88.62831 91.4461 88.25464 91.07245 curveto
87.88098 90.69878 87.67102 90.19202 87.67102 89.66354 curveto
87.67102 89.13507 87.88098 88.62831 88.25464 88.25464 curveto
88.62831 87.88098 89.13507 87.67102 89.66354 87.67102 curveto
90.19202 87.67102 90.69878 87.88098 91.07245 88.25464 curveto
91.4461 88.62831 91.65607 89.13507 91.65607 89.66354 curveto
91.65607 90.19202 91.4461 90.69878 91.07245 91.07245 curveto
90.69878 91.4461 90.19202 91.65607 89.66354 91.65607 curveto closepath fill
newpath 110.35419 41.99689 moveto
109.82571 41.99689 109.31895 41.78693 108.94528 41.41327 curveto
108.57162 41.0396 108.36166 40.53284 108.36166 40.00436 curveto
108.36166 39.47589 108.57162 38.96913 108.94528 38.59546 curveto
109.31895 38.2218 109.82571 38.01184 110.35419 38.01184 curveto
110.88266 38.01184 111.38942 38.2218 111.76309 38.59546 curveto
112.13675 38.96913 112.34671 39.47589 112.34671 40.00436 curveto
112.34671 40.53284 112.13675 41.0396 111.76309 41.41327 curveto
111.38942 41.78693 110.88266 41.99689 110.35419 41.99689 curveto closepath fill
 0 1.24533 dtransform truncate idtransform setlinewidth pop
newpath 179.32709 89.66354 moveto
89.66354 89.66354 lineto
124.14986 6.89688 lineto stroke
newpath 124.37979 10.23055 moveto
123.78276 9.21742 123.69757 7.98236 124.14986 6.89688 curveto
123.69757 7.98236 122.76064 8.79155 121.62088 9.08101 curveto stroke
 0 1.4944 dtransform truncate idtransform setlinewidth pop
newpath 138.79106 93.96175 moveto
138.66628 95.39066 138.47884 96.81354 138.22984 98.22601 curveto
137.98056 99.63988 137.66916 101.04224 137.29758 102.42873 curveto
136.92625 103.81412 136.49446 105.18256 136.00385 106.53046 curveto
135.51323 107.87837 134.96432 109.20439 134.35823 110.50441 curveto
133.75214 111.80443 133.08968 113.07736 132.37248 114.31966 curveto
131.65448 115.56276 130.88255 116.77412 130.0592 117.9502 curveto
129.23639 119.12517 128.36269 120.26402 127.44055 121.36293 curveto
126.51869 122.46155 125.54948 123.51968 124.5354 124.53377 curveto
123.52023 125.54893 122.46127 126.51923 121.36128 127.44218 curveto
120.26237 128.36406 119.1238 129.23749 117.94882 130.06003 curveto
116.77412 130.88255 115.56386 131.65366 114.32184 132.37083 curveto
113.07956 133.0883 111.80663 133.75131 110.50659 134.3574 curveto
109.20547 134.96405 107.8781 135.5135 106.52908 136.00467 curveto
105.18118 136.49529 103.81274 136.9268 102.42735 137.29813 curveto
101.04196 137.66943 99.64096 137.98001 98.22849 138.22902 curveto
96.81462 138.4783 95.39066 138.666 93.96037 138.79106 curveto
92.5312 138.9161 91.09737 138.9785 89.66272 138.9785 curveto
88.22862 138.9785 86.79478 138.9161 85.36617 138.79106 curveto
83.93726 138.666 82.5141 138.47884 81.10162 138.22984 curveto
79.68803 137.98056 78.28568 137.66971 76.89919 137.29813 curveto
75.51352 136.9268 74.14453 136.49529 72.79663 136.00467 curveto
71.44899 135.51404 70.12325 134.96432 68.8235 134.35823 curveto
67.52211 133.75131 66.2478 133.08858 65.00443 132.37083 curveto
63.76242 131.65393 62.55214 130.88255 61.37744 130.06003 curveto
60.20247 129.23721 59.06389 128.36351 57.96498 127.44138 curveto
56.86635 126.51923 55.8085 125.54976 54.79414 124.5354 curveto
53.77898 123.52023 52.80867 122.46182 51.88571 121.3621 curveto
50.96358 120.2632 50.08987 119.12462 49.26706 117.94965 curveto
48.44426 116.77467 47.67343 115.56413 46.95625 114.32184 curveto
46.23851 113.07846 45.57468 111.8047 44.96803 110.50359 curveto
44.36195 109.20357 43.81305 107.87782 43.32242 106.5299 curveto
42.8318 105.182 42.40028 103.8133 42.02896 102.4279 curveto
41.65765 101.04224 41.34708 99.64096 41.09807 98.22849 curveto
40.84879 96.81462 40.66109 95.39066 40.53603 93.96037 curveto
40.41098 92.53148 40.34859 91.09792 40.34859 89.66354 curveto
40.34859 88.22917 40.41098 86.79561 40.53603 85.36671 curveto
40.66109 83.93643 40.84879 82.51247 41.09807 81.0986 curveto
41.34708 79.68613 41.65765 78.28485 42.02896 76.89919 curveto
42.40028 75.5138 42.8318 74.14508 43.32242 72.79718 curveto
43.81305 71.44926 44.36195 70.12352 44.96803 68.8235 curveto
45.57468 67.52238 46.23851 66.24863 46.95625 65.00525 curveto
47.67343 63.76295 48.44426 62.55241 49.26706 61.37744 curveto
50.08987 60.20247 50.96358 59.06389 51.88571 57.96498 curveto
52.80867 56.86526 53.77898 55.80685 54.79414 54.79169 curveto
55.8085 53.77733 56.86635 52.80786 57.96498 51.88571 curveto
59.06389 50.96358 60.20247 50.08987 61.37744 49.26706 curveto
62.55214 48.44453 63.76242 47.67316 65.00443 46.95625 curveto
66.2478 46.23851 67.52211 45.57578 68.8235 44.96886 curveto
70.12325 44.36276 71.44899 43.81305 72.79663 43.32242 curveto
74.14453 42.8318 75.51352 42.40028 76.89919 42.02896 curveto
78.28568 41.65738 79.68803 41.34653 81.10162 41.09724 curveto
82.5141 40.84825 83.93726 40.66109 85.36617 40.53603 curveto
86.79478 40.41098 88.22862 40.34859 89.66272 40.34859 curveto
91.09737 40.34859 92.5312 40.41098 93.96037 40.53603 curveto
95.39066 40.66109 96.81462 40.84879 98.22849 41.09807 curveto
99.64096 41.34708 101.04196 41.65765 102.42735 42.02896 curveto stroke
newpath 99.15358 42.69868 moveto
100.07863 41.97266 101.2915 41.72453 102.42735 42.02896 curveto
101.2915 41.72453 100.36528 40.9031 99.92732 39.81175 curveto stroke
showpage
%%EOF
