%!PS
%%BoundingBox: -1 -1 180 153 
%%HiResBoundingBox: -0.24907 -0.24907 179.94975 152.67711 
%%Creator: MetaPost 2.000
%%CreationDate: 2017.06.03:1629
%%Pages: 1
%%BeginProlog
%%EndProlog
%%Page: 1 1
 0 0 0 setrgbcolor 0 0.49814 dtransform truncate idtransform setlinewidth pop [] 0 setdash 1 setlinecap
 1 setlinejoin 10 setmiterlimit
newpath 0 76.21402 moveto
179.32709 76.21402 lineto stroke
newpath 174.34578 78.70468 moveto
175.52171 77.13676 177.3672 76.21402 179.32709 76.21402 curveto
177.3672 76.21402 175.52171 75.29128 174.34578 73.72336 curveto stroke
 0.49814 0 dtransform exch truncate exch idtransform pop setlinewidth
newpath 89.66354 0 moveto
89.66354 152.42804 lineto stroke
 0 0.49814 dtransform truncate idtransform setlinewidth pop
newpath 87.17288 147.44673 moveto
88.7408 148.62267 89.66354 150.46815 89.66354 152.42804 curveto
89.66354 150.46815 90.58629 148.62267 92.1542 147.44673 curveto stroke
 0.49814 0 dtransform exch truncate exch idtransform pop setlinewidth
newpath 35.86542 74.2215 moveto
35.86542 78.20654 lineto stroke
newpath 89.66354 74.2215 moveto
89.66354 78.20654 lineto stroke
newpath 143.46167 74.2215 moveto
143.46167 78.20654 lineto stroke
 0 0.49814 dtransform truncate idtransform setlinewidth pop
newpath 91.65607 22.4159 moveto
87.67102 22.4159 lineto stroke
newpath 91.65607 76.21402 moveto
87.67102 76.21402 lineto stroke
newpath 91.65607 130.01215 moveto
87.67102 130.01215 lineto stroke
 0.7 setgray
newpath 143.46167 76.21402 moveto
143.46167 90.4828 137.79257 104.16547 127.70378 114.25426 curveto
117.61499 124.34305 103.93233 130.01215 89.66354 130.01215 curveto
75.39476 130.01215 61.7121 124.34305 51.6233 114.25426 curveto
41.53452 104.16547 35.86542 90.4828 35.86542 76.21402 curveto
35.86542 61.94524 41.53452 48.26257 51.6233 38.17378 curveto
61.7121 28.08499 75.39476 22.4159 89.66354 22.4159 curveto
103.93233 22.4159 117.61499 28.08499 127.70378 38.17378 curveto
137.79257 48.26257 143.46167 61.94524 143.46167 76.21402 curveto closepath stroke
 0 0 0 setrgbcolor
newpath 53.93439 73.08806 moveto
54.02551 72.0488 54.16206 71.01366 54.3432 69.98618 curveto
54.52434 68.95868 54.75009 67.93913 55.02016 66.93135 curveto
55.29024 65.9233 55.6041 64.92781 55.9609 63.94713 curveto
56.31772 62.9667 56.71722 62.00215 57.15833 61.05649 curveto
57.59941 60.11081 58.08128 59.18484 58.60309 58.28131 curveto
59.12491 57.3775 59.68585 56.49724 60.28429 55.64241 curveto
60.88272 54.78758 61.51836 53.9593 62.1893 53.16002 curveto stroke
newpath 61.41231 56.40997 moveto
61.14539 55.26474 61.43326 54.06068 62.1893 53.16002 curveto
61.43326 54.06068 60.2973 54.55283 59.12315 54.48837 curveto stroke
newpath 52.70674 69.98015 moveto
53.58226 70.76518 54.0371 71.91661 53.93439 73.08806 curveto
54.0371 71.91661 54.68535 70.8619 55.68413 70.2412 curveto stroke
newpath 116.46054 78.55849 moveto
116.39214 79.33807 116.2898 80.11436 116.15381 80.8849 curveto
116.0178 81.65546 115.84871 82.41998 115.64621 83.17575 curveto
115.44373 83.9318 115.20813 84.67853 114.94052 85.41379 curveto
114.67291 86.14903 114.37328 86.87224 114.04247 87.5815 curveto
113.71191 88.29074 113.35045 88.98494 112.95943 89.66273 curveto
112.56786 90.34106 112.14674 91.00188 111.69771 91.64328 curveto
111.24896 92.2844 110.77257 92.90553 110.26936 93.50507 curveto
109.76642 94.10458 109.23721 94.68167 108.68367 95.23495 curveto
108.13039 95.78824 107.5533 96.31717 106.95377 96.82011 curveto
106.35423 97.32304 105.73337 97.79971 105.09225 98.24846 curveto
104.45113 98.69722 103.79086 99.11806 103.11308 99.50935 curveto
102.43529 99.90065 101.74109 100.26212 101.03183 100.59294 curveto
100.32259 100.92375 99.59938 101.22311 98.86385 101.49072 curveto
98.1286 101.75833 97.38187 101.9942 96.6261 102.19669 curveto
95.87033 102.39919 95.1058 102.56856 94.33525 102.70428 curveto
93.56471 102.84027 92.78842 102.94234 92.00883 103.01047 curveto
91.22871 103.0786 90.44586 103.11308 89.66272 103.11308 curveto
88.88014 103.11308 88.0981 103.07915 87.31853 103.01102 curveto
86.53894 102.94289 85.76265 102.84027 84.99211 102.70428 curveto
84.22156 102.56828 83.4573 102.39919 82.70154 102.19669 curveto
81.9455 101.9942 81.19876 101.7586 80.46324 101.491 curveto
79.72798 101.22339 79.0045 100.92375 78.29526 100.59294 curveto
77.586 100.26212 76.8918 99.90065 76.214 99.50935 curveto
75.53622 99.11806 74.87596 98.69722 74.2351 98.24846 curveto
73.594 97.79971 72.97285 97.32304 72.37332 96.82011 curveto
71.77379 96.31717 71.1967 95.78824 70.64342 95.23495 curveto
70.0896 94.68114 69.5604 94.1035 69.05692 93.5037 curveto
68.55397 92.90445 68.0773 92.2833 67.62856 91.64246 curveto
67.1798 91.00134 66.7595 90.34106 66.36821 89.66328 curveto
65.97691 88.98549 65.61545 88.29102 65.28462 87.58176 curveto
64.95381 86.87251 64.65417 86.14903 64.38657 85.41379 curveto
64.11896 84.67853 63.88336 83.9318 63.68088 83.17603 curveto
63.47838 82.41998 63.30928 81.65573 63.17328 80.8849 curveto
63.0373 80.11436 62.93468 79.33807 62.86655 78.55849 curveto
62.79842 77.77892 62.76448 76.99687 62.76448 76.21457 curveto
62.76448 75.43198 62.79842 74.64967 62.86655 73.86981 curveto
62.93468 73.09024 63.03674 72.31395 63.17274 71.54341 curveto
63.30873 70.77231 63.47865 70.0075 63.68143 69.25119 curveto
63.88391 68.49542 64.11923 67.74869 64.38684 67.01344 curveto
64.65445 66.27818 64.95409 65.5547 65.2849 64.84546 curveto
65.61572 64.1362 65.97719 63.44173 66.36848 62.76395 curveto
66.75977 62.08643 67.18034 61.42616 67.6291 60.78531 curveto
68.07785 60.1442 68.55452 59.52306 69.05772 58.92352 curveto stroke
newpath 68.2809 62.17357 moveto
68.01392 61.02834 68.30171 59.82425 69.05772 58.92352 curveto
68.30171 59.82425 67.16577 60.31645 65.9916 60.25206 curveto stroke
newpath 89.66354 78.20654 moveto
89.13507 78.20654 88.62831 77.99658 88.25464 77.62292 curveto
87.88098 77.24925 87.67102 76.7425 87.67102 76.21402 curveto
87.67102 75.68555 87.88098 75.17879 88.25464 74.80511 curveto
88.62831 74.43146 89.13507 74.2215 89.66354 74.2215 curveto
90.19202 74.2215 90.69878 74.43146 91.07245 74.80511 curveto
91.4461 75.17879 91.65607 75.68555 91.65607 76.21402 curveto
91.65607 76.7425 91.4461 77.24925 91.07245 77.62292 curveto
90.69878 77.99658 90.19202 78.20654 89.66354 78.20654 curveto closepath fill
 0 1.24533 dtransform truncate idtransform setlinewidth pop
newpath 179.32709 76.21402 moveto
89.66354 76.21402 lineto
26.26233 12.8128 lineto stroke
newpath 29.43242 13.86949 moveto
28.26831 14.0358 27.09384 13.64432 26.26233 12.8128 curveto
27.09384 13.64432 27.48532 14.81879 27.31902 15.9829 curveto stroke
newpath 176.3383 77.70842 moveto
177.04385 76.76767 178.15115 76.21402 179.32709 76.21402 curveto
178.15115 76.21402 177.04385 75.66037 176.3383 74.71962 curveto stroke
showpage
%%EOF
