%!PS
%%BoundingBox: -1 -1 180 155 
%%HiResBoundingBox: -0.24907 -0.24907 179.94975 154.48535 
%%Creator: MetaPost 2.000
%%CreationDate: 2017.06.03:1629
%%Pages: 1
%%BeginProlog
%%EndProlog
%%Page: 1 1
 0 0 0 setrgbcolor 0 0.49814 dtransform truncate idtransform setlinewidth pop [] 0 setdash 1 setlinecap
 1 setlinejoin 10 setmiterlimit
newpath 0 76.21402 moveto
179.32709 76.21402 lineto stroke
newpath 174.34578 78.70468 moveto
175.52171 77.13676 177.3672 76.21402 179.32709 76.21402 curveto
177.3672 76.21402 175.52171 75.29128 174.34578 73.72336 curveto stroke
 0.49814 0 dtransform exch truncate exch idtransform pop setlinewidth
newpath 89.66354 0 moveto
89.66354 152.42804 lineto stroke
 0 0.49814 dtransform truncate idtransform setlinewidth pop
newpath 87.17288 147.44673 moveto
88.7408 148.62267 89.66354 150.46815 89.66354 152.42804 curveto
89.66354 150.46815 90.58629 148.62267 92.1542 147.44673 curveto stroke
 0.49814 0 dtransform exch truncate exch idtransform pop setlinewidth
newpath 35.86542 74.2215 moveto
35.86542 78.20654 lineto stroke
newpath 89.66354 74.2215 moveto
89.66354 78.20654 lineto stroke
newpath 143.46167 74.2215 moveto
143.46167 78.20654 lineto stroke
 0 0.49814 dtransform truncate idtransform setlinewidth pop
newpath 91.65607 22.4159 moveto
87.67102 22.4159 lineto stroke
newpath 91.65607 76.21402 moveto
87.67102 76.21402 lineto stroke
newpath 91.65607 130.01215 moveto
87.67102 130.01215 lineto stroke
 0.7 setgray
newpath 143.46167 76.21402 moveto
143.46167 90.4828 137.79257 104.16547 127.70378 114.25426 curveto
117.61499 124.34305 103.93233 130.01215 89.66354 130.01215 curveto
75.39476 130.01215 61.7121 124.34305 51.6233 114.25426 curveto
41.53452 104.16547 35.86542 90.4828 35.86542 76.21402 curveto
35.86542 61.94524 41.53452 48.26257 51.6233 38.17378 curveto
61.7121 28.08499 75.39476 22.4159 89.66354 22.4159 curveto
103.93233 22.4159 117.61499 28.08499 127.70378 38.17378 curveto
137.79257 48.26257 143.46167 61.94524 143.46167 76.21402 curveto closepath stroke
 0 0 0 setrgbcolor
newpath 98.6299 76.21402 moveto
98.66739 76.47643 98.69337 76.74075 98.70734 77.00563 curveto
98.72156 77.27351 98.72403 77.54195 98.71445 77.80984 curveto
98.7046 78.08128 98.68298 78.35245 98.64905 78.62198 curveto
98.61485 78.89424 98.56888 79.1654 98.51059 79.43356 curveto
98.45149 79.70528 98.38062 79.97481 98.29771 80.24023 curveto
98.2137 80.50894 98.11821 80.77382 98.01067 81.03404 curveto
97.90204 81.29672 97.78246 81.55476 97.65112 81.80678 curveto
97.51813 82.06207 97.37393 82.31161 97.21878 82.55406 curveto
97.06227 82.79897 96.8948 83.03702 96.71721 83.26715 curveto
96.53717 83.50027 96.34726 83.7252 96.14725 83.94138 curveto
95.94557 84.15945 95.73433 84.36879 95.51405 84.56827 curveto
95.29105 84.7702 95.05928 84.96257 94.8193 85.14398 curveto
94.57687 85.32732 94.32622 85.49997 94.06847 85.66115 curveto
93.80824 85.82368 93.54063 85.975 93.267 86.114 curveto
92.99036 86.25465 92.70741 86.38298 92.41928 86.49873 curveto
92.12842 86.61557 91.83263 86.71954 91.53244 86.81012 curveto
91.22899 86.90152 90.9217 86.98004 90.61113 87.04436 curveto
90.29755 87.1092 89.98123 87.16092 89.663 87.19786 curveto
89.34203 87.23535 89.01968 87.2586 88.69681 87.26764 curveto
88.37009 87.27666 88.04309 87.27147 87.71693 87.25177 curveto
87.38803 87.2318 87.06021 87.19731 86.73431 87.14833 curveto
86.40459 87.0988 86.07733 87.03505 85.75336 86.95679 curveto
85.42636 86.87772 85.1032 86.78413 84.78442 86.67632 curveto
84.4629 86.56769 84.14632 86.4451 83.83546 86.30856 curveto
83.5216 86.17064 83.21378 86.01906 82.91333 85.85405 curveto
82.61015 85.68741 82.31462 85.5079 82.02731 85.31528 curveto
81.73698 85.12073 81.45543 84.91359 81.18343 84.69414 curveto
80.90898 84.47249 80.64438 84.23907 80.39044 83.99419 curveto
80.1346 83.74763 79.88971 83.48961 79.65657 83.22145 curveto
79.42097 82.95027 79.19714 82.66899 78.98618 82.37811 curveto
78.77383 82.08505 78.57436 81.78296 78.38857 81.47212 curveto
78.20085 81.15826 78.02682 80.83647 77.86757 80.5073 curveto
77.70694 80.17566 77.5611 79.8369 77.4303 79.4924 curveto
77.29814 79.1446 77.18158 78.79108 77.0806 78.43289 curveto
76.9788 78.07143 76.8929 77.70586 76.8234 77.33673 curveto
76.75334 76.96513 76.69943 76.59053 76.66249 76.2143 curveto
76.625 75.83421 76.60394 75.45277 76.60011 75.07079 curveto
76.59627 74.68634 76.60913 74.3016 76.63896 73.91826 curveto
76.66934 73.53107 76.7164 73.14525 76.78043 72.76216 curveto
76.84528 72.3758 76.92682 71.9927 77.02533 71.61345 curveto
77.12466 71.23174 77.24013 70.85468 77.37257 70.48308 curveto
77.5061 70.10794 77.65605 69.73907 77.82187 69.37706 curveto
77.98906 69.01259 78.17184 68.6555 78.3705 68.30716 curveto
78.57108 67.95555 78.7867 67.61296 79.01736 67.2805 curveto
79.24968 66.9453 79.49649 66.6205 79.75726 66.30692 curveto
80.01996 65.99115 80.29633 65.68742 80.58582 65.396 curveto
80.87807 65.10213 81.18262 64.82083 81.49948 64.55376 curveto
81.81853 64.28479 82.1488 64.02975 82.49002 63.79005 curveto
82.83424 63.54817 83.18915 63.32133 83.55336 63.11035 curveto
83.92056 62.89803 84.29654 62.70155 84.68098 62.52205 curveto
85.0679 62.34146 85.4622 62.17783 85.86336 62.03198 curveto
86.26805 61.88477 86.67905 61.75534 87.09497 61.64424 curveto
87.51363 61.53233 87.93694 61.43875 88.3638 61.36432 curveto
88.7945 61.28906 89.2282 61.2327 89.66382 61.19548 curveto
90.1019 61.158 90.54163 61.13966 90.98135 61.14076 curveto
91.42491 61.14212 91.86847 61.16264 92.31038 61.20288 curveto
92.75531 61.24338 93.19832 61.30302 93.63805 61.38237 curveto
94.0805 61.46228 94.51941 61.56133 94.95311 61.67981 curveto
95.39038 61.7994 95.82271 61.93758 96.24794 62.09491 curveto
96.67563 62.25307 97.09619 62.42984 97.50829 62.62494 curveto
97.92393 62.82167 98.33109 63.03621 98.72786 63.26878 curveto
99.12764 63.50275 99.51674 63.75449 99.89435 64.02264 curveto
100.27388 64.29245 100.64163 64.57866 100.99626 64.88075 curveto
101.35362 65.1853 101.69786 65.50519 102.02731 65.83983 curveto
102.35867 66.17639 102.67499 66.52747 102.97543 66.89194 curveto
103.27835 67.25943 103.56538 67.63951 103.83492 68.03217 curveto
104.10635 68.42729 104.36029 68.83418 104.59589 69.25174 curveto
104.83286 69.6715 105.05148 70.10136 105.25069 70.54027 curveto
105.45152 70.98273 105.63295 71.43396 105.79439 71.89229 curveto
105.95665 72.35307 106.09866 72.82045 106.21988 73.29382 curveto
106.3422 73.77104 106.44344 74.25317 106.52335 74.73915 curveto
106.60352 75.2284 106.66235 75.72066 106.69957 76.21512 curveto
106.73705 76.71204 106.75291 77.21004 106.74663 77.70833 curveto
106.74033 78.21043 106.71187 78.712 106.66153 79.21165 curveto
106.6109 79.71404 106.53839 80.21368 106.44398 80.70978 curveto
106.34877 81.2097 106.23193 81.70499 106.0932 82.1945 curveto
105.95392 82.6865 105.79329 83.17192 105.6116 83.64995 curveto
105.42827 84.13155 105.22441 84.60466 104.99977 85.06819 curveto
104.77374 85.53473 104.52693 85.99115 104.26096 86.43607 curveto
103.99362 86.88318 103.70685 87.31853 103.40121 87.74046 curveto
103.0931 88.1657 102.76721 88.57724 102.42297 88.974 curveto
102.07738 89.3724 101.71426 89.75577 101.33502 90.12244 curveto
100.95303 90.49184 100.5549 90.84454 100.14226 91.1792 curveto stroke
newpath 101.5223 88.1359 moveto
101.56688 89.31099 101.05559 90.43848 100.14226 91.1792 curveto
101.05559 90.43848 102.26436 90.171 103.40492 90.45724 curveto stroke
newpath 125.3927 79.33998 moveto
125.30157 80.37952 125.1653 81.41466 124.98389 82.44241 curveto
124.80275 83.46991 124.577 84.4889 124.30693 85.49669 curveto
124.03685 86.50475 123.72299 87.50023 123.36618 88.48091 curveto
123.00937 89.46133 122.60959 90.42561 122.16876 91.37102 curveto
121.72768 92.31668 121.2458 93.24292 120.724 94.14673 curveto
120.20218 95.05054 119.64124 95.9308 119.0428 96.78563 curveto
118.44437 97.64018 117.80899 98.46873 117.13832 99.26802 curveto
116.46738 100.06729 115.76224 100.83702 115.02425 101.57472 curveto
114.28654 102.31244 113.51682 103.01758 112.71754 103.68826 curveto
111.91826 104.35893 111.0897 104.99457 110.23515 105.59328 curveto stroke
newpath 111.82547 102.65439 moveto
111.78743 103.8297 111.19824 104.91852 110.23515 105.59328 curveto
111.19824 104.91852 112.4228 104.73659 113.54047 105.1022 curveto stroke
newpath 126.62039 82.44786 moveto
125.74486 81.66286 125.29001 80.51143 125.3927 79.33998 curveto
125.29001 80.51143 124.64177 81.56615 123.643 82.18687 curveto stroke
newpath 89.66354 78.20654 moveto
89.13507 78.20654 88.62831 77.99658 88.25464 77.62292 curveto
87.88098 77.24925 87.67102 76.7425 87.67102 76.21402 curveto
87.67102 75.68555 87.88098 75.17879 88.25464 74.80511 curveto
88.62831 74.43146 89.13507 74.2215 89.66354 74.2215 curveto
90.19202 74.2215 90.69878 74.43146 91.07245 74.80511 curveto
91.4461 75.17879 91.65607 75.68555 91.65607 76.21402 curveto
91.65607 76.7425 91.4461 77.24925 91.07245 77.62292 curveto
90.69878 77.99658 90.19202 78.20654 89.66354 78.20654 curveto closepath fill
 0 1.24533 dtransform truncate idtransform setlinewidth pop
newpath 179.32709 76.21402 moveto
89.66354 76.21402 lineto
134.49532 153.86269 lineto stroke
newpath 131.70671 152.02159 moveto
132.8742 152.16222 133.90733 152.84431 134.49532 153.86269 curveto
133.90733 152.84431 133.83313 151.60854 134.29506 150.52715 curveto stroke
newpath 176.3383 77.70842 moveto
177.04385 76.76767 178.15115 76.21402 179.32709 76.21402 curveto
178.15115 76.21402 177.04385 75.66037 176.3383 74.71962 curveto stroke
showpage
%%EOF
