%!PS
%%BoundingBox: -1 -1 180 180 
%%HiResBoundingBox: -0.24907 -0.24907 179.94975 179.57616 
%%Creator: MetaPost 2.000
%%CreationDate: 2017.06.03:1629
%%Pages: 1
%%BeginProlog
%%EndProlog
%%Page: 1 1
 0 0 0 setrgbcolor 0 0.49814 dtransform truncate idtransform setlinewidth pop [] 0 setdash 1 setlinecap
 1 setlinejoin 10 setmiterlimit
newpath 0 89.66354 moveto
179.32709 89.66354 lineto stroke
newpath 174.34578 92.1542 moveto
175.52171 90.58629 177.3672 89.66354 179.32709 89.66354 curveto
177.3672 89.66354 175.52171 88.7408 174.34578 87.17288 curveto stroke
 0.49814 0 dtransform exch truncate exch idtransform pop setlinewidth
newpath 89.66354 0 moveto
89.66354 179.32709 lineto stroke
 0 0.49814 dtransform truncate idtransform setlinewidth pop
newpath 87.17288 174.34578 moveto
88.7408 175.52171 89.66354 177.3672 89.66354 179.32709 curveto
89.66354 177.3672 90.58629 175.52171 92.1542 174.34578 curveto stroke
 0.49814 0 dtransform exch truncate exch idtransform pop setlinewidth
newpath 35.86542 87.67102 moveto
35.86542 91.65607 lineto stroke
newpath 89.66354 87.67102 moveto
89.66354 91.65607 lineto stroke
newpath 143.46167 87.67102 moveto
143.46167 91.65607 lineto stroke
 0 0.49814 dtransform truncate idtransform setlinewidth pop
newpath 91.65607 35.86542 moveto
87.67102 35.86542 lineto stroke
newpath 91.65607 89.66354 moveto
87.67102 89.66354 lineto stroke
newpath 91.65607 143.46167 moveto
87.67102 143.46167 lineto stroke
 0.7 setgray
newpath 143.46167 89.66354 moveto
143.46167 103.93233 137.79257 117.61499 127.70378 127.70378 curveto
117.61499 137.79257 103.93233 143.46167 89.66354 143.46167 curveto
75.39476 143.46167 61.7121 137.79257 51.6233 127.70378 curveto
41.53452 117.61499 35.86542 103.93233 35.86542 89.66354 curveto
35.86542 75.39476 41.53452 61.7121 51.6233 51.6233 curveto
61.7121 41.53452 75.39476 35.86542 89.66354 35.86542 curveto
103.93233 35.86542 117.61499 41.53452 127.70378 51.6233 curveto
137.79257 61.7121 143.46167 75.39476 143.46167 89.66354 curveto closepath stroke
 0 0 0 setrgbcolor
newpath 98.6299 89.66354 moveto
98.66739 89.92569 98.69337 90.18947 98.70734 90.45407 curveto
98.72156 90.72223 98.72403 90.99094 98.71445 91.25937 curveto
98.7046 91.53053 98.68326 91.80142 98.64932 92.07068 curveto
98.61513 92.34349 98.56888 92.61493 98.51059 92.88364 curveto
98.45177 93.15508 98.38062 93.42406 98.29771 93.68921 curveto
98.2137 93.95792 98.11821 94.2228 98.01094 94.48302 curveto
97.90259 94.7457 97.78273 95.00401 97.6514 95.25603 curveto
97.5184 95.51132 97.3742 95.76114 97.21906 96.00359 curveto
97.06227 96.24849 96.89508 96.48627 96.71721 96.7164 curveto
96.53717 96.94952 96.34726 97.17473 96.14725 97.3909 curveto
95.94557 97.60898 95.73433 97.81831 95.51405 98.01779 curveto
95.29105 98.21973 95.059 98.4121 94.81903 98.5935 curveto
94.57687 98.77657 94.32649 98.94922 94.06902 99.11012 curveto
93.80852 99.27293 93.54063 99.42453 93.26672 99.5638 curveto
92.99036 99.70445 92.70769 99.8325 92.41983 99.94798 curveto
92.12842 100.06482 91.83235 100.16934 91.53163 100.25992 curveto
91.22844 100.35132 90.92143 100.42929 90.6114 100.4936 curveto
90.29782 100.55846 89.9815 100.61017 89.66327 100.64738 curveto
89.3423 100.68488 89.01996 100.70813 88.69681 100.71716 curveto
88.37009 100.72618 88.04309 100.721 87.71693 100.7013 curveto
87.38776 100.68132 87.05994 100.64684 86.73404 100.59785 curveto
86.40433 100.54832 86.07706 100.4843 85.75308 100.40604 curveto
85.42636 100.32697 85.10347 100.23366 84.78497 100.12611 curveto
84.4629 100.01721 84.14604 99.89462 83.83492 99.75781 curveto
83.52133 99.6199 83.21378 99.46886 82.9136 99.30385 curveto
82.61015 99.13693 82.31407 98.9569 82.02649 98.76398 curveto
81.73671 98.5697 81.45515 98.36284 81.1837 98.14366 curveto
80.90926 97.92201 80.64438 97.6886 80.39044 97.44371 curveto
80.1346 97.19716 79.88971 96.93913 79.65657 96.67097 curveto
79.42097 96.3998 79.19714 96.11824 78.98618 95.82736 curveto
78.77383 95.5343 78.57408 95.23222 78.38829 94.92137 curveto
78.20058 94.60751 78.02655 94.28545 77.8673 93.95627 curveto
77.70667 93.62463 77.56082 93.28587 77.43002 92.94138 curveto
77.29787 92.59332 77.1813 92.23952 77.08032 91.88133 curveto
76.9788 91.5204 76.8929 91.15538 76.8234 90.78708 curveto
76.75334 90.41548 76.69943 90.04088 76.66249 89.66464 curveto
76.625 89.28429 76.60394 88.90257 76.60011 88.52058 curveto
76.59627 88.13586 76.60913 87.7514 76.63896 87.36778 curveto
76.66934 86.98059 76.7164 86.59477 76.78043 86.21169 curveto
76.845 85.82587 76.92654 85.44305 77.02505 85.06435 curveto
77.12439 84.68208 77.24013 84.3042 77.37257 83.93205 curveto
77.50583 83.55746 77.6555 83.18887 77.82132 82.82741 curveto
77.98878 82.46239 78.17212 82.10503 78.37105 81.75615 curveto
78.57135 81.40508 78.7867 81.06303 79.01682 80.73085 curveto
79.24913 80.39537 79.49622 80.0703 79.75726 79.75671 curveto
80.01996 79.44122 80.29605 79.13722 80.58554 78.84607 curveto
80.87779 78.55193 81.18262 78.27063 81.49948 78.00328 curveto
81.81825 77.73459 82.14853 77.47955 82.48975 77.23985 curveto
82.83424 76.9977 83.18915 76.77058 83.55363 76.55962 curveto
83.92029 76.34755 84.29572 76.15135 84.67963 75.97212 curveto
85.06708 75.79124 85.4622 75.62762 85.86389 75.4815 curveto
86.26805 75.33456 86.67822 75.20514 87.09387 75.09404 curveto
87.51335 74.98212 87.93747 74.88828 88.36488 74.81357 curveto
88.79477 74.73859 89.2282 74.68195 89.663 74.645 curveto
90.1019 74.60753 90.54218 74.58946 90.98273 74.59056 curveto
91.42574 74.59164 91.86874 74.6119 92.30983 74.65213 curveto
92.75504 74.69263 93.19832 74.75255 93.63832 74.8319 curveto
94.08078 74.9118 94.51941 75.01085 94.95311 75.12933 curveto
95.39066 75.24892 95.82298 75.3871 96.24821 75.54443 curveto
96.6759 75.70259 97.09674 75.87936 97.50883 76.07446 curveto
97.92474 76.27147 98.33163 76.48628 98.72868 76.71886 curveto
99.12764 76.95255 99.51646 77.20374 99.89352 77.47162 curveto
100.27388 77.7417 100.6419 78.02846 100.99709 78.3311 curveto
101.35417 78.63538 101.69812 78.95497 102.02704 79.28935 curveto
102.35867 79.62646 102.67554 79.97809 102.97653 80.34283 curveto
103.27917 80.70978 103.56566 81.08958 103.83464 81.48141 curveto
104.10608 81.87682 104.36029 82.28398 104.59616 82.70154 curveto
104.83313 83.12129 105.05176 83.55116 105.25096 83.99007 curveto
105.4518 84.43253 105.63322 84.88402 105.79466 85.34236 curveto
105.95692 85.80315 106.09866 86.27106 106.21988 86.74417 curveto
106.34192 87.22139 106.44344 87.70352 106.52335 88.18976 curveto
106.60352 88.67819 106.66263 89.1699 106.69957 89.66354 curveto
106.73677 90.16046 106.75264 90.65846 106.74635 91.15675 curveto
106.74007 91.65913 106.71187 92.16098 106.66153 92.6609 curveto
106.6109 93.16328 106.53839 93.66293 106.44398 94.15877 curveto
106.34877 94.65869 106.23193 95.15396 106.0932 95.64375 curveto
105.95392 96.13574 105.79329 96.62144 105.6116 97.0992 curveto
105.42827 97.5808 105.22414 98.05418 104.9995 98.51799 curveto
104.77374 98.98398 104.52748 99.43985 104.26178 99.88423 curveto
103.9939 100.33188 103.70685 100.76833 103.40067 101.19081 curveto
103.0931 101.6155 102.76721 102.02621 102.42352 102.42242 curveto
102.07738 102.82138 101.71426 103.20557 101.33447 103.57277 curveto
100.95276 103.94164 100.55518 104.2938 100.1428 104.6279 curveto
99.72716 104.96474 99.29701 105.28325 98.85373 105.58232 curveto
98.40826 105.88277 97.94992 106.16351 97.47983 106.42374 curveto
97.00616 106.68588 96.5213 106.92749 96.02657 107.14694 curveto
95.52937 107.3675 95.02289 107.56642 94.50847 107.74265 curveto
93.9902 107.92023 93.46455 108.07538 92.93262 108.207 curveto
92.39848 108.33916 91.85861 108.4478 91.31491 108.53262 curveto
90.7671 108.618 90.216 108.67984 89.663 108.71704 curveto
89.10725 108.75453 88.55042 108.76767 87.99358 108.75618 curveto
87.4329 108.74469 86.87277 108.70883 86.31511 108.64836 curveto
85.75526 108.58762 85.19815 108.50224 84.64569 108.39252 curveto
84.08913 108.28197 83.53749 108.14789 82.99268 107.98918 curveto
82.4457 107.82994 81.90582 107.64633 81.37497 107.43973 curveto
80.84003 107.2315 80.31438 107.00055 79.79968 106.74635 curveto
79.28279 106.49133 78.77766 106.21387 78.28513 105.91425 curveto
77.78903 105.61243 77.30663 105.28954 76.83899 104.94559 curveto
76.36943 104.60027 75.9152 104.23497 75.47768 103.84996 curveto
75.03712 103.46223 74.61327 103.05562 74.2083 102.63066 curveto
73.80168 102.20435 73.41394 101.76024 73.04619 101.29971 curveto
72.67596 100.8359 72.32571 100.35623 71.99734 99.86179 curveto
71.66763 99.36542 71.35979 98.8551 71.07466 98.33163 curveto
70.78763 97.8049 70.52385 97.26584 70.28415 96.71585 curveto
70.04335 96.16365 69.8269 95.60107 69.63536 95.03 curveto
69.44273 94.45511 69.275 93.872 69.13326 93.28232 curveto
68.99097 92.69046 68.87439 92.09258 68.78438 91.49031 curveto stroke
newpath 70.70413 94.22537 moveto
69.66943 93.66663 68.95819 92.65332 68.78438 91.49031 curveto
68.95819 92.65332 68.57431 93.83029 67.74817 94.66714 curveto stroke
newpath 58.4006 92.39876 moveto
58.48024 93.30832 58.59953 94.21376 58.75824 95.11292 curveto
58.91695 96.01207 59.11452 96.90382 59.35066 97.78603 curveto
59.58679 98.66794 59.86153 99.5389 60.17374 100.39674 curveto
60.48595 101.25458 60.83565 102.09845 61.22147 102.92592 curveto
61.6073 103.75337 62.02924 104.56387 62.48566 105.35466 curveto
62.94206 106.14546 63.43297 106.916 63.9567 107.66383 curveto
64.48042 108.41167 65.03671 109.13652 65.62366 109.83592 curveto
66.2106 110.53532 66.82736 111.20874 67.47285 111.85423 curveto
68.11835 112.49973 68.79176 113.11649 69.49117 113.70343 curveto
70.19057 114.29037 70.91542 114.84666 71.66325 115.37039 curveto
72.41109 115.89412 73.18163 116.38503 73.97243 116.84143 curveto stroke
newpath 70.63684 116.64175 moveto
71.71815 116.17966 72.95395 116.25363 73.97243 116.84143 curveto
72.95395 116.25363 72.27165 115.22061 72.13083 114.05313 curveto stroke
newpath 89.66354 91.65607 moveto
89.13507 91.65607 88.62831 91.4461 88.25464 91.07245 curveto
87.88098 90.69878 87.67102 90.19202 87.67102 89.66354 curveto
87.67102 89.13507 87.88098 88.62831 88.25464 88.25464 curveto
88.62831 87.88098 89.13507 87.67102 89.66354 87.67102 curveto
90.19202 87.67102 90.69878 87.88098 91.07245 88.25464 curveto
91.4461 88.62831 91.65607 89.13507 91.65607 89.66354 curveto
91.65607 90.19202 91.4461 90.69878 91.07245 91.07245 curveto
90.69878 91.4461 90.19202 91.65607 89.66354 91.65607 curveto closepath fill
newpath 68.9729 141.31525 moveto
68.44443 141.31525 67.93767 141.10529 67.564 140.73163 curveto
67.19034 140.35796 66.98038 139.8512 66.98038 139.32272 curveto
66.98038 138.79425 67.19034 138.28749 67.564 137.91382 curveto
67.93767 137.54016 68.44443 137.3302 68.9729 137.3302 curveto
69.50137 137.3302 70.00813 137.54016 70.3818 137.91382 curveto
70.75546 138.28749 70.96542 138.79425 70.96542 139.32272 curveto
70.96542 139.8512 70.75546 140.35796 70.3818 140.73163 curveto
70.00813 141.10529 69.50137 141.31525 68.9729 141.31525 curveto closepath fill
 0 1.24533 dtransform truncate idtransform setlinewidth pop
newpath 179.32709 89.66354 moveto
89.66354 89.66354 lineto
55.17723 172.4302 lineto stroke
newpath 54.9473 169.09654 moveto
55.54433 170.10966 55.62952 171.34473 55.17723 172.4302 curveto
55.62952 171.34473 56.56645 170.53554 57.7062 170.24608 curveto stroke
showpage
%%EOF
