%!PS
%%BoundingBox: -1 -1 180 180 
%%HiResBoundingBox: -0.24907 -0.24907 179.94975 179.57616 
%%Creator: MetaPost 2.000
%%CreationDate: 2017.06.03:1629
%%Pages: 1
%%BeginProlog
%%EndProlog
%%Page: 1 1
 0 0 0 setrgbcolor 0 0.49814 dtransform truncate idtransform setlinewidth pop [] 0 setdash 1 setlinecap
 1 setlinejoin 10 setmiterlimit
newpath 0 89.66354 moveto
179.32709 89.66354 lineto stroke
newpath 174.34578 92.1542 moveto
175.52171 90.58629 177.3672 89.66354 179.32709 89.66354 curveto
177.3672 89.66354 175.52171 88.7408 174.34578 87.17288 curveto stroke
 0.49814 0 dtransform exch truncate exch idtransform pop setlinewidth
newpath 89.66354 0 moveto
89.66354 179.32709 lineto stroke
 0 0.49814 dtransform truncate idtransform setlinewidth pop
newpath 87.17288 174.34578 moveto
88.7408 175.52171 89.66354 177.3672 89.66354 179.32709 curveto
89.66354 177.3672 90.58629 175.52171 92.1542 174.34578 curveto stroke
 0.49814 0 dtransform exch truncate exch idtransform pop setlinewidth
newpath 35.86542 87.67102 moveto
35.86542 91.65607 lineto stroke
newpath 89.66354 87.67102 moveto
89.66354 91.65607 lineto stroke
newpath 143.46167 87.67102 moveto
143.46167 91.65607 lineto stroke
 0 0.49814 dtransform truncate idtransform setlinewidth pop
newpath 91.65607 35.86542 moveto
87.67102 35.86542 lineto stroke
newpath 91.65607 89.66354 moveto
87.67102 89.66354 lineto stroke
newpath 91.65607 143.46167 moveto
87.67102 143.46167 lineto stroke
 0.7 setgray
newpath 143.46167 89.66354 moveto
143.46167 103.93233 137.79257 117.61499 127.70378 127.70378 curveto
117.61499 137.79257 103.93233 143.46167 89.66354 143.46167 curveto
75.39476 143.46167 61.7121 137.79257 51.6233 127.70378 curveto
41.53452 117.61499 35.86542 103.93233 35.86542 89.66354 curveto
35.86542 75.39476 41.53452 61.7121 51.6233 51.6233 curveto
61.7121 41.53452 75.39476 35.86542 89.66354 35.86542 curveto
103.93233 35.86542 117.61499 41.53452 127.70378 51.6233 curveto
137.79257 61.7121 143.46167 75.39476 143.46167 89.66354 curveto closepath stroke
 0 0 0 setrgbcolor
newpath 116.46054 92.00801 moveto
116.39214 92.78787 116.2898 93.56444 116.15381 94.33525 curveto
116.0178 95.1058 115.84871 95.86978 115.64621 96.62555 curveto
115.44345 97.38159 115.20813 98.1286 114.94025 98.86412 curveto
114.67264 99.5991 114.373 100.32231 114.04247 101.03128 curveto
113.71164 101.74081 113.3499 102.43556 112.9586 103.11362 curveto
112.56732 103.79114 112.14674 104.45113 111.69798 105.09198 curveto
111.24896 105.7331 110.77257 106.3545 110.26936 106.95404 curveto
109.76642 107.5533 109.23749 108.13039 108.6842 108.68367 curveto
108.13066 109.23721 107.5533 109.76642 106.95377 110.26964 curveto
106.3545 110.77257 105.73364 111.24896 105.0928 111.69771 curveto
104.45168 112.14674 103.79114 112.56732 103.11308 112.95888 curveto
102.43556 113.35017 101.74136 113.71164 101.0321 114.04219 curveto
100.32259 114.373 99.59883 114.67264 98.86331 114.94052 curveto
98.12805 115.20813 97.38187 115.44373 96.6261 115.64621 curveto
95.87006 115.84871 95.10526 116.0178 94.33443 116.15381 curveto
93.56389 116.28952 92.78787 116.39186 92.00856 116.45999 curveto
91.22871 116.52812 90.4464 116.5626 89.66354 116.5626 curveto
88.88069 116.5626 88.09837 116.52812 87.31853 116.45999 curveto
86.53922 116.39186 85.7632 116.28952 84.99266 116.15381 curveto
84.22183 116.0178 83.45703 115.84871 82.70099 115.64621 curveto
81.94522 115.44373 81.19904 115.20813 80.46378 114.94052 curveto
79.72826 114.67264 79.0045 114.373 78.29498 114.04219 curveto
77.58572 113.71164 76.89153 113.35017 76.214 112.95888 curveto
75.53595 112.56732 74.87541 112.14674 74.23428 111.69771 curveto
73.59344 111.24896 72.97258 110.77257 72.37332 110.26964 curveto
71.77379 109.76642 71.19643 109.23721 70.64288 108.68367 curveto
70.0896 108.13039 69.56067 107.5533 69.05772 106.95404 curveto
68.55452 106.3545 68.07813 105.7331 67.6291 105.09198 curveto
67.18034 104.45113 66.75977 103.79114 66.36848 103.11362 curveto
65.97719 102.43556 65.61545 101.74081 65.28462 101.03128 curveto
64.95409 100.32231 64.65445 99.5991 64.38684 98.86412 curveto
64.11896 98.1286 63.88364 97.38159 63.68088 96.62555 curveto
63.47838 95.86978 63.30928 95.1058 63.17328 94.33525 curveto
63.0373 93.56444 62.93495 92.78787 62.86655 92.00801 curveto stroke
newpath 64.61636 94.85478 moveto
63.61757 94.23413 62.96928 93.17944 62.86655 92.00801 curveto
62.96928 93.17944 62.51451 94.33087 61.639 95.11592 curveto stroke
newpath 62.86655 87.31908 moveto
62.93495 86.53949 63.0373 85.7632 63.17328 84.99266 curveto
63.30928 84.22183 63.47838 83.45758 63.68088 82.70154 curveto
63.88336 81.94577 64.11896 81.19904 64.38657 80.46378 curveto
64.65417 79.72853 64.95381 79.00505 65.28462 78.2958 curveto
65.61545 77.58627 65.97691 76.8918 66.36821 76.214 curveto
66.7595 75.53622 67.18007 74.87596 67.6291 74.23483 curveto
68.07785 73.59372 68.5548 72.97258 69.05772 72.37305 curveto
69.56067 71.77353 70.0896 71.19615 70.64288 70.64288 curveto
71.19615 70.0896 71.77353 69.56067 72.37305 69.05772 curveto
72.97258 68.5548 73.59372 68.07785 74.23483 67.6291 curveto
74.87596 67.18007 75.53622 66.7595 76.214 66.36821 curveto stroke
newpath 74.37277 69.15678 moveto
74.51344 67.98929 75.1956 66.95616 76.214 66.36821 curveto
75.1956 66.95616 73.95982 67.0303 72.87842 66.56834 curveto stroke
newpath 89.66354 91.65607 moveto
89.13507 91.65607 88.62831 91.4461 88.25464 91.07245 curveto
87.88098 90.69878 87.67102 90.19202 87.67102 89.66354 curveto
87.67102 89.13507 87.88098 88.62831 88.25464 88.25464 curveto
88.62831 87.88098 89.13507 87.67102 89.66354 87.67102 curveto
90.19202 87.67102 90.69878 87.88098 91.07245 88.25464 curveto
91.4461 88.62831 91.65607 89.13507 91.65607 89.66354 curveto
91.65607 90.19202 91.4461 90.69878 91.07245 91.07245 curveto
90.69878 91.4461 90.19202 91.65607 89.66354 91.65607 curveto closepath fill
newpath 68.9729 41.99689 moveto
68.44443 41.99689 67.93767 41.78693 67.564 41.41327 curveto
67.19034 41.0396 66.98038 40.53284 66.98038 40.00436 curveto
66.98038 39.47589 67.19034 38.96913 67.564 38.59546 curveto
67.93767 38.2218 68.44443 38.01184 68.9729 38.01184 curveto
69.50137 38.01184 70.00813 38.2218 70.3818 38.59546 curveto
70.75546 38.96913 70.96542 39.47589 70.96542 40.00436 curveto
70.96542 40.53284 70.75546 41.0396 70.3818 41.41327 curveto
70.00813 41.78693 69.50137 41.99689 68.9729 41.99689 curveto closepath fill
 0 1.24533 dtransform truncate idtransform setlinewidth pop
newpath 179.32709 89.66354 moveto
89.66354 89.66354 lineto
55.17723 6.89688 lineto stroke
newpath 57.7062 9.08101 moveto
56.56645 8.79155 55.62952 7.98236 55.17723 6.89688 curveto
55.62952 7.98236 55.54433 9.21742 54.9473 10.23055 curveto stroke
 0 1.4944 dtransform truncate idtransform setlinewidth pop
newpath 138.79106 93.96175 moveto
138.66628 95.39066 138.47884 96.81354 138.22984 98.22601 curveto
137.98056 99.6396 137.66971 101.04141 137.29813 102.4279 curveto
136.9268 103.8133 136.49529 105.182 136.00467 106.5299 curveto
135.51378 107.87865 134.96405 109.2052 134.3574 110.50604 curveto
133.75131 111.80608 133.08885 113.07874 132.37166 114.32101 curveto
131.65448 115.56331 130.88365 116.77385 130.06085 117.94882 curveto
129.23749 119.12462 128.36324 120.26402 127.44055 121.36346 curveto
126.51842 122.46237 125.54893 123.52023 124.53459 124.53459 curveto
123.52023 125.54866 122.46237 126.51814 121.36346 127.44 curveto
120.26375 128.36269 119.12462 129.23666 117.94882 130.06003 curveto
116.77412 130.88255 115.56386 131.65366 114.32184 132.37083 curveto
113.07874 133.08858 111.8047 133.75159 110.50359 134.35823 curveto
109.20384 134.96432 107.8781 135.51404 106.53046 136.00467 curveto
105.18256 136.49529 103.81357 136.9268 102.4279 137.29813 curveto
101.04141 137.66971 99.6396 137.98056 98.22601 138.22984 curveto
96.81354 138.47884 95.39066 138.666 93.96175 138.79106 curveto
92.53203 138.9161 91.09709 138.9785 89.6619 138.9785 curveto
88.2278 138.9785 86.79398 138.9161 85.36534 138.79106 curveto
83.93643 138.666 82.51355 138.47884 81.10107 138.22984 curveto
79.68748 137.98056 78.28568 137.66971 76.89919 137.29813 curveto
75.5138 136.9268 74.14508 136.49529 72.79718 136.00467 curveto
71.44926 135.51404 70.12352 134.96513 68.8235 134.35905 curveto
67.52238 133.75241 66.24863 133.08885 65.00525 132.37083 curveto
63.76323 131.65366 62.55296 130.88255 61.37827 130.06003 curveto
60.20247 129.23666 59.06334 128.36269 57.96362 127.44 curveto
56.86472 126.51814 55.80685 125.54866 54.7925 124.53459 curveto
53.77815 123.52023 52.80867 122.46237 51.88654 121.36346 curveto
50.96385 120.26402 50.0896 119.12462 49.26624 117.94882 curveto
48.44344 116.77385 47.6726 115.56331 46.95543 114.32101 curveto
46.23824 113.07901 45.57578 111.80635 44.96968 110.50659 curveto
44.36304 109.20547 43.81331 107.87865 43.32242 106.5299 curveto
42.8318 105.182 42.40028 103.8133 42.02896 102.4279 curveto
41.65738 101.04141 41.34653 99.6396 41.09724 98.22601 curveto
40.84825 96.81354 40.66109 95.39066 40.53603 93.96175 curveto
40.41098 92.53311 40.34859 91.09929 40.34859 89.66519 curveto
40.34859 88.22972 40.41098 86.79453 40.53603 85.36452 curveto
40.66109 83.93562 40.84879 82.51274 41.09807 81.10025 curveto
41.34735 79.68694 41.65819 78.28485 42.02951 76.89836 curveto
42.40056 75.51297 42.8318 74.14426 43.32242 72.79663 curveto
43.81305 71.44872 44.36249 70.1227 44.96886 68.82268 curveto
45.5755 67.52184 46.23851 66.24835 46.95625 65.00525 curveto
47.67343 63.76295 48.44426 62.55241 49.26706 61.37744 curveto
50.0896 60.20274 50.96303 59.06444 51.8849 57.9658 curveto
52.80759 56.86635 53.7776 55.8074 54.7925 54.7925 curveto
55.80685 53.77815 56.86526 52.80867 57.96416 51.88654 curveto
59.06361 50.96385 60.20274 50.0896 61.37827 49.26624 curveto
62.55324 48.44344 63.76378 47.67233 65.00607 46.95543 curveto stroke
newpath 63.16432 49.74364 moveto
63.3052 48.57617 63.98755 47.54318 65.00607 46.95543 curveto
63.98755 47.54318 62.75177 47.6171 61.67046 47.15492 curveto stroke
showpage
%%EOF
