%!PS
%%BoundingBox: -1 -1 180 180 
%%HiResBoundingBox: -0.24907 -0.24907 179.94975 179.57616 
%%Creator: MetaPost 2.000
%%CreationDate: 2017.06.03:1629
%%Pages: 1
%%BeginProlog
%%EndProlog
%%Page: 1 1
 0 0 0 setrgbcolor 0 0.49814 dtransform truncate idtransform setlinewidth pop [] 0 setdash 1 setlinecap
 1 setlinejoin 10 setmiterlimit
newpath 0 89.66354 moveto
179.32709 89.66354 lineto stroke
newpath 174.34578 92.1542 moveto
175.52171 90.58629 177.3672 89.66354 179.32709 89.66354 curveto
177.3672 89.66354 175.52171 88.7408 174.34578 87.17288 curveto stroke
 0.49814 0 dtransform exch truncate exch idtransform pop setlinewidth
newpath 89.66354 0 moveto
89.66354 179.32709 lineto stroke
 0 0.49814 dtransform truncate idtransform setlinewidth pop
newpath 87.17288 174.34578 moveto
88.7408 175.52171 89.66354 177.3672 89.66354 179.32709 curveto
89.66354 177.3672 90.58629 175.52171 92.1542 174.34578 curveto stroke
 0.49814 0 dtransform exch truncate exch idtransform pop setlinewidth
newpath 35.86542 87.67102 moveto
35.86542 91.65607 lineto stroke
newpath 89.66354 87.67102 moveto
89.66354 91.65607 lineto stroke
newpath 143.46167 87.67102 moveto
143.46167 91.65607 lineto stroke
 0 0.49814 dtransform truncate idtransform setlinewidth pop
newpath 91.65607 35.86542 moveto
87.67102 35.86542 lineto stroke
newpath 91.65607 89.66354 moveto
87.67102 89.66354 lineto stroke
newpath 91.65607 143.46167 moveto
87.67102 143.46167 lineto stroke
 0.7 setgray
newpath 143.46167 89.66354 moveto
143.46167 103.93233 137.79257 117.61499 127.70378 127.70378 curveto
117.61499 137.79257 103.93233 143.46167 89.66354 143.46167 curveto
75.39476 143.46167 61.7121 137.79257 51.6233 127.70378 curveto
41.53452 117.61499 35.86542 103.93233 35.86542 89.66354 curveto
35.86542 75.39476 41.53452 61.7121 51.6233 51.6233 curveto
61.7121 41.53452 75.39476 35.86542 89.66354 35.86542 curveto
103.93233 35.86542 117.61499 41.53452 127.70378 51.6233 curveto
137.79257 61.7121 143.46167 75.39476 143.46167 89.66354 curveto closepath stroke
 0 0 0 setrgbcolor
newpath 116.46054 92.00801 moveto
116.39214 92.7876 116.2898 93.56389 116.15381 94.33443 curveto
116.0178 95.10526 115.84871 95.8695 115.64621 96.62555 curveto
115.44373 97.38159 115.20813 98.12833 114.94052 98.86385 curveto
114.67291 99.5991 114.37328 100.32259 114.04247 101.03183 curveto
113.71164 101.74109 113.35017 102.43529 112.95888 103.11308 curveto
112.56758 103.79086 112.14702 104.45113 111.69798 105.09225 curveto
111.24924 105.73337 110.7723 106.3545 110.26936 106.95404 curveto
109.76642 107.55356 109.23749 108.13094 108.6842 108.6842 curveto
108.13094 109.23749 107.55356 109.76642 106.95404 110.26936 curveto
106.3545 110.7723 105.73337 111.24924 105.09225 111.69798 curveto
104.45113 112.14702 103.79086 112.56758 103.11308 112.95888 curveto
102.43529 113.35017 101.74109 113.71164 101.03183 114.04247 curveto
100.32259 114.37328 99.5991 114.67291 98.86385 114.94052 curveto
98.12833 115.20813 97.38159 115.44373 96.62555 115.64621 curveto
95.8695 115.84871 95.10526 116.0178 94.33443 116.15381 curveto
93.56389 116.2898 92.7876 116.39214 92.00801 116.46054 curveto stroke
newpath 94.85472 114.71059 moveto
94.2341 115.70941 93.17944 116.35774 92.00801 116.46054 curveto
93.17944 116.35774 94.3309 116.81247 95.11598 117.68794 curveto stroke
newpath 87.31908 116.46054 moveto
86.53949 116.39214 85.7632 116.2898 84.99266 116.15381 curveto
84.22183 116.0178 83.45758 115.84871 82.70154 115.64621 curveto
81.94577 115.44373 81.19904 115.20813 80.46378 114.94052 curveto
79.72853 114.67291 79.00505 114.37328 78.2958 114.04247 curveto
77.58627 113.71164 76.8918 113.35017 76.214 112.95888 curveto
75.53622 112.56758 74.87596 112.14702 74.23483 111.69798 curveto
73.59372 111.24924 72.97258 110.7723 72.37305 110.26936 curveto
71.77353 109.76642 71.19615 109.23749 70.64288 108.6842 curveto
70.0896 108.13094 69.56067 107.55356 69.05772 106.95404 curveto
68.5548 106.3545 68.07785 105.73337 67.6291 105.09225 curveto
67.18007 104.45113 66.7595 103.79086 66.36821 103.11308 curveto stroke
newpath 69.15678 104.95432 moveto
67.98929 104.81364 66.95616 104.13148 66.36821 103.11308 curveto
66.95616 104.13148 67.0303 105.36726 66.56834 106.44867 curveto stroke
newpath 89.66354 91.65607 moveto
89.13507 91.65607 88.62831 91.4461 88.25464 91.07245 curveto
87.88098 90.69878 87.67102 90.19202 87.67102 89.66354 curveto
87.67102 89.13507 87.88098 88.62831 88.25464 88.25464 curveto
88.62831 87.88098 89.13507 87.67102 89.66354 87.67102 curveto
90.19202 87.67102 90.69878 87.88098 91.07245 88.25464 curveto
91.4461 88.62831 91.65607 89.13507 91.65607 89.66354 curveto
91.65607 90.19202 91.4461 90.69878 91.07245 91.07245 curveto
90.69878 91.4461 90.19202 91.65607 89.66354 91.65607 curveto closepath fill
newpath 40.00436 112.34671 moveto
39.47589 112.34671 38.96913 112.13675 38.59546 111.76309 curveto
38.2218 111.38942 38.01184 110.88266 38.01184 110.35419 curveto
38.01184 109.82571 38.2218 109.31895 38.59546 108.94528 curveto
38.96913 108.57162 39.47589 108.36166 40.00436 108.36166 curveto
40.53284 108.36166 41.0396 108.57162 41.41327 108.94528 curveto
41.78693 109.31895 41.99689 109.82571 41.99689 110.35419 curveto
41.99689 110.88266 41.78693 111.38942 41.41327 111.76309 curveto
41.0396 112.13675 40.53284 112.34671 40.00436 112.34671 curveto closepath fill
 0 1.24533 dtransform truncate idtransform setlinewidth pop
newpath 179.32709 89.66354 moveto
89.66354 89.66354 lineto
6.89688 124.14986 lineto stroke
newpath 9.08101 121.62088 moveto
8.79155 122.76064 7.98236 123.69757 6.89688 124.14986 curveto
7.98236 123.69757 9.21742 123.78276 10.23055 124.37979 curveto stroke
 0 1.4944 dtransform truncate idtransform setlinewidth pop
newpath 138.79106 93.96175 moveto
138.66573 95.39119 138.4783 96.81462 138.22902 98.22766 curveto
137.97974 99.64041 137.66943 101.04224 137.29813 102.4279 curveto
136.9268 103.81384 136.49474 105.18283 136.00385 106.53128 curveto
135.51323 107.8789 134.96432 109.20465 134.35823 110.50441 curveto
133.75186 111.8047 133.08885 113.07764 132.37166 114.32019 curveto
131.6542 115.56303 130.8831 116.77412 130.06003 117.94965 curveto
129.23721 119.1249 128.36351 120.26375 127.44138 121.36293 curveto
126.51923 122.4621 125.54921 123.52023 124.53459 124.53459 curveto
123.51996 125.54921 122.46155 126.51897 121.3621 127.44138 curveto
120.26292 128.36351 119.12407 129.23721 117.94882 130.06003 curveto
116.77412 130.88255 115.56386 131.65366 114.32184 132.37083 curveto
113.07928 133.0883 111.8058 133.75104 110.50523 134.3574 curveto
109.20493 134.96378 107.87865 135.51378 106.53046 136.00467 curveto
105.18228 136.49556 103.8133 136.9268 102.42735 137.29813 curveto
101.04141 137.66943 99.63988 137.97974 98.22684 138.22902 curveto
96.81381 138.4783 95.39038 138.666 93.96092 138.79106 curveto
92.53175 138.9161 91.09737 138.9785 89.66272 138.9785 curveto
88.22807 138.9785 86.7937 138.9161 85.36452 138.79106 curveto
83.9359 138.666 82.51328 138.47884 81.10107 138.22984 curveto
79.68803 137.98056 78.2865 137.66943 76.90056 137.29813 curveto
75.5146 136.9268 74.14563 136.49529 72.79718 136.00467 curveto
71.44872 135.51404 70.12244 134.9646 68.82185 134.35823 curveto
67.52156 133.75186 66.24835 133.08913 65.00607 132.37166 curveto
63.76323 131.65393 62.55241 130.8823 61.37689 130.0592 curveto
60.20164 129.23639 59.06279 128.36269 57.96362 127.44055 curveto
56.86499 126.51869 55.8074 125.54948 54.79332 124.5354 curveto
53.7787 123.52078 52.80894 122.4621 51.88654 121.36293 curveto
50.96413 120.26375 50.09015 119.1249 49.26706 117.94965 curveto
48.44398 116.7744 47.67288 115.56358 46.95543 114.32101 curveto stroke
newpath 49.74408 116.1621 moveto
48.57658 116.02148 47.54343 115.33939 46.95543 114.32101 curveto
47.54343 115.33939 47.61766 116.57516 47.15573 117.65657 curveto stroke
showpage
%%EOF
