%!PS
%%BoundingBox: -1 -1 180 180 
%%HiResBoundingBox: -0.24907 -0.24907 179.94975 179.57616 
%%Creator: MetaPost 2.000
%%CreationDate: 2017.06.03:1629
%%Pages: 1
%%BeginProlog
%%EndProlog
%%Page: 1 1
 0 0 0 setrgbcolor 0 0.49814 dtransform truncate idtransform setlinewidth pop [] 0 setdash 1 setlinecap
 1 setlinejoin 10 setmiterlimit
newpath 0 89.66354 moveto
179.32709 89.66354 lineto stroke
newpath 174.34578 92.1542 moveto
175.52171 90.58629 177.3672 89.66354 179.32709 89.66354 curveto
177.3672 89.66354 175.52171 88.7408 174.34578 87.17288 curveto stroke
 0.49814 0 dtransform exch truncate exch idtransform pop setlinewidth
newpath 89.66354 0 moveto
89.66354 179.32709 lineto stroke
 0 0.49814 dtransform truncate idtransform setlinewidth pop
newpath 87.17288 174.34578 moveto
88.7408 175.52171 89.66354 177.3672 89.66354 179.32709 curveto
89.66354 177.3672 90.58629 175.52171 92.1542 174.34578 curveto stroke
 0.49814 0 dtransform exch truncate exch idtransform pop setlinewidth
newpath 35.86542 87.67102 moveto
35.86542 91.65607 lineto stroke
newpath 89.66354 87.67102 moveto
89.66354 91.65607 lineto stroke
newpath 143.46167 87.67102 moveto
143.46167 91.65607 lineto stroke
 0 0.49814 dtransform truncate idtransform setlinewidth pop
newpath 91.65607 35.86542 moveto
87.67102 35.86542 lineto stroke
newpath 91.65607 89.66354 moveto
87.67102 89.66354 lineto stroke
newpath 91.65607 143.46167 moveto
87.67102 143.46167 lineto stroke
newpath 89.66354 91.65607 moveto
89.13507 91.65607 88.62831 91.4461 88.25464 91.07245 curveto
87.88098 90.69878 87.67102 90.19202 87.67102 89.66354 curveto
87.67102 89.13507 87.88098 88.62831 88.25464 88.25464 curveto
88.62831 87.88098 89.13507 87.67102 89.66354 87.67102 curveto
90.19202 87.67102 90.69878 87.88098 91.07245 88.25464 curveto
91.4461 88.62831 91.65607 89.13507 91.65607 89.66354 curveto
91.65607 90.19202 91.4461 90.69878 91.07245 91.07245 curveto
90.69878 91.4461 90.19202 91.65607 89.66354 91.65607 curveto closepath fill
newpath 116.5626 45.06676 moveto
116.03413 45.06676 115.52737 44.8568 115.1537 44.48314 curveto
114.78004 44.10947 114.57008 43.6027 114.57008 43.07423 curveto
114.57008 42.54576 114.78004 42.039 115.1537 41.66533 curveto
115.52737 41.29167 116.03413 41.08171 116.5626 41.08171 curveto
117.09108 41.08171 117.59784 41.29167 117.97151 41.66533 curveto
118.34517 42.039 118.55513 42.54576 118.55513 43.07423 curveto
118.55513 43.6027 118.34517 44.10947 117.97151 44.48314 curveto
117.59784 44.8568 117.09108 45.06676 116.5626 45.06676 curveto closepath fill
 0.7 setgray
newpath 143.46167 89.66354 moveto
143.46167 103.93233 137.79257 117.61499 127.70378 127.70378 curveto
117.61499 137.79257 103.93233 143.46167 89.66354 143.46167 curveto
75.39476 143.46167 61.7121 137.79257 51.6233 127.70378 curveto
41.53452 117.61499 35.86542 103.93233 35.86542 89.66354 curveto
35.86542 75.39476 41.53452 61.7121 51.6233 51.6233 curveto
61.7121 41.53452 75.39476 35.86542 89.66354 35.86542 curveto
103.93233 35.86542 117.61499 41.53452 127.70378 51.6233 curveto
137.79257 61.7121 143.46167 75.39476 143.46167 89.66354 curveto closepath stroke
 0 0 0 setrgbcolor
newpath 179.57616 89.66354 moveto
179.57616 89.7296 179.54991 89.79295 179.5032 89.83966 curveto
179.4565 89.88637 179.39314 89.91261 179.32709 89.91261 curveto
179.26103 89.91261 179.19768 89.88637 179.15097 89.83966 curveto
179.10426 89.79295 179.07802 89.7296 179.07802 89.66354 curveto
179.07802 89.59749 179.10426 89.53413 179.15097 89.48743 curveto
179.19768 89.44072 179.26103 89.41447 179.32709 89.41447 curveto
179.39314 89.41447 179.4565 89.44072 179.5032 89.48743 curveto
179.54991 89.53413 179.57616 89.59749 179.57616 89.66354 curveto closepath fill
newpath 176.58673 89.66354 moveto
176.58673 89.7296 176.56049 89.79295 176.51378 89.83966 curveto
176.46707 89.88637 176.40372 89.91261 176.33766 89.91261 curveto
176.2716 89.91261 176.20825 89.88637 176.16154 89.83966 curveto
176.11484 89.79295 176.0886 89.7296 176.0886 89.66354 curveto
176.0886 89.59749 176.11484 89.53413 176.16154 89.48743 curveto
176.20825 89.44072 176.2716 89.41447 176.33766 89.41447 curveto
176.40372 89.41447 176.46707 89.44072 176.51378 89.48743 curveto
176.56049 89.53413 176.58673 89.59749 176.58673 89.66354 curveto closepath fill
newpath 173.59868 89.66354 moveto
173.59868 89.7296 173.57243 89.79295 173.52573 89.83966 curveto
173.47902 89.88637 173.41566 89.91261 173.34961 89.91261 curveto
173.28355 89.91261 173.2202 89.88637 173.1735 89.83966 curveto
173.12679 89.79295 173.10054 89.7296 173.10054 89.66354 curveto
173.10054 89.59749 173.12679 89.53413 173.1735 89.48743 curveto
173.2202 89.44072 173.28355 89.41447 173.34961 89.41447 curveto
173.41566 89.41447 173.47902 89.44072 173.52573 89.48743 curveto
173.57243 89.53413 173.59868 89.59749 173.59868 89.66354 curveto closepath fill
newpath 170.60924 89.66354 moveto
170.60924 89.7296 170.583 89.79295 170.53629 89.83966 curveto
170.48958 89.88637 170.42622 89.91261 170.36017 89.91261 curveto
170.29411 89.91261 170.23076 89.88637 170.18405 89.83966 curveto
170.13734 89.79295 170.1111 89.7296 170.1111 89.66354 curveto
170.1111 89.59749 170.13734 89.53413 170.18405 89.48743 curveto
170.23076 89.44072 170.29411 89.41447 170.36017 89.41447 curveto
170.42622 89.41447 170.48958 89.44072 170.53629 89.48743 curveto
170.583 89.53413 170.60924 89.59749 170.60924 89.66354 curveto closepath fill
newpath 167.62119 89.66354 moveto
167.62119 89.7296 167.59494 89.79295 167.54823 89.83966 curveto
167.50153 89.88637 167.43817 89.91261 167.37212 89.91261 curveto
167.30606 89.91261 167.2427 89.88637 167.196 89.83966 curveto
167.14929 89.79295 167.12305 89.7296 167.12305 89.66354 curveto
167.12305 89.59749 167.14929 89.53413 167.196 89.48743 curveto
167.2427 89.44072 167.30606 89.41447 167.37212 89.41447 curveto
167.43817 89.41447 167.50153 89.44072 167.54823 89.48743 curveto
167.59494 89.53413 167.62119 89.59749 167.62119 89.66354 curveto closepath fill
newpath 164.63176 89.66354 moveto
164.63176 89.7296 164.60551 89.79295 164.5588 89.83966 curveto
164.5121 89.88637 164.44875 89.91261 164.38269 89.91261 curveto
164.31664 89.91261 164.25328 89.88637 164.20657 89.83966 curveto
164.15987 89.79295 164.13362 89.7296 164.13362 89.66354 curveto
164.13362 89.59749 164.15987 89.53413 164.20657 89.48743 curveto
164.25328 89.44072 164.31664 89.41447 164.38269 89.41447 curveto
164.44875 89.41447 164.5121 89.44072 164.5588 89.48743 curveto
164.60551 89.53413 164.63176 89.59749 164.63176 89.66354 curveto closepath fill
newpath 161.64369 89.66354 moveto
161.64369 89.7296 161.61745 89.79295 161.57074 89.83966 curveto
161.52403 89.88637 161.46068 89.91261 161.39462 89.91261 curveto
161.32857 89.91261 161.26521 89.88637 161.2185 89.83966 curveto
161.1718 89.79295 161.14555 89.7296 161.14555 89.66354 curveto
161.14555 89.59749 161.1718 89.53413 161.2185 89.48743 curveto
161.26521 89.44072 161.32857 89.41447 161.39462 89.41447 curveto
161.46068 89.41447 161.52403 89.44072 161.57074 89.48743 curveto
161.61745 89.53413 161.64369 89.59749 161.64369 89.66354 curveto closepath fill
newpath 158.65428 89.66354 moveto
158.65428 89.7296 158.62804 89.79295 158.58133 89.83966 curveto
158.53462 89.88637 158.47127 89.91261 158.40521 89.91261 curveto
158.33916 89.91261 158.2758 89.88637 158.2291 89.83966 curveto
158.18239 89.79295 158.15614 89.7296 158.15614 89.66354 curveto
158.15614 89.59749 158.18239 89.53413 158.2291 89.48743 curveto
158.2758 89.44072 158.33916 89.41447 158.40521 89.41447 curveto
158.47127 89.41447 158.53462 89.44072 158.58133 89.48743 curveto
158.62804 89.53413 158.65428 89.59749 158.65428 89.66354 curveto closepath fill
newpath 155.66621 89.66354 moveto
155.66621 89.7296 155.63997 89.79295 155.59326 89.83966 curveto
155.54655 89.88637 155.4832 89.91261 155.41714 89.91261 curveto
155.35109 89.91261 155.28773 89.88637 155.24103 89.83966 curveto
155.19432 89.79295 155.16808 89.7296 155.16808 89.66354 curveto
155.16808 89.59749 155.19432 89.53413 155.24103 89.48743 curveto
155.28773 89.44072 155.35109 89.41447 155.41714 89.41447 curveto
155.4832 89.41447 155.54655 89.44072 155.59326 89.48743 curveto
155.63997 89.53413 155.66621 89.59749 155.66621 89.66354 curveto closepath fill
newpath 152.6768 89.66354 moveto
152.6768 89.7296 152.65056 89.79295 152.60385 89.83966 curveto
152.55714 89.88637 152.49379 89.91261 152.42773 89.91261 curveto
152.36168 89.91261 152.29832 89.88637 152.25162 89.83966 curveto
152.20491 89.79295 152.17867 89.7296 152.17867 89.66354 curveto
152.17867 89.59749 152.20491 89.53413 152.25162 89.48743 curveto
152.29832 89.44072 152.36168 89.41447 152.42773 89.41447 curveto
152.49379 89.41447 152.55714 89.44072 152.60385 89.48743 curveto
152.65056 89.53413 152.6768 89.59749 152.6768 89.66354 curveto closepath fill
newpath 149.68875 89.66354 moveto
149.68875 89.7296 149.6625 89.79295 149.6158 89.83966 curveto
149.56909 89.88637 149.50574 89.91261 149.43968 89.91261 curveto
149.37363 89.91261 149.31027 89.88637 149.26357 89.83966 curveto
149.21686 89.79295 149.19061 89.7296 149.19061 89.66354 curveto
149.19061 89.59749 149.21686 89.53413 149.26357 89.48743 curveto
149.31027 89.44072 149.37363 89.41447 149.43968 89.41447 curveto
149.50574 89.41447 149.56909 89.44072 149.6158 89.48743 curveto
149.6625 89.53413 149.68875 89.59749 149.68875 89.66354 curveto closepath fill
newpath 146.69933 89.66354 moveto
146.69933 89.7296 146.67308 89.79295 146.62637 89.83966 curveto
146.57967 89.88637 146.51631 89.91261 146.45026 89.91261 curveto
146.3842 89.91261 146.32085 89.88637 146.27414 89.83966 curveto
146.22743 89.79295 146.20119 89.7296 146.20119 89.66354 curveto
146.20119 89.59749 146.22743 89.53413 146.27414 89.48743 curveto
146.32085 89.44072 146.3842 89.41447 146.45026 89.41447 curveto
146.51631 89.41447 146.57967 89.44072 146.62637 89.48743 curveto
146.67308 89.53413 146.69933 89.59749 146.69933 89.66354 curveto closepath fill
newpath 143.7099 89.66354 moveto
143.7099 89.7296 143.68365 89.79295 143.63695 89.83966 curveto
143.59024 89.88637 143.52689 89.91261 143.46083 89.91261 curveto
143.39478 89.91261 143.33142 89.88637 143.28471 89.83966 curveto
143.238 89.79295 143.21176 89.7296 143.21176 89.66354 curveto
143.21176 89.59749 143.238 89.53413 143.28471 89.48743 curveto
143.33142 89.44072 143.39478 89.41447 143.46083 89.41447 curveto
143.52689 89.41447 143.59024 89.44072 143.63695 89.48743 curveto
143.68365 89.53413 143.7099 89.59749 143.7099 89.66354 curveto closepath fill
newpath 140.72185 89.66354 moveto
140.72185 89.7296 140.6956 89.79295 140.6489 89.83966 curveto
140.60219 89.88637 140.53883 89.91261 140.47278 89.91261 curveto
140.40672 89.91261 140.34337 89.88637 140.29666 89.83966 curveto
140.24995 89.79295 140.22371 89.7296 140.22371 89.66354 curveto
140.22371 89.59749 140.24995 89.53413 140.29666 89.48743 curveto
140.34337 89.44072 140.40672 89.41447 140.47278 89.41447 curveto
140.53883 89.41447 140.60219 89.44072 140.6489 89.48743 curveto
140.6956 89.53413 140.72185 89.59749 140.72185 89.66354 curveto closepath fill
newpath 137.73242 89.66354 moveto
137.73242 89.7296 137.70618 89.79295 137.65947 89.83966 curveto
137.61276 89.88637 137.54941 89.91261 137.48335 89.91261 curveto
137.4173 89.91261 137.35394 89.88637 137.30724 89.83966 curveto
137.26053 89.79295 137.23428 89.7296 137.23428 89.66354 curveto
137.23428 89.59749 137.26053 89.53413 137.30724 89.48743 curveto
137.35394 89.44072 137.4173 89.41447 137.48335 89.41447 curveto
137.54941 89.41447 137.61276 89.44072 137.65947 89.48743 curveto
137.70618 89.53413 137.73242 89.59749 137.73242 89.66354 curveto closepath fill
newpath 134.74437 89.66354 moveto
134.74437 89.7296 134.71812 89.79295 134.67142 89.83966 curveto
134.62471 89.88637 134.56136 89.91261 134.4953 89.91261 curveto
134.42924 89.91261 134.36589 89.88637 134.31918 89.83966 curveto
134.27248 89.79295 134.24623 89.7296 134.24623 89.66354 curveto
134.24623 89.59749 134.27248 89.53413 134.31918 89.48743 curveto
134.36589 89.44072 134.42924 89.41447 134.4953 89.41447 curveto
134.56136 89.41447 134.62471 89.44072 134.67142 89.48743 curveto
134.71812 89.53413 134.74437 89.59749 134.74437 89.66354 curveto closepath fill
newpath 131.75497 89.66354 moveto
131.75497 89.7296 131.72873 89.79295 131.68202 89.83966 curveto
131.63531 89.88637 131.57196 89.91261 131.5059 89.91261 curveto
131.43985 89.91261 131.3765 89.88637 131.32979 89.83966 curveto
131.28308 89.79295 131.25684 89.7296 131.25684 89.66354 curveto
131.25684 89.59749 131.28308 89.53413 131.32979 89.48743 curveto
131.3765 89.44072 131.43985 89.41447 131.5059 89.41447 curveto
131.57196 89.41447 131.63531 89.44072 131.68202 89.48743 curveto
131.72873 89.53413 131.75497 89.59749 131.75497 89.66354 curveto closepath fill
newpath 128.76692 89.66354 moveto
128.76692 89.7296 128.74068 89.79295 128.69397 89.83966 curveto
128.64726 89.88637 128.58391 89.91261 128.51785 89.91261 curveto
128.4518 89.91261 128.38844 89.88637 128.34174 89.83966 curveto
128.29503 89.79295 128.26878 89.7296 128.26878 89.66354 curveto
128.26878 89.59749 128.29503 89.53413 128.34174 89.48743 curveto
128.38844 89.44072 128.4518 89.41447 128.51785 89.41447 curveto
128.58391 89.41447 128.64726 89.44072 128.69397 89.48743 curveto
128.74068 89.53413 128.76692 89.59749 128.76692 89.66354 curveto closepath fill
newpath 125.7775 89.66354 moveto
125.7775 89.7296 125.75125 89.79295 125.70454 89.83966 curveto
125.65784 89.88637 125.59448 89.91261 125.52843 89.91261 curveto
125.46237 89.91261 125.39902 89.88637 125.35231 89.83966 curveto
125.3056 89.79295 125.27936 89.7296 125.27936 89.66354 curveto
125.27936 89.59749 125.3056 89.53413 125.35231 89.48743 curveto
125.39902 89.44072 125.46237 89.41447 125.52843 89.41447 curveto
125.59448 89.41447 125.65784 89.44072 125.70454 89.48743 curveto
125.75125 89.53413 125.7775 89.59749 125.7775 89.66354 curveto closepath fill
newpath 122.78944 89.66354 moveto
122.78944 89.7296 122.7632 89.79295 122.71649 89.83966 curveto
122.66978 89.88637 122.60643 89.91261 122.54037 89.91261 curveto
122.47432 89.91261 122.41096 89.88637 122.36426 89.83966 curveto
122.31755 89.79295 122.2913 89.7296 122.2913 89.66354 curveto
122.2913 89.59749 122.31755 89.53413 122.36426 89.48743 curveto
122.41096 89.44072 122.47432 89.41447 122.54037 89.41447 curveto
122.60643 89.41447 122.66978 89.44072 122.71649 89.48743 curveto
122.7632 89.53413 122.78944 89.59749 122.78944 89.66354 curveto closepath fill
newpath 119.80002 89.66354 moveto
119.80002 89.7296 119.77377 89.79295 119.72707 89.83966 curveto
119.68036 89.88637 119.617 89.91261 119.55095 89.91261 curveto
119.4849 89.91261 119.42154 89.88637 119.37483 89.83966 curveto
119.32813 89.79295 119.30188 89.7296 119.30188 89.66354 curveto
119.30188 89.59749 119.32813 89.53413 119.37483 89.48743 curveto
119.42154 89.44072 119.4849 89.41447 119.55095 89.41447 curveto
119.617 89.41447 119.68036 89.44072 119.72707 89.48743 curveto
119.77377 89.53413 119.80002 89.59749 119.80002 89.66354 curveto closepath fill
newpath 116.81197 89.66354 moveto
116.81197 89.7296 116.78572 89.79295 116.73901 89.83966 curveto
116.6923 89.88637 116.62895 89.91261 116.5629 89.91261 curveto
116.49684 89.91261 116.43349 89.88637 116.38678 89.83966 curveto
116.34007 89.79295 116.31383 89.7296 116.31383 89.66354 curveto
116.31383 89.59749 116.34007 89.53413 116.38678 89.48743 curveto
116.43349 89.44072 116.49684 89.41447 116.5629 89.41447 curveto
116.62895 89.41447 116.6923 89.44072 116.73901 89.48743 curveto
116.78572 89.53413 116.81197 89.59749 116.81197 89.66354 curveto closepath fill
newpath 113.82256 89.66354 moveto
113.82256 89.7296 113.79631 89.79295 113.7496 89.83966 curveto
113.7029 89.88637 113.63954 89.91261 113.57349 89.91261 curveto
113.50743 89.91261 113.44408 89.88637 113.39737 89.83966 curveto
113.35066 89.79295 113.32442 89.7296 113.32442 89.66354 curveto
113.32442 89.59749 113.35066 89.53413 113.39737 89.48743 curveto
113.44408 89.44072 113.50743 89.41447 113.57349 89.41447 curveto
113.63954 89.41447 113.7029 89.44072 113.7496 89.48743 curveto
113.79631 89.53413 113.82256 89.59749 113.82256 89.66354 curveto closepath fill
newpath 110.83449 89.66354 moveto
110.83449 89.7296 110.80824 89.79295 110.76154 89.83966 curveto
110.71483 89.88637 110.65147 89.91261 110.58542 89.91261 curveto
110.51936 89.91261 110.45601 89.88637 110.4093 89.83966 curveto
110.3626 89.79295 110.33635 89.7296 110.33635 89.66354 curveto
110.33635 89.59749 110.3626 89.53413 110.4093 89.48743 curveto
110.45601 89.44072 110.51936 89.41447 110.58542 89.41447 curveto
110.65147 89.41447 110.71483 89.44072 110.76154 89.48743 curveto
110.80824 89.53413 110.83449 89.59749 110.83449 89.66354 curveto closepath fill
newpath 107.84508 89.66354 moveto
107.84508 89.7296 107.81883 89.79295 107.77213 89.83966 curveto
107.72542 89.88637 107.66206 89.91261 107.59601 89.91261 curveto
107.52995 89.91261 107.4666 89.88637 107.41989 89.83966 curveto
107.37318 89.79295 107.34694 89.7296 107.34694 89.66354 curveto
107.34694 89.59749 107.37318 89.53413 107.41989 89.48743 curveto
107.4666 89.44072 107.52995 89.41447 107.59601 89.41447 curveto
107.66206 89.41447 107.72542 89.44072 107.77213 89.48743 curveto
107.81883 89.53413 107.84508 89.59749 107.84508 89.66354 curveto closepath fill
newpath 104.85565 89.66354 moveto
104.85565 89.7296 104.8294 89.79295 104.7827 89.83966 curveto
104.736 89.88637 104.67264 89.91261 104.60658 89.91261 curveto
104.54053 89.91261 104.47717 89.88637 104.43047 89.83966 curveto
104.38376 89.79295 104.35751 89.7296 104.35751 89.66354 curveto
104.35751 89.59749 104.38376 89.53413 104.43047 89.48743 curveto
104.47717 89.44072 104.54053 89.41447 104.60658 89.41447 curveto
104.67264 89.41447 104.736 89.44072 104.7827 89.48743 curveto
104.8294 89.53413 104.85565 89.59749 104.85565 89.66354 curveto closepath fill
newpath 101.86758 89.66354 moveto
101.86758 89.7296 101.84134 89.79295 101.79463 89.83966 curveto
101.74792 89.88637 101.68457 89.91261 101.61852 89.91261 curveto
101.55246 89.91261 101.4891 89.88637 101.4424 89.83966 curveto
101.39569 89.79295 101.36945 89.7296 101.36945 89.66354 curveto
101.36945 89.59749 101.39569 89.53413 101.4424 89.48743 curveto
101.4891 89.44072 101.55246 89.41447 101.61852 89.41447 curveto
101.68457 89.41447 101.74792 89.44072 101.79463 89.48743 curveto
101.84134 89.53413 101.86758 89.59749 101.86758 89.66354 curveto closepath fill
newpath 98.87816 89.66354 moveto
98.87816 89.7296 98.85191 89.79295 98.8052 89.83966 curveto
98.7585 89.88637 98.69514 89.91261 98.62909 89.91261 curveto
98.56303 89.91261 98.49968 89.88637 98.45297 89.83966 curveto
98.40627 89.79295 98.38002 89.7296 98.38002 89.66354 curveto
98.38002 89.59749 98.40627 89.53413 98.45297 89.48743 curveto
98.49968 89.44072 98.56303 89.41447 98.62909 89.41447 curveto
98.69514 89.41447 98.7585 89.44072 98.8052 89.48743 curveto
98.85191 89.53413 98.87816 89.59749 98.87816 89.66354 curveto closepath fill
newpath 95.89009 89.66354 moveto
95.89009 89.7296 95.86385 89.79295 95.81714 89.83966 curveto
95.77043 89.88637 95.70708 89.91261 95.64102 89.91261 curveto
95.57497 89.91261 95.51161 89.88637 95.4649 89.83966 curveto
95.4182 89.79295 95.39195 89.7296 95.39195 89.66354 curveto
95.39195 89.59749 95.4182 89.53413 95.4649 89.48743 curveto
95.51161 89.44072 95.57497 89.41447 95.64102 89.41447 curveto
95.70708 89.41447 95.77043 89.44072 95.81714 89.48743 curveto
95.86385 89.53413 95.89009 89.59749 95.89009 89.66354 curveto closepath fill
newpath 92.90067 89.66354 moveto
92.90067 89.7296 92.87442 89.79295 92.82771 89.83966 curveto
92.781 89.88637 92.71765 89.91261 92.6516 89.91261 curveto
92.58554 89.91261 92.52219 89.88637 92.47548 89.83966 curveto
92.42877 89.79295 92.40253 89.7296 92.40253 89.66354 curveto
92.40253 89.59749 92.42877 89.53413 92.47548 89.48743 curveto
92.52219 89.44072 92.58554 89.41447 92.6516 89.41447 curveto
92.71765 89.41447 92.781 89.44072 92.82771 89.48743 curveto
92.87442 89.53413 92.90067 89.59749 92.90067 89.66354 curveto closepath fill
newpath 89.91261 89.66354 moveto
89.91261 89.7296 89.88637 89.79295 89.83966 89.83966 curveto
89.79295 89.88637 89.7296 89.91261 89.66354 89.91261 curveto
89.59749 89.91261 89.53413 89.88637 89.48743 89.83966 curveto
89.44072 89.79295 89.41447 89.7296 89.41447 89.66354 curveto
89.41447 89.59749 89.44072 89.53413 89.48743 89.48743 curveto
89.53413 89.44072 89.59749 89.41447 89.66354 89.41447 curveto
89.7296 89.41447 89.79295 89.44072 89.83966 89.48743 curveto
89.88637 89.53413 89.91261 89.59749 89.91261 89.66354 curveto closepath fill
newpath 91.4073 92.25243 moveto
91.4073 92.31848 91.38106 92.38184 91.33435 92.42854 curveto
91.28764 92.47525 91.22429 92.5015 91.15823 92.5015 curveto
91.09218 92.5015 91.02882 92.47525 90.98212 92.42854 curveto
90.93541 92.38184 90.90916 92.31848 90.90916 92.25243 curveto
90.90916 92.18637 90.93541 92.12302 90.98212 92.07631 curveto
91.02882 92.0296 91.09218 92.00336 91.15823 92.00336 curveto
91.22429 92.00336 91.28764 92.0296 91.33435 92.07631 curveto
91.38106 92.12302 91.4073 92.18637 91.4073 92.25243 curveto closepath fill
newpath 92.90135 94.84013 moveto
92.90135 94.90619 92.8751 94.96954 92.8284 95.01625 curveto
92.7817 95.06296 92.71834 95.0892 92.65228 95.0892 curveto
92.58623 95.0892 92.52287 95.06296 92.47617 95.01625 curveto
92.42946 94.96954 92.40321 94.90619 92.40321 94.84013 curveto
92.40321 94.77408 92.42946 94.71072 92.47617 94.66402 curveto
92.52287 94.61731 92.58623 94.59106 92.65228 94.59106 curveto
92.71834 94.59106 92.7817 94.61731 92.8284 94.66402 curveto
92.8751 94.71072 92.90135 94.77408 92.90135 94.84013 curveto closepath fill
newpath 94.39604 97.42903 moveto
94.39604 97.49509 94.3698 97.55844 94.32309 97.60515 curveto
94.27638 97.65186 94.21303 97.6781 94.14697 97.6781 curveto
94.08092 97.6781 94.01756 97.65186 93.97086 97.60515 curveto
93.92415 97.55844 93.8979 97.49509 93.8979 97.42903 curveto
93.8979 97.36298 93.92415 97.29962 93.97086 97.25291 curveto
94.01756 97.2062 94.08092 97.17996 94.14697 97.17996 curveto
94.21303 97.17996 94.27638 97.2062 94.32309 97.25291 curveto
94.3698 97.29962 94.39604 97.36298 94.39604 97.42903 curveto closepath fill
newpath 95.89008 100.01674 moveto
95.89008 100.0828 95.86383 100.14615 95.81712 100.19286 curveto
95.77042 100.23956 95.70706 100.26581 95.641 100.26581 curveto
95.57495 100.26581 95.5116 100.23956 95.46489 100.19286 curveto
95.41818 100.14615 95.39194 100.0828 95.39194 100.01674 curveto
95.39194 99.95068 95.41818 99.88733 95.46489 99.84062 curveto
95.5116 99.79391 95.57495 99.76767 95.641 99.76767 curveto
95.70706 99.76767 95.77042 99.79391 95.81712 99.84062 curveto
95.86383 99.88733 95.89008 99.95068 95.89008 100.01674 curveto closepath fill
newpath 97.38477 102.60564 moveto
97.38477 102.67169 97.35852 102.73505 97.31181 102.78175 curveto
97.2651 102.82846 97.20175 102.8547 97.1357 102.8547 curveto
97.06964 102.8547 97.00629 102.82846 96.95958 102.78175 curveto
96.91287 102.73505 96.88663 102.67169 96.88663 102.60564 curveto
96.88663 102.53958 96.91287 102.47623 96.95958 102.42952 curveto
97.00629 102.38281 97.06964 102.35657 97.1357 102.35657 curveto
97.20175 102.35657 97.2651 102.38281 97.31181 102.42952 curveto
97.35852 102.47623 97.38477 102.53958 97.38477 102.60564 curveto closepath fill
newpath 98.87949 105.19453 moveto
98.87949 105.26059 98.85324 105.32394 98.80653 105.37065 curveto
98.75983 105.41736 98.69647 105.4436 98.63042 105.4436 curveto
98.56436 105.4436 98.501 105.41736 98.4543 105.37065 curveto
98.4076 105.32394 98.38135 105.26059 98.38135 105.19453 curveto
98.38135 105.12848 98.4076 105.06512 98.4543 105.01842 curveto
98.501 104.97171 98.56436 104.94547 98.63042 104.94547 curveto
98.69647 104.94547 98.75983 104.97171 98.80653 105.01842 curveto
98.85324 105.06512 98.87949 105.12848 98.87949 105.19453 curveto closepath fill
newpath 100.3735 107.78224 moveto
100.3735 107.8483 100.34726 107.91165 100.30055 107.95836 curveto
100.25385 108.00507 100.19049 108.03131 100.12444 108.03131 curveto
100.05838 108.03131 99.99503 108.00507 99.94832 107.95836 curveto
99.90161 107.91165 99.87537 107.8483 99.87537 107.78224 curveto
99.87537 107.71619 99.90161 107.65283 99.94832 107.60612 curveto
99.99503 107.55942 100.05838 107.53317 100.12444 107.53317 curveto
100.19049 107.53317 100.25385 107.55942 100.30055 107.60612 curveto
100.34726 107.65283 100.3735 107.71619 100.3735 107.78224 curveto closepath fill
newpath 101.86823 110.37114 moveto
101.86823 110.4372 101.84198 110.50055 101.79527 110.54726 curveto
101.74857 110.59396 101.68521 110.62021 101.61916 110.62021 curveto
101.5531 110.62021 101.48975 110.59396 101.44304 110.54726 curveto
101.39633 110.50055 101.37009 110.4372 101.37009 110.37114 curveto
101.37009 110.30508 101.39633 110.24173 101.44304 110.19502 curveto
101.48975 110.14832 101.5531 110.12207 101.61916 110.12207 curveto
101.68521 110.12207 101.74857 110.14832 101.79527 110.19502 curveto
101.84198 110.24173 101.86823 110.30508 101.86823 110.37114 curveto closepath fill
newpath 103.36226 112.95885 moveto
103.36226 113.0249 103.33601 113.08826 103.2893 113.13496 curveto
103.2426 113.18167 103.17924 113.20792 103.11319 113.20792 curveto
103.04713 113.20792 102.98378 113.18167 102.93707 113.13496 curveto
102.89037 113.08826 102.86412 113.0249 102.86412 112.95885 curveto
102.86412 112.89279 102.89037 112.82944 102.93707 112.78273 curveto
102.98378 112.73602 103.04713 112.70978 103.11319 112.70978 curveto
103.17924 112.70978 103.2426 112.73602 103.2893 112.78273 curveto
103.33601 112.82944 103.36226 112.89279 103.36226 112.95885 curveto closepath fill
newpath 104.85698 115.54776 moveto
104.85698 115.61382 104.83073 115.67717 104.78403 115.72388 curveto
104.73732 115.77058 104.67397 115.79683 104.60791 115.79683 curveto
104.54185 115.79683 104.4785 115.77058 104.4318 115.72388 curveto
104.38509 115.67717 104.35884 115.61382 104.35884 115.54776 curveto
104.35884 115.4817 104.38509 115.41835 104.4318 115.37164 curveto
104.4785 115.32494 104.54185 115.29869 104.60791 115.29869 curveto
104.67397 115.29869 104.73732 115.32494 104.78403 115.37164 curveto
104.83073 115.41835 104.85698 115.4817 104.85698 115.54776 curveto closepath fill
newpath 106.351 118.13547 moveto
106.351 118.20152 106.32475 118.26488 106.27805 118.31158 curveto
106.23134 118.35829 106.16798 118.38454 106.10193 118.38454 curveto
106.03587 118.38454 105.97252 118.35829 105.92581 118.31158 curveto
105.8791 118.26488 105.85286 118.20152 105.85286 118.13547 curveto
105.85286 118.06941 105.8791 118.00606 105.92581 117.95935 curveto
105.97252 117.91264 106.03587 117.8864 106.10193 117.8864 curveto
106.16798 117.8864 106.23134 117.91264 106.27805 117.95935 curveto
106.32475 118.00606 106.351 118.06941 106.351 118.13547 curveto closepath fill
newpath 107.84572 120.72437 moveto
107.84572 120.79042 107.81947 120.85378 107.77277 120.90048 curveto
107.72606 120.94719 107.6627 120.97343 107.59665 120.97343 curveto
107.5306 120.97343 107.46724 120.94719 107.42053 120.90048 curveto
107.37383 120.85378 107.34758 120.79042 107.34758 120.72437 curveto
107.34758 120.65831 107.37383 120.59496 107.42053 120.54825 curveto
107.46724 120.50154 107.5306 120.4753 107.59665 120.4753 curveto
107.6627 120.4753 107.72606 120.50154 107.77277 120.54825 curveto
107.81947 120.59496 107.84572 120.65831 107.84572 120.72437 curveto closepath fill
newpath 109.33975 123.31209 moveto
109.33975 123.37814 109.3135 123.4415 109.2668 123.4882 curveto
109.2201 123.53491 109.15674 123.56116 109.09068 123.56116 curveto
109.02463 123.56116 108.96127 123.53491 108.91457 123.4882 curveto
108.86786 123.4415 108.84161 123.37814 108.84161 123.31209 curveto
108.84161 123.24603 108.86786 123.18268 108.91457 123.13597 curveto
108.96127 123.08926 109.02463 123.06302 109.09068 123.06302 curveto
109.15674 123.06302 109.2201 123.08926 109.2668 123.13597 curveto
109.3135 123.18268 109.33975 123.24603 109.33975 123.31209 curveto closepath fill
newpath 110.83446 125.90097 moveto
110.83446 125.96703 110.80821 126.03038 110.7615 126.07709 curveto
110.7148 126.1238 110.65144 126.15004 110.58539 126.15004 curveto
110.51933 126.15004 110.45598 126.1238 110.40927 126.07709 curveto
110.36256 126.03038 110.33632 125.96703 110.33632 125.90097 curveto
110.33632 125.83492 110.36256 125.77156 110.40927 125.72485 curveto
110.45598 125.67815 110.51933 125.6519 110.58539 125.6519 curveto
110.65144 125.6519 110.7148 125.67815 110.7615 125.72485 curveto
110.80821 125.77156 110.83446 125.83492 110.83446 125.90097 curveto closepath fill
newpath 112.3285 128.48871 moveto
112.3285 128.55476 112.30226 128.61812 112.25555 128.66483 curveto
112.20885 128.71153 112.1455 128.73778 112.07944 128.73778 curveto
112.01338 128.73778 111.95003 128.71153 111.90332 128.66483 curveto
111.85661 128.61812 111.83037 128.55476 111.83037 128.48871 curveto
111.83037 128.42265 111.85661 128.3593 111.90332 128.31259 curveto
111.95003 128.26588 112.01338 128.23964 112.07944 128.23964 curveto
112.1455 128.23964 112.20885 128.26588 112.25555 128.31259 curveto
112.30226 128.3593 112.3285 128.42265 112.3285 128.48871 curveto closepath fill
newpath 113.82323 131.07759 moveto
113.82323 131.14365 113.79698 131.207 113.75027 131.25371 curveto
113.70357 131.30042 113.64021 131.32666 113.57416 131.32666 curveto
113.5081 131.32666 113.44475 131.30042 113.39804 131.25371 curveto
113.35133 131.207 113.32509 131.14365 113.32509 131.07759 curveto
113.32509 131.01154 113.35133 130.94818 113.39804 130.90147 curveto
113.44475 130.85477 113.5081 130.82852 113.57416 130.82852 curveto
113.64021 130.82852 113.70357 130.85477 113.75027 130.90147 curveto
113.79698 130.94818 113.82323 131.01154 113.82323 131.07759 curveto closepath fill
newpath 115.31793 133.6665 moveto
115.31793 133.73256 115.29169 133.79591 115.24498 133.84262 curveto
115.19827 133.88933 115.13492 133.91557 115.06886 133.91557 curveto
115.0028 133.91557 114.93945 133.88933 114.89275 133.84262 curveto
114.84604 133.79591 114.8198 133.73256 114.8198 133.6665 curveto
114.8198 133.60045 114.84604 133.5371 114.89275 133.49039 curveto
114.93945 133.44368 115.0028 133.41743 115.06886 133.41743 curveto
115.13492 133.41743 115.19827 133.44368 115.24498 133.49039 curveto
115.29169 133.5371 115.31793 133.60045 115.31793 133.6665 curveto closepath fill
newpath 116.81197 136.25423 moveto
116.81197 136.32028 116.78572 136.38364 116.73901 136.43034 curveto
116.6923 136.47705 116.62895 136.5033 116.5629 136.5033 curveto
116.49684 136.5033 116.43349 136.47705 116.38678 136.43034 curveto
116.34007 136.38364 116.31383 136.32028 116.31383 136.25423 curveto
116.31383 136.18817 116.34007 136.12482 116.38678 136.07811 curveto
116.43349 136.0314 116.49684 136.00516 116.5629 136.00516 curveto
116.62895 136.00516 116.6923 136.0314 116.73901 136.07811 curveto
116.78572 136.12482 116.81197 136.18817 116.81197 136.25423 curveto closepath fill
newpath 118.30669 138.84311 moveto
118.30669 138.90916 118.28044 138.97252 118.23373 139.01923 curveto
118.18703 139.06593 118.12367 139.09218 118.05762 139.09218 curveto
117.99156 139.09218 117.9282 139.06593 117.8815 139.01923 curveto
117.8348 138.97252 117.80855 138.90916 117.80855 138.84311 curveto
117.80855 138.77705 117.8348 138.7137 117.8815 138.66699 curveto
117.9282 138.62029 117.99156 138.59404 118.05762 138.59404 curveto
118.12367 138.59404 118.18703 138.62029 118.23373 138.66699 curveto
118.28044 138.7137 118.30669 138.77705 118.30669 138.84311 curveto closepath fill
newpath 119.8007 141.43083 moveto
119.8007 141.49689 119.77446 141.56024 119.72775 141.60695 curveto
119.68105 141.65366 119.61769 141.6799 119.55164 141.6799 curveto
119.48558 141.6799 119.42223 141.65366 119.37552 141.60695 curveto
119.32881 141.56024 119.30257 141.49689 119.30257 141.43083 curveto
119.30257 141.36478 119.32881 141.30142 119.37552 141.25471 curveto
119.42223 141.20801 119.48558 141.18176 119.55164 141.18176 curveto
119.61769 141.18176 119.68105 141.20801 119.72775 141.25471 curveto
119.77446 141.30142 119.8007 141.36478 119.8007 141.43083 curveto closepath fill
newpath 121.29543 144.01973 moveto
121.29543 144.08578 121.26918 144.14914 121.22247 144.19585 curveto
121.17577 144.24255 121.11241 144.2688 121.04636 144.2688 curveto
120.9803 144.2688 120.91695 144.24255 120.87024 144.19585 curveto
120.82353 144.14914 120.79729 144.08578 120.79729 144.01973 curveto
120.79729 143.95367 120.82353 143.89032 120.87024 143.84361 curveto
120.91695 143.7969 120.9803 143.77066 121.04636 143.77066 curveto
121.11241 143.77066 121.17577 143.7969 121.22247 143.84361 curveto
121.26918 143.89032 121.29543 143.95367 121.29543 144.01973 curveto closepath fill
newpath 122.78946 146.60745 moveto
122.78946 146.67351 122.76321 146.73686 122.7165 146.78357 curveto
122.6698 146.83028 122.60645 146.85652 122.54039 146.85652 curveto
122.47433 146.85652 122.41098 146.83028 122.36427 146.78357 curveto
122.31757 146.73686 122.29132 146.67351 122.29132 146.60745 curveto
122.29132 146.5414 122.31757 146.47804 122.36427 146.43134 curveto
122.41098 146.38463 122.47433 146.35838 122.54039 146.35838 curveto
122.60645 146.35838 122.6698 146.38463 122.7165 146.43134 curveto
122.76321 146.47804 122.78946 146.5414 122.78946 146.60745 curveto closepath fill
newpath 124.28416 149.19633 moveto
124.28416 149.26239 124.25792 149.32574 124.21121 149.37245 curveto
124.1645 149.41916 124.10115 149.4454 124.0351 149.4454 curveto
123.96904 149.4454 123.90569 149.41916 123.85898 149.37245 curveto
123.81227 149.32574 123.78603 149.26239 123.78603 149.19633 curveto
123.78603 149.13028 123.81227 149.06693 123.85898 149.02022 curveto
123.90569 148.97351 123.96904 148.94727 124.0351 148.94727 curveto
124.10115 148.94727 124.1645 148.97351 124.21121 149.02022 curveto
124.25792 149.06693 124.28416 149.13028 124.28416 149.19633 curveto closepath fill
newpath 125.7782 151.78404 moveto
125.7782 151.8501 125.75195 151.91345 125.70525 151.96016 curveto
125.65854 152.00687 125.59518 152.03311 125.52913 152.03311 curveto
125.46307 152.03311 125.39972 152.00687 125.35301 151.96016 curveto
125.3063 151.91345 125.28006 151.8501 125.28006 151.78404 curveto
125.28006 151.71799 125.3063 151.65463 125.35301 151.60793 curveto
125.39972 151.56122 125.46307 151.53497 125.52913 151.53497 curveto
125.59518 151.53497 125.65854 151.56122 125.70525 151.60793 curveto
125.75195 151.65463 125.7782 151.71799 125.7782 151.78404 curveto closepath fill
newpath 127.2729 154.37294 moveto
127.2729 154.439 127.24666 154.50235 127.19995 154.54906 curveto
127.15324 154.59576 127.08989 154.62201 127.02383 154.62201 curveto
126.95778 154.62201 126.89442 154.59576 126.84772 154.54906 curveto
126.80101 154.50235 126.77477 154.439 126.77477 154.37294 curveto
126.77477 154.30688 126.80101 154.24353 126.84772 154.19682 curveto
126.89442 154.15012 126.95778 154.12387 127.02383 154.12387 curveto
127.08989 154.12387 127.15324 154.15012 127.19995 154.19682 curveto
127.24666 154.24353 127.2729 154.30688 127.2729 154.37294 curveto closepath fill
newpath 128.76761 156.96184 moveto
128.76761 157.0279 128.74136 157.09125 128.69466 157.13795 curveto
128.64795 157.18466 128.5846 157.2109 128.51854 157.2109 curveto
128.45248 157.2109 128.38913 157.18466 128.34242 157.13795 curveto
128.29572 157.09125 128.26947 157.0279 128.26947 156.96184 curveto
128.26947 156.89578 128.29572 156.83243 128.34242 156.78572 curveto
128.38913 156.73901 128.45248 156.71277 128.51854 156.71277 curveto
128.5846 156.71277 128.64795 156.73901 128.69466 156.78572 curveto
128.74136 156.83243 128.76761 156.89578 128.76761 156.96184 curveto closepath fill
newpath 130.26164 159.54955 moveto
130.26164 159.6156 130.2354 159.67896 130.18869 159.72566 curveto
130.14198 159.77237 130.07863 159.79861 130.01257 159.79861 curveto
129.94652 159.79861 129.88316 159.77237 129.83646 159.72566 curveto
129.78975 159.67896 129.7635 159.6156 129.7635 159.54955 curveto
129.7635 159.48349 129.78975 159.42014 129.83646 159.37343 curveto
129.88316 159.32672 129.94652 159.30048 130.01257 159.30048 curveto
130.07863 159.30048 130.14198 159.32672 130.18869 159.37343 curveto
130.2354 159.42014 130.26164 159.48349 130.26164 159.54955 curveto closepath fill
newpath 131.75633 162.13843 moveto
131.75633 162.20448 131.73009 162.26784 131.68338 162.31454 curveto
131.63667 162.36125 131.57332 162.3875 131.50726 162.3875 curveto
131.44121 162.3875 131.37785 162.36125 131.33115 162.31454 curveto
131.28444 162.26784 131.2582 162.20448 131.2582 162.13843 curveto
131.2582 162.07237 131.28444 162.00902 131.33115 161.96231 curveto
131.37785 161.9156 131.44121 161.88936 131.50726 161.88936 curveto
131.57332 161.88936 131.63667 161.9156 131.68338 161.96231 curveto
131.73009 162.00902 131.75633 162.07237 131.75633 162.13843 curveto closepath fill
newpath 133.25038 164.72615 moveto
133.25038 164.7922 133.22414 164.85556 133.17743 164.90227 curveto
133.13072 164.94897 133.06737 164.97522 133.00131 164.97522 curveto
132.93526 164.97522 132.8719 164.94897 132.8252 164.90227 curveto
132.77849 164.85556 132.75224 164.7922 132.75224 164.72615 curveto
132.75224 164.6601 132.77849 164.59674 132.8252 164.55003 curveto
132.8719 164.50333 132.93526 164.47708 133.00131 164.47708 curveto
133.06737 164.47708 133.13072 164.50333 133.17743 164.55003 curveto
133.22414 164.59674 133.25038 164.6601 133.25038 164.72615 curveto closepath fill
newpath 134.74438 167.31384 moveto
134.74438 167.3799 134.71814 167.44325 134.67143 167.48996 curveto
134.62473 167.53667 134.56137 167.56291 134.49532 167.56291 curveto
134.42926 167.56291 134.3659 167.53667 134.3192 167.48996 curveto
134.27249 167.44325 134.24625 167.3799 134.24625 167.31384 curveto
134.24625 167.24779 134.27249 167.18443 134.3192 167.13773 curveto
134.3659 167.09102 134.42926 167.06477 134.49532 167.06477 curveto
134.56137 167.06477 134.62473 167.09102 134.67143 167.13773 curveto
134.71814 167.18443 134.74438 167.24779 134.74438 167.31384 curveto closepath fill
newpath 105.09225 67.6291 moveto
105.73337 68.07813 106.3545 68.5548 106.95404 69.05772 curveto
107.55356 69.56067 108.13094 70.0896 108.6842 70.64288 curveto
109.23749 71.19615 109.7667 71.77353 110.26964 72.37305 curveto
110.77257 72.97258 111.24924 73.59372 111.69798 74.23483 curveto
112.14674 74.87596 112.56758 75.53622 112.95888 76.214 curveto
113.35017 76.8918 113.71164 77.58655 114.04247 78.2958 curveto
114.37328 79.00478 114.67291 79.72798 114.94052 80.46324 curveto
115.20813 81.19876 115.44373 81.9455 115.64621 82.70154 curveto
115.84871 83.4573 116.0178 84.22156 116.15381 84.99211 curveto
116.2898 85.76292 116.39214 86.53922 116.46054 87.31908 curveto stroke
newpath 114.71072 84.4723 moveto
115.70952 85.09296 116.3578 86.14764 116.46054 87.31908 curveto
116.3578 86.14764 116.81258 84.99622 117.68808 84.21117 curveto stroke
newpath 108.39763 68.11963 moveto
107.28004 68.48543 106.05545 68.3037 105.09225 67.6291 curveto
106.05545 68.3037 106.64482 69.39241 106.68306 70.56772 curveto stroke
newpath 116.46054 92.00801 moveto
116.39214 92.78787 116.2898 93.56416 116.15381 94.33498 curveto
116.0178 95.10553 115.84871 95.86978 115.64621 96.62555 curveto
115.44373 97.38159 115.20813 98.12833 114.94052 98.86385 curveto
114.67291 99.5991 114.37328 100.32231 114.04247 101.03128 curveto
113.71164 101.74054 113.35017 102.43529 112.95888 103.11308 curveto
112.56758 103.79086 112.14674 104.45113 111.69798 105.09225 curveto
111.24924 105.73337 110.77257 106.3545 110.26964 106.95404 curveto
109.7667 107.55356 109.23749 108.13094 108.6842 108.6842 curveto
108.13094 109.23749 107.55356 109.76642 106.95404 110.26936 curveto
106.3545 110.7723 105.73337 111.24896 105.09225 111.69798 curveto stroke
newpath 106.68306 108.75937 moveto
106.64482 109.93468 106.05545 111.02339 105.09225 111.69798 curveto
106.05545 111.02339 107.28004 110.84166 108.39763 111.20746 curveto stroke
newpath 89.66354 91.65607 moveto
89.13507 91.65607 88.62831 91.4461 88.25464 91.07245 curveto
87.88098 90.69878 87.67102 90.19202 87.67102 89.66354 curveto
87.67102 89.13507 87.88098 88.62831 88.25464 88.25464 curveto
88.62831 87.88098 89.13507 87.67102 89.66354 87.67102 curveto
90.19202 87.67102 90.69878 87.88098 91.07245 88.25464 curveto
91.4461 88.62831 91.65607 89.13507 91.65607 89.66354 curveto
91.65607 90.19202 91.4461 90.69878 91.07245 91.07245 curveto
90.69878 91.4461 90.19202 91.65607 89.66354 91.65607 curveto closepath fill
newpath 116.5626 45.06676 moveto
116.03413 45.06676 115.52737 44.8568 115.1537 44.48314 curveto
114.78004 44.10947 114.57008 43.6027 114.57008 43.07423 curveto
114.57008 42.54576 114.78004 42.039 115.1537 41.66533 curveto
115.52737 41.29167 116.03413 41.08171 116.5626 41.08171 curveto
117.09108 41.08171 117.59784 41.29167 117.97151 41.66533 curveto
118.34517 42.039 118.55513 42.54576 118.55513 43.07423 curveto
118.55513 43.6027 118.34517 44.10947 117.97151 44.48314 curveto
117.59784 44.8568 117.09108 45.06676 116.5626 45.06676 curveto closepath fill
newpath 116.5626 138.24538 moveto
116.03413 138.24538 115.52737 138.03542 115.1537 137.66176 curveto
114.78004 137.28809 114.57008 136.78133 114.57008 136.25285 curveto
114.57008 135.72438 114.78004 135.21762 115.1537 134.84395 curveto
115.52737 134.47029 116.03413 134.26033 116.5626 134.26033 curveto
117.09108 134.26033 117.59784 134.47029 117.97151 134.84395 curveto
118.34517 135.21762 118.55513 135.72438 118.55513 136.25285 curveto
118.55513 136.78133 118.34517 137.28809 117.97151 137.66176 curveto
117.59784 138.03542 117.09108 138.24538 116.5626 138.24538 curveto closepath fill
 0 1.24533 dtransform truncate idtransform setlinewidth pop
newpath 179.32709 89.66354 moveto
89.66354 89.66354 lineto
134.49532 12.01324 lineto stroke
newpath 134.2951 15.34882 moveto
133.83318 14.26741 133.90735 13.03163 134.49532 12.01324 curveto
133.90735 13.03163 132.87422 13.71376 131.70673 13.8544 curveto stroke
newpath 176.3383 91.15794 moveto
177.04385 90.2172 178.15115 89.66354 179.32709 89.66354 curveto
178.15115 89.66354 177.04385 89.1099 176.3383 88.16914 curveto stroke
showpage
%%EOF
