%!PS
%%BoundingBox: -1 -1 180 180 
%%HiResBoundingBox: -0.24907 -0.24907 179.57616 179.57616 
%%Creator: MetaPost 2.000
%%CreationDate: 2017.06.03:1629
%%Pages: 1
%%BeginProlog
%%EndProlog
%%Page: 1 1
 0 0 0 setrgbcolor 0 0.49814 dtransform truncate idtransform setlinewidth pop [] 0 setdash 1 setlinecap
 1 setlinejoin 10 setmiterlimit
newpath 0 89.66354 moveto
179.32709 89.66354 lineto stroke
newpath 174.34578 92.1542 moveto
175.52171 90.58629 177.3672 89.66354 179.32709 89.66354 curveto
177.3672 89.66354 175.52171 88.7408 174.34578 87.17288 curveto stroke
 0.49814 0 dtransform exch truncate exch idtransform pop setlinewidth
newpath 89.66354 0 moveto
89.66354 179.32709 lineto stroke
 0 0.49814 dtransform truncate idtransform setlinewidth pop
newpath 87.17288 174.34578 moveto
88.7408 175.52171 89.66354 177.3672 89.66354 179.32709 curveto
89.66354 177.3672 90.58629 175.52171 92.1542 174.34578 curveto stroke
 0.49814 0 dtransform exch truncate exch idtransform pop setlinewidth
newpath 35.86542 87.67102 moveto
35.86542 91.65607 lineto stroke
newpath 89.66354 87.67102 moveto
89.66354 91.65607 lineto stroke
newpath 143.46167 87.67102 moveto
143.46167 91.65607 lineto stroke
 0 0.49814 dtransform truncate idtransform setlinewidth pop
newpath 91.65607 35.86542 moveto
87.67102 35.86542 lineto stroke
newpath 91.65607 89.66354 moveto
87.67102 89.66354 lineto stroke
newpath 91.65607 143.46167 moveto
87.67102 143.46167 lineto stroke
 0.7 setgray
newpath 143.46167 89.66354 moveto
143.46167 103.93233 137.79257 117.61499 127.70378 127.70378 curveto
117.61499 137.79257 103.93233 143.46167 89.66354 143.46167 curveto
75.39476 143.46167 61.7121 137.79257 51.6233 127.70378 curveto
41.53452 117.61499 35.86542 103.93233 35.86542 89.66354 curveto
35.86542 75.39476 41.53452 61.7121 51.6233 51.6233 curveto
61.7121 41.53452 75.39476 35.86542 89.66354 35.86542 curveto
103.93233 35.86542 117.61499 41.53452 127.70378 51.6233 curveto
137.79257 61.7121 143.46167 75.39476 143.46167 89.66354 curveto closepath stroke
 0 0 0 setrgbcolor
newpath 51.62276 53.61528 moveto
51.09428 53.61528 50.58752 53.40532 50.21385 53.03166 curveto
49.8402 52.65799 49.63023 52.15123 49.63023 51.62276 curveto
49.63023 51.09428 49.8402 50.58752 50.21385 50.21385 curveto
50.58752 49.8402 51.09428 49.63023 51.62276 49.63023 curveto
52.15123 49.63023 52.65799 49.8402 53.03166 50.21385 curveto
53.40532 50.58752 53.61528 51.09428 53.61528 51.62276 curveto
53.61528 52.15123 53.40532 52.65799 53.03166 53.03166 curveto
52.65799 53.40532 52.15123 53.61528 51.62276 53.61528 curveto closepath fill
newpath 127.70433 129.69685 moveto
127.17586 129.69685 126.6691 129.4869 126.29543 129.11324 curveto
125.92177 128.73956 125.7118 128.2328 125.7118 127.70433 curveto
125.7118 127.17586 125.92177 126.6691 126.29543 126.29543 curveto
126.6691 125.92177 127.17586 125.7118 127.70433 125.7118 curveto
128.2328 125.7118 128.73956 125.92177 129.11324 126.29543 curveto
129.4869 126.6691 129.69685 127.17586 129.69685 127.70433 curveto
129.69685 128.2328 129.4869 128.73956 129.11324 129.11324 curveto
128.73956 129.4869 128.2328 129.69685 127.70433 129.69685 curveto closepath fill
newpath 127.70433 53.61528 moveto
127.17586 53.61528 126.6691 53.40532 126.29543 53.03166 curveto
125.92177 52.65799 125.7118 52.15123 125.7118 51.62276 curveto
125.7118 51.09428 125.92177 50.58752 126.29543 50.21385 curveto
126.6691 49.8402 127.17586 49.63023 127.70433 49.63023 curveto
128.2328 49.63023 128.73956 49.8402 129.11324 50.21385 curveto
129.4869 50.58752 129.69685 51.09428 129.69685 51.62276 curveto
129.69685 52.15123 129.4869 52.65799 129.11324 53.03166 curveto
128.73956 53.40532 128.2328 53.61528 127.70433 53.61528 curveto closepath fill
newpath 51.62276 129.69685 moveto
51.09428 129.69685 50.58752 129.4869 50.21385 129.11324 curveto
49.8402 128.73956 49.63023 128.2328 49.63023 127.70433 curveto
49.63023 127.17586 49.8402 126.6691 50.21385 126.29543 curveto
50.58752 125.92177 51.09428 125.7118 51.62276 125.7118 curveto
52.15123 125.7118 52.65799 125.92177 53.03166 126.29543 curveto
53.40532 126.6691 53.61528 127.17586 53.61528 127.70433 curveto
53.61528 128.2328 53.40532 128.73956 53.03166 129.11324 curveto
52.65799 129.4869 52.15123 129.69685 51.62276 129.69685 curveto closepath fill
newpath 89.66354 145.4542 moveto
89.13507 145.4542 88.62831 145.24423 88.25464 144.87057 curveto
87.88098 144.4969 87.67102 143.99014 87.67102 143.46167 curveto
87.67102 142.9332 87.88098 142.42644 88.25464 142.05276 curveto
88.62831 141.67911 89.13507 141.46915 89.66354 141.46915 curveto
90.19202 141.46915 90.69878 141.67911 91.07245 142.05276 curveto
91.4461 142.42644 91.65607 142.9332 91.65607 143.46167 curveto
91.65607 143.99014 91.4461 144.4969 91.07245 144.87057 curveto
90.69878 145.24423 90.19202 145.4542 89.66354 145.4542 curveto closepath fill
newpath 143.46167 91.65607 moveto
142.9332 91.65607 142.42644 91.4461 142.05276 91.07245 curveto
141.67911 90.69878 141.46915 90.19202 141.46915 89.66354 curveto
141.46915 89.13507 141.67911 88.62831 142.05276 88.25464 curveto
142.42644 87.88098 142.9332 87.67102 143.46167 87.67102 curveto
143.99014 87.67102 144.4969 87.88098 144.87057 88.25464 curveto
145.24423 88.62831 145.4542 89.13507 145.4542 89.66354 curveto
145.4542 90.19202 145.24423 90.69878 144.87057 91.07245 curveto
144.4969 91.4461 143.99014 91.65607 143.46167 91.65607 curveto closepath fill
newpath 89.66354 37.85794 moveto
89.13507 37.85794 88.62831 37.64798 88.25464 37.27432 curveto
87.88098 36.90065 87.67102 36.39389 87.67102 35.86542 curveto
87.67102 35.33694 87.88098 34.83018 88.25464 34.45651 curveto
88.62831 34.08286 89.13507 33.8729 89.66354 33.8729 curveto
90.19202 33.8729 90.69878 34.08286 91.07245 34.45651 curveto
91.4461 34.83018 91.65607 35.33694 91.65607 35.86542 curveto
91.65607 36.39389 91.4461 36.90065 91.07245 37.27432 curveto
90.69878 37.64798 90.19202 37.85794 89.66354 37.85794 curveto closepath fill
newpath 35.86542 91.65607 moveto
35.33694 91.65607 34.83018 91.4461 34.45651 91.07245 curveto
34.08286 90.69878 33.8729 90.19202 33.8729 89.66354 curveto
33.8729 89.13507 34.08286 88.62831 34.45651 88.25464 curveto
34.83018 87.88098 35.33694 87.67102 35.86542 87.67102 curveto
36.39389 87.67102 36.90065 87.88098 37.27432 88.25464 curveto
37.64798 88.62831 37.85794 89.13507 37.85794 89.66354 curveto
37.85794 90.19202 37.64798 90.69878 37.27432 91.07245 curveto
36.90065 91.4461 36.39389 91.65607 35.86542 91.65607 curveto closepath fill
showpage
%%EOF
