%!PS
%%BoundingBox: -1 -1 180 158 
%%HiResBoundingBox: -0.24907 -0.24907 179.94975 157.16028 
%%Creator: MetaPost 2.000
%%CreationDate: 2017.06.03:1629
%%Pages: 1
%%BeginProlog
%%EndProlog
%%Page: 1 1
 0 0 0 setrgbcolor 0 0.49814 dtransform truncate idtransform setlinewidth pop [] 0 setdash 1 setlinecap
 1 setlinejoin 10 setmiterlimit
newpath 0 71.73083 moveto
179.32709 71.73083 lineto stroke
newpath 174.34578 74.2215 moveto
175.52171 72.65358 177.3672 71.73083 179.32709 71.73083 curveto
177.3672 71.73083 175.52171 70.80809 174.34578 69.24017 curveto stroke
 0.49814 0 dtransform exch truncate exch idtransform pop setlinewidth
newpath 89.66354 0 moveto
89.66354 156.91121 lineto stroke
 0 0.49814 dtransform truncate idtransform setlinewidth pop
newpath 87.17288 151.9299 moveto
88.7408 153.10583 89.66354 154.95132 89.66354 156.91121 curveto
89.66354 154.95132 90.58629 153.10583 92.1542 151.9299 curveto stroke
 0.49814 0 dtransform exch truncate exch idtransform pop setlinewidth
newpath 29.51717 69.73831 moveto
29.51717 73.72336 lineto stroke
newpath 61.36568 69.73831 moveto
61.36568 73.72336 lineto stroke
newpath 117.96141 69.73831 moveto
117.96141 73.72336 lineto stroke
newpath 149.80992 69.73831 moveto
149.80992 73.72336 lineto stroke
 0 0.49814 dtransform truncate idtransform setlinewidth pop
newpath 91.65607 11.58446 moveto
87.67102 11.58446 lineto stroke
newpath 91.65607 43.43297 moveto
87.67102 43.43297 lineto stroke
newpath 91.65607 100.0287 moveto
87.67102 100.0287 lineto stroke
newpath 91.65607 131.87721 moveto
87.67102 131.87721 lineto stroke
 0.7 setgray
newpath 149.80992 71.73083 moveto
149.80992 87.68327 143.4718 102.98064 132.1927 114.26 curveto
120.91335 125.5391 105.61598 131.87721 89.66354 131.87721 curveto
73.7111 131.87721 58.41374 125.5391 47.13438 114.26 curveto
35.85529 102.98064 29.51717 87.68327 29.51717 71.73083 curveto
29.51717 55.7784 35.85529 40.48103 47.13438 29.20168 curveto
58.41374 17.92258 73.7111 11.58446 89.66354 11.58446 curveto
105.61598 11.58446 120.91335 17.92258 132.1927 29.20168 curveto
143.4718 40.48103 149.80992 55.7784 149.80992 71.73083 curveto closepath stroke
 0 0 0 setrgbcolor
newpath 107.52812 73.29382 moveto
107.4827 73.81372 107.41429 74.33116 107.32372 74.84503 curveto
107.23314 75.35892 107.1204 75.86815 106.98523 76.37218 curveto
106.85007 76.8762 106.693 77.37393 106.51459 77.86429 curveto
106.33618 78.35435 106.13643 78.8365 105.91615 79.30933 curveto
105.6956 79.78217 105.45454 80.24542 105.19377 80.69719 curveto
104.933 81.14896 104.6528 81.58923 104.35344 82.01637 curveto
104.0541 82.44377 103.73613 82.85806 103.40067 83.25783 curveto
103.06519 83.65761 102.71248 84.0426 102.34363 84.41147 curveto
101.97476 84.78032 101.59004 85.13275 101.19054 85.46796 curveto
100.79077 85.80342 100.37648 86.12111 99.94908 86.42047 curveto
99.52194 86.71954 99.08167 87.00002 98.63017 87.26079 curveto
98.17813 87.52156 97.71487 87.7629 97.24203 87.98344 curveto
96.76949 88.20372 96.28734 88.40347 95.79727 88.58188 curveto
95.30692 88.76028 94.80891 88.91736 94.30489 89.05252 curveto
93.80086 89.1877 93.29108 89.3007 92.77719 89.39128 curveto
92.2636 89.48186 91.74615 89.54999 91.22653 89.59541 curveto
90.70662 89.64084 90.18509 89.66354 89.66327 89.66354 curveto
89.14172 89.66354 88.62047 89.64084 88.10083 89.59541 curveto
87.58093 89.54999 87.06322 89.48158 86.54935 89.391 curveto
86.03574 89.30043 85.52623 89.18742 85.02248 89.05252 curveto
84.51845 88.91762 84.02045 88.76056 83.53009 88.58215 curveto
83.03975 88.40375 82.55734 88.20372 82.0845 87.98317 curveto
81.61194 87.7629 81.14896 87.52184 80.69719 87.26106 curveto
80.24542 87.00029 79.80515 86.71982 79.37773 86.42047 curveto
78.95033 86.12111 78.53632 85.8037 78.13683 85.46823 curveto
77.73705 85.13275 77.35233 84.78004 76.98318 84.4112 curveto
76.61433 84.04233 76.26163 83.65761 75.92642 83.2581 curveto
75.59096 82.85834 75.27327 82.44405 74.9739 82.01665 curveto stroke
newpath 77.9126 83.60736 moveto
76.73727 83.56917 75.64854 82.97983 74.9739 82.01665 curveto
75.64854 82.97983 75.83032 84.20442 75.46454 85.32202 curveto stroke
 0 1.24533 dtransform truncate idtransform setlinewidth pop
newpath 179.32709 71.73083 moveto
89.66354 71.73083 lineto
10.54439 113.92644 lineto stroke
newpath 12.47832 111.20139 moveto
12.29846 112.36348 11.58199 113.37306 10.54439 113.92644 curveto
11.58199 113.37306 12.81955 113.3405 13.88478 113.83856 curveto stroke
newpath 176.3383 73.22523 moveto
177.04385 72.28448 178.15115 71.73083 179.32709 71.73083 curveto
178.15115 71.73083 177.04385 71.17719 176.3383 70.23643 curveto stroke
newpath 89.66354 73.72336 moveto
89.13507 73.72336 88.62831 73.5134 88.25464 73.13974 curveto
87.88098 72.76607 87.67102 72.25931 87.67102 71.73083 curveto
87.67102 71.20236 87.88098 70.6956 88.25464 70.32193 curveto
88.62831 69.94827 89.13507 69.73831 89.66354 69.73831 curveto
90.19202 69.73831 90.69878 69.94827 91.07245 70.32193 curveto
91.4461 70.6956 91.65607 71.20236 91.65607 71.73083 curveto
91.65607 72.25931 91.4461 72.76607 91.07245 73.13974 curveto
90.69878 73.5134 90.19202 73.72336 89.66354 73.72336 curveto closepath fill
newpath 36.60066 102.02122 moveto
36.07219 102.02122 35.56543 101.81126 35.19176 101.4376 curveto
34.8181 101.06393 34.60814 100.55717 34.60814 100.0287 curveto
34.60814 99.50023 34.8181 98.99347 35.19176 98.6198 curveto
35.56543 98.24614 36.07219 98.03618 36.60066 98.03618 curveto
37.12914 98.03618 37.6359 98.24614 38.00957 98.6198 curveto
38.38322 98.99347 38.59319 99.50023 38.59319 100.0287 curveto
38.59319 100.55717 38.38322 101.06393 38.00957 101.4376 curveto
37.6359 101.81126 37.12914 102.02122 36.60066 102.02122 curveto closepath fill
showpage
%%EOF
