%!PS
%%BoundingBox: -1 -1 180 180 
%%HiResBoundingBox: -0.24907 -0.24907 179.94975 179.57616 
%%Creator: MetaPost 2.000
%%CreationDate: 2017.06.03:1629
%%Pages: 1
%%BeginProlog
%%EndProlog
%%Page: 1 1
 0 0 0 setrgbcolor 0 0.49814 dtransform truncate idtransform setlinewidth pop [] 0 setdash 1 setlinecap
 1 setlinejoin 10 setmiterlimit
newpath 0 89.66354 moveto
179.32709 89.66354 lineto stroke
newpath 174.34578 92.1542 moveto
175.52171 90.58629 177.3672 89.66354 179.32709 89.66354 curveto
177.3672 89.66354 175.52171 88.7408 174.34578 87.17288 curveto stroke
 0.49814 0 dtransform exch truncate exch idtransform pop setlinewidth
newpath 89.66354 0 moveto
89.66354 179.32709 lineto stroke
 0 0.49814 dtransform truncate idtransform setlinewidth pop
newpath 87.17288 174.34578 moveto
88.7408 175.52171 89.66354 177.3672 89.66354 179.32709 curveto
89.66354 177.3672 90.58629 175.52171 92.1542 174.34578 curveto stroke
 0.49814 0 dtransform exch truncate exch idtransform pop setlinewidth
newpath 35.86542 87.67102 moveto
35.86542 91.65607 lineto stroke
newpath 89.66354 87.67102 moveto
89.66354 91.65607 lineto stroke
newpath 143.46167 87.67102 moveto
143.46167 91.65607 lineto stroke
 0 0.49814 dtransform truncate idtransform setlinewidth pop
newpath 91.65607 35.86542 moveto
87.67102 35.86542 lineto stroke
newpath 91.65607 89.66354 moveto
87.67102 89.66354 lineto stroke
newpath 91.65607 143.46167 moveto
87.67102 143.46167 lineto stroke
 0.7 setgray
newpath 143.46167 89.66354 moveto
143.46167 103.93233 137.79257 117.61499 127.70378 127.70378 curveto
117.61499 137.79257 103.93233 143.46167 89.66354 143.46167 curveto
75.39476 143.46167 61.7121 137.79257 51.6233 127.70378 curveto
41.53452 117.61499 35.86542 103.93233 35.86542 89.66354 curveto
35.86542 75.39476 41.53452 61.7121 51.6233 51.6233 curveto
61.7121 41.53452 75.39476 35.86542 89.66354 35.86542 curveto
103.93233 35.86542 117.61499 41.53452 127.70378 51.6233 curveto
137.79257 61.7121 143.46167 75.39476 143.46167 89.66354 curveto closepath stroke
 0 0 0 setrgbcolor
newpath 110.60326 89.66354 moveto
110.60326 89.7296 110.57701 89.79295 110.5303 89.83966 curveto
110.4836 89.88637 110.42024 89.91261 110.35419 89.91261 curveto
110.28813 89.91261 110.22478 89.88637 110.17807 89.83966 curveto
110.13136 89.79295 110.10512 89.7296 110.10512 89.66354 curveto
110.10512 89.59749 110.13136 89.53413 110.17807 89.48743 curveto
110.22478 89.44072 110.28813 89.41447 110.35419 89.41447 curveto
110.42024 89.41447 110.4836 89.44072 110.5303 89.48743 curveto
110.57701 89.53413 110.60326 89.59749 110.60326 89.66354 curveto closepath fill
newpath 110.60326 92.58463 moveto
110.60326 92.65068 110.57701 92.71404 110.5303 92.76074 curveto
110.4836 92.80745 110.42024 92.8337 110.35419 92.8337 curveto
110.28813 92.8337 110.22478 92.80745 110.17807 92.76074 curveto
110.13136 92.71404 110.10512 92.65068 110.10512 92.58463 curveto
110.10512 92.51857 110.13136 92.45522 110.17807 92.40851 curveto
110.22478 92.3618 110.28813 92.33556 110.35419 92.33556 curveto
110.42024 92.33556 110.4836 92.3618 110.5303 92.40851 curveto
110.57701 92.45522 110.60326 92.51857 110.60326 92.58463 curveto closepath fill
newpath 110.60326 95.5057 moveto
110.60326 95.57176 110.57701 95.63512 110.5303 95.68182 curveto
110.4836 95.72853 110.42024 95.75478 110.35419 95.75478 curveto
110.28813 95.75478 110.22478 95.72853 110.17807 95.68182 curveto
110.13136 95.63512 110.10512 95.57176 110.10512 95.5057 curveto
110.10512 95.43965 110.13136 95.3763 110.17807 95.32959 curveto
110.22478 95.28288 110.28813 95.25664 110.35419 95.25664 curveto
110.42024 95.25664 110.4836 95.28288 110.5303 95.32959 curveto
110.57701 95.3763 110.60326 95.43965 110.60326 95.5057 curveto closepath fill
newpath 110.60326 98.42679 moveto
110.60326 98.49284 110.57701 98.5562 110.5303 98.6029 curveto
110.4836 98.64961 110.42024 98.67586 110.35419 98.67586 curveto
110.28813 98.67586 110.22478 98.64961 110.17807 98.6029 curveto
110.13136 98.5562 110.10512 98.49284 110.10512 98.42679 curveto
110.10512 98.36073 110.13136 98.29738 110.17807 98.25067 curveto
110.22478 98.20396 110.28813 98.17772 110.35419 98.17772 curveto
110.42024 98.17772 110.4836 98.20396 110.5303 98.25067 curveto
110.57701 98.29738 110.60326 98.36073 110.60326 98.42679 curveto closepath fill
newpath 110.60326 101.34787 moveto
110.60326 101.41393 110.57701 101.47728 110.5303 101.52399 curveto
110.4836 101.5707 110.42024 101.59694 110.35419 101.59694 curveto
110.28813 101.59694 110.22478 101.5707 110.17807 101.52399 curveto
110.13136 101.47728 110.10512 101.41393 110.10512 101.34787 curveto
110.10512 101.28181 110.13136 101.21846 110.17807 101.17175 curveto
110.22478 101.12505 110.28813 101.0988 110.35419 101.0988 curveto
110.42024 101.0988 110.4836 101.12505 110.5303 101.17175 curveto
110.57701 101.21846 110.60326 101.28181 110.60326 101.34787 curveto closepath fill
newpath 110.60326 104.26895 moveto
110.60326 104.335 110.57701 104.39836 110.5303 104.44507 curveto
110.4836 104.49178 110.42024 104.51802 110.35419 104.51802 curveto
110.28813 104.51802 110.22478 104.49178 110.17807 104.44507 curveto
110.13136 104.39836 110.10512 104.335 110.10512 104.26895 curveto
110.10512 104.2029 110.13136 104.13954 110.17807 104.09283 curveto
110.22478 104.04613 110.28813 104.01988 110.35419 104.01988 curveto
110.42024 104.01988 110.4836 104.04613 110.5303 104.09283 curveto
110.57701 104.13954 110.60326 104.2029 110.60326 104.26895 curveto closepath fill
newpath 110.60326 107.19005 moveto
110.60326 107.2561 110.57701 107.31946 110.5303 107.36617 curveto
110.4836 107.41287 110.42024 107.43912 110.35419 107.43912 curveto
110.28813 107.43912 110.22478 107.41287 110.17807 107.36617 curveto
110.13136 107.31946 110.10512 107.2561 110.10512 107.19005 curveto
110.10512 107.124 110.13136 107.06064 110.17807 107.01393 curveto
110.22478 106.96722 110.28813 106.94098 110.35419 106.94098 curveto
110.42024 106.94098 110.4836 106.96722 110.5303 107.01393 curveto
110.57701 107.06064 110.60326 107.124 110.60326 107.19005 curveto closepath fill
newpath 110.60326 110.11113 moveto
110.60326 110.17719 110.57701 110.24054 110.5303 110.28725 curveto
110.4836 110.33395 110.42024 110.3602 110.35419 110.3602 curveto
110.28813 110.3602 110.22478 110.33395 110.17807 110.28725 curveto
110.13136 110.24054 110.10512 110.17719 110.10512 110.11113 curveto
110.10512 110.04507 110.13136 109.98172 110.17807 109.93501 curveto
110.22478 109.8883 110.28813 109.86206 110.35419 109.86206 curveto
110.42024 109.86206 110.4836 109.8883 110.5303 109.93501 curveto
110.57701 109.98172 110.60326 110.04507 110.60326 110.11113 curveto closepath fill
newpath 110.60326 113.03221 moveto
110.60326 113.09827 110.57701 113.16162 110.5303 113.20833 curveto
110.4836 113.25504 110.42024 113.28128 110.35419 113.28128 curveto
110.28813 113.28128 110.22478 113.25504 110.17807 113.20833 curveto
110.13136 113.16162 110.10512 113.09827 110.10512 113.03221 curveto
110.10512 112.96616 110.13136 112.9028 110.17807 112.8561 curveto
110.22478 112.80939 110.28813 112.78314 110.35419 112.78314 curveto
110.42024 112.78314 110.4836 112.80939 110.5303 112.8561 curveto
110.57701 112.9028 110.60326 112.96616 110.60326 113.03221 curveto closepath fill
newpath 110.60326 115.9533 moveto
110.60326 116.01935 110.57701 116.0827 110.5303 116.12941 curveto
110.4836 116.17612 110.42024 116.20236 110.35419 116.20236 curveto
110.28813 116.20236 110.22478 116.17612 110.17807 116.12941 curveto
110.13136 116.0827 110.10512 116.01935 110.10512 115.9533 curveto
110.10512 115.88724 110.13136 115.82388 110.17807 115.77718 curveto
110.22478 115.73047 110.28813 115.70422 110.35419 115.70422 curveto
110.42024 115.70422 110.4836 115.73047 110.5303 115.77718 curveto
110.57701 115.82388 110.60326 115.88724 110.60326 115.9533 curveto closepath fill
newpath 110.60326 118.87437 moveto
110.60326 118.94043 110.57701 119.00378 110.5303 119.05049 curveto
110.4836 119.0972 110.42024 119.12344 110.35419 119.12344 curveto
110.28813 119.12344 110.22478 119.0972 110.17807 119.05049 curveto
110.13136 119.00378 110.10512 118.94043 110.10512 118.87437 curveto
110.10512 118.80832 110.13136 118.74496 110.17807 118.69826 curveto
110.22478 118.65155 110.28813 118.6253 110.35419 118.6253 curveto
110.42024 118.6253 110.4836 118.65155 110.5303 118.69826 curveto
110.57701 118.74496 110.60326 118.80832 110.60326 118.87437 curveto closepath fill
newpath 110.60326 121.79546 moveto
110.60326 121.86151 110.57701 121.92487 110.5303 121.97157 curveto
110.4836 122.01828 110.42024 122.04453 110.35419 122.04453 curveto
110.28813 122.04453 110.22478 122.01828 110.17807 121.97157 curveto
110.13136 121.92487 110.10512 121.86151 110.10512 121.79546 curveto
110.10512 121.7294 110.13136 121.66605 110.17807 121.61934 curveto
110.22478 121.57263 110.28813 121.54639 110.35419 121.54639 curveto
110.42024 121.54639 110.4836 121.57263 110.5303 121.61934 curveto
110.57701 121.66605 110.60326 121.7294 110.60326 121.79546 curveto closepath fill
newpath 110.60326 124.71654 moveto
110.60326 124.7826 110.57701 124.84595 110.5303 124.89265 curveto
110.4836 124.93936 110.42024 124.9656 110.35419 124.9656 curveto
110.28813 124.9656 110.22478 124.93936 110.17807 124.89265 curveto
110.13136 124.84595 110.10512 124.7826 110.10512 124.71654 curveto
110.10512 124.65048 110.13136 124.58713 110.17807 124.54042 curveto
110.22478 124.49371 110.28813 124.46747 110.35419 124.46747 curveto
110.42024 124.46747 110.4836 124.49371 110.5303 124.54042 curveto
110.57701 124.58713 110.60326 124.65048 110.60326 124.71654 curveto closepath fill
newpath 110.60326 127.63762 moveto
110.60326 127.70367 110.57701 127.76703 110.5303 127.81374 curveto
110.4836 127.86044 110.42024 127.88669 110.35419 127.88669 curveto
110.28813 127.88669 110.22478 127.86044 110.17807 127.81374 curveto
110.13136 127.76703 110.10512 127.70367 110.10512 127.63762 curveto
110.10512 127.57156 110.13136 127.50821 110.17807 127.4615 curveto
110.22478 127.4148 110.28813 127.38855 110.35419 127.38855 curveto
110.42024 127.38855 110.4836 127.4148 110.5303 127.4615 curveto
110.57701 127.50821 110.60326 127.57156 110.60326 127.63762 curveto closepath fill
newpath 110.60326 130.5587 moveto
110.60326 130.62476 110.57701 130.68811 110.5303 130.73482 curveto
110.4836 130.78152 110.42024 130.80777 110.35419 130.80777 curveto
110.28813 130.80777 110.22478 130.78152 110.17807 130.73482 curveto
110.13136 130.68811 110.10512 130.62476 110.10512 130.5587 curveto
110.10512 130.49265 110.13136 130.42929 110.17807 130.38258 curveto
110.22478 130.33588 110.28813 130.30963 110.35419 130.30963 curveto
110.42024 130.30963 110.4836 130.33588 110.5303 130.38258 curveto
110.57701 130.42929 110.60326 130.49265 110.60326 130.5587 curveto closepath fill
newpath 110.60326 133.47978 moveto
110.60326 133.54584 110.57701 133.60919 110.5303 133.6559 curveto
110.4836 133.7026 110.42024 133.72885 110.35419 133.72885 curveto
110.28813 133.72885 110.22478 133.7026 110.17807 133.6559 curveto
110.13136 133.60919 110.10512 133.54584 110.10512 133.47978 curveto
110.10512 133.41373 110.13136 133.35037 110.17807 133.30367 curveto
110.22478 133.25696 110.28813 133.23071 110.35419 133.23071 curveto
110.42024 133.23071 110.4836 133.25696 110.5303 133.30367 curveto
110.57701 133.35037 110.60326 133.41373 110.60326 133.47978 curveto closepath fill
newpath 110.60326 136.40086 moveto
110.60326 136.46692 110.57701 136.53027 110.5303 136.57698 curveto
110.4836 136.62369 110.42024 136.64993 110.35419 136.64993 curveto
110.28813 136.64993 110.22478 136.62369 110.17807 136.57698 curveto
110.13136 136.53027 110.10512 136.46692 110.10512 136.40086 curveto
110.10512 136.33481 110.13136 136.27145 110.17807 136.22475 curveto
110.22478 136.17804 110.28813 136.1518 110.35419 136.1518 curveto
110.42024 136.1518 110.4836 136.17804 110.5303 136.22475 curveto
110.57701 136.27145 110.60326 136.33481 110.60326 136.40086 curveto closepath fill
newpath 110.60326 139.32272 moveto
110.60326 139.38878 110.57701 139.45213 110.5303 139.49884 curveto
110.4836 139.54555 110.42024 139.5718 110.35419 139.5718 curveto
110.28813 139.5718 110.22478 139.54555 110.17807 139.49884 curveto
110.13136 139.45213 110.10512 139.38878 110.10512 139.32272 curveto
110.10512 139.25667 110.13136 139.19331 110.17807 139.1466 curveto
110.22478 139.0999 110.28813 139.07365 110.35419 139.07365 curveto
110.42024 139.07365 110.4836 139.0999 110.5303 139.1466 curveto
110.57701 139.19331 110.60326 139.25667 110.60326 139.32272 curveto closepath fill
newpath 40.25343 110.35419 moveto
40.25343 110.42024 40.22719 110.4836 40.18048 110.5303 curveto
40.13377 110.57701 40.07042 110.60326 40.00436 110.60326 curveto
39.93831 110.60326 39.87495 110.57701 39.82825 110.5303 curveto
39.78154 110.4836 39.7553 110.42024 39.7553 110.35419 curveto
39.7553 110.28813 39.78154 110.22478 39.82825 110.17807 curveto
39.87495 110.13136 39.93831 110.10512 40.00436 110.10512 curveto
40.07042 110.10512 40.13377 110.13136 40.18048 110.17807 curveto
40.22719 110.22478 40.25343 110.28813 40.25343 110.35419 curveto closepath fill
newpath 43.17451 110.35419 moveto
43.17451 110.42024 43.14827 110.4836 43.10156 110.5303 curveto
43.05486 110.57701 42.9915 110.60326 42.92545 110.60326 curveto
42.85939 110.60326 42.79604 110.57701 42.74933 110.5303 curveto
42.70262 110.4836 42.67638 110.42024 42.67638 110.35419 curveto
42.67638 110.28813 42.70262 110.22478 42.74933 110.17807 curveto
42.79604 110.13136 42.85939 110.10512 42.92545 110.10512 curveto
42.9915 110.10512 43.05486 110.13136 43.10156 110.17807 curveto
43.14827 110.22478 43.17451 110.28813 43.17451 110.35419 curveto closepath fill
newpath 46.0956 110.35419 moveto
46.0956 110.42024 46.06935 110.4836 46.02264 110.5303 curveto
45.97594 110.57701 45.91258 110.60326 45.84653 110.60326 curveto
45.78047 110.60326 45.71712 110.57701 45.67041 110.5303 curveto
45.6237 110.4836 45.59746 110.42024 45.59746 110.35419 curveto
45.59746 110.28813 45.6237 110.22478 45.67041 110.17807 curveto
45.71712 110.13136 45.78047 110.10512 45.84653 110.10512 curveto
45.91258 110.10512 45.97594 110.13136 46.02264 110.17807 curveto
46.06935 110.22478 46.0956 110.28813 46.0956 110.35419 curveto closepath fill
newpath 49.01668 110.35419 moveto
49.01668 110.42024 48.99043 110.4836 48.94373 110.5303 curveto
48.89702 110.57701 48.83366 110.60326 48.76761 110.60326 curveto
48.70155 110.60326 48.6382 110.57701 48.59149 110.5303 curveto
48.54478 110.4836 48.51854 110.42024 48.51854 110.35419 curveto
48.51854 110.28813 48.54478 110.22478 48.59149 110.17807 curveto
48.6382 110.13136 48.70155 110.10512 48.76761 110.10512 curveto
48.83366 110.10512 48.89702 110.13136 48.94373 110.17807 curveto
48.99043 110.22478 49.01668 110.28813 49.01668 110.35419 curveto closepath fill
newpath 51.93776 110.35419 moveto
51.93776 110.42024 51.91151 110.4836 51.8648 110.5303 curveto
51.8181 110.57701 51.75475 110.60326 51.68869 110.60326 curveto
51.62263 110.60326 51.55928 110.57701 51.51257 110.5303 curveto
51.46587 110.4836 51.43962 110.42024 51.43962 110.35419 curveto
51.43962 110.28813 51.46587 110.22478 51.51257 110.17807 curveto
51.55928 110.13136 51.62263 110.10512 51.68869 110.10512 curveto
51.75475 110.10512 51.8181 110.13136 51.8648 110.17807 curveto
51.91151 110.22478 51.93776 110.28813 51.93776 110.35419 curveto closepath fill
newpath 54.85884 110.35419 moveto
54.85884 110.42024 54.8326 110.4836 54.78589 110.5303 curveto
54.73918 110.57701 54.67583 110.60326 54.60977 110.60326 curveto
54.54372 110.60326 54.48036 110.57701 54.43365 110.5303 curveto
54.38695 110.4836 54.3607 110.42024 54.3607 110.35419 curveto
54.3607 110.28813 54.38695 110.22478 54.43365 110.17807 curveto
54.48036 110.13136 54.54372 110.10512 54.60977 110.10512 curveto
54.67583 110.10512 54.73918 110.13136 54.78589 110.17807 curveto
54.8326 110.22478 54.85884 110.28813 54.85884 110.35419 curveto closepath fill
newpath 57.77994 110.35419 moveto
57.77994 110.42024 57.7537 110.4836 57.70699 110.5303 curveto
57.66028 110.57701 57.59692 110.60326 57.53087 110.60326 curveto
57.46481 110.60326 57.40146 110.57701 57.35475 110.5303 curveto
57.30804 110.4836 57.2818 110.42024 57.2818 110.35419 curveto
57.2818 110.28813 57.30804 110.22478 57.35475 110.17807 curveto
57.40146 110.13136 57.46481 110.10512 57.53087 110.10512 curveto
57.59692 110.10512 57.66028 110.13136 57.70699 110.17807 curveto
57.7537 110.22478 57.77994 110.28813 57.77994 110.35419 curveto closepath fill
newpath 60.70102 110.35419 moveto
60.70102 110.42024 60.67477 110.4836 60.62807 110.5303 curveto
60.58136 110.57701 60.518 110.60326 60.45195 110.60326 curveto
60.3859 110.60326 60.32254 110.57701 60.27583 110.5303 curveto
60.22913 110.4836 60.20288 110.42024 60.20288 110.35419 curveto
60.20288 110.28813 60.22913 110.22478 60.27583 110.17807 curveto
60.32254 110.13136 60.3859 110.10512 60.45195 110.10512 curveto
60.518 110.10512 60.58136 110.13136 60.62807 110.17807 curveto
60.67477 110.22478 60.70102 110.28813 60.70102 110.35419 curveto closepath fill
newpath 63.6221 110.35419 moveto
63.6221 110.42024 63.59586 110.4836 63.54915 110.5303 curveto
63.50244 110.57701 63.43909 110.60326 63.37303 110.60326 curveto
63.30698 110.60326 63.24362 110.57701 63.19691 110.5303 curveto
63.1502 110.4836 63.12396 110.42024 63.12396 110.35419 curveto
63.12396 110.28813 63.1502 110.22478 63.19691 110.17807 curveto
63.24362 110.13136 63.30698 110.10512 63.37303 110.10512 curveto
63.43909 110.10512 63.50244 110.13136 63.54915 110.17807 curveto
63.59586 110.22478 63.6221 110.28813 63.6221 110.35419 curveto closepath fill
newpath 66.54318 110.35419 moveto
66.54318 110.42024 66.51694 110.4836 66.47023 110.5303 curveto
66.42352 110.57701 66.36017 110.60326 66.29411 110.60326 curveto
66.22806 110.60326 66.1647 110.57701 66.118 110.5303 curveto
66.07129 110.4836 66.04504 110.42024 66.04504 110.35419 curveto
66.04504 110.28813 66.07129 110.22478 66.118 110.17807 curveto
66.1647 110.13136 66.22806 110.10512 66.29411 110.10512 curveto
66.36017 110.10512 66.42352 110.13136 66.47023 110.17807 curveto
66.51694 110.22478 66.54318 110.28813 66.54318 110.35419 curveto closepath fill
newpath 69.46426 110.35419 moveto
69.46426 110.42024 69.43802 110.4836 69.39131 110.5303 curveto
69.3446 110.57701 69.28125 110.60326 69.2152 110.60326 curveto
69.14914 110.60326 69.08578 110.57701 69.03908 110.5303 curveto
68.99237 110.4836 68.96613 110.42024 68.96613 110.35419 curveto
68.96613 110.28813 68.99237 110.22478 69.03908 110.17807 curveto
69.08578 110.13136 69.14914 110.10512 69.2152 110.10512 curveto
69.28125 110.10512 69.3446 110.13136 69.39131 110.17807 curveto
69.43802 110.22478 69.46426 110.28813 69.46426 110.35419 curveto closepath fill
newpath 72.38535 110.35419 moveto
72.38535 110.42024 72.3591 110.4836 72.3124 110.5303 curveto
72.26569 110.57701 72.20233 110.60326 72.13628 110.60326 curveto
72.07022 110.60326 72.00687 110.57701 71.96016 110.5303 curveto
71.91345 110.4836 71.8872 110.42024 71.8872 110.35419 curveto
71.8872 110.28813 71.91345 110.22478 71.96016 110.17807 curveto
72.00687 110.13136 72.07022 110.10512 72.13628 110.10512 curveto
72.20233 110.10512 72.26569 110.13136 72.3124 110.17807 curveto
72.3591 110.22478 72.38535 110.28813 72.38535 110.35419 curveto closepath fill
newpath 75.30643 110.35419 moveto
75.30643 110.42024 75.28018 110.4836 75.23347 110.5303 curveto
75.18677 110.57701 75.12341 110.60326 75.05736 110.60326 curveto
74.9913 110.60326 74.92795 110.57701 74.88124 110.5303 curveto
74.83453 110.4836 74.80829 110.42024 74.80829 110.35419 curveto
74.80829 110.28813 74.83453 110.22478 74.88124 110.17807 curveto
74.92795 110.13136 74.9913 110.10512 75.05736 110.10512 curveto
75.12341 110.10512 75.18677 110.13136 75.23347 110.17807 curveto
75.28018 110.22478 75.30643 110.28813 75.30643 110.35419 curveto closepath fill
newpath 78.22751 110.35419 moveto
78.22751 110.42024 78.20126 110.4836 78.15456 110.5303 curveto
78.10785 110.57701 78.0445 110.60326 77.97844 110.60326 curveto
77.91238 110.60326 77.84903 110.57701 77.80232 110.5303 curveto
77.75562 110.4836 77.72937 110.42024 77.72937 110.35419 curveto
77.72937 110.28813 77.75562 110.22478 77.80232 110.17807 curveto
77.84903 110.13136 77.91238 110.10512 77.97844 110.10512 curveto
78.0445 110.10512 78.10785 110.13136 78.15456 110.17807 curveto
78.20126 110.22478 78.22751 110.28813 78.22751 110.35419 curveto closepath fill
newpath 81.14859 110.35419 moveto
81.14859 110.42024 81.12234 110.4836 81.07564 110.5303 curveto
81.02893 110.57701 80.96558 110.60326 80.89952 110.60326 curveto
80.83347 110.60326 80.77011 110.57701 80.7234 110.5303 curveto
80.6767 110.4836 80.65045 110.42024 80.65045 110.35419 curveto
80.65045 110.28813 80.6767 110.22478 80.7234 110.17807 curveto
80.77011 110.13136 80.83347 110.10512 80.89952 110.10512 curveto
80.96558 110.10512 81.02893 110.13136 81.07564 110.17807 curveto
81.12234 110.22478 81.14859 110.28813 81.14859 110.35419 curveto closepath fill
newpath 84.06967 110.35419 moveto
84.06967 110.42024 84.04343 110.4836 83.99672 110.5303 curveto
83.95001 110.57701 83.88666 110.60326 83.8206 110.60326 curveto
83.75455 110.60326 83.6912 110.57701 83.64449 110.5303 curveto
83.59778 110.4836 83.57153 110.42024 83.57153 110.35419 curveto
83.57153 110.28813 83.59778 110.22478 83.64449 110.17807 curveto
83.6912 110.13136 83.75455 110.10512 83.8206 110.10512 curveto
83.88666 110.10512 83.95001 110.13136 83.99672 110.17807 curveto
84.04343 110.22478 84.06967 110.28813 84.06967 110.35419 curveto closepath fill
newpath 86.99075 110.35419 moveto
86.99075 110.42024 86.96451 110.4836 86.9178 110.5303 curveto
86.8711 110.57701 86.80774 110.60326 86.74168 110.60326 curveto
86.67563 110.60326 86.61227 110.57701 86.56557 110.5303 curveto
86.51886 110.4836 86.49261 110.42024 86.49261 110.35419 curveto
86.49261 110.28813 86.51886 110.22478 86.56557 110.17807 curveto
86.61227 110.13136 86.67563 110.10512 86.74168 110.10512 curveto
86.80774 110.10512 86.8711 110.13136 86.9178 110.17807 curveto
86.96451 110.22478 86.99075 110.28813 86.99075 110.35419 curveto closepath fill
newpath 89.91261 110.35419 moveto
89.91261 110.42024 89.88637 110.4836 89.83966 110.5303 curveto
89.79295 110.57701 89.7296 110.60326 89.66354 110.60326 curveto
89.59749 110.60326 89.53413 110.57701 89.48743 110.5303 curveto
89.44072 110.4836 89.41447 110.42024 89.41447 110.35419 curveto
89.41447 110.28813 89.44072 110.22478 89.48743 110.17807 curveto
89.53413 110.13136 89.59749 110.10512 89.66354 110.10512 curveto
89.7296 110.10512 89.79295 110.13136 89.83966 110.17807 curveto
89.88637 110.22478 89.91261 110.28813 89.91261 110.35419 curveto closepath fill
newpath 89.66354 89.66354 moveto
6.89688 124.14986 lineto stroke
newpath 9.08101 121.62088 moveto
8.79155 122.76064 7.98236 123.69757 6.89688 124.14986 curveto
7.98236 123.69757 9.21742 123.78276 10.23055 124.37979 curveto stroke
newpath 89.66354 89.66354 moveto
124.14986 172.4302 lineto stroke
newpath 121.62088 170.24608 moveto
122.76064 170.53554 123.69757 171.34473 124.14986 172.4302 curveto
123.69757 171.34473 123.78276 170.10966 124.37979 169.09654 curveto stroke
newpath 107.52812 91.22653 moveto
107.4827 91.74643 107.41429 92.2636 107.32372 92.77747 curveto
107.23314 93.29135 107.1204 93.80086 106.98523 94.30489 curveto
106.85033 94.80891 106.69327 95.30637 106.51486 95.79672 curveto
106.33646 96.28706 106.1367 96.76921 105.91615 97.24203 curveto
105.6956 97.71487 105.45454 98.17813 105.19377 98.6299 curveto
104.933 99.08167 104.65253 99.52194 104.35318 99.94936 curveto
104.05382 100.37675 103.73613 100.79077 103.40067 101.19054 curveto
103.06546 101.59004 102.71275 101.97504 102.3439 102.3439 curveto
101.97504 102.71275 101.59004 103.06546 101.19054 103.40067 curveto
100.79077 103.73613 100.37675 104.05382 99.94936 104.35318 curveto
99.52194 104.65253 99.08167 104.933 98.6299 105.19377 curveto stroke
newpath 100.47133 102.40538 moveto
100.33057 103.57286 99.64835 104.60591 98.6299 105.19377 curveto
99.64835 104.60591 100.88412 104.53188 101.96547 104.99391 curveto stroke
newpath 108.75671 94.33403 moveto
107.88094 93.54927 107.42577 92.398 107.52812 91.22653 curveto
107.42577 92.398 106.77785 93.4529 105.77927 94.0739 curveto stroke
newpath 88.10056 107.52812 moveto
87.58066 107.4827 87.06349 107.41429 86.54962 107.32372 curveto
86.03574 107.23314 85.52623 107.1204 85.0222 106.98523 curveto
84.51817 106.85033 84.02072 106.69327 83.53036 106.51486 curveto
83.04002 106.33646 82.55788 106.1367 82.08505 105.91615 curveto
81.61221 105.6956 81.14896 105.45454 80.69719 105.19377 curveto
80.24542 104.933 79.80515 104.65253 79.37773 104.35318 curveto
78.95033 104.05382 78.53632 103.73613 78.13655 103.40067 curveto
77.73705 103.06546 77.35205 102.71275 76.98318 102.3439 curveto
76.61433 101.97504 76.26163 101.59004 75.92642 101.19054 curveto
75.59096 100.79077 75.27327 100.37675 74.9739 99.94936 curveto
74.67456 99.52194 74.39409 99.08167 74.13332 98.6299 curveto stroke
newpath 76.9217 100.47133 moveto
75.75423 100.33057 74.72118 99.64835 74.13332 98.6299 curveto
74.72118 99.64835 74.79521 100.88412 74.33318 101.96547 curveto stroke
newpath 84.99306 108.75671 moveto
85.77782 107.88094 86.9291 107.42577 88.10056 107.52812 curveto
86.9291 107.42577 85.87419 106.77785 85.25319 105.77927 curveto stroke
newpath 89.66354 91.65607 moveto
89.13507 91.65607 88.62831 91.4461 88.25464 91.07245 curveto
87.88098 90.69878 87.67102 90.19202 87.67102 89.66354 curveto
87.67102 89.13507 87.88098 88.62831 88.25464 88.25464 curveto
88.62831 87.88098 89.13507 87.67102 89.66354 87.67102 curveto
90.19202 87.67102 90.69878 87.88098 91.07245 88.25464 curveto
91.4461 88.62831 91.65607 89.13507 91.65607 89.66354 curveto
91.65607 90.19202 91.4461 90.69878 91.07245 91.07245 curveto
90.69878 91.4461 90.19202 91.65607 89.66354 91.65607 curveto closepath fill
newpath 40.00436 112.34671 moveto
39.47589 112.34671 38.96913 112.13675 38.59546 111.76309 curveto
38.2218 111.38942 38.01184 110.88266 38.01184 110.35419 curveto
38.01184 109.82571 38.2218 109.31895 38.59546 108.94528 curveto
38.96913 108.57162 39.47589 108.36166 40.00436 108.36166 curveto
40.53284 108.36166 41.0396 108.57162 41.41327 108.94528 curveto
41.78693 109.31895 41.99689 109.82571 41.99689 110.35419 curveto
41.99689 110.88266 41.78693 111.38942 41.41327 111.76309 curveto
41.0396 112.13675 40.53284 112.34671 40.00436 112.34671 curveto closepath fill
newpath 110.35419 141.31525 moveto
109.82571 141.31525 109.31895 141.10529 108.94528 140.73163 curveto
108.57162 140.35796 108.36166 139.8512 108.36166 139.32272 curveto
108.36166 138.79425 108.57162 138.28749 108.94528 137.91382 curveto
109.31895 137.54016 109.82571 137.3302 110.35419 137.3302 curveto
110.88266 137.3302 111.38942 137.54016 111.76309 137.91382 curveto
112.13675 138.28749 112.34671 138.79425 112.34671 139.32272 curveto
112.34671 139.8512 112.13675 140.35796 111.76309 140.73163 curveto
111.38942 141.10529 110.88266 141.31525 110.35419 141.31525 curveto closepath fill
 0 1.24533 dtransform truncate idtransform setlinewidth pop
newpath 179.32709 89.66354 moveto
89.66354 89.66354 lineto
6.89688 124.14986 lineto stroke
newpath 9.08101 121.62088 moveto
8.79155 122.76064 7.98236 123.69757 6.89688 124.14986 curveto
7.98236 123.69757 9.21742 123.78276 10.23055 124.37979 curveto stroke
showpage
%%EOF
