%!PS
%%BoundingBox: -1 -1 165 165 
%%HiResBoundingBox: -0.24907 -0.24907 164.63223 164.63223 
%%Creator: MetaPost 2.000
%%CreationDate: 2017.06.03:1629
%%Pages: 1
%%BeginProlog
%%EndProlog
%%Page: 1 1
 0 0 0 setrgbcolor 0 0.49814 dtransform truncate idtransform setlinewidth pop [] 0 setdash 1 setlinecap
 1 setlinejoin 10 setmiterlimit
newpath 0 78.4556 moveto
164.38316 78.4556 lineto stroke
newpath 159.40186 80.94626 moveto
160.57779 79.37834 162.42328 78.4556 164.38316 78.4556 curveto
162.42328 78.4556 160.57779 77.53285 159.40186 75.96494 curveto stroke
 0.49814 0 dtransform exch truncate exch idtransform pop setlinewidth
newpath 78.4556 0 moveto
78.4556 164.38316 lineto stroke
 0 0.49814 dtransform truncate idtransform setlinewidth pop
newpath 75.96494 159.40186 moveto
77.53285 160.57779 78.4556 162.42328 78.4556 164.38316 curveto
78.4556 162.42328 79.37834 160.57779 80.94626 159.40186 curveto stroke
 0.49814 0 dtransform exch truncate exch idtransform pop setlinewidth
newpath 11.20793 76.46307 moveto
11.20793 80.44812 lineto stroke
newpath 145.70326 76.46307 moveto
145.70326 80.44812 lineto stroke
 0 0.49814 dtransform truncate idtransform setlinewidth pop
newpath 80.44812 11.20793 moveto
76.46307 11.20793 lineto stroke
newpath 80.44812 145.70326 moveto
76.46307 145.70326 lineto stroke
 0.7 setgray
newpath 145.70326 78.4556 moveto
145.70326 96.29158 138.61688 113.39491 126.00589 126.00589 curveto
113.39491 138.61688 96.29158 145.70326 78.4556 145.70326 curveto
60.61961 145.70326 43.51628 138.61688 30.9053 126.00589 curveto
18.29431 113.39491 11.20793 96.29158 11.20793 78.4556 curveto
11.20793 60.61961 18.29431 43.51628 30.9053 30.9053 curveto
43.51628 18.29431 60.61961 11.20793 78.4556 11.20793 curveto
96.29158 11.20793 113.39491 18.29431 126.00589 30.9053 curveto
138.61688 43.51628 145.70326 60.61961 145.70326 78.4556 curveto closepath stroke
 0 0 0 setrgbcolor
newpath 80.40933 56.12477 moveto
81.05898 56.18178 81.70589 56.26706 82.348 56.38039 curveto
82.99036 56.49371 83.62723 56.63463 84.25726 56.80338 curveto
84.8873 56.9721 85.50958 57.16844 86.12253 57.39145 curveto
86.73523 57.61446 87.33813 57.86415 87.92917 58.13983 curveto
88.52022 58.41551 89.09872 58.71674 89.66354 59.04282 curveto
90.22836 59.3689 90.7786 59.71938 91.31285 60.09357 curveto
91.84712 60.46753 92.36473 60.86497 92.86435 61.28409 curveto
93.36395 61.7032 93.84508 62.14397 94.30615 62.60504 curveto
94.76723 63.06612 95.208 63.54724 95.6271 64.04684 curveto
96.04622 64.54646 96.44366 65.06407 96.81763 65.59834 curveto
97.19182 66.1326 97.5423 66.68283 97.86838 67.24765 curveto
98.19446 67.81247 98.49568 68.39098 98.77136 68.98203 curveto
99.04704 69.57306 99.29674 70.17596 99.51974 70.78867 curveto
99.74275 71.40161 99.93909 72.0239 100.10782 72.65393 curveto
100.27657 73.28397 100.41748 73.92084 100.5308 74.56319 curveto
100.64413 75.2053 100.72942 75.85222 100.78642 76.50186 curveto stroke
newpath 99.03647 73.65515 moveto
100.0353 74.27577 100.68362 75.33043 100.78642 76.50186 curveto
100.68362 75.33043 101.13835 74.17897 102.01382 73.39389 curveto stroke
newpath 83.5173 54.89737 moveto
82.73222 55.77284 81.58076 56.22757 80.40933 56.12477 curveto
81.58076 56.22757 82.63542 56.8759 83.25604 57.87473 curveto stroke
newpath 78.4556 80.44812 moveto
77.92712 80.44812 77.42036 80.23816 77.04669 79.8645 curveto
76.67303 79.49083 76.46307 78.98407 76.46307 78.4556 curveto
76.46307 77.92712 76.67303 77.42036 77.04669 77.04669 curveto
77.42036 76.67303 77.92712 76.46307 78.4556 76.46307 curveto
78.98407 76.46307 79.49083 76.67303 79.8645 77.04669 curveto
80.23816 77.42036 80.44812 77.92712 80.44812 78.4556 curveto
80.44812 78.98407 80.23816 79.49083 79.8645 79.8645 curveto
79.49083 80.23816 78.98407 80.44812 78.4556 80.44812 curveto closepath fill
newpath 78.4556 13.20045 moveto
77.92712 13.20045 77.42036 12.9905 77.04669 12.61684 curveto
76.67303 12.24316 76.46307 11.7364 76.46307 11.20793 curveto
76.46307 10.67946 76.67303 10.1727 77.04669 9.79903 curveto
77.42036 9.42537 77.92712 9.21541 78.4556 9.21541 curveto
78.98407 9.21541 79.49083 9.42537 79.8645 9.79903 curveto
80.23816 10.1727 80.44812 10.67946 80.44812 11.20793 curveto
80.44812 11.7364 80.23816 12.24316 79.8645 12.61684 curveto
79.49083 12.9905 78.98407 13.20045 78.4556 13.20045 curveto closepath fill
newpath 100.78642 80.40933 moveto
100.72942 81.05898 100.64413 81.70589 100.5308 82.348 curveto
100.41748 82.99036 100.27657 83.62723 100.10782 84.25726 curveto
99.93909 84.8873 99.74275 85.50958 99.51974 86.12253 curveto
99.29674 86.73523 99.04704 87.33813 98.77136 87.92917 curveto
98.49568 88.52022 98.19446 89.09872 97.86838 89.66354 curveto
97.5423 90.22836 97.19182 90.7786 96.81763 91.31285 curveto
96.44366 91.84712 96.04622 92.36473 95.6271 92.86435 curveto
95.208 93.36395 94.76723 93.84508 94.30615 94.30615 curveto
93.84508 94.76723 93.36395 95.208 92.86435 95.6271 curveto
92.36473 96.04622 91.84712 96.44366 91.31285 96.81763 curveto
90.7786 97.19182 90.22836 97.5423 89.66354 97.86838 curveto
89.09872 98.19446 88.52022 98.49568 87.92917 98.77136 curveto
87.33813 99.04704 86.73523 99.29674 86.12253 99.51974 curveto
85.50958 99.74275 84.8873 99.93909 84.25726 100.10782 curveto
83.62723 100.27657 82.99036 100.41748 82.348 100.5308 curveto
81.70589 100.64413 81.05898 100.72942 80.40933 100.78642 curveto stroke
newpath 83.25604 99.03647 moveto
82.63542 100.0353 81.58076 100.68362 80.40933 100.78642 curveto
81.58076 100.68362 82.73222 101.13835 83.5173 102.01382 curveto stroke
newpath 102.01382 83.5173 moveto
101.13835 82.73222 100.68362 81.58076 100.78642 80.40933 curveto
100.68362 81.58076 100.0353 82.63542 99.03647 83.25604 curveto stroke
newpath 76.50186 100.78642 moveto
75.85199 100.72942 75.20485 100.64413 74.5625 100.5308 curveto
73.92038 100.41748 73.28374 100.27657 72.65393 100.10782 curveto
72.0239 99.93886 71.40138 99.74275 70.78845 99.51952 curveto
70.17596 99.29651 69.57329 99.04681 68.98248 98.77136 curveto
68.3912 98.49568 67.81224 98.19423 67.2472 97.86815 curveto
66.6826 97.54207 66.1326 97.19159 65.59857 96.81763 curveto
65.0643 96.44344 64.54646 96.04645 64.04684 95.6271 curveto
63.54747 95.208 63.06656 94.76723 62.6055 94.30615 curveto
62.1442 93.84485 61.7032 93.36372 61.28386 92.86412 curveto
60.86475 92.36473 60.46776 91.84735 60.0938 91.31331 curveto
59.7196 90.77904 59.36913 90.22859 59.04282 89.66354 curveto
58.71674 89.09895 58.41551 88.52045 58.14006 87.9294 curveto
57.86438 87.33813 57.61469 86.735 57.39145 86.12207 curveto
57.16844 85.50935 56.9721 84.88753 56.80338 84.25772 curveto
56.63463 83.62769 56.49371 82.99036 56.38039 82.348 curveto
56.26729 81.70589 56.182 81.0592 56.12521 80.40977 curveto
56.06844 79.7599 56.0397 79.10799 56.0397 78.4556 curveto
56.0397 77.8032 56.06844 77.15129 56.12521 76.50142 curveto
56.182 75.85199 56.26729 75.2053 56.38039 74.56319 curveto
56.49371 73.92084 56.63463 73.28351 56.80338 72.65347 curveto
56.9721 72.02367 57.16844 71.40184 57.39145 70.78912 curveto
57.61469 70.1762 57.86438 69.57306 58.14006 68.9818 curveto
58.41551 68.39075 58.71674 67.81224 59.04282 67.24765 curveto
59.36913 66.6826 59.7196 66.13216 60.0938 65.59789 curveto
60.46776 65.06384 60.86475 64.54646 61.28386 64.04707 curveto
61.7032 63.54747 62.1442 63.06635 62.6055 62.60504 curveto
63.06656 62.14397 63.54747 61.7032 64.04684 61.28409 curveto
64.54646 60.86475 65.0643 60.46776 65.59857 60.09357 curveto
66.1326 59.7196 66.6826 59.36913 67.2472 59.04305 curveto
67.81224 58.71696 68.3912 58.41551 68.98248 58.13983 curveto
69.57329 57.86438 70.17596 57.61469 70.78845 57.39168 curveto
71.40138 57.16844 72.0239 56.97234 72.65393 56.80338 curveto
73.28374 56.63463 73.92038 56.49371 74.5625 56.38039 curveto
75.20485 56.26706 75.85199 56.18178 76.50186 56.12477 curveto stroke
newpath 73.6551 57.87463 moveto
74.27576 56.87582 75.33043 56.22754 76.50186 56.12477 curveto
75.33043 56.22754 74.17899 55.77277 73.39394 54.89728 curveto stroke
newpath 73.39394 102.01392 moveto
74.17899 101.13843 75.33043 100.68365 76.50186 100.78642 curveto
75.33043 100.68365 74.27576 100.03537 73.6551 99.03656 curveto stroke
 0 1.24533 dtransform truncate idtransform setlinewidth pop
newpath 153.17522 78.4556 moveto
78.4556 78.4556 lineto
78.4556 3.73598 lineto stroke
newpath 79.95 6.72476 moveto
79.00925 6.01921 78.4556 4.91191 78.4556 3.73598 curveto
78.4556 4.91191 77.90195 6.01921 76.9612 6.72476 curveto stroke
newpath 150.18643 79.95 moveto
150.89198 79.00925 151.99928 78.4556 153.17522 78.4556 curveto
151.99928 78.4556 150.89198 77.90195 150.18643 76.9612 curveto stroke
showpage
%%EOF
