%!PS
%%BoundingBox: -1 -1 100 140 
%%HiResBoundingBox: -0.24907 -0.24907 99.87523 139.7257 
%%Creator: MetaPost 2.000
%%CreationDate: 2017.06.03:1629
%%Pages: 1
%%BeginProlog
%%EndProlog
%%Page: 1 1
 0 0 0 setrgbcolor 0 0.49814 dtransform truncate idtransform setlinewidth pop [] 0 setdash 1 setlinecap
 1 setlinejoin 10 setmiterlimit
newpath 0 19.92523 moveto
99.62616 19.92523 lineto stroke
newpath 94.64485 22.4159 moveto
95.82079 20.84798 97.66628 19.92523 99.62616 19.92523 curveto
97.66628 19.92523 95.82079 19.00249 94.64485 17.43457 curveto stroke
 0.49814 0 dtransform exch truncate exch idtransform pop setlinewidth
newpath 19.92523 0 moveto
19.92523 139.47662 lineto stroke
 0 0.49814 dtransform truncate idtransform setlinewidth pop
newpath 17.43457 134.49532 moveto
19.00249 135.67125 19.92523 137.51674 19.92523 139.47662 curveto
19.92523 137.51674 20.84798 135.67125 22.4159 134.49532 curveto stroke
 0.7 setgray
newpath 79.70093 19.92523 moveto
79.70123 21.6643 79.62553 23.40279 79.47382 25.13518 curveto
79.3221 26.86787 79.09438 28.59296 78.79247 30.3059 curveto
78.49057 32.01822 78.11417 33.71686 77.6642 35.39635 curveto
77.21393 37.07614 76.69037 38.73557 76.09538 40.37006 curveto
75.50069 42.00394 74.83516 43.61107 74.1006 45.18689 curveto
73.36575 46.7633 72.5622 48.30688 71.69264 49.81308 curveto
70.8231 51.31927 69.8882 52.78654 68.89066 54.21124 curveto
67.89313 55.63596 66.83447 57.01628 65.71654 58.34856 curveto
64.5986 59.68083 63.4229 60.96326 62.19308 62.19308 curveto
60.96326 63.4229 59.68083 64.5986 58.34856 65.71654 curveto
57.01628 66.83447 55.63596 67.89313 54.21124 68.89066 curveto
52.78654 69.8882 51.31927 70.8231 49.81308 71.69264 curveto
48.30688 72.5622 46.7633 73.36575 45.18689 74.1006 curveto
43.61107 74.83516 42.00394 75.50069 40.37006 76.09538 curveto
38.73557 76.69037 37.07614 77.21393 35.39635 77.6642 curveto
33.71686 78.11417 32.01822 78.49057 30.3059 78.79247 curveto
28.59296 79.09438 26.86787 79.3221 25.13518 79.47382 curveto
23.40279 79.62553 21.6643 79.70123 19.92523 79.70093 curveto stroke
 0 0 0 setrgbcolor
newpath 34.8123 21.22772 moveto
34.77429 21.66096 34.71744 22.09209 34.64204 22.52048 curveto
34.56664 22.94856 34.4724 23.37329 34.3599 23.79317 curveto
34.2474 24.21304 34.11667 24.62775 33.968 25.03636 curveto
33.81932 25.44499 33.65271 25.84662 33.46907 26.24065 curveto
33.28543 26.63467 33.08447 27.0205 32.86708 27.3972 curveto
32.6497 27.7739 32.4159 28.14056 32.1666 28.49689 curveto
31.91728 28.85321 31.65247 29.198 31.37306 29.53122 curveto
31.09364 29.86444 30.79965 30.18489 30.49226 30.49226 curveto
30.18489 30.79965 29.86414 31.09335 29.53122 31.37276 curveto
29.198 31.65216 28.85321 31.91698 28.49689 32.1666 curveto stroke
newpath 30.08737 29.2278 moveto
30.04927 30.4031 29.46 31.4919 28.49689 32.1666 curveto
29.46 31.4919 30.68459 31.31003 31.80222 31.6757 curveto stroke
newpath 19.92523 21.41963 moveto
19.52887 21.41963 19.1488 21.26215 18.86856 20.9819 curveto
18.58832 20.70166 18.43083 20.3216 18.43083 19.92523 curveto
18.43083 19.52887 18.58832 19.1488 18.86856 18.86856 curveto
19.1488 18.58832 19.52887 18.43083 19.92523 18.43083 curveto
20.3216 18.43083 20.70166 18.58832 20.9819 18.86856 curveto
21.26215 19.1488 21.41963 19.52887 21.41963 19.92523 curveto
21.41963 20.3216 21.26215 20.70166 20.9819 20.9819 curveto
20.70166 21.26215 20.3216 21.41963 19.92523 21.41963 curveto closepath fill
newpath 79.70093 124.95113 moveto
79.30457 124.95113 78.9245 124.79364 78.64426 124.5134 curveto
78.36401 124.23315 78.20653 123.85309 78.20653 123.45673 curveto
78.20653 123.06036 78.36401 122.6803 78.64426 122.40005 curveto
78.9245 122.11981 79.30457 121.96233 79.70093 121.96233 curveto
80.09729 121.96233 80.47736 122.11981 80.7576 122.40005 curveto
81.03784 122.6803 81.19533 123.06036 81.19533 123.45673 curveto
81.19533 123.85309 81.03784 124.23315 80.7576 124.5134 curveto
80.47736 124.79364 80.09729 124.95113 79.70093 124.95113 curveto closepath fill
newpath 79.70093 21.41963 moveto
79.30457 21.41963 78.9245 21.26215 78.64426 20.9819 curveto
78.36401 20.70166 78.20653 20.3216 78.20653 19.92523 curveto
78.20653 19.52887 78.36401 19.1488 78.64426 18.86856 curveto
78.9245 18.58832 79.30457 18.43083 79.70093 18.43083 curveto
80.09729 18.43083 80.47736 18.58832 80.7576 18.86856 curveto
81.03784 19.1488 81.19533 19.52887 81.19533 19.92523 curveto
81.19533 20.3216 81.03784 20.70166 80.7576 20.9819 curveto
80.47736 21.26215 80.09729 21.41963 79.70093 21.41963 curveto closepath fill
 0.49814 0 dtransform exch truncate exch idtransform pop setlinewidth
newpath 19.92523 17.93271 moveto
19.92523 21.91776 lineto stroke
newpath 79.70093 17.93271 moveto
79.70093 21.91776 lineto stroke
 0 0.49814 dtransform truncate idtransform setlinewidth pop
newpath 21.91776 19.92523 moveto
17.93271 19.92523 lineto stroke
newpath 21.91776 79.70093 moveto
17.93271 79.70093 lineto stroke
newpath 19.92523 19.92523 moveto
79.70093 123.45673 lineto stroke
 0.49814 0 dtransform exch truncate exch idtransform pop setlinewidth
newpath 79.70093 19.92523 moveto
79.70093 123.45673 lineto stroke
 0 0.49814 dtransform truncate idtransform setlinewidth pop
newpath 74.71962 19.92523 moveto
74.71962 24.90654 lineto
79.70093 24.90654 lineto stroke
newpath 79.70093 19.92523 moveto
49.81308 71.69295 lineto stroke
showpage
%%EOF
