%!PS
%%BoundingBox: -1 -1 100 100 
%%HiResBoundingBox: -0.24907 -0.24907 99.87523 99.87523 
%%Creator: MetaPost 2.000
%%CreationDate: 2017.07.04:1541
%%Pages: 1
%%BeginProlog
%%EndProlog
%%Page: 1 1
 0 0 0 setrgbcolor 0 0.49814 dtransform truncate idtransform setlinewidth pop [] 0 setdash 1 setlinecap
 1 setlinejoin 10 setmiterlimit
newpath 0 49.81308 moveto
99.62616 49.81308 lineto stroke
newpath 94.64485 52.30374 moveto
95.82079 50.73582 97.66628 49.81308 99.62616 49.81308 curveto
97.66628 49.81308 95.82079 48.89034 94.64485 47.32242 curveto stroke
 0.49814 0 dtransform exch truncate exch idtransform pop setlinewidth
newpath 49.81308 0 moveto
49.81308 99.62616 lineto stroke
 0 0.49814 dtransform truncate idtransform setlinewidth pop
newpath 47.32242 94.64485 moveto
48.89034 95.82079 49.81308 97.66628 49.81308 99.62616 curveto
49.81308 97.66628 50.73582 95.82079 52.30374 94.64485 curveto stroke
newpath 49.81308 11.95514 moveto
49.2846 11.95514 48.77785 11.74518 48.40417 11.37152 curveto
48.03052 10.99785 47.82056 10.49109 47.82056 9.96262 curveto
47.82056 9.43414 48.03052 8.92738 48.40417 8.55371 curveto
48.77785 8.18005 49.2846 7.9701 49.81308 7.9701 curveto
50.34155 7.9701 50.84831 8.18005 51.22198 8.55371 curveto
51.59564 8.92738 51.8056 9.43414 51.8056 9.96262 curveto
51.8056 10.49109 51.59564 10.99785 51.22198 11.37152 curveto
50.84831 11.74518 50.34155 11.95514 49.81308 11.95514 curveto closepath fill
newpath 89.66354 51.8056 moveto
89.13507 51.8056 88.62831 51.59564 88.25464 51.22198 curveto
87.88098 50.84831 87.67102 50.34155 87.67102 49.81308 curveto
87.67102 49.2846 87.88098 48.77785 88.25464 48.40417 curveto
88.62831 48.03052 89.13507 47.82056 89.66354 47.82056 curveto
90.19202 47.82056 90.69878 48.03052 91.07245 48.40417 curveto
91.4461 48.77785 91.65607 49.2846 91.65607 49.81308 curveto
91.65607 50.34155 91.4461 50.84831 91.07245 51.22198 curveto
90.69878 51.59564 90.19202 51.8056 89.66354 51.8056 curveto closepath fill
newpath 49.81308 91.65607 moveto
49.2846 91.65607 48.77785 91.4461 48.40417 91.07245 curveto
48.03052 90.69878 47.82056 90.19202 47.82056 89.66354 curveto
47.82056 89.13507 48.03052 88.62831 48.40417 88.25464 curveto
48.77785 87.88098 49.2846 87.67102 49.81308 87.67102 curveto
50.34155 87.67102 50.84831 87.88098 51.22198 88.25464 curveto
51.59564 88.62831 51.8056 89.13507 51.8056 89.66354 curveto
51.8056 90.19202 51.59564 90.69878 51.22198 91.07245 curveto
50.84831 91.4461 50.34155 91.65607 49.81308 91.65607 curveto closepath fill
 0.49814 0 dtransform exch truncate exch idtransform pop setlinewidth
newpath 9.96262 47.82056 moveto
9.96262 51.8056 lineto stroke
newpath 89.66354 47.82056 moveto
89.66354 51.8056 lineto stroke
 0 0.49814 dtransform truncate idtransform setlinewidth pop
newpath 51.8056 9.96262 moveto
47.82056 9.96262 lineto stroke
newpath 51.8056 89.66354 moveto
47.82056 89.66354 lineto stroke
 0 1.24533 dtransform truncate idtransform setlinewidth pop
newpath 49.8447 9.96262 moveto
51.15677 9.96353 52.46791 10.0292 53.77344 10.15964 curveto
55.07912 10.29005 56.3775 10.48495 57.66386 10.74338 curveto
58.94994 11.0018 60.22263 11.32378 61.47708 11.70778 curveto
62.73167 12.09192 63.9665 12.53795 65.17719 13.0437 curveto
66.38785 13.54947 67.57283 14.11452 68.7277 14.73718 curveto
69.88243 15.35985 71.00568 16.03937 72.09337 16.773 curveto
73.18105 17.50648 74.2318 18.29332 75.24196 19.13048 curveto
76.2521 19.9678 77.2203 20.85437 78.14305 21.78714 curveto stroke
newpath 74.97873 20.71338 moveto
76.1437 20.55334 77.31604 20.95116 78.14305 21.78714 curveto
77.31604 20.95116 76.93091 19.7746 77.10349 18.61142 curveto stroke
newpath 78.14305 21.78714 moveto
79.0544 22.70792 79.91998 23.6726 80.73708 24.6779 curveto
81.55417 25.6832 82.32156 26.72801 83.0368 27.80824 curveto
83.75204 28.88818 84.41408 30.00232 85.02094 31.14655 curveto
85.62778 32.29109 86.1787 33.46436 86.67123 34.66241 curveto
87.16393 35.86046 87.59778 37.08192 87.97128 38.32239 curveto
88.34479 39.56285 88.65733 40.82079 88.90833 42.09181 curveto
89.1593 43.36252 89.3484 44.64449 89.47444 45.9336 curveto
89.6006 47.22285 89.66354 48.5176 89.66354 49.81308 curveto
89.66354 51.10857 89.6006 52.4033 89.47444 53.69257 curveto
89.3484 54.98183 89.1593 56.2641 88.90833 57.53496 curveto
88.65733 58.80568 88.34479 60.06346 87.97128 61.30377 curveto
87.59778 62.54424 87.16393 63.7657 86.67123 64.96375 curveto
86.1787 66.1618 85.62778 67.33507 85.02094 68.47961 curveto
84.41408 69.62415 83.75204 70.73843 83.0368 71.81851 curveto
82.32156 72.8986 81.55417 73.94312 80.73708 74.94826 curveto
79.91998 75.95355 79.05424 76.91824 78.14305 77.83902 curveto stroke
newpath 79.18314 74.66342 moveto
79.35555 75.82666 78.9702 77.00316 78.14305 77.83902 curveto
78.9702 77.00316 80.14262 76.60553 81.30759 76.76575 curveto stroke
newpath 78.14305 77.83902 moveto
77.2203 78.77179 76.2521 79.65836 75.24196 80.49568 curveto
74.2318 81.33284 73.18105 82.11967 72.09337 82.85316 curveto
71.00568 83.58679 69.88243 84.26631 68.7277 84.88898 curveto
67.57283 85.51164 66.38785 86.07669 65.17719 86.58246 curveto
63.9665 87.08821 62.73167 87.53424 61.47708 87.91838 curveto
60.22247 88.30254 58.94963 88.62436 57.66325 88.88278 curveto
56.37704 89.1412 55.07896 89.3361 53.77344 89.46652 curveto
52.46791 89.59695 51.15677 89.66263 49.8447 89.66354 curveto stroke
showpage
%%EOF
