%!PS
%%BoundingBox: -1 -1 113 113 
%%HiResBoundingBox: -0.24907 -0.24907 112.3285 112.3285 
%%Creator: MetaPost 2.000
%%CreationDate: 2017.07.04:1541
%%Pages: 1
%%BeginProlog
%%EndProlog
%%Page: 1 1
 0 0 0 setrgbcolor
newpath 80.94626 14.4458 moveto
80.41779 14.4458 79.91103 14.23584 79.53735 13.86218 curveto
79.1637 13.48851 78.95374 12.98175 78.95374 12.45328 curveto
78.95374 11.9248 79.1637 11.41805 79.53735 11.04437 curveto
79.91103 10.67072 80.41779 10.46075 80.94626 10.46075 curveto
81.47473 10.46075 81.98149 10.67072 82.35516 11.04437 curveto
82.72882 11.41805 82.93878 11.9248 82.93878 12.45328 curveto
82.93878 12.98175 82.72882 13.48851 82.35516 13.86218 curveto
81.98149 14.23584 81.47473 14.4458 80.94626 14.4458 curveto closepath fill
newpath 56.03972 53.56902 moveto
55.51125 53.56902 55.00449 53.35905 54.63081 52.9854 curveto
54.25716 52.61172 54.0472 52.10497 54.0472 51.57649 curveto
54.0472 51.04802 54.25716 50.54126 54.63081 50.16759 curveto
55.00449 49.79393 55.51125 49.58397 56.03972 49.58397 curveto
56.56819 49.58397 57.07495 49.79393 57.44862 50.16759 curveto
57.82228 50.54126 58.03224 51.04802 58.03224 51.57649 curveto
58.03224 52.10497 57.82228 52.61172 57.44862 52.9854 curveto
57.07495 53.35905 56.56819 53.56902 56.03972 53.56902 curveto closepath fill
newpath 31.13318 92.69223 moveto
30.6047 92.69223 30.09795 92.48227 29.72427 92.10861 curveto
29.35062 91.73494 29.14066 91.22818 29.14066 90.6997 curveto
29.14066 90.17123 29.35062 89.66447 29.72427 89.2908 curveto
30.09795 88.91714 30.6047 88.70718 31.13318 88.70718 curveto
31.66165 88.70718 32.16841 88.91714 32.54208 89.2908 curveto
32.91574 89.66447 33.1257 90.17123 33.1257 90.6997 curveto
33.1257 91.22818 32.91574 91.73494 32.54208 92.10861 curveto
32.16841 92.48227 31.66165 92.69223 31.13318 92.69223 curveto closepath fill
 0 0.49814 dtransform truncate idtransform setlinewidth pop [] 0 setdash 1 setlinecap 1 setlinejoin
 10 setmiterlimit
newpath 0 12.45328 moveto
112.07944 12.45328 lineto stroke
newpath 107.09813 14.94394 moveto
108.27406 13.37602 110.11955 12.45328 112.07944 12.45328 curveto
110.11955 12.45328 108.27406 11.53053 107.09813 9.96262 curveto stroke
 0.49814 0 dtransform exch truncate exch idtransform pop setlinewidth
newpath 56.03972 0 moveto
56.03972 112.07944 lineto stroke
 0 0.49814 dtransform truncate idtransform setlinewidth pop
newpath 53.54906 107.09813 moveto
55.11697 108.27406 56.03972 110.11955 56.03972 112.07944 curveto
56.03972 110.11955 56.96246 108.27406 58.53038 107.09813 curveto stroke
 0.49814 0 dtransform exch truncate exch idtransform pop setlinewidth
newpath 31.13318 10.46075 moveto
31.13318 14.4458 lineto stroke
newpath 80.94626 10.46075 moveto
80.94626 14.4458 lineto stroke
 0 0.49814 dtransform truncate idtransform setlinewidth pop
newpath 58.03224 51.57649 moveto
54.0472 51.57649 lineto stroke
newpath 58.03224 90.6997 moveto
54.0472 90.6997 lineto stroke
 0 1.24533 dtransform truncate idtransform setlinewidth pop
newpath 80.94626 12.45328 moveto
80.94588 13.2643 80.90636 14.07454 80.82806 14.88176 curveto
80.74902 15.69656 80.62968 16.50682 80.47424 17.31024 curveto
80.31615 18.12808 80.11928 18.93796 79.8886 19.73833 curveto
79.6522 20.55885 79.37895 21.36835 79.07607 22.16681 curveto
78.76367 22.98923 78.41745 23.79834 78.04463 24.59529 curveto
77.65926 25.41885 77.2435 26.22758 76.80455 27.02377 curveto
76.35039 27.8477 75.8685 28.65569 75.36722 29.45187 curveto
74.84846 30.2758 74.30766 31.0853 73.74596 31.88036 curveto stroke
newpath 74.25 28.57704 moveto
74.61122 29.69612 74.42448 30.91994 73.74596 31.88036 curveto
74.42448 30.91994 75.51558 30.33504 76.69104 30.30162 curveto stroke
newpath 73.74596 31.88036 moveto
73.15802 32.71227 72.55338 33.5324 71.93277 34.34 curveto
71.29277 35.17267 70.63416 35.99052 69.9649 36.79926 curveto
69.27702 37.6304 68.57356 38.44864 67.86136 39.2589 curveto
67.13243 40.08815 66.3906 40.90639 65.64229 41.71854 curveto
64.87991 42.54628 64.1069 43.36375 63.3301 44.1778 curveto
62.54189 45.00363 61.74493 45.82149 60.94646 46.63744 curveto
60.14001 47.46138 59.32747 48.27924 58.51494 49.09709 curveto
57.69861 49.91911 56.8781 50.73697 56.05948 51.55673 curveto
55.24086 52.37648 54.42035 53.19434 53.60402 54.01599 curveto
52.79149 54.83385 51.97858 55.6517 51.17212 56.47563 curveto
50.37326 57.29158 49.57594 58.10944 48.78734 58.93527 curveto
48.01016 59.74933 47.23677 60.56718 46.47401 61.39453 curveto
45.72534 62.2067 44.98273 63.02492 44.25305 63.85419 curveto
43.54008 64.66443 42.83586 65.48267 42.14722 66.31383 curveto
41.4772 67.12256 40.81783 67.94041 40.17708 68.77309 curveto
39.55533 69.58067 38.94992 70.40082 38.36122 71.23273 curveto stroke
newpath 38.86784 67.92978 moveto
39.2282 69.04913 39.0405 70.27283 38.36122 71.23273 curveto
39.0405 70.27283 40.13206 69.68878 41.30754 69.65628 curveto stroke
newpath 38.36122 71.23273 moveto
37.79877 72.02777 37.2572 72.83765 36.7373 73.66121 curveto
36.23488 74.4574 35.75185 75.26575 35.29655 76.08969 curveto
34.85684 76.88588 34.43956 77.69423 34.05344 78.51778 curveto
33.67986 79.31473 33.3321 80.12384 33.01857 80.94626 curveto
32.71454 81.74474 32.44016 82.55423 32.20262 83.37474 curveto
31.9708 84.17549 31.77242 84.98537 31.6128 85.80322 curveto
31.45622 86.60663 31.33612 87.4165 31.25555 88.23132 curveto
31.17575 89.03853 31.13509 89.84879 31.13318 90.6598 curveto stroke
showpage
%%EOF
