%!PS
%%BoundingBox: -1 -1 120 75 
%%HiResBoundingBox: -0.24907 -0.24907 119.80046 74.96869 
%%Creator: MetaPost 2.000
%%CreationDate: 2017.07.04:1541
%%Pages: 1
%%BeginProlog
%%EndProlog
%%Page: 1 1
 0 0 0 setrgbcolor 0 0.49814 dtransform truncate idtransform setlinewidth pop [] 0 setdash 1 setlinecap
 1 setlinejoin 10 setmiterlimit
newpath 0 14.94392 moveto
119.55139 14.94392 lineto stroke
newpath 114.57008 17.43459 moveto
115.74602 15.86667 117.5915 14.94392 119.55139 14.94392 curveto
117.5915 14.94392 115.74602 14.02118 114.57008 12.45326 curveto stroke
 0.49814 0 dtransform exch truncate exch idtransform pop setlinewidth
newpath 59.7757 0 moveto
59.7757 74.71962 lineto stroke
 0 0.49814 dtransform truncate idtransform setlinewidth pop
newpath 57.28503 69.73831 moveto
58.85295 70.91425 59.7757 72.75974 59.7757 74.71962 curveto
59.7757 72.75974 60.69844 70.91425 62.26636 69.73831 curveto stroke
newpath 14.94392 16.93645 moveto
14.41545 16.93645 13.90869 16.72649 13.53502 16.35283 curveto
13.16136 15.97916 12.9514 15.4724 12.9514 14.94392 curveto
12.9514 14.41545 13.16136 13.90869 13.53502 13.53502 curveto
13.90869 13.16136 14.41545 12.9514 14.94392 12.9514 curveto
15.4724 12.9514 15.97916 13.16136 16.35283 13.53502 curveto
16.72649 13.90869 16.93645 14.41545 16.93645 14.94392 curveto
16.93645 15.4724 16.72649 15.97916 16.35283 16.35283 curveto
15.97916 16.72649 15.4724 16.93645 14.94392 16.93645 curveto closepath fill
newpath 104.60747 16.93645 moveto
104.079 16.93645 103.57224 16.72649 103.19856 16.35283 curveto
102.8249 15.97916 102.61494 15.4724 102.61494 14.94392 curveto
102.61494 14.41545 102.8249 13.90869 103.19856 13.53502 curveto
103.57224 13.16136 104.079 12.9514 104.60747 12.9514 curveto
105.13594 12.9514 105.6427 13.16136 106.01637 13.53502 curveto
106.39003 13.90869 106.59999 14.41545 106.59999 14.94392 curveto
106.59999 15.4724 106.39003 15.97916 106.01637 16.35283 curveto
105.6427 16.72649 105.13594 16.93645 104.60747 16.93645 curveto closepath fill
newpath 59.7757 61.76822 moveto
59.24722 61.76822 58.74046 61.55826 58.36679 61.1846 curveto
57.99313 60.81093 57.78317 60.30417 57.78317 59.7757 curveto
57.78317 59.24722 57.99313 58.74046 58.36679 58.36679 curveto
58.74046 57.99313 59.24722 57.78317 59.7757 57.78317 curveto
60.30417 57.78317 60.81093 57.99313 61.1846 58.36679 curveto
61.55826 58.74046 61.76822 59.24722 61.76822 59.7757 curveto
61.76822 60.30417 61.55826 60.81093 61.1846 61.1846 curveto
60.81093 61.55826 60.30417 61.76822 59.7757 61.76822 curveto closepath fill
 0.49814 0 dtransform exch truncate exch idtransform pop setlinewidth
newpath 14.94392 12.9514 moveto
14.94392 16.93645 lineto stroke
newpath 29.88785 12.9514 moveto
29.88785 16.93645 lineto stroke
newpath 44.83177 12.9514 moveto
44.83177 16.93645 lineto stroke
newpath 74.71962 12.9514 moveto
74.71962 16.93645 lineto stroke
newpath 89.66354 12.9514 moveto
89.66354 16.93645 lineto stroke
newpath 104.60747 12.9514 moveto
104.60747 16.93645 lineto stroke
 0 0.49814 dtransform truncate idtransform setlinewidth pop
newpath 61.76822 29.88785 moveto
57.78317 29.88785 lineto stroke
newpath 61.76822 44.83177 moveto
57.78317 44.83177 lineto stroke
newpath 61.76822 59.7757 moveto
57.78317 59.7757 lineto stroke
 0 1.24533 dtransform truncate idtransform setlinewidth pop
newpath 104.60747 14.94392 moveto
104.60747 16.40125 104.53654 17.85786 104.39471 19.30835 curveto
104.25288 20.75859 104.04015 22.20131 103.75784 23.63104 curveto
103.47554 25.06053 103.1237 26.47566 102.70367 27.87096 curveto
102.28343 29.26648 101.79523 30.64056 101.24112 31.98842 curveto
100.68701 33.33629 100.06725 34.65633 99.38452 35.94377 curveto
98.70181 37.23143 97.95708 38.48512 97.15237 39.70004 curveto
96.34767 40.91519 95.48438 42.09021 94.5652 43.221 curveto
93.64603 44.352 92.67212 45.43718 91.64691 46.4731 curveto stroke
newpath 92.68709 43.29758 moveto
92.85945 44.4608 92.47408 45.63728 91.64691 46.4731 curveto
92.47408 45.63728 93.6465 45.2397 94.81145 45.39993 curveto stroke
newpath 91.64691 46.4731 moveto
90.60895 47.52248 89.51965 48.51987 88.38318 49.46184 curveto
87.24692 50.40382 86.0646 51.28879 84.84102 52.11401 curveto
83.6172 52.93924 82.35371 53.70381 81.05464 54.40431 curveto
79.75536 55.10481 78.4223 55.74031 77.0603 56.30946 curveto
75.69853 56.87862 74.30963 57.38028 72.89838 57.8124 curveto
71.4869 58.2445 70.05511 58.60661 68.60783 58.89734 curveto
67.16055 59.18808 65.70004 59.40744 64.2311 59.55406 curveto
62.76239 59.70067 61.28728 59.77455 59.81126 59.7757 curveto
58.33548 59.77684 56.86015 59.70523 55.39143 59.5609 curveto
53.92249 59.41655 52.46153 59.19948 51.01402 58.91103 curveto
49.56628 58.62257 48.13359 58.26274 46.72142 57.83292 curveto
45.30971 57.4033 43.91989 56.90439 42.55743 56.33752 curveto
41.1943 55.77042 39.86012 55.1365 38.55968 54.43784 curveto
37.25948 53.73917 35.99438 52.9771 34.76921 52.15369 curveto
33.54425 51.33052 32.36057 50.4476 31.22295 49.50768 curveto
30.08487 48.56752 28.99399 47.5715 27.9544 46.52373 curveto stroke
newpath 31.12035 47.59286 moveto
29.95558 47.75461 28.78265 47.3585 27.9544 46.52373 curveto
28.78265 47.3585 29.16954 48.53452 28.99864 49.69797 curveto stroke
newpath 27.9544 46.52373 moveto
26.92784 45.4894 25.95235 44.40582 25.03134 43.2764 curveto
24.11035 42.14676 23.24477 40.97289 22.438 39.75888 curveto
21.6317 38.54555 20.88492 37.29346 20.20038 36.00739 curveto
19.51563 34.72086 18.8938 33.40196 18.33763 32.05478 curveto
17.78148 30.7076 17.29146 29.3342 16.86893 27.93936 curveto
16.4464 26.54453 16.09181 25.13008 15.80724 23.70082 curveto
15.52266 22.27177 15.3083 20.82951 15.1642 19.37949 curveto
15.02008 17.92924 14.94643 16.47261 14.94392 15.01508 curveto stroke
showpage
%%EOF
