%!PS
%%BoundingBox: -1 -1 150 150 
%%HiResBoundingBox: -0.24907 -0.24907 149.68831 149.68831 
%%Creator: MetaPost 2.000
%%CreationDate: 2017.07.04:1541
%%Pages: 1
%%BeginProlog
%%EndProlog
%%Page: 1 1
 0 0 0 setrgbcolor 0 0.49814 dtransform truncate idtransform setlinewidth pop [] 0 setdash 1 setlinecap
 1 setlinejoin 10 setmiterlimit
newpath 0 74.71962 moveto
149.43924 74.71962 lineto stroke
newpath 144.45793 77.21028 moveto
145.63387 75.64236 147.47935 74.71962 149.43924 74.71962 curveto
147.47935 74.71962 145.63387 73.79688 144.45793 72.22896 curveto stroke
 0.49814 0 dtransform exch truncate exch idtransform pop setlinewidth
newpath 74.71962 0 moveto
74.71962 149.43924 lineto stroke
 0 0.49814 dtransform truncate idtransform setlinewidth pop
newpath 72.22896 144.45793 moveto
73.79688 145.63387 74.71962 147.47935 74.71962 149.43924 curveto
74.71962 147.47935 75.64236 145.63387 77.21028 144.45793 curveto stroke
 0.49814 0 dtransform exch truncate exch idtransform pop setlinewidth
newpath 14.94392 72.7271 moveto
14.94392 76.71214 lineto stroke
newpath 134.49532 72.7271 moveto
134.49532 76.71214 lineto stroke
 0 0.49814 dtransform truncate idtransform setlinewidth pop
newpath 76.71214 14.94392 moveto
72.7271 14.94392 lineto stroke
newpath 76.71214 134.49532 moveto
72.7271 134.49532 lineto stroke
 0 1.24533 dtransform truncate idtransform setlinewidth pop
newpath 134.49532 74.71962 moveto
134.5261 80.91486 133.97313 87.09917 132.84349 93.19066 curveto
131.78545 98.89655 130.24536 104.51102 127.98015 109.85481 curveto
125.9717 114.59273 123.4723 119.12703 120.17345 123.0794 curveto
117.28983 126.53424 113.87263 129.53871 109.85481 131.57019 curveto
106.05383 133.492 101.8545 134.49394 97.5952 134.49532 curveto stroke
newpath 100.58351 132.99995 moveto
99.87825 133.94093 98.77113 134.49493 97.5952 134.49532 curveto
98.77113 134.49493 99.87862 135.04823 100.58446 135.98875 curveto stroke
newpath 97.5952 134.49532 moveto
92.38504 134.2771 87.26653 133.05283 82.52176 130.88977 curveto
76.8072 128.28479 71.68346 124.59396 66.91656 120.51001 curveto
61.35797 115.74791 56.44173 110.30243 51.84494 104.60838 curveto
46.8701 98.4462 42.45232 91.86194 38.33029 85.10028 curveto
34.24771 78.40338 30.61958 71.44312 27.29655 64.33896 curveto
24.32675 57.98979 21.71652 51.47827 19.4935 44.83086 curveto
17.75616 39.63528 16.28769 34.34508 15.45561 28.92923 curveto
14.92386 25.4687 14.48239 21.91948 15.45561 18.54947 curveto
15.99786 16.6719 17.5676 15.27046 19.49442 14.94392 curveto stroke
newpath 16.79733 16.9167 moveto
17.33577 15.87128 18.335 15.1404 19.49442 14.94392 curveto
18.335 15.1404 17.15077 14.77954 16.29794 13.9699 curveto stroke
newpath 19.49442 14.94392 moveto
22.31555 15.59586 24.97183 16.82332 27.29655 18.54947 curveto
31.36113 21.56717 34.87752 25.23155 38.3312 28.92923 curveto
43.0812 34.01466 47.47322 39.41684 51.84404 44.83086 curveto
57.00632 51.2254 61.93738 57.80167 66.91748 64.33896 curveto
72.16391 71.22557 77.27533 78.21367 82.52176 85.10028 curveto
87.50186 91.63757 92.43292 98.21384 97.5952 104.60838 curveto
101.96602 110.0224 106.35803 115.42458 111.10803 120.51001 curveto
114.56172 124.20769 118.07811 127.87207 122.14268 130.88977 curveto
124.4674 132.61592 127.12369 133.84338 129.94482 134.49532 curveto stroke
newpath 126.69632 135.27838 moveto
127.59557 134.52066 128.79909 134.23055 129.94482 134.49532 curveto
128.79909 134.23055 127.8449 133.4418 127.36926 132.36633 curveto stroke
newpath 129.94482 134.49532 moveto
131.87164 134.16878 133.44138 132.76733 133.98363 130.88977 curveto
134.95685 127.51976 134.51538 123.97054 133.98363 120.51001 curveto
133.15155 115.09416 131.68307 109.80396 129.94574 104.60838 curveto
127.72272 97.96097 125.11249 91.44945 122.14268 85.10028 curveto
118.81966 77.99612 115.19153 71.03586 111.10895 64.33896 curveto
106.98692 57.5773 102.56914 50.99304 97.5943 44.83086 curveto
92.99751 39.13681 88.08127 33.69133 82.52267 28.92923 curveto
77.75578 24.84528 72.63203 21.15445 66.91748 18.54947 curveto
62.17271 16.38641 57.0542 15.16214 51.84404 14.94392 curveto stroke
newpath 54.89276 13.57587 moveto
54.14845 14.4863 53.01895 14.99312 51.84404 14.94392 curveto
53.01895 14.99312 54.10213 15.59262 54.7677 16.56207 curveto stroke
newpath 51.84404 14.94392 moveto
47.10405 14.96103 42.4489 16.20308 38.33029 18.54947 curveto
33.88948 21.07942 30.27116 24.77756 27.29564 28.92923 curveto
23.83603 33.75632 21.37677 39.2009 19.49442 44.83086 curveto
17.38174 51.14879 16.12032 57.71138 15.45561 64.33896 curveto
14.76332 71.24222 14.76332 78.19702 15.45561 85.10028 curveto
16.12032 91.72786 17.38174 98.29045 19.49442 104.60838 curveto
21.37677 110.23834 23.83603 115.68292 27.29564 120.51001 curveto
30.27116 124.66168 33.88948 128.35982 38.33029 130.88977 curveto
42.4489 133.23616 47.10405 134.47821 51.84404 134.49532 curveto stroke
newpath 48.84987 135.97896 moveto
49.5588 135.04074 50.6681 134.49107 51.84404 134.49532 curveto
50.6681 134.49107 49.5628 133.93344 48.86064 132.99016 curveto stroke
newpath 51.84404 134.49532 moveto
57.0542 134.2771 62.17271 133.05283 66.91748 130.88977 curveto
72.63203 128.28479 77.75578 124.59396 82.52267 120.51001 curveto
88.08127 115.74791 92.99751 110.30243 97.5943 104.60838 curveto
102.56914 98.4462 106.98692 91.86194 111.10895 85.10028 curveto
115.19153 78.40338 118.81966 71.44312 122.14268 64.33896 curveto
125.11249 57.98979 127.72272 51.47827 129.94574 44.83086 curveto
131.68307 39.63528 133.15155 34.34508 133.98363 28.92923 curveto
134.51538 25.4687 134.95685 21.91948 133.98363 18.54947 curveto
133.44138 16.6719 131.87164 15.27046 129.94482 14.94392 curveto stroke
newpath 133.1413 13.9699 moveto
132.28847 14.77954 131.10423 15.1404 129.94482 14.94392 curveto
131.10423 15.1404 132.10347 15.87128 132.6419 16.9167 curveto stroke
newpath 129.94482 14.94392 moveto
127.12369 15.59586 124.4674 16.82332 122.14268 18.54947 curveto
118.07811 21.56717 114.56172 25.23155 111.10803 28.92923 curveto
106.35803 34.01466 101.96602 39.41684 97.5952 44.83086 curveto
92.43292 51.2254 87.50186 57.80167 82.52176 64.33896 curveto
77.27533 71.22557 72.16391 78.21367 66.91748 85.10028 curveto
61.93738 91.63757 57.00632 98.21384 51.84404 104.60838 curveto
47.47322 110.0224 43.0812 115.42458 38.3312 120.51001 curveto
34.87752 124.20769 31.36113 127.87207 27.29655 130.88977 curveto
24.97183 132.61592 22.31555 133.84338 19.49442 134.49532 curveto stroke
newpath 22.06998 132.36633 moveto
21.59435 133.4418 20.64015 134.23055 19.49442 134.49532 curveto
20.64015 134.23055 21.84367 134.52066 22.74292 135.27838 curveto stroke
newpath 19.49442 134.49532 moveto
17.5676 134.16878 15.99786 132.76733 15.45561 130.88977 curveto
14.48239 127.51976 14.92386 123.97054 15.45561 120.51001 curveto
16.28769 115.09416 17.75616 109.80396 19.4935 104.60838 curveto
21.71652 97.96097 24.32675 91.44945 27.29655 85.10028 curveto
30.61958 77.99612 34.24771 71.03586 38.33029 64.33896 curveto
42.45232 57.5773 46.8701 50.99304 51.84494 44.83086 curveto
56.44173 39.13681 61.35797 33.69133 66.91656 28.92923 curveto
71.68346 24.84528 76.8072 21.15445 82.52176 18.54947 curveto
87.26653 16.38641 92.38504 15.16214 97.5952 14.94392 curveto stroke
newpath 94.67154 16.56207 moveto
95.33711 15.59262 96.42029 14.99312 97.5952 14.94392 curveto
96.42029 14.99312 95.29079 14.4863 94.54648 13.57587 curveto stroke
newpath 97.5952 14.94392 moveto
101.8545 14.9453 106.05383 15.94724 109.85481 17.86905 curveto
113.87263 19.90053 117.28983 22.905 120.17345 26.35983 curveto
123.4723 30.31221 125.9717 34.84651 127.98015 39.58443 curveto
130.24536 44.92822 131.78545 50.5427 132.84349 56.24858 curveto
133.97313 62.34007 134.5261 68.52438 134.49532 74.71962 curveto stroke
showpage
%%EOF
