%!PS
%%BoundingBox: -1 -1 200 160 
%%HiResBoundingBox: -0.24907 -0.24907 199.50139 159.65092 
%%Creator: MetaPost 2.000
%%CreationDate: 2017.07.04:1541
%%Pages: 1
%%BeginProlog
%%EndProlog
%%Page: 1 1
 0 0 0 setrgbcolor 0 0.49814 dtransform truncate idtransform setlinewidth pop [] 0 setdash 1 setlinecap
 1 setlinejoin 10 setmiterlimit
newpath 0 19.92523 moveto
199.25232 19.92523 lineto stroke
newpath 194.27101 22.4159 moveto
195.44695 20.84798 197.29243 19.92523 199.25232 19.92523 curveto
197.29243 19.92523 195.44695 19.00249 194.27101 17.43457 curveto stroke
 0.49814 0 dtransform exch truncate exch idtransform pop setlinewidth
newpath 19.92523 0 moveto
19.92523 159.40186 lineto stroke
 0 0.49814 dtransform truncate idtransform setlinewidth pop
newpath 17.43457 154.42055 moveto
19.00249 155.59648 19.92523 157.44197 19.92523 159.40186 curveto
19.92523 157.44197 20.84798 155.59648 22.4159 154.42055 curveto stroke
newpath 19.92523 99.62616 moveto
21.79323 99.62616 lineto stroke
newpath 25.52922 99.62616 moveto
29.26503 99.62616 lineto stroke
newpath 33.00116 99.62616 moveto
36.73724 99.62616 lineto stroke
newpath 40.47314 99.62616 moveto
44.20905 99.62616 lineto stroke
newpath 47.94508 99.62616 moveto
49.81308 99.62616 lineto stroke
newpath 19.92523 101.61868 moveto
19.39676 101.61868 18.89 101.40872 18.51633 101.03506 curveto
18.14267 100.66139 17.93271 100.15463 17.93271 99.62616 curveto
17.93271 99.09769 18.14267 98.59093 18.51633 98.21725 curveto
18.89 97.8436 19.39676 97.63364 19.92523 97.63364 curveto
20.4537 97.63364 20.96046 97.8436 21.33414 98.21725 curveto
21.7078 98.59093 21.91776 99.09769 21.91776 99.62616 curveto
21.91776 100.15463 21.7078 100.66139 21.33414 101.03506 curveto
20.96046 101.40872 20.4537 101.61868 19.92523 101.61868 curveto closepath fill
newpath 139.07803 21.91776 moveto
138.54956 21.91776 138.0428 21.7078 137.66913 21.33414 curveto
137.29547 20.96046 137.08551 20.4537 137.08551 19.92523 curveto
137.08551 19.39676 137.29547 18.89 137.66913 18.51633 curveto
138.0428 18.14267 138.54956 17.93271 139.07803 17.93271 curveto
139.6065 17.93271 140.11327 18.14267 140.48694 18.51633 curveto
140.8606 18.89 141.07056 19.39676 141.07056 19.92523 curveto
141.07056 20.4537 140.8606 20.96046 140.48694 21.33414 curveto
140.11327 21.7078 139.6065 21.91776 139.07803 21.91776 curveto closepath fill
newpath 34.8123 100.92865 moveto
34.77429 101.3619 34.71744 101.79301 34.64204 102.2214 curveto
34.56664 102.64949 34.4724 103.07422 34.3599 103.4941 curveto
34.2474 103.91397 34.11667 104.32867 33.968 104.73729 curveto
33.81932 105.14592 33.65271 105.54755 33.46907 105.94157 curveto
33.28543 106.3356 33.08447 106.72142 32.86708 107.09813 curveto
32.6497 107.47482 32.4159 107.84149 32.1666 108.19781 curveto
31.91728 108.55414 31.65247 108.89893 31.37306 109.23215 curveto
31.09364 109.56537 30.79965 109.88582 30.49226 110.19319 curveto
30.18489 110.50058 29.86414 110.79428 29.53122 111.07368 curveto
29.198 111.35309 28.85321 111.6179 28.49689 111.86752 curveto stroke
newpath 30.08737 108.92873 moveto
30.04927 110.10403 29.46 111.19283 28.49689 111.86752 curveto
29.46 111.19283 30.68459 111.01096 31.80222 111.37663 curveto stroke
 0 1.24533 dtransform truncate idtransform setlinewidth pop
newpath 19.92523 99.62616 moveto
22.23376 103.67894 24.72716 107.6238 27.39749 111.44765 curveto
29.7179 114.77014 32.18666 117.98865 34.86977 121.02596 curveto
37.18408 123.64552 39.65375 126.12706 42.34113 128.36293 curveto
44.66486 130.2963 47.14426 132.03993 49.81339 133.45978 curveto
52.17665 134.71695 54.67612 135.70781 57.28444 136.31284 curveto
59.73253 136.88077 62.25023 137.09602 64.75792 136.92577 curveto
67.31454 136.75217 69.83195 136.20338 72.22897 135.29736 curveto stroke
newpath 69.96161 137.75195 moveto
70.28897 136.62251 71.129 135.71313 72.22897 135.29736 curveto
71.129 135.71313 69.89746 135.58675 68.90488 134.9562 curveto stroke
newpath 72.22897 135.29736 moveto
74.56882 134.40562 76.81198 133.27856 78.92442 131.93352 curveto
81.30562 130.4173 83.5266 128.66635 85.61897 126.7713 curveto
88.00838 124.6072 90.22449 122.26126 92.31442 119.80678 curveto
94.69867 117.00632 96.91417 114.06812 99.00867 111.0451 curveto
101.38379 107.61742 103.60081 104.08392 105.70412 100.48323 curveto
108.0683 96.43622 110.28653 92.30621 112.39867 88.12239 curveto
114.75189 83.46092 116.97195 78.73349 119.09291 73.96196 curveto
121.4367 68.68939 123.6589 63.36362 125.78836 58.00073 curveto
128.12335 52.1204 130.34615 46.19627 132.48291 40.24084 curveto
134.8103 33.75395 137.04253 27.23302 139.17836 20.68045 curveto stroke
showpage
%%EOF
