%!PS
%%BoundingBox: -1 -1 150 61 
%%HiResBoundingBox: -0.24907 -0.24907 149.68831 60.02477 
%%Creator: MetaPost 2.000
%%CreationDate: 2017.07.04:1541
%%Pages: 1
%%BeginProlog
%%EndProlog
%%Page: 1 1
 0 0 0 setrgbcolor 0 0.49814 dtransform truncate idtransform setlinewidth pop [] 0 setdash 1 setlinecap
 1 setlinejoin 10 setmiterlimit
newpath 0 29.88785 moveto
149.43924 29.88785 lineto stroke
newpath 144.45793 32.37851 moveto
145.63387 30.8106 147.47935 29.88785 149.43924 29.88785 curveto
147.47935 29.88785 145.63387 28.9651 144.45793 27.39719 curveto stroke
 0.49814 0 dtransform exch truncate exch idtransform pop setlinewidth
newpath 74.71962 0 moveto
74.71962 59.7757 lineto stroke
 0 0.49814 dtransform truncate idtransform setlinewidth pop
newpath 72.22896 54.79439 moveto
73.79688 55.97032 74.71962 57.81581 74.71962 59.7757 curveto
74.71962 57.81581 75.64236 55.97032 77.21028 54.79439 curveto stroke
 0.49814 0 dtransform exch truncate exch idtransform pop setlinewidth
newpath 14.94392 27.89532 moveto
14.94392 31.88037 lineto stroke
newpath 29.88785 27.89532 moveto
29.88785 31.88037 lineto stroke
newpath 44.83177 27.89532 moveto
44.83177 31.88037 lineto stroke
newpath 59.7757 27.89532 moveto
59.7757 31.88037 lineto stroke
newpath 89.66354 27.89532 moveto
89.66354 31.88037 lineto stroke
newpath 104.60747 27.89532 moveto
104.60747 31.88037 lineto stroke
newpath 119.55139 27.89532 moveto
119.55139 31.88037 lineto stroke
newpath 134.49532 27.89532 moveto
134.49532 31.88037 lineto stroke
 0 0.49814 dtransform truncate idtransform setlinewidth pop
newpath 76.71214 14.94392 moveto
72.7271 14.94392 lineto stroke
newpath 76.71214 44.83177 moveto
72.7271 44.83177 lineto stroke
newpath 59.7757 16.93645 moveto
59.24722 16.93645 58.74046 16.72649 58.36679 16.35283 curveto
57.99313 15.97916 57.78317 15.4724 57.78317 14.94392 curveto
57.78317 14.41545 57.99313 13.90869 58.36679 13.53502 curveto
58.74046 13.16136 59.24722 12.9514 59.7757 12.9514 curveto
60.30417 12.9514 60.81093 13.16136 61.1846 13.53502 curveto
61.55826 13.90869 61.76822 14.41545 61.76822 14.94392 curveto
61.76822 15.4724 61.55826 15.97916 61.1846 16.35283 curveto
60.81093 16.72649 60.30417 16.93645 59.7757 16.93645 curveto closepath fill
newpath 74.71962 31.88037 moveto
74.19115 31.88037 73.68439 31.67041 73.31071 31.29675 curveto
72.93706 30.92308 72.7271 30.41632 72.7271 29.88785 curveto
72.7271 29.35938 72.93706 28.85262 73.31071 28.47894 curveto
73.68439 28.10529 74.19115 27.89532 74.71962 27.89532 curveto
75.2481 27.89532 75.75485 28.10529 76.12852 28.47894 curveto
76.50218 28.85262 76.71214 29.35938 76.71214 29.88785 curveto
76.71214 30.41632 76.50218 30.92308 76.12852 31.29675 curveto
75.75485 31.67041 75.2481 31.88037 74.71962 31.88037 curveto closepath fill
newpath 89.66354 46.8243 moveto
89.13507 46.8243 88.62831 46.61433 88.25464 46.24068 curveto
87.88098 45.867 87.67102 45.36024 87.67102 44.83177 curveto
87.67102 44.3033 87.88098 43.79654 88.25464 43.42287 curveto
88.62831 43.04921 89.13507 42.83925 89.66354 42.83925 curveto
90.19202 42.83925 90.69878 43.04921 91.07245 43.42287 curveto
91.4461 43.79654 91.65607 44.3033 91.65607 44.83177 curveto
91.65607 45.36024 91.4461 45.867 91.07245 46.24068 curveto
90.69878 46.61433 90.19202 46.8243 89.66354 46.8243 curveto closepath fill
 0 1.24533 dtransform truncate idtransform setlinewidth pop
newpath 1.30066 4.48322 moveto
5.84955 5.00471 10.39412 5.56497 14.93344 6.16446 curveto
18.88261 6.68596 22.82701 7.24348 26.7648 7.8457 curveto
30.15692 8.36446 33.5431 8.92152 36.92085 9.5267 curveto
39.79991 10.0425 42.67076 10.603 45.53227 11.20795 curveto stroke
newpath 42.29901 12.05185 moveto
43.18388 11.27737 44.38176 10.96472 45.53227 11.20795 curveto
44.38176 10.96472 43.41292 10.19403 42.9172 9.12769 curveto stroke
newpath 45.53227 11.20795 moveto
47.69441 11.66513 49.84766 12.16338 51.9911 12.7022 curveto
53.8119 13.15985 55.62311 13.65512 57.42064 14.19691 curveto
58.92995 14.65182 60.42717 15.14641 61.9066 15.69093 curveto
63.1368 16.14357 64.35127 16.63861 65.54248 17.18565 curveto
66.5239 17.63646 67.48457 18.13173 68.41515 18.6799 curveto
69.18018 19.13048 69.91693 19.62735 70.61606 20.17462 curveto
71.19502 20.6277 71.73613 21.12685 72.23322 21.66864 curveto
72.65576 22.12926 73.02972 22.63159 73.35808 23.16336 curveto
73.64926 23.63515 73.883 24.13908 74.07887 24.65761 curveto
74.26152 25.14148 74.38602 25.64452 74.48611 26.15164 curveto
74.58348 26.64464 74.63046 27.1456 74.66922 27.64635 curveto
74.70776 28.14322 74.70914 28.64236 74.71779 29.14061 curveto
74.72646 29.63884 74.71278 30.13708 74.72145 30.63531 curveto
74.7301 31.13356 74.73148 31.63248 74.77002 32.12935 curveto
74.80878 32.63033 74.85576 33.13106 74.95313 33.62405 curveto
75.05322 34.13141 75.17772 34.63445 75.36037 35.11832 curveto
75.55624 35.63684 75.78998 36.14078 76.08116 36.61234 curveto
76.40952 37.1441 76.78348 37.64644 77.20602 38.10706 curveto
77.70311 38.64885 78.24445 39.14822 78.82341 39.6013 curveto
79.52254 40.14857 80.2593 40.64545 81.02432 41.09602 curveto
81.9549 41.6442 82.91534 42.13947 83.89676 42.59004 curveto
85.08797 43.13708 86.30244 43.63213 87.53264 44.08476 curveto
89.01207 44.62929 90.50952 45.1241 92.01906 45.57901 curveto
93.81659 46.1208 95.62802 46.61607 97.4488 47.07373 curveto
99.59203 47.61255 101.74506 48.11057 103.90697 48.56775 curveto stroke
newpath 100.67366 49.41145 moveto
101.5586 48.63704 102.75647 48.32446 103.90697 48.56775 curveto
102.75647 48.32446 101.78769 47.5537 101.29204 46.48732 curveto stroke
newpath 103.90697 48.56775 moveto
106.76848 49.1727 109.63933 49.7332 112.51839 50.249 curveto
115.89659 50.85417 119.28323 51.41147 122.67581 51.93022 curveto
126.61313 52.53221 130.55707 53.08974 134.5058 53.61124 curveto
139.04535 54.21072 143.58969 54.77098 148.13881 55.29248 curveto stroke
newpath 144.99925 56.43677 moveto
145.80737 55.58249 146.97052 55.15855 148.13881 55.29248 curveto
146.97052 55.15855 145.93347 54.48239 145.33965 53.4674 curveto stroke
showpage
%%EOF
