%!PS
%%BoundingBox: -1 -1 105 75 
%%HiResBoundingBox: -0.24907 -0.24907 104.85654 74.96869 
%%Creator: MetaPost 2.000
%%CreationDate: 2017.07.04:1541
%%Pages: 1
%%BeginProlog
%%EndProlog
%%Page: 1 1
 0 0 0 setrgbcolor 0 0.49814 dtransform truncate idtransform setlinewidth pop [] 0 setdash 1 setlinecap
 1 setlinejoin 10 setmiterlimit
newpath 0 29.88785 moveto
104.60747 29.88785 lineto stroke
newpath 99.62616 32.37851 moveto
100.8021 30.8106 102.64758 29.88785 104.60747 29.88785 curveto
102.64758 29.88785 100.8021 28.9651 99.62616 27.39719 curveto stroke
 0.49814 0 dtransform exch truncate exch idtransform pop setlinewidth
newpath 59.7757 0 moveto
59.7757 74.71962 lineto stroke
 0 0.49814 dtransform truncate idtransform setlinewidth pop
newpath 57.28503 69.73831 moveto
58.85295 70.91425 59.7757 72.75974 59.7757 74.71962 curveto
59.7757 72.75974 60.69844 70.91425 62.26636 69.73831 curveto stroke
 0.49814 0 dtransform exch truncate exch idtransform pop setlinewidth
newpath 14.94392 27.89532 moveto
14.94392 31.88037 lineto stroke
newpath 29.88785 27.89532 moveto
29.88785 31.88037 lineto stroke
newpath 44.83177 27.89532 moveto
44.83177 31.88037 lineto stroke
newpath 74.71962 27.89532 moveto
74.71962 31.88037 lineto stroke
newpath 89.66354 27.89532 moveto
89.66354 31.88037 lineto stroke
 0 0.49814 dtransform truncate idtransform setlinewidth pop
newpath 61.76822 14.94392 moveto
57.78317 14.94392 lineto stroke
newpath 61.76822 44.83177 moveto
57.78317 44.83177 lineto stroke
newpath 61.76822 59.7757 moveto
57.78317 59.7757 lineto stroke
newpath 74.71962 16.93645 moveto
74.19115 16.93645 73.68439 16.72649 73.31071 16.35283 curveto
72.93706 15.97916 72.7271 15.4724 72.7271 14.94392 curveto
72.7271 14.41545 72.93706 13.90869 73.31071 13.53502 curveto
73.68439 13.16136 74.19115 12.9514 74.71962 12.9514 curveto
75.2481 12.9514 75.75485 13.16136 76.12852 13.53502 curveto
76.50218 13.90869 76.71214 14.41545 76.71214 14.94392 curveto
76.71214 15.4724 76.50218 15.97916 76.12852 16.35283 curveto
75.75485 16.72649 75.2481 16.93645 74.71962 16.93645 curveto closepath fill
newpath 89.66354 31.88037 moveto
89.13507 31.88037 88.62831 31.67041 88.25464 31.29675 curveto
87.88098 30.92308 87.67102 30.41632 87.67102 29.88785 curveto
87.67102 29.35938 87.88098 28.85262 88.25464 28.47894 curveto
88.62831 28.10529 89.13507 27.89532 89.66354 27.89532 curveto
90.19202 27.89532 90.69878 28.10529 91.07245 28.47894 curveto
91.4461 28.85262 91.65607 29.35938 91.65607 29.88785 curveto
91.65607 30.41632 91.4461 30.92308 91.07245 31.29675 curveto
90.69878 31.67041 90.19202 31.88037 89.66354 31.88037 curveto closepath fill
newpath 29.88785 61.76822 moveto
29.35938 61.76822 28.85262 61.55826 28.47894 61.1846 curveto
28.10529 60.81093 27.89532 60.30417 27.89532 59.7757 curveto
27.89532 59.24722 28.10529 58.74046 28.47894 58.36679 curveto
28.85262 57.99313 29.35938 57.78317 29.88785 57.78317 curveto
30.41632 57.78317 30.92308 57.99313 31.29675 58.36679 curveto
31.67041 58.74046 31.88037 59.24722 31.88037 59.7757 curveto
31.88037 60.30417 31.67041 60.81093 31.29675 61.1846 curveto
30.92308 61.55826 30.41632 61.76822 29.88785 61.76822 curveto closepath fill
 0 1.24533 dtransform truncate idtransform setlinewidth pop
newpath 74.71962 14.94392 moveto
75.04729 15.10765 75.37405 15.27388 75.69945 15.44215 curveto
76.01617 15.60588 76.33154 15.77188 76.64575 15.94017 curveto
76.95154 16.1039 77.25595 16.2699 77.559 16.4384 curveto
77.8536 16.60213 78.14708 16.7679 78.43895 16.93642 curveto
78.72263 17.10014 79.00491 17.26614 79.28584 17.43465 curveto
79.55856 17.59814 79.82968 17.76414 80.09944 17.93266 curveto
80.36122 18.09616 80.62117 18.26239 80.87975 18.4309 curveto
81.13057 18.59439 81.3798 18.76039 81.62721 18.92914 curveto
81.86687 19.09264 82.10516 19.2584 82.34117 19.42714 curveto
82.56987 19.59064 82.79677 19.75664 83.02182 19.92538 curveto
83.2396 20.08888 83.45576 20.25465 83.66942 20.42339 curveto
83.87646 20.58688 84.08124 20.75288 84.28372 20.92163 curveto
84.47983 21.0849 84.67365 21.2509 84.86496 21.41963 curveto
85.05013 21.5829 85.23277 21.74892 85.4129 21.91788 curveto
85.58711 22.08115 85.75859 22.24715 85.92757 22.41588 curveto stroke
newpath 82.75674 21.36148 moveto
83.92072 21.19434 85.09546 21.58498 85.92757 22.41588 curveto
85.09546 21.58498 84.70313 20.4108 84.86859 19.24658 curveto stroke
newpath 85.92757 22.41588 moveto
86.09084 22.57915 86.25136 22.74516 86.40892 22.9139 curveto
86.56148 23.0774 86.71106 23.2434 86.85745 23.41235 curveto
86.99905 23.57562 87.13747 23.74162 87.27246 23.91037 curveto
87.40312 24.07387 87.5306 24.23964 87.6544 24.40839 curveto
87.77435 24.57187 87.89064 24.7381 88.00305 24.90662 curveto
88.11206 25.07011 88.2174 25.23611 88.31865 25.40463 curveto
88.41693 25.56812 88.51086 25.73434 88.60071 25.90263 curveto
88.68805 26.06659 88.77127 26.23282 88.84995 26.4011 curveto
88.92656 26.56505 88.99863 26.73105 89.06589 26.89911 curveto
89.13156 27.0633 89.19267 27.22952 89.24854 27.39734 curveto
89.30327 27.56175 89.3532 27.72775 89.39789 27.89536 curveto
89.44191 28.06021 89.48067 28.22623 89.51419 28.39337 curveto
89.54726 28.55869 89.57484 28.72469 89.59718 28.89183 curveto
89.61931 29.05737 89.63573 29.22337 89.6469 29.38983 curveto
89.65784 29.55562 89.66354 29.72162 89.66354 29.88785 curveto
89.66354 30.05408 89.65784 30.22008 89.6469 30.38608 curveto
89.63573 30.55255 89.61931 30.71855 89.59718 30.8841 curveto
89.57484 31.05101 89.54726 31.21701 89.51419 31.38211 curveto
89.48067 31.54947 89.44191 31.7157 89.39789 31.88057 curveto
89.3532 32.04817 89.30327 32.21417 89.24854 32.37857 curveto
89.19267 32.5464 89.13156 32.7124 89.06589 32.87659 curveto
88.99863 33.04465 88.92656 33.21088 88.84995 33.37482 curveto
88.7715 33.54288 88.68828 33.7091 88.60094 33.87283 curveto
88.5111 34.04135 88.4167 34.20758 88.31842 34.37129 curveto
88.2174 34.53981 88.11206 34.70581 88.00305 34.86931 curveto
87.89064 35.03783 87.77435 35.20406 87.6544 35.36731 curveto
87.5306 35.53606 87.40312 35.70206 87.27246 35.86555 curveto
87.13747 36.03429 86.99905 36.2003 86.85745 36.36356 curveto
86.71106 36.5323 86.56148 36.6983 86.40915 36.86157 curveto
86.25136 37.03053 86.09084 37.19655 85.92734 37.36003 curveto
85.75859 37.52878 85.58711 37.69478 85.4129 37.85805 curveto
85.23277 38.02678 85.05013 38.1928 84.86496 38.35606 curveto
84.67365 38.5248 84.47983 38.69102 84.28372 38.8543 curveto
84.08124 39.02303 83.87624 39.18904 83.66942 39.35231 curveto
83.45576 39.52104 83.23982 39.68704 83.02205 39.85031 curveto
82.797 40.01906 82.56987 40.18529 82.34094 40.34877 curveto
82.1047 40.51752 81.86664 40.68329 81.62698 40.84679 curveto
81.37958 41.01552 81.13034 41.18153 80.87952 41.34502 curveto
80.62117 41.51353 80.361 41.67953 80.09944 41.84303 curveto
79.82968 42.01155 79.55856 42.17755 79.28584 42.34105 curveto
79.00491 42.50955 78.72263 42.67578 78.43872 42.83951 curveto
78.14685 43.00801 77.85338 43.1738 77.55878 43.33751 curveto
77.25572 43.5058 76.95131 43.6718 76.64575 43.83553 curveto
76.33131 44.00404 76.01572 44.16982 75.69899 44.33376 curveto
75.3736 44.50204 75.04729 44.66805 74.71962 44.83177 curveto stroke
newpath 76.72528 42.15906 moveto
76.51462 43.31595 75.77155 44.30615 74.71962 44.83177 curveto
75.77155 44.30615 77.00955 44.30649 78.06119 44.83267 curveto stroke
newpath 74.71962 44.83177 moveto
74.38306 45.00006 74.04558 45.16606 73.70695 45.32979 curveto
73.35922 45.49806 73.01033 45.66406 72.66054 45.82802 curveto
72.30186 45.99608 71.94226 46.16208 71.58153 46.32603 curveto
71.21144 46.49431 70.84067 46.66031 70.46875 46.82426 curveto
70.08795 46.99232 69.70601 47.15833 69.32338 47.32228 curveto
68.93117 47.49033 68.53806 47.65656 68.14403 47.82074 curveto
67.74088 47.9888 67.33705 48.15457 66.9323 48.31874 curveto
66.51775 48.4868 66.10251 48.6528 65.68658 48.81699 curveto
64.40851 49.31499 lineto
63.97183 49.48305 63.53426 49.64905 63.0962 49.81323 curveto
61.75154 50.31123 lineto
60.37381 50.80925 lineto
58.9621 51.30748 lineto
58.48119 51.47531 57.99983 51.64108 57.51778 51.8055 curveto
56.03949 52.30374 lineto
54.52881 52.80174 lineto
52.98439 53.29999 lineto
51.40736 53.79799 lineto
49.79613 54.29645 lineto
48.15274 54.79446 lineto
46.47516 55.2927 lineto
44.76541 55.79071 lineto
43.02124 56.28894 lineto
41.24515 56.78696 lineto
39.43553 57.28497 lineto
37.59216 57.7832 lineto
35.71643 58.28122 lineto
33.80602 58.77945 lineto
31.86392 59.27747 lineto
29.88762 59.7757 lineto
27.87894 60.27371 lineto
25.83582 60.77217 lineto
23.76079 61.27017 lineto
21.65154 61.76842 lineto
19.51015 62.26642 lineto stroke
newpath 22.08626 60.13808 moveto
21.61035 61.21342 20.65596 62.00194 19.51015 62.26642 curveto
20.65596 62.00194 21.8594 62.29234 22.75847 63.05031 curveto stroke
showpage
%%EOF
