%!PS
%%BoundingBox: -1 -1 105 90 
%%HiResBoundingBox: -0.24907 -0.24907 104.85654 89.91261 
%%Creator: MetaPost 2.000
%%CreationDate: 2017.07.04:1541
%%Pages: 1
%%BeginProlog
%%EndProlog
%%Page: 1 1
 0 0 0 setrgbcolor 0 0.49814 dtransform truncate idtransform setlinewidth pop [] 0 setdash 1 setlinecap
 1 setlinejoin 10 setmiterlimit
newpath 0 44.83177 moveto
104.60747 44.83177 lineto stroke
newpath 99.62616 47.32243 moveto
100.8021 45.75452 102.64758 44.83177 104.60747 44.83177 curveto
102.64758 44.83177 100.8021 43.90903 99.62616 42.34111 curveto stroke
 0.49814 0 dtransform exch truncate exch idtransform pop setlinewidth
newpath 14.94392 0 moveto
14.94392 89.66354 lineto stroke
 0 0.49814 dtransform truncate idtransform setlinewidth pop
newpath 12.45326 84.68224 moveto
14.02118 85.85817 14.94392 87.70366 14.94392 89.66354 curveto
14.94392 87.70366 15.86667 85.85817 17.43459 84.68224 curveto stroke
 0.49814 0 dtransform exch truncate exch idtransform pop setlinewidth
newpath 29.88785 42.83925 moveto
29.88785 46.8243 lineto stroke
newpath 44.83177 42.83925 moveto
44.83177 46.8243 lineto stroke
newpath 59.7757 42.83925 moveto
59.7757 46.8243 lineto stroke
newpath 74.71962 42.83925 moveto
74.71962 46.8243 lineto stroke
newpath 89.66354 42.83925 moveto
89.66354 46.8243 lineto stroke
 0 0.49814 dtransform truncate idtransform setlinewidth pop
newpath 16.93645 14.94392 moveto
12.9514 14.94392 lineto stroke
newpath 16.93645 29.88785 moveto
12.9514 29.88785 lineto stroke
newpath 16.93645 59.7757 moveto
12.9514 59.7757 lineto stroke
newpath 16.93645 74.71962 moveto
12.9514 74.71962 lineto stroke
newpath 74.71962 76.71214 moveto
74.19115 76.71214 73.68439 76.50218 73.31071 76.12852 curveto
72.93706 75.75485 72.7271 75.2481 72.7271 74.71962 curveto
72.7271 74.19115 72.93706 73.68439 73.31071 73.31071 curveto
73.68439 72.93706 74.19115 72.7271 74.71962 72.7271 curveto
75.2481 72.7271 75.75485 72.93706 76.12852 73.31071 curveto
76.50218 73.68439 76.71214 74.19115 76.71214 74.71962 curveto
76.71214 75.2481 76.50218 75.75485 76.12852 76.12852 curveto
75.75485 76.50218 75.2481 76.71214 74.71962 76.71214 curveto closepath fill
newpath 14.94392 46.8243 moveto
14.41545 46.8243 13.90869 46.61433 13.53502 46.24068 curveto
13.16136 45.867 12.9514 45.36024 12.9514 44.83177 curveto
12.9514 44.3033 13.16136 43.79654 13.53502 43.42287 curveto
13.90869 43.04921 14.41545 42.83925 14.94392 42.83925 curveto
15.4724 42.83925 15.97916 43.04921 16.35283 43.42287 curveto
16.72649 43.79654 16.93645 44.3033 16.93645 44.83177 curveto
16.93645 45.36024 16.72649 45.867 16.35283 46.24068 curveto
15.97916 46.61433 15.4724 46.8243 14.94392 46.8243 curveto closepath fill
newpath 74.71962 16.93645 moveto
74.19115 16.93645 73.68439 16.72649 73.31071 16.35283 curveto
72.93706 15.97916 72.7271 15.4724 72.7271 14.94392 curveto
72.7271 14.41545 72.93706 13.90869 73.31071 13.53502 curveto
73.68439 13.16136 74.19115 12.9514 74.71962 12.9514 curveto
75.2481 12.9514 75.75485 13.16136 76.12852 13.53502 curveto
76.50218 13.90869 76.71214 14.41545 76.71214 14.94392 curveto
76.71214 15.4724 76.50218 15.97916 76.12852 16.35283 curveto
75.75485 16.72649 75.2481 16.93645 74.71962 16.93645 curveto closepath fill
 0 1.24533 dtransform truncate idtransform setlinewidth pop
newpath 29.88785 59.7757 moveto
30.92491 60.2924 31.97133 60.79063 33.02617 61.27017 curveto
34.16357 61.78711 35.30986 62.28398 36.46298 62.76443 curveto
37.70117 63.28023 38.9471 63.77733 40.19919 64.25891 curveto
41.5377 64.7738 42.88306 65.2709 44.23366 65.75317 curveto
45.67296 66.26715 47.11797 66.76447 48.56775 67.24767 curveto
50.10716 67.76071 51.65181 68.25804 53.20056 68.74214 curveto
54.83984 69.25452 56.48392 69.75185 58.13162 70.2364 curveto
59.87125 70.7481 61.61519 71.24564 63.36232 71.73088 curveto
65.20158 72.24188 67.04494 72.73921 68.89104 73.22514 curveto
70.83063 73.73569 72.77365 74.23369 74.71962 74.71962 curveto stroke
newpath 29.88785 29.88785 moveto
28.93015 30.36443 27.98337 30.86288 27.04823 31.38232 curveto
26.18927 31.85959 25.341 32.356 24.5078 32.87682 curveto
23.74619 33.3527 22.99757 33.84889 22.26675 34.37085 curveto
21.60161 34.84583 20.95174 35.34201 20.32375 35.86533 curveto
19.7546 36.33961 19.2039 36.8358 18.6799 37.3598 curveto
18.20561 37.8341 17.75366 38.33052 17.33478 38.8543 curveto
16.95444 39.32973 16.60213 39.82683 16.28882 40.34877 curveto
16.00197 40.82695 15.74886 41.32495 15.54181 41.8428 curveto
15.34822 42.32668 15.19543 42.82628 15.09328 43.3373 curveto
14.99477 43.82938 14.94392 44.32988 14.94392 44.83177 curveto
14.94392 45.33366 14.99477 45.83417 15.09328 46.32625 curveto
15.19543 46.83727 15.34822 47.33687 15.54181 47.82074 curveto
15.74886 48.3386 16.00197 48.8366 16.28882 49.31477 curveto
16.60213 49.83672 16.95444 50.33382 17.33478 50.80925 curveto
17.75366 51.33302 18.20561 51.82944 18.6799 52.30374 curveto
19.2039 52.82774 19.7546 53.32393 20.32375 53.79822 curveto
20.95174 54.32153 21.60161 54.81772 22.26675 55.2927 curveto
22.99757 55.81465 23.74619 56.31084 24.5078 56.78673 curveto
25.341 57.30754 26.18927 57.80396 27.04823 58.28122 curveto
27.98337 58.80066 28.93015 59.29912 29.88785 59.7757 curveto stroke
newpath 26.54628 59.78206 moveto
27.59706 59.25415 28.83505 59.2518 29.88785 59.7757 curveto
28.83505 59.2518 28.09038 58.26282 27.87782 57.10625 curveto stroke
newpath 90.59753 11.20795 moveto
88.31409 11.71484 86.03337 12.23361 83.75539 12.76445 curveto
81.57933 13.27158 79.40602 13.78989 77.23566 14.32141 curveto
75.16792 14.82787 73.10315 15.34593 71.042 15.87791 curveto
69.08212 16.38368 67.12544 16.90176 65.17262 17.43443 curveto
63.3199 17.93973 61.47061 18.45804 59.62589 18.9914 curveto
57.88148 19.49579 56.14073 20.01385 54.40523 20.5479 curveto
52.76822 21.0516 51.13556 21.56946 49.50859 22.1044 curveto
47.97853 22.60742 46.45372 23.12527 44.93507 23.66136 curveto
43.51286 24.16325 42.09637 24.68109 40.68716 25.21786 curveto
39.37238 25.71884 38.06372 26.23647 36.76352 26.77438 curveto
35.5552 27.27444 34.3542 27.79205 33.163 28.33134 curveto
32.06184 28.83003 30.96983 29.3488 29.88785 29.88785 curveto stroke
newpath 31.89662 27.2175 moveto
31.6846 28.37415 30.94038 29.36348 29.88785 29.88785 curveto
30.94038 29.36348 32.17838 29.36526 33.22939 29.89267 curveto stroke
newpath 103.91426 8.36856 moveto
101.64792 8.8326 99.38339 9.30576 97.12091 9.78825 curveto
94.9444 10.25229 92.76994 10.72543 90.59753 11.20795 curveto stroke
newpath 93.1912 9.10104 moveto
92.7064 10.1724 91.7455 10.95297 90.59753 11.20795 curveto
91.7455 10.95297 92.94649 11.25336 93.83923 12.01874 curveto stroke
showpage
%%EOF
