%!PS
%%BoundingBox: -1 -1 120 150 
%%HiResBoundingBox: -0.24907 -0.24907 119.80046 149.68831 
%%Creator: MetaPost 2.000
%%CreationDate: 2017.07.04:1541
%%Pages: 1
%%BeginProlog
%%EndProlog
%%Page: 1 1
 0 0 0 setrgbcolor 0 0.49814 dtransform truncate idtransform setlinewidth pop [] 0 setdash 1 setlinecap
 1 setlinejoin 10 setmiterlimit
newpath 0 74.71962 moveto
119.55139 74.71962 lineto stroke
newpath 114.57008 77.21028 moveto
115.74602 75.64236 117.5915 74.71962 119.55139 74.71962 curveto
117.5915 74.71962 115.74602 73.79688 114.57008 72.22896 curveto stroke
 0.49814 0 dtransform exch truncate exch idtransform pop setlinewidth
newpath 74.71962 0 moveto
74.71962 149.43924 lineto stroke
 0 0.49814 dtransform truncate idtransform setlinewidth pop
newpath 72.22896 144.45793 moveto
73.79688 145.63387 74.71962 147.47935 74.71962 149.43924 curveto
74.71962 147.47935 75.64236 145.63387 77.21028 144.45793 curveto stroke
newpath 104.60747 76.71214 moveto
104.079 76.71214 103.57224 76.50218 103.19856 76.12852 curveto
102.8249 75.75485 102.61494 75.2481 102.61494 74.71962 curveto
102.61494 74.19115 102.8249 73.68439 103.19856 73.31071 curveto
103.57224 72.93706 104.079 72.7271 104.60747 72.7271 curveto
105.13594 72.7271 105.6427 72.93706 106.01637 73.31071 curveto
106.39003 73.68439 106.59999 74.19115 106.59999 74.71962 curveto
106.59999 75.2481 106.39003 75.75485 106.01637 76.12852 curveto
105.6427 76.50218 105.13594 76.71214 104.60747 76.71214 curveto closepath fill
newpath 59.7757 136.48784 moveto
59.24722 136.48784 58.74046 136.27788 58.36679 135.90422 curveto
57.99313 135.53055 57.78317 135.02379 57.78317 134.49532 curveto
57.78317 133.96684 57.99313 133.46008 58.36679 133.08641 curveto
58.74046 132.71275 59.24722 132.50279 59.7757 132.50279 curveto
60.30417 132.50279 60.81093 132.71275 61.1846 133.08641 curveto
61.55826 133.46008 61.76822 133.96684 61.76822 134.49532 curveto
61.76822 135.02379 61.55826 135.53055 61.1846 135.90422 curveto
60.81093 136.27788 60.30417 136.48784 59.7757 136.48784 curveto closepath fill
newpath 14.94392 76.71214 moveto
14.41545 76.71214 13.90869 76.50218 13.53502 76.12852 curveto
13.16136 75.75485 12.9514 75.2481 12.9514 74.71962 curveto
12.9514 74.19115 13.16136 73.68439 13.53502 73.31071 curveto
13.90869 72.93706 14.41545 72.7271 14.94392 72.7271 curveto
15.4724 72.7271 15.97916 72.93706 16.35283 73.31071 curveto
16.72649 73.68439 16.93645 74.19115 16.93645 74.71962 curveto
16.93645 75.2481 16.72649 75.75485 16.35283 76.12852 curveto
15.97916 76.50218 15.4724 76.71214 14.94392 76.71214 curveto closepath fill
newpath 59.7757 16.93645 moveto
59.24722 16.93645 58.74046 16.72649 58.36679 16.35283 curveto
57.99313 15.97916 57.78317 15.4724 57.78317 14.94392 curveto
57.78317 14.41545 57.99313 13.90869 58.36679 13.53502 curveto
58.74046 13.16136 59.24722 12.9514 59.7757 12.9514 curveto
60.30417 12.9514 60.81093 13.16136 61.1846 13.53502 curveto
61.55826 13.90869 61.76822 14.41545 61.76822 14.94392 curveto
61.76822 15.4724 61.55826 15.97916 61.1846 16.35283 curveto
60.81093 16.72649 60.30417 16.93645 59.7757 16.93645 curveto closepath fill
 0.49814 0 dtransform exch truncate exch idtransform pop setlinewidth
newpath 14.94392 72.7271 moveto
14.94392 76.71214 lineto stroke
newpath 29.88785 72.7271 moveto
29.88785 76.71214 lineto stroke
newpath 44.83177 72.7271 moveto
44.83177 76.71214 lineto stroke
newpath 59.7757 72.7271 moveto
59.7757 76.71214 lineto stroke
newpath 89.66354 72.7271 moveto
89.66354 76.71214 lineto stroke
newpath 104.60747 72.7271 moveto
104.60747 76.71214 lineto stroke
 0 0.49814 dtransform truncate idtransform setlinewidth pop
newpath 76.71214 14.94392 moveto
72.7271 14.94392 lineto stroke
newpath 76.71214 29.88785 moveto
72.7271 29.88785 lineto stroke
newpath 76.71214 44.83177 moveto
72.7271 44.83177 lineto stroke
newpath 76.71214 59.7757 moveto
72.7271 59.7757 lineto stroke
newpath 76.71214 89.66354 moveto
72.7271 89.66354 lineto stroke
newpath 76.71214 104.60747 moveto
72.7271 104.60747 lineto stroke
newpath 76.71214 119.55139 moveto
72.7271 119.55139 lineto stroke
newpath 76.71214 134.49532 moveto
72.7271 134.49532 lineto stroke
 0 1.24533 dtransform truncate idtransform setlinewidth pop
newpath 104.60747 74.71962 moveto
104.6077 76.66127 104.53677 78.60222 104.39471 80.53885 curveto
104.25334 82.46727 104.04105 84.38976 103.75784 86.30244 curveto
103.47691 88.19939 103.1262 90.08516 102.70367 91.95566 curveto
102.28639 93.80359 101.79933 95.63509 101.24112 97.44562 curveto
100.6918 99.22719 100.0734 100.98686 99.38452 102.7194 curveto
98.7089 104.41843 97.96574 106.09009 97.15237 107.72778 curveto
96.35725 109.32875 95.49577 110.8962 94.5652 112.42238 curveto
93.65788 113.9107 92.6842 115.35753 91.64691 116.75853 curveto stroke
newpath 92.22433 113.46722 moveto
92.56058 114.59406 92.34665 115.81343 91.64691 116.75853 curveto
92.34665 115.81343 93.4505 115.25296 94.62643 115.2457 curveto stroke
newpath 91.64691 116.75853 moveto
90.62514 118.13968 89.53584 119.46953 88.38318 120.74352 curveto
87.26288 121.98146 86.0824 123.16333 84.84102 124.27974 curveto
83.63454 125.36469 82.37218 126.38625 81.05464 127.33347 curveto
79.77245 128.25539 78.43987 129.10524 77.0603 129.87369 curveto
75.71404 130.62366 74.32513 131.29497 72.89838 131.87758 curveto
71.49966 132.44855 70.0672 132.9331 68.60783 133.32417 curveto
67.16922 133.70953 65.70734 134.00323 64.2311 134.1998 curveto
62.76581 134.39499 61.28934 134.49371 59.81126 134.49532 curveto
58.3332 134.49692 56.85696 134.40091 55.39143 134.20891 curveto
53.91519 134.01532 52.4531 133.72481 51.01402 133.34242 curveto
49.5542 132.95454 48.12105 132.47295 46.72142 131.90494 curveto
45.2942 131.32574 43.90439 130.6581 42.55743 129.91107 curveto
41.17674 129.14537 39.84325 128.29756 38.55968 127.37816 curveto
37.24101 126.43369 35.97728 125.41508 34.76921 124.33264 curveto
33.52646 123.2192 32.3446 122.04007 31.22295 120.80463 curveto
30.06845 119.53314 28.9778 118.20535 27.9544 116.82602 curveto stroke
newpath 30.93542 118.33583 moveto
29.7595 118.32976 28.65509 117.7704 27.9544 116.82602 curveto
28.65509 117.7704 28.87025 118.98955 28.53516 120.11671 curveto stroke
newpath 27.9544 116.82602 moveto
26.90892 115.41795 25.92772 113.96361 25.01357 112.46707 curveto
24.07591 110.932 23.20782 109.35588 22.40723 107.7451 curveto
21.58815 106.0974 20.84023 104.41501 20.1607 102.70482 curveto
19.46774 100.96088 18.84682 99.1891 18.29523 97.39546 curveto
17.73474 95.57262 17.24654 93.72856 16.82857 91.8681 curveto
16.40558 89.9846 16.05487 88.0856 15.77509 86.17566 curveto
15.49301 84.24997 15.28346 82.31425 15.14505 80.37285 curveto
15.00618 78.42345 14.9389 76.46973 14.94392 74.5153 curveto
14.94872 72.56181 15.02556 70.60922 15.17445 68.66142 curveto
15.32268 66.72137 15.54272 64.7877 15.8346 62.86409 curveto
16.12396 60.95709 16.48424 59.06152 16.91681 57.18167 curveto
17.34413 55.3253 17.84167 53.48582 18.41151 51.668 curveto
18.97223 49.87936 19.60226 48.11307 20.30437 46.37505 curveto
20.99255 44.67146 21.74913 42.99615 22.57687 41.35574 curveto
23.38568 39.75249 24.26176 38.18413 25.20715 36.65749 curveto
26.12883 35.16939 27.11732 33.72371 28.16989 32.325 curveto stroke
newpath 27.56686 35.61172 moveto
27.2394 34.4823 27.46281 33.26462 28.16989 32.325 curveto
27.46281 33.26462 26.35463 33.8165 25.17868 33.8146 curveto stroke
newpath 28.16989 32.325 moveto
29.19397 30.9639 30.28416 29.65411 31.43706 28.4002 curveto
32.55757 27.18164 33.73761 26.01869 34.97716 24.92143 curveto
36.18182 23.85497 37.44144 22.85187 38.75464 21.92244 curveto
40.03342 21.01717 41.3612 20.1835 42.7353 19.43057 curveto
44.07678 18.6954 45.45999 18.03915 46.88013 17.47046 curveto
48.27246 16.91293 49.69762 16.44069 51.14879 16.06125 curveto
52.57942 15.68729 54.03262 15.40408 55.49953 15.21664 curveto
56.95638 15.03058 58.42395 14.9389 59.89267 14.94392 curveto
61.36162 14.94894 62.82874 15.05042 64.28445 15.24675 curveto
65.75113 15.44444 67.20319 15.73837 68.63246 16.12236 curveto
70.08202 16.51205 71.50514 16.99365 72.89496 17.56075 curveto
74.31282 18.13925 75.6933 18.80487 77.03157 19.54913 curveto
78.40292 20.31166 79.72731 21.15535 81.00266 22.06929 curveto
82.31267 23.00807 83.56863 24.01982 84.7692 25.09474 curveto
86.00441 26.20067 87.17943 27.37158 88.29494 28.59813 curveto
89.44258 29.86003 90.52776 31.17734 91.54636 32.54572 curveto stroke
newpath 88.56299 31.04057 moveto
89.73892 31.04478 90.8442 31.60243 91.54636 32.54572 curveto
90.8442 31.60243 90.62714 30.38362 90.96048 29.25594 curveto stroke
newpath 91.54636 32.54572 moveto
92.58684 33.94261 93.56393 35.38533 94.4749 36.87001 curveto
95.40912 38.39255 96.27448 39.95612 97.07372 41.55367 curveto
97.89096 43.18747 98.63797 44.85548 99.31749 46.55109 curveto
100.01068 48.2809 100.63274 50.0383 101.18639 51.81758 curveto
101.74893 53.6256 102.24033 55.45506 102.66194 57.30116 curveto
103.08904 59.17029 103.4443 61.05492 103.7298 62.95073 curveto
104.01756 64.86205 104.23419 66.7834 104.38036 68.71068 curveto
104.5272 70.64685 104.6029 72.58734 104.60747 74.52899 curveto stroke
showpage
%%EOF
