%!PS
%%BoundingBox: -1 -1 61 150 
%%HiResBoundingBox: -0.24907 -0.24907 60.02477 149.68831 
%%Creator: MetaPost 2.000
%%CreationDate: 2017.07.04:1541
%%Pages: 1
%%BeginProlog
%%EndProlog
%%Page: 1 1
 0 0 0 setrgbcolor 0 0.49814 dtransform truncate idtransform setlinewidth pop [] 0 setdash 1 setlinecap
 1 setlinejoin 10 setmiterlimit
newpath 0 74.71962 moveto
59.7757 74.71962 lineto stroke
newpath 54.79439 77.21028 moveto
55.97032 75.64236 57.81581 74.71962 59.7757 74.71962 curveto
57.81581 74.71962 55.97032 73.79688 54.79439 72.22896 curveto stroke
 0.49814 0 dtransform exch truncate exch idtransform pop setlinewidth
newpath 29.88785 0 moveto
29.88785 149.43924 lineto stroke
 0 0.49814 dtransform truncate idtransform setlinewidth pop
newpath 27.39719 144.45793 moveto
28.9651 145.63387 29.88785 147.47935 29.88785 149.43924 curveto
29.88785 147.47935 30.8106 145.63387 32.37851 144.45793 curveto stroke
 0.49814 0 dtransform exch truncate exch idtransform pop setlinewidth
newpath 14.94392 72.7271 moveto
14.94392 76.71214 lineto stroke
newpath 44.83177 72.7271 moveto
44.83177 76.71214 lineto stroke
 0 0.49814 dtransform truncate idtransform setlinewidth pop
newpath 31.88037 14.94392 moveto
27.89532 14.94392 lineto stroke
newpath 31.88037 29.88785 moveto
27.89532 29.88785 lineto stroke
newpath 31.88037 44.83177 moveto
27.89532 44.83177 lineto stroke
newpath 31.88037 59.7757 moveto
27.89532 59.7757 lineto stroke
newpath 31.88037 89.66354 moveto
27.89532 89.66354 lineto stroke
newpath 31.88037 104.60747 moveto
27.89532 104.60747 lineto stroke
newpath 31.88037 119.55139 moveto
27.89532 119.55139 lineto stroke
newpath 31.88037 134.49532 moveto
27.89532 134.49532 lineto stroke
newpath 14.94392 61.76822 moveto
14.41545 61.76822 13.90869 61.55826 13.53502 61.1846 curveto
13.16136 60.81093 12.9514 60.30417 12.9514 59.7757 curveto
12.9514 59.24722 13.16136 58.74046 13.53502 58.36679 curveto
13.90869 57.99313 14.41545 57.78317 14.94392 57.78317 curveto
15.4724 57.78317 15.97916 57.99313 16.35283 58.36679 curveto
16.72649 58.74046 16.93645 59.24722 16.93645 59.7757 curveto
16.93645 60.30417 16.72649 60.81093 16.35283 61.1846 curveto
15.97916 61.55826 15.4724 61.76822 14.94392 61.76822 curveto closepath fill
newpath 29.88785 76.71214 moveto
29.35938 76.71214 28.85262 76.50218 28.47894 76.12852 curveto
28.10529 75.75485 27.89532 75.2481 27.89532 74.71962 curveto
27.89532 74.19115 28.10529 73.68439 28.47894 73.31071 curveto
28.85262 72.93706 29.35938 72.7271 29.88785 72.7271 curveto
30.41632 72.7271 30.92308 72.93706 31.29675 73.31071 curveto
31.67041 73.68439 31.88037 74.19115 31.88037 74.71962 curveto
31.88037 75.2481 31.67041 75.75485 31.29675 76.12852 curveto
30.92308 76.50218 30.41632 76.71214 29.88785 76.71214 curveto closepath fill
newpath 44.83177 91.65607 moveto
44.3033 91.65607 43.79654 91.4461 43.42287 91.07245 curveto
43.04921 90.69878 42.83925 90.19202 42.83925 89.66354 curveto
42.83925 89.13507 43.04921 88.62831 43.42287 88.25464 curveto
43.79654 87.88098 44.3033 87.67102 44.83177 87.67102 curveto
45.36024 87.67102 45.867 87.88098 46.24068 88.25464 curveto
46.61433 88.62831 46.8243 89.13507 46.8243 89.66354 curveto
46.8243 90.19202 46.61433 90.69878 46.24068 91.07245 curveto
45.867 91.4461 45.36024 91.65607 44.83177 91.65607 curveto closepath fill
 0 1.24533 dtransform truncate idtransform setlinewidth pop
newpath 4.48322 1.30066 moveto
5.00471 5.84955 5.56497 10.39412 6.16446 14.93344 curveto
6.68596 18.88261 7.24348 22.82701 7.8457 26.7648 curveto
8.36446 30.15692 8.92152 33.5431 9.5267 36.92085 curveto
10.0425 39.79991 10.603 42.67076 11.20795 45.53227 curveto stroke
newpath 9.12769 42.9172 moveto
10.19403 43.41292 10.96472 44.38176 11.20795 45.53227 curveto
10.96472 44.38176 11.27737 43.18388 12.05185 42.29901 curveto stroke
newpath 11.20795 45.53227 moveto
11.66513 47.69441 12.16338 49.84766 12.7022 51.9911 curveto
13.15985 53.8119 13.65512 55.62311 14.19691 57.42064 curveto
14.65182 58.92995 15.14641 60.42717 15.69093 61.9066 curveto
16.14357 63.1368 16.63861 64.35127 17.18565 65.54248 curveto
17.63646 66.5239 18.13173 67.48457 18.6799 68.41515 curveto
19.13048 69.18018 19.62735 69.91693 20.17462 70.61606 curveto
20.6277 71.19502 21.12685 71.73613 21.66864 72.23322 curveto
22.12926 72.65576 22.63159 73.02972 23.16336 73.35808 curveto
23.63515 73.64926 24.13908 73.883 24.65761 74.07887 curveto
25.14148 74.26152 25.64452 74.38602 26.15164 74.48611 curveto
26.64464 74.58348 27.1456 74.63046 27.64635 74.66922 curveto
28.14322 74.70776 28.64236 74.70914 29.14061 74.71779 curveto
29.63884 74.72646 30.13708 74.71278 30.63531 74.72145 curveto
31.13356 74.7301 31.63248 74.73148 32.12935 74.77002 curveto
32.63033 74.80878 33.13106 74.85576 33.62405 74.95313 curveto
34.13141 75.05322 34.63445 75.17772 35.11832 75.36037 curveto
35.63684 75.55624 36.14078 75.78998 36.61234 76.08116 curveto
37.1441 76.40952 37.64644 76.78348 38.10706 77.20602 curveto
38.64885 77.70311 39.14822 78.24445 39.6013 78.82341 curveto
40.14857 79.52254 40.64545 80.2593 41.09602 81.02432 curveto
41.6442 81.9549 42.13947 82.91534 42.59004 83.89676 curveto
43.13708 85.08797 43.63213 86.30244 44.08476 87.53264 curveto
44.62929 89.01207 45.1241 90.50952 45.57901 92.01906 curveto
46.1208 93.81659 46.61607 95.62802 47.07373 97.4488 curveto
47.61255 99.59203 48.11057 101.74506 48.56775 103.90697 curveto stroke
newpath 46.48732 101.29204 moveto
47.5537 101.78769 48.32446 102.75647 48.56775 103.90697 curveto
48.32446 102.75647 48.63704 101.5586 49.41145 100.67366 curveto stroke
newpath 48.56775 103.90697 moveto
49.1727 106.76848 49.7332 109.63933 50.249 112.51839 curveto
50.85417 115.89659 51.41147 119.28323 51.93022 122.67581 curveto
52.53221 126.61313 53.08974 130.55707 53.61124 134.5058 curveto
54.21072 139.04535 54.77098 143.58969 55.29248 148.13881 curveto stroke
newpath 53.4674 145.33965 moveto
54.48239 145.93347 55.15855 146.97052 55.29248 148.13881 curveto
55.15855 146.97052 55.58249 145.80737 56.43677 144.99925 curveto stroke
showpage
%%EOF
