%!PS
%%BoundingBox: -1 -3 379 95 
%%HiResBoundingBox: -0.24907 -2.73973 378.82848 94.89392 
%%Creator: MetaPost 2.000
%%CreationDate: 2017.07.04:1541
%%Pages: 1
%%BeginProlog
%%EndProlog
%%Page: 1 1
 0 0 0 setrgbcolor 0 0.49814 dtransform truncate idtransform setlinewidth pop [] 0 setdash 1 setlinecap
 1 setlinejoin 10 setmiterlimit
newpath 0 0 moveto
378.5794 0 lineto stroke
newpath 373.5981 2.49066 moveto
374.77403 0.92274 376.61952 0 378.5794 0 curveto
376.61952 0 374.77403 -0.92274 373.5981 -2.49066 curveto stroke
 0.49814 0 dtransform exch truncate exch idtransform pop setlinewidth
newpath 39.85046 0 moveto
39.85046 94.64485 lineto stroke
 0 0.49814 dtransform truncate idtransform setlinewidth pop
newpath 37.3598 89.66354 moveto
38.92772 90.83948 39.85046 92.68497 39.85046 94.64485 curveto
39.85046 92.68497 40.77321 90.83948 42.34113 89.66354 curveto stroke
newpath 41.84299 39.85046 moveto
37.85794 39.85046 lineto stroke
newpath 79.70093 39.85046 moveto
79.70093 38.69118 79.65045 37.5325 79.54951 36.37778 curveto
79.44827 35.22244 79.29686 34.07198 79.09529 32.93002 curveto
78.89401 31.78838 78.64319 30.65614 78.34311 29.53638 curveto
78.04303 28.41632 77.69429 27.31024 77.29784 26.22058 curveto
76.90137 25.13123 76.45749 24.0598 75.96738 23.00937 curveto
75.47728 21.95831 74.94125 20.92915 74.36147 19.92462 curveto
73.78198 18.9207 73.1587 17.94263 72.49408 16.99312 curveto
71.82916 16.04362 71.12318 15.123 70.378 14.23491 curveto
69.63281 13.34683 68.84932 12.49219 68.02963 11.67252 curveto
67.20935 10.85222 66.35379 10.06842 65.46541 9.32292 curveto
64.57762 8.57774 63.6573 7.87177 62.70781 7.20685 curveto
61.75801 6.54192 60.77992 5.91864 59.7757 5.33885 curveto
58.77177 4.75937 57.74292 4.22395 56.69217 3.73416 curveto
55.64113 3.24405 54.5694 2.79985 53.47974 2.40309 curveto
52.39038 2.00664 51.2843 1.6579 50.16455 1.35782 curveto
49.04478 1.05774 47.91255 0.80692 46.7709 0.60564 curveto
45.62926 0.40437 44.4791 0.25235 43.32437 0.15141 curveto
42.16904 0.05017 41.00975 0 39.84985 0 curveto
38.69057 0 37.53189 0.05048 36.37717 0.15141 curveto
35.22244 0.25235 34.07228 0.40437 32.93063 0.60564 curveto
31.78897 0.80692 30.65675 1.05774 29.53699 1.35782 curveto
28.41693 1.6579 27.31024 2.00693 26.22058 2.4037 curveto
25.13123 2.80016 24.0595 3.24374 23.00876 3.73355 curveto
21.95801 4.22334 20.92915 4.75906 19.92523 5.33885 curveto
18.92131 5.91835 17.94322 6.5413 16.99373 7.20624 curveto
16.04391 7.87146 15.1233 8.57803 14.23491 9.32353 curveto
13.34683 10.06873 12.49188 10.85222 11.6719 11.6719 curveto stroke
newpath 12.72916 8.50204 moveto
12.89526 9.66617 12.50356 10.84056 11.6719 11.6719 curveto
12.50356 10.84056 13.6781 10.44928 14.84216 10.61581 curveto stroke
newpath 11.6719 11.6719 moveto
10.85222 12.49158 10.06873 13.34653 9.32353 14.23431 curveto
8.57803 15.1227 7.87146 16.04362 7.20624 16.99373 curveto
6.5413 17.94322 5.91835 18.92131 5.33885 19.92523 curveto
4.75937 20.92915 4.22395 21.9577 3.73416 23.00815 curveto
3.24405 24.05919 2.79985 25.13123 2.40309 26.22119 curveto
2.00664 27.31055 1.6579 28.41663 1.35782 29.53638 curveto
1.05774 30.65584 0.80692 31.78807 0.60564 32.92941 curveto
0.40407 34.07167 0.25266 35.22244 0.15141 36.37778 curveto
0.05048 37.5322 0 38.69087 0 39.84985 curveto
0 41.00975 0.05078 42.16934 0.15202 43.32498 curveto
0.25296 44.4797 0.40437 45.62956 0.60564 46.7709 curveto
0.80692 47.91225 1.05774 49.04448 1.35782 50.16394 curveto
1.6579 51.2843 2.00693 52.39099 2.4037 53.48096 curveto
2.80016 54.57031 3.24374 55.64174 3.73355 56.69217 curveto
4.22334 57.74261 4.75906 58.77116 5.33885 59.77509 curveto
5.91895 60.77962 6.54222 61.7583 7.20746 62.70842 curveto
7.87207 63.65791 8.57803 64.57823 9.32292 65.46602 curveto
10.06812 66.3541 10.85161 67.20874 11.6713 68.02841 curveto
12.49158 68.84871 13.34714 69.6325 14.23552 70.378 curveto
15.1233 71.12318 16.04362 71.82916 16.99312 72.49408 curveto
17.94232 73.1587 18.9204 73.78198 19.92401 74.36147 curveto
20.92854 74.94156 21.95801 75.47728 23.00937 75.96738 curveto
24.0598 76.45718 25.13123 76.90077 26.22058 77.29723 curveto
27.31055 77.694 28.41724 78.04303 29.5376 78.34311 curveto
30.65706 78.64319 31.78928 78.89401 32.93063 79.09529 curveto
34.07198 79.29655 35.22183 79.44858 36.37656 79.54951 curveto
37.5322 79.65076 38.69179 79.70093 39.85168 79.70093 curveto
41.01067 79.70093 42.16934 79.65045 43.32376 79.54951 curveto
44.47849 79.44858 45.62834 79.29716 46.76968 79.0959 curveto
47.91196 78.89432 49.04478 78.64319 50.16515 78.34311 curveto
51.28491 78.04303 52.39099 77.69429 53.48035 77.29784 curveto
54.5694 76.90137 55.64052 76.45718 56.69096 75.96738 curveto
57.74231 75.47697 58.77177 74.94156 59.7763 74.36147 curveto
60.78023 73.78198 61.7583 73.15901 62.70781 72.49408 curveto
63.65701 71.82947 64.57701 71.12349 65.4648 70.37862 curveto
66.35349 69.63281 67.20935 68.84871 68.02963 68.02841 curveto
68.84932 67.20874 69.6325 66.35379 70.3774 65.46602 curveto
71.1229 64.57762 71.82947 63.65671 72.49469 62.70659 curveto
73.15932 61.7574 73.78258 60.77931 74.36208 59.7757 curveto
74.94156 58.77177 75.47697 57.74292 75.96677 56.69217 curveto
76.45688 55.64113 76.90108 54.56909 77.29784 53.47913 curveto
77.69429 52.39008 78.04303 51.284 78.34311 50.16455 curveto
78.64319 49.04478 78.89401 47.91255 79.09529 46.7709 curveto
79.29686 45.62865 79.44827 44.47787 79.54951 43.32254 curveto
79.65045 42.16812 79.70093 41.00945 79.70093 39.85046 curveto stroke
newpath 173.5489 39.85046 moveto
173.5486 38.69057 173.49783 37.53128 173.39688 36.37595 curveto
173.29594 35.22183 173.14514 34.07228 172.94388 32.93124 curveto
172.7426 31.78928 172.49117 30.65645 172.19109 29.53638 curveto
171.891 28.41602 171.54198 27.30933 171.1452 26.21936 curveto
170.74875 25.13062 170.30516 24.0595 169.81535 23.00937 curveto
169.32526 21.95831 168.78923 20.92915 168.20944 19.92462 curveto
167.62996 18.921 167.0073 17.94353 166.34267 16.99434 curveto
165.67744 16.04422 164.97147 15.1233 164.22598 14.23491 curveto
163.48048 13.34653 162.69638 12.49127 161.87639 11.6713 curveto
161.05702 10.85191 160.20238 10.06842 159.31459 9.32353 curveto
158.42621 8.57803 157.50558 7.87177 156.55579 7.20685 curveto
155.60568 6.54161 154.62698 5.91805 153.62245 5.33824 curveto
152.61884 4.75876 151.59029 4.22395 150.54015 3.73416 curveto
149.4891 3.24405 148.41737 2.79985 147.32771 2.40309 curveto
146.23866 2.00664 145.1332 1.6582 144.01373 1.35843 curveto
142.89368 1.05835 141.76083 0.8072 140.61888 0.60564 curveto
139.47662 0.40407 138.32585 0.25266 137.17052 0.15141 curveto
136.0164 0.05048 134.85834 0 133.69966 0 curveto
132.53976 0 131.38048 0.05048 130.22514 0.15141 curveto
129.06981 0.25235 127.91934 0.40407 126.77739 0.60564 curveto
125.63635 0.80692 124.50412 1.05774 123.38496 1.35782 curveto
122.26491 1.6579 121.15822 2.00723 120.06856 2.4037 curveto
118.9795 2.79985 117.90839 3.24313 116.85794 3.73294 curveto
115.8069 4.22304 114.77774 4.75876 113.77321 5.33885 curveto
112.76898 5.91864 111.7903 6.54222 110.84048 7.20746 curveto
109.8916 7.87207 108.97159 8.57774 108.0841 9.32231 curveto
107.19571 10.06781 106.34016 10.85161 105.51988 11.6719 curveto
104.69958 12.49219 103.91579 13.34775 103.17029 14.23613 curveto
102.42572 15.12361 101.72005 16.04362 101.05544 16.99251 curveto
100.3902 17.94232 99.76662 18.921 99.18683 19.92523 curveto
98.60674 20.92976 98.07101 21.95892 97.58092 23.00996 curveto
97.09111 24.06041 96.64783 25.13153 96.25168 26.22058 curveto
95.85521 27.31024 95.50587 28.41693 95.2058 29.53699 curveto
94.90572 30.65614 94.65489 31.78838 94.45361 32.92941 curveto
94.25204 34.07137 94.10033 35.22183 93.99939 36.37717 curveto
93.89845 37.5325 93.84798 38.69179 93.84798 39.85168 curveto
93.84798 41.01036 93.89845 42.16843 93.99939 43.32254 curveto
94.10063 44.47787 94.25204 45.62865 94.45361 46.7709 curveto
94.65518 47.91286 94.90633 49.0457 95.2064 50.16576 curveto
95.50618 51.28522 95.8546 52.39069 96.25107 53.47974 curveto
96.64783 54.5694 97.09203 55.64113 97.58214 56.69217 curveto
98.07193 57.74231 98.60674 58.77086 99.18622 59.77448 curveto
99.76602 60.779 100.38959 61.7577 101.05482 62.70781 curveto
101.71974 63.65761 102.42601 64.57823 103.17151 65.46661 curveto
103.9164 66.3544 104.69989 67.20905 105.51927 68.02841 curveto
106.33925 68.8484 107.1945 69.6325 108.08289 70.378 curveto
108.97128 71.12349 109.8922 71.82947 110.84232 72.49469 curveto
111.7915 73.15932 112.76898 73.78198 113.7726 74.36147 curveto
114.77713 74.94125 115.80629 75.47728 116.85735 75.96738 curveto
117.90747 76.45718 118.97859 76.90077 120.06734 77.29723 curveto
121.1573 77.694 122.26399 78.04303 123.38435 78.34311 curveto
124.50443 78.64319 125.63725 78.89462 126.77922 79.0959 curveto
127.92026 79.29716 129.06981 79.44797 130.22392 79.5489 curveto
131.37926 79.64986 132.53854 79.70062 133.69844 79.70093 curveto stroke
newpath 130.70927 81.19455 moveto
131.41507 80.25398 132.5225 79.70062 133.69844 79.70093 curveto
132.5225 79.70062 131.41534 79.14668 130.71004 78.20575 curveto stroke
newpath 133.69844 79.70093 moveto
134.85773 79.70093 136.01671 79.65045 137.17174 79.54951 curveto
138.32677 79.44858 139.47693 79.29686 140.61888 79.09529 curveto
141.76053 78.89401 142.89276 78.64319 144.01253 78.34311 curveto
145.13258 78.04303 146.23866 77.694 147.32832 77.29723 curveto
148.41737 76.90077 149.4891 76.45718 150.53954 75.96738 curveto
151.59029 75.47758 152.61945 74.94186 153.62367 74.36208 curveto
154.6279 73.78229 155.60597 73.15901 156.55579 72.49408 curveto
157.50528 71.82916 158.4259 71.12318 159.314 70.378 curveto
160.20207 69.6325 161.05702 68.84901 161.877 68.02902 curveto
162.69699 67.20905 163.48048 66.3541 164.22598 65.46602 curveto
164.97116 64.57793 165.67714 63.6573 166.34206 62.70781 curveto
167.00699 61.75801 167.63025 60.77992 168.21005 59.7757 curveto
168.78984 58.77147 169.32556 57.74231 169.81535 56.69156 curveto
170.30516 55.64113 170.74875 54.5694 171.1452 53.48035 curveto
171.54198 52.39069 171.891 51.2846 172.19109 50.16455 curveto
172.49117 49.04478 172.74199 47.91255 172.94327 46.7709 curveto
173.14484 45.62895 173.29655 44.47879 173.39749 43.32376 curveto
173.49843 42.16873 173.5489 41.00975 173.5489 39.85046 curveto stroke
newpath 267.39658 39.85046 moveto
267.39658 38.69118 267.3461 37.5322 267.24516 36.37717 curveto
267.14423 35.22214 266.99251 34.07198 266.79094 32.93002 curveto
266.58966 31.78838 266.33884 30.65614 266.03876 29.53638 curveto
265.73868 28.41632 265.38994 27.31024 264.99348 26.22058 curveto
264.59702 25.13123 264.15314 24.0595 263.66302 23.00876 curveto
263.17293 21.95801 262.63751 20.92915 262.05772 19.92523 curveto
261.47794 18.921 260.85466 17.94292 260.18973 16.99312 curveto
259.52481 16.04362 258.81883 15.123 258.07365 14.23491 curveto
257.32816 13.34683 256.54466 12.49158 255.72467 11.6719 curveto stroke
newpath 258.89497 12.72798 moveto
257.7309 12.89452 256.55635 12.50325 255.72467 11.6719 curveto
256.55635 12.50325 256.94806 13.67766 256.78197 14.84178 curveto stroke
newpath 255.72467 11.6719 moveto
254.9053 10.85191 254.05035 10.06873 253.16228 9.32353 curveto
252.27357 8.57774 251.35236 7.87146 250.40224 7.20624 curveto
249.45274 6.54161 248.47466 5.91835 247.47073 5.33885 curveto
246.46681 4.75937 245.43826 4.22334 244.38782 3.73355 curveto
243.33739 3.24374 242.26596 2.80016 241.1766 2.4037 curveto
240.08633 2.00693 238.97903 1.6576 237.85837 1.35721 curveto
236.7389 1.05713 235.60669 0.8063 234.46533 0.60503 curveto
233.32399 0.40376 232.17413 0.25235 231.01941 0.15141 curveto
229.86499 0.05048 228.70631 0 227.54733 0 curveto
226.38713 0 225.22723 0.05078 224.0716 0.15202 curveto
222.91687 0.25296 221.76701 0.40437 220.62567 0.60564 curveto
219.48402 0.80692 218.35179 1.05774 217.23203 1.35782 curveto
216.11258 1.6579 215.0065 2.00664 213.91745 2.40309 curveto
212.82718 2.79985 211.75484 3.24374 210.70319 3.73416 curveto
209.65274 4.22395 208.62419 4.75996 207.62027 5.33946 curveto
206.61635 5.91895 205.63828 6.54192 204.68877 7.20685 curveto
203.73956 7.87146 202.81956 8.57744 201.93178 9.32231 curveto
201.04279 10.06842 200.18692 10.85252 199.36633 11.67311 curveto
198.54666 12.4928 197.76346 13.34775 197.01857 14.23552 curveto
196.2737 15.12361 195.56741 16.04362 194.9025 16.99312 curveto
194.23787 17.94232 193.6146 18.9204 193.03511 19.92401 curveto
192.45502 20.92885 191.91899 21.95831 191.42859 23.00996 curveto
190.93878 24.06041 190.49521 25.13184 190.09874 26.22119 curveto
189.70229 27.31055 189.35355 28.41663 189.05347 29.53638 curveto
188.75339 30.65584 188.50256 31.78807 188.30128 32.92941 curveto
188.09972 34.07198 187.9483 35.22275 187.84706 36.37839 curveto
187.74612 37.53311 187.69565 38.69179 187.69565 39.85107 curveto
187.69565 41.01006 187.74612 42.16873 187.84706 43.32315 curveto
187.948 44.47787 188.09941 45.62773 188.30067 46.76909 curveto
188.50226 47.91165 188.7537 49.04509 189.05408 50.16576 curveto
189.35416 51.28522 189.70288 52.3913 190.09935 53.48035 curveto
190.4958 54.5697 190.93939 55.64113 191.4292 56.69156 curveto
191.91899 57.742 192.4544 58.77055 193.03389 59.77448 curveto
193.614 60.77931 194.23756 61.7586 194.9031 62.70903 curveto
195.56772 63.65822 196.27429 64.57823 197.01918 65.46602 curveto
197.76407 66.35379 198.54726 67.20874 199.36694 68.02841 curveto
200.18661 68.8481 201.04187 69.63159 201.92996 70.37679 curveto
202.81865 71.12259 203.73956 71.82916 204.68999 72.49469 curveto
205.63918 73.15962 206.61726 73.78258 207.62088 74.36208 curveto
208.6248 74.94156 209.65396 75.47697 210.7044 75.96677 curveto
211.75484 76.45657 212.82596 76.90077 213.91501 77.29723 curveto
215.00528 77.694 216.11258 78.04272 217.23325 78.34311 curveto
218.3527 78.64319 219.48492 78.89401 220.62628 79.09529 curveto
221.76762 79.29655 222.91748 79.44858 224.0722 79.54951 curveto
225.22693 79.65045 226.3856 79.70093 227.54489 79.70093 curveto
228.7051 79.70093 229.86499 79.65015 231.02063 79.5489 curveto
232.17535 79.44797 233.32521 79.29655 234.46655 79.09529 curveto
235.6079 78.89401 236.74013 78.64288 237.85959 78.34311 curveto
238.97903 78.04333 240.08511 77.6949 241.17418 77.29845 curveto
242.26443 76.90167 243.33678 76.45718 244.38843 75.96677 curveto
245.43887 75.47697 246.46742 74.94156 247.47134 74.36208 curveto
248.47527 73.78258 249.45335 73.15962 250.40285 72.49469 curveto
251.35236 71.82977 252.27266 71.1238 253.16045 70.37862 curveto
254.04913 69.63281 254.905 68.84871 255.72528 68.02841 curveto
256.54497 67.20874 257.32846 66.3541 258.07365 65.46602 curveto
258.81854 64.57823 259.5245 63.65791 260.18912 62.70842 curveto
260.85405 61.75891 261.47763 60.78084 262.05711 59.77692 curveto
262.6372 58.77208 263.17262 57.74231 263.66302 56.69096 curveto
264.15283 55.64052 264.59702 54.5694 264.99348 53.48035 curveto
265.38994 52.39099 265.73868 51.28491 266.03876 50.16515 curveto
266.33884 49.0457 266.58966 47.91347 266.79094 46.77213 curveto
266.99251 45.62956 267.14392 44.47849 267.24516 43.32254 curveto
267.3461 42.16812 267.39658 41.00945 267.39658 39.85046 curveto stroke
newpath 361.4437 39.85046 moveto
361.4437 38.69148 361.39322 37.5328 361.29228 36.37839 curveto
361.19104 35.22305 361.03963 34.07228 360.83806 32.93002 curveto
360.63678 31.78868 360.38596 30.65645 360.08588 29.53699 curveto
359.7858 28.41693 359.43677 27.31024 359.04 26.22058 curveto
358.64354 25.13123 358.19995 24.0598 357.71014 23.00937 curveto
357.22005 21.95831 356.68402 20.92915 356.10423 19.92462 curveto
355.52475 18.9207 354.90178 17.94263 354.23685 16.99312 curveto
353.57193 16.04332 352.86566 15.1227 352.12016 14.23431 curveto
351.37497 13.34653 350.59148 12.49158 349.77179 11.6719 curveto
348.95212 10.85222 348.09717 10.06873 347.20938 9.32353 curveto
346.321 8.57803 345.40038 7.87177 344.45058 7.20685 curveto
343.50107 6.54192 342.523 5.91895 341.51907 5.33946 curveto
340.51454 4.75967 339.48538 4.22365 338.43433 3.73355 curveto
337.3839 3.24374 336.31247 2.80016 335.22311 2.4037 curveto
334.13345 2.00693 333.02676 1.6579 331.90671 1.35782 curveto
330.78725 1.05774 329.65501 0.80692 328.51367 0.60564 curveto
327.37141 0.40407 326.22064 0.25266 325.0653 0.15141 curveto
323.91089 0.05048 322.75221 0 321.59323 0 curveto
320.43425 0 319.27557 0.05048 318.12115 0.15141 curveto
316.96582 0.25266 315.81505 0.40407 314.67279 0.60564 curveto
313.53145 0.80692 312.39922 1.05774 311.27975 1.35782 curveto
310.1597 1.6579 309.05301 2.00693 307.96335 2.4037 curveto
306.874 2.80016 305.80257 3.24374 304.75214 3.73355 curveto
303.70108 4.22365 302.67192 4.75967 301.66739 5.33946 curveto
300.66347 5.91895 299.6854 6.54192 298.73589 7.20685 curveto
297.78609 7.87177 296.86546 8.57803 295.97708 9.32353 curveto
295.0893 10.06873 294.23434 10.85222 293.41467 11.6719 curveto
292.59499 12.49158 291.8115 13.34653 291.0663 14.23431 curveto
290.3208 15.1227 289.61453 16.04332 288.94962 16.99312 curveto
288.28468 17.94263 287.66171 18.9207 287.08223 19.92462 curveto
286.50244 20.92915 285.96642 21.95831 285.47632 23.00937 curveto
284.98651 24.0598 284.54292 25.13123 284.14647 26.22058 curveto
283.7497 27.31024 283.40067 28.41693 283.10059 29.53699 curveto
282.8005 30.65645 282.54968 31.78868 282.3484 32.93002 curveto
282.14684 34.07228 281.99542 35.22305 281.89418 36.37839 curveto
281.79324 37.5328 281.74277 38.69148 281.74277 39.85046 curveto stroke
newpath 280.24837 36.86168 moveto
281.18912 37.56723 281.74277 38.67453 281.74277 39.85046 curveto
281.74277 38.67453 282.29642 37.56723 283.23717 36.86168 curveto stroke
newpath 281.74277 39.85046 moveto
281.74277 41.00945 281.79324 42.16812 281.89418 43.32254 curveto
281.99542 44.47787 282.14684 45.62865 282.3484 46.7709 curveto
282.54968 47.91225 282.8005 49.04448 283.10059 50.16394 curveto
283.40067 51.284 283.7497 52.39069 284.14647 53.48035 curveto
284.54292 54.5697 284.98651 55.64113 285.47632 56.69156 curveto
285.96642 57.74261 286.50244 58.77177 287.08223 59.7763 curveto
287.66171 60.78023 288.28468 61.7583 288.94962 62.70781 curveto
289.61453 63.65761 290.3208 64.57823 291.0663 65.46661 curveto
291.8115 66.3544 292.59499 67.20935 293.41467 68.02902 curveto
294.23434 68.84871 295.0893 69.6322 295.97708 70.3774 curveto
296.86546 71.1229 297.78609 71.82916 298.73589 72.49408 curveto
299.6854 73.15901 300.66347 73.78198 301.66739 74.36147 curveto
302.67192 74.94125 303.70108 75.47728 304.75214 75.96738 curveto
305.80257 76.45718 306.874 76.90077 307.96335 77.29723 curveto
309.05301 77.694 310.1597 78.04303 311.27975 78.34311 curveto
312.39922 78.64319 313.53145 78.89401 314.67279 79.09529 curveto
315.81505 79.29686 316.96582 79.44827 318.12115 79.54951 curveto
319.27557 79.65045 320.43425 79.70093 321.59323 79.70093 curveto
322.75221 79.70093 323.91089 79.65045 325.0653 79.54951 curveto
326.22064 79.44827 327.37141 79.29686 328.51367 79.09529 curveto
329.65501 78.89401 330.78725 78.64319 331.90671 78.34311 curveto
333.02676 78.04303 334.13345 77.694 335.22311 77.29723 curveto
336.31247 76.90077 337.3839 76.45718 338.43433 75.96738 curveto
339.48538 75.47728 340.51454 74.94125 341.51907 74.36147 curveto
342.523 73.78198 343.50107 73.15901 344.45058 72.49408 curveto
345.40038 71.82916 346.321 71.1229 347.20938 70.3774 curveto
348.09717 69.6322 348.95212 68.84871 349.77179 68.02902 curveto
350.59148 67.20935 351.37497 66.3544 352.12016 65.46661 curveto
352.86566 64.57823 353.57193 63.65761 354.23685 62.70781 curveto
354.90178 61.7583 355.52475 60.78023 356.10423 59.7763 curveto
356.68402 58.77177 357.22005 57.74261 357.71014 56.69156 curveto
358.19995 55.64113 358.64354 54.5697 359.04 53.48035 curveto
359.43677 52.39069 359.7858 51.284 360.08588 50.16394 curveto
360.38596 49.04448 360.63678 47.91225 360.83806 46.7709 curveto
361.03963 45.62865 361.19104 44.47787 361.29228 43.32254 curveto
361.39322 42.16812 361.4437 41.00945 361.4437 39.85046 curveto stroke
newpath 40.09953 0 moveto
40.09953 0.06606 40.07329 0.12941 40.02658 0.17612 curveto
39.97987 0.22282 39.91652 0.24907 39.85046 0.24907 curveto
39.78441 0.24907 39.72105 0.22282 39.67435 0.17612 curveto
39.62764 0.12941 39.6014 0.06606 39.6014 0 curveto
39.6014 -0.06606 39.62764 -0.12941 39.67435 -0.17612 curveto
39.72105 -0.22282 39.78441 -0.24907 39.85046 -0.24907 curveto
39.91652 -0.24907 39.97987 -0.22282 40.02658 -0.17612 curveto
40.07329 -0.12941 40.09953 -0.06606 40.09953 0 curveto closepath fill
newpath 40.48291 2.95485 moveto
40.48291 3.0209 40.45667 3.08426 40.40996 3.13097 curveto
40.36325 3.17767 40.2999 3.20392 40.23384 3.20392 curveto
40.16779 3.20392 40.10443 3.17767 40.05772 3.13097 curveto
40.01102 3.08426 39.98477 3.0209 39.98477 2.95485 curveto
39.98477 2.8888 40.01102 2.82544 40.05772 2.77873 curveto
40.10443 2.73203 40.16779 2.70578 40.23384 2.70578 curveto
40.2999 2.70578 40.36325 2.73203 40.40996 2.77873 curveto
40.45667 2.82544 40.48291 2.8888 40.48291 2.95485 curveto closepath fill
newpath 41.18144 5.85341 moveto
41.18144 5.91946 41.1552 5.98282 41.10849 6.02953 curveto
41.06178 6.07623 40.99843 6.10248 40.93237 6.10248 curveto
40.86632 6.10248 40.80296 6.07623 40.75626 6.02953 curveto
40.70955 5.98282 40.6833 5.91946 40.6833 5.85341 curveto
40.6833 5.78735 40.70955 5.724 40.75626 5.67729 curveto
40.80296 5.63058 40.86632 5.60434 40.93237 5.60434 curveto
40.99843 5.60434 41.06178 5.63058 41.10849 5.67729 curveto
41.1552 5.724 41.18144 5.78735 41.18144 5.85341 curveto closepath fill
newpath 42.08087 8.69666 moveto
42.08087 8.76271 42.05463 8.82607 42.00792 8.87277 curveto
41.96121 8.91948 41.89786 8.94572 41.8318 8.94572 curveto
41.76575 8.94572 41.7024 8.91948 41.65569 8.87277 curveto
41.60898 8.82607 41.58273 8.76271 41.58273 8.69666 curveto
41.58273 8.6306 41.60898 8.56725 41.65569 8.52054 curveto
41.7024 8.47383 41.76575 8.44759 41.8318 8.44759 curveto
41.89786 8.44759 41.96121 8.47383 42.00792 8.52054 curveto
42.05463 8.56725 42.08087 8.6306 42.08087 8.69666 curveto closepath fill
newpath 43.14172 11.48392 moveto
43.14172 11.54997 43.11548 11.61333 43.06877 11.66003 curveto
43.02206 11.70674 42.95871 11.73299 42.89265 11.73299 curveto
42.8266 11.73299 42.76324 11.70674 42.71654 11.66003 curveto
42.66983 11.61333 42.64359 11.54997 42.64359 11.48392 curveto
42.64359 11.41786 42.66983 11.3545 42.71654 11.3078 curveto
42.76324 11.2611 42.8266 11.23485 42.89265 11.23485 curveto
42.95871 11.23485 43.02206 11.2611 43.06877 11.3078 curveto
43.11548 11.3545 43.14172 11.41786 43.14172 11.48392 curveto closepath fill
newpath 44.33896 14.21548 moveto
44.33896 14.28154 44.31271 14.3449 44.266 14.3916 curveto
44.2193 14.43831 44.15594 14.46455 44.08989 14.46455 curveto
44.02383 14.46455 43.96048 14.43831 43.91377 14.3916 curveto
43.86707 14.3449 43.84082 14.28154 43.84082 14.21548 curveto
43.84082 14.14943 43.86707 14.08607 43.91377 14.03937 curveto
43.96048 13.99266 44.02383 13.96642 44.08989 13.96642 curveto
44.15594 13.96642 44.2193 13.99266 44.266 14.03937 curveto
44.31271 14.08607 44.33896 14.14943 44.33896 14.21548 curveto closepath fill
newpath 45.65645 16.8911 moveto
45.65645 16.95715 45.6302 17.02051 45.5835 17.06721 curveto
45.53679 17.11392 45.47343 17.14017 45.40738 17.14017 curveto
45.34132 17.14017 45.27797 17.11392 45.23126 17.06721 curveto
45.18456 17.02051 45.15831 16.95715 45.15831 16.8911 curveto
45.15831 16.82504 45.18456 16.76169 45.23126 16.71498 curveto
45.27797 16.66827 45.34132 16.64203 45.40738 16.64203 curveto
45.47343 16.64203 45.53679 16.66827 45.5835 16.71498 curveto
45.6302 16.76169 45.65645 16.82504 45.65645 16.8911 curveto closepath fill
newpath 47.08215 19.51077 moveto
47.08215 19.57683 47.05591 19.64018 47.0092 19.68689 curveto
46.9625 19.7336 46.89914 19.75984 46.83308 19.75984 curveto
46.76703 19.75984 46.70367 19.7336 46.65697 19.68689 curveto
46.61026 19.64018 46.58401 19.57683 46.58401 19.51077 curveto
46.58401 19.44472 46.61026 19.38136 46.65697 19.33466 curveto
46.70367 19.28795 46.76703 19.2617 46.83308 19.2617 curveto
46.89914 19.2617 46.9625 19.28795 47.0092 19.33466 curveto
47.05591 19.38136 47.08215 19.44472 47.08215 19.51077 curveto closepath fill
newpath 48.60562 22.07465 moveto
48.60562 22.1407 48.57938 22.20406 48.53267 22.25076 curveto
48.48596 22.29747 48.4226 22.32372 48.35655 22.32372 curveto
48.2905 22.32372 48.22714 22.29747 48.18044 22.25076 curveto
48.13373 22.20406 48.10748 22.1407 48.10748 22.07465 curveto
48.10748 22.00859 48.13373 21.94524 48.18044 21.89853 curveto
48.22714 21.85182 48.2905 21.82558 48.35655 21.82558 curveto
48.4226 21.82558 48.48596 21.85182 48.53267 21.89853 curveto
48.57938 21.94524 48.60562 22.00859 48.60562 22.07465 curveto closepath fill
newpath 50.21855 24.58363 moveto
50.21855 24.64969 50.1923 24.71304 50.1456 24.75975 curveto
50.09889 24.80646 50.03554 24.8327 49.96948 24.8327 curveto
49.90343 24.8327 49.84007 24.80646 49.79337 24.75975 curveto
49.74666 24.71304 49.72041 24.64969 49.72041 24.58363 curveto
49.72041 24.51758 49.74666 24.45422 49.79337 24.40752 curveto
49.84007 24.36081 49.90343 24.33456 49.96948 24.33456 curveto
50.03554 24.33456 50.09889 24.36081 50.1456 24.40752 curveto
50.1923 24.45422 50.21855 24.51758 50.21855 24.58363 curveto closepath fill
newpath 51.91623 27.03569 moveto
51.91623 27.10175 51.88998 27.1651 51.84328 27.2118 curveto
51.79657 27.25851 51.73322 27.28476 51.66716 27.28476 curveto
51.6011 27.28476 51.53775 27.25851 51.49104 27.2118 curveto
51.44434 27.1651 51.41809 27.10175 51.41809 27.03569 curveto
51.41809 26.96964 51.44434 26.90628 51.49104 26.85957 curveto
51.53775 26.81287 51.6011 26.78662 51.66716 26.78662 curveto
51.73322 26.78662 51.79657 26.81287 51.84328 26.85957 curveto
51.88998 26.90628 51.91623 26.96964 51.91623 27.03569 curveto closepath fill
newpath 53.6917 29.43207 moveto
53.6917 29.49812 53.66545 29.56148 53.61874 29.60818 curveto
53.57204 29.65489 53.50868 29.68114 53.44263 29.68114 curveto
53.37657 29.68114 53.31322 29.65489 53.26651 29.60818 curveto
53.2198 29.56148 53.19356 29.49812 53.19356 29.43207 curveto
53.19356 29.36601 53.2198 29.30266 53.26651 29.25595 curveto
53.31322 29.20924 53.37657 29.183 53.44263 29.183 curveto
53.50868 29.183 53.57204 29.20924 53.61874 29.25595 curveto
53.66545 29.30266 53.6917 29.36601 53.6917 29.43207 curveto closepath fill
newpath 55.53946 31.77354 moveto
55.53946 31.8396 55.51321 31.90295 55.4665 31.94966 curveto
55.4198 31.99637 55.35645 32.02261 55.29039 32.02261 curveto
55.22433 32.02261 55.16098 31.99637 55.11427 31.94966 curveto
55.06757 31.90295 55.04132 31.8396 55.04132 31.77354 curveto
55.04132 31.70749 55.06757 31.64413 55.11427 31.59743 curveto
55.16098 31.55072 55.22433 31.52448 55.29039 31.52448 curveto
55.35645 31.52448 55.4198 31.55072 55.4665 31.59743 curveto
55.51321 31.64413 55.53946 31.70749 55.53946 31.77354 curveto closepath fill
newpath 57.45721 34.05794 moveto
57.45721 34.124 57.43097 34.18735 57.38426 34.23405 curveto
57.33755 34.28076 57.2742 34.307 57.20815 34.307 curveto
57.14209 34.307 57.07874 34.28076 57.03203 34.23405 curveto
56.98532 34.18735 56.95908 34.124 56.95908 34.05794 curveto
56.95908 33.99188 56.98532 33.92853 57.03203 33.88182 curveto
57.07874 33.83511 57.14209 33.80887 57.20815 33.80887 curveto
57.2742 33.80887 57.33755 33.83511 57.38426 33.88182 curveto
57.43097 33.92853 57.45721 33.99188 57.45721 34.05794 curveto closepath fill
newpath 59.43794 36.28761 moveto
59.43794 36.35367 59.4117 36.41702 59.36499 36.46373 curveto
59.31828 36.51044 59.25493 36.53668 59.18887 36.53668 curveto
59.12282 36.53668 59.05946 36.51044 59.01276 36.46373 curveto
58.96605 36.41702 58.9398 36.35367 58.9398 36.28761 curveto
58.9398 36.22156 58.96605 36.1582 59.01276 36.1115 curveto
59.05946 36.06479 59.12282 36.03854 59.18887 36.03854 curveto
59.25493 36.03854 59.31828 36.06479 59.36499 36.1115 curveto
59.4117 36.1582 59.43794 36.22156 59.43794 36.28761 curveto closepath fill
newpath 61.48087 38.46059 moveto
61.48087 38.52664 61.45462 38.59 61.40791 38.6367 curveto
61.3612 38.68341 61.29785 38.70966 61.2318 38.70966 curveto
61.16574 38.70966 61.10239 38.68341 61.05568 38.6367 curveto
61.00897 38.59 60.98273 38.52664 60.98273 38.46059 curveto
60.98273 38.39453 61.00897 38.33118 61.05568 38.28447 curveto
61.10239 38.23776 61.16574 38.21152 61.2318 38.21152 curveto
61.29785 38.21152 61.3612 38.23776 61.40791 38.28447 curveto
61.45462 38.33118 61.48087 38.39453 61.48087 38.46059 curveto closepath fill
newpath 63.58098 40.57858 moveto
63.58098 40.64464 63.55473 40.708 63.50803 40.7547 curveto
63.46132 40.8014 63.39796 40.82765 63.33191 40.82765 curveto
63.26585 40.82765 63.2025 40.8014 63.15579 40.7547 curveto
63.10909 40.708 63.08284 40.64464 63.08284 40.57858 curveto
63.08284 40.51253 63.10909 40.44917 63.15579 40.40247 curveto
63.2025 40.35576 63.26585 40.32951 63.33191 40.32951 curveto
63.39796 40.32951 63.46132 40.35576 63.50803 40.40247 curveto
63.55473 40.44917 63.58098 40.51253 63.58098 40.57858 curveto closepath fill
newpath 65.7364 42.64012 moveto
65.7364 42.70618 65.71016 42.76953 65.66345 42.81624 curveto
65.61674 42.86295 65.55339 42.88919 65.48734 42.88919 curveto
65.42128 42.88919 65.35793 42.86295 65.31122 42.81624 curveto
65.26451 42.76953 65.23827 42.70618 65.23827 42.64012 curveto
65.23827 42.57407 65.26451 42.51071 65.31122 42.464 curveto
65.35793 42.4173 65.42128 42.39105 65.48734 42.39105 curveto
65.55339 42.39105 65.61674 42.4173 65.66345 42.464 curveto
65.71016 42.51071 65.7364 42.57407 65.7364 42.64012 curveto closepath fill
newpath 67.94353 44.64624 moveto
67.94353 44.7123 67.91728 44.77565 67.87057 44.82236 curveto
67.82387 44.86906 67.76051 44.89531 67.69446 44.89531 curveto
67.6284 44.89531 67.56505 44.86906 67.51834 44.82236 curveto
67.47163 44.77565 67.44539 44.7123 67.44539 44.64624 curveto
67.44539 44.58018 67.47163 44.51683 67.51834 44.47012 curveto
67.56505 44.42342 67.6284 44.39717 67.69446 44.39717 curveto
67.76051 44.39717 67.82387 44.42342 67.87057 44.47012 curveto
67.91728 44.51683 67.94353 44.58018 67.94353 44.64624 curveto closepath fill
newpath 70.20001 46.59642 moveto
70.20001 46.66248 70.17377 46.72583 70.12706 46.77254 curveto
70.08035 46.81924 70.017 46.84549 69.95094 46.84549 curveto
69.88489 46.84549 69.82153 46.81924 69.77483 46.77254 curveto
69.72812 46.72583 69.70187 46.66248 69.70187 46.59642 curveto
69.70187 46.53036 69.72812 46.46701 69.77483 46.4203 curveto
69.82153 46.3736 69.88489 46.34735 69.95094 46.34735 curveto
70.017 46.34735 70.08035 46.3736 70.12706 46.4203 curveto
70.17377 46.46701 70.20001 46.53036 70.20001 46.59642 curveto closepath fill
newpath 72.50356 48.4911 moveto
72.50356 48.55716 72.47731 48.62051 72.4306 48.66722 curveto
72.3839 48.71393 72.32054 48.74017 72.25449 48.74017 curveto
72.18843 48.74017 72.12508 48.71393 72.07837 48.66722 curveto
72.03166 48.62051 72.00542 48.55716 72.00542 48.4911 curveto
72.00542 48.42505 72.03166 48.3617 72.07837 48.31499 curveto
72.12508 48.26828 72.18843 48.24203 72.25449 48.24203 curveto
72.32054 48.24203 72.3839 48.26828 72.4306 48.31499 curveto
72.47731 48.3617 72.50356 48.42505 72.50356 48.4911 curveto closepath fill
newpath 74.8522 50.3294 moveto
74.8522 50.39546 74.82596 50.45882 74.77925 50.50552 curveto
74.73254 50.55223 74.66919 50.57848 74.60313 50.57848 curveto
74.53708 50.57848 74.47372 50.55223 74.42702 50.50552 curveto
74.38031 50.45882 74.35406 50.39546 74.35406 50.3294 curveto
74.35406 50.26335 74.38031 50.2 74.42702 50.15329 curveto
74.47372 50.10658 74.53708 50.08034 74.60313 50.08034 curveto
74.66919 50.08034 74.73254 50.10658 74.77925 50.15329 curveto
74.82596 50.2 74.8522 50.26335 74.8522 50.3294 curveto closepath fill
newpath 77.24327 52.11229 moveto
77.24327 52.17834 77.21703 52.2417 77.17032 52.2884 curveto
77.12361 52.33511 77.06026 52.36136 76.9942 52.36136 curveto
76.92815 52.36136 76.86479 52.33511 76.81808 52.2884 curveto
76.77138 52.2417 76.74513 52.17834 76.74513 52.11229 curveto
76.74513 52.04623 76.77138 51.98288 76.81808 51.93617 curveto
76.86479 51.88947 76.92815 51.86322 76.9942 51.86322 curveto
77.06026 51.86322 77.12361 51.88947 77.17032 51.93617 curveto
77.21703 51.98288 77.24327 52.04623 77.24327 52.11229 curveto closepath fill
newpath 79.67531 53.83888 moveto
79.67531 53.90494 79.64906 53.96829 79.60236 54.015 curveto
79.55565 54.0617 79.4923 54.08795 79.42624 54.08795 curveto
79.36018 54.08795 79.29683 54.0617 79.25012 54.015 curveto
79.20341 53.96829 79.17717 53.90494 79.17717 53.83888 curveto
79.17717 53.77283 79.20341 53.70947 79.25012 53.66277 curveto
79.29683 53.61606 79.36018 53.58981 79.42624 53.58981 curveto
79.4923 53.58981 79.55565 53.61606 79.60236 53.66277 curveto
79.64906 53.70947 79.67531 53.77283 79.67531 53.83888 curveto closepath fill
newpath 82.14536 55.51071 moveto
82.14536 55.57677 82.11911 55.64012 82.0724 55.68683 curveto
82.0257 55.73354 81.96234 55.75978 81.89629 55.75978 curveto
81.83023 55.75978 81.76688 55.73354 81.72017 55.68683 curveto
81.67346 55.64012 81.64722 55.57677 81.64722 55.51071 curveto
81.64722 55.44466 81.67346 55.3813 81.72017 55.3346 curveto
81.76688 55.28789 81.83023 55.26164 81.89629 55.26164 curveto
81.96234 55.26164 82.0257 55.28789 82.0724 55.3346 curveto
82.11911 55.3813 82.14536 55.44466 82.14536 55.51071 curveto closepath fill
newpath 84.65309 57.12549 moveto
84.65309 57.19154 84.62685 57.2549 84.58014 57.3016 curveto
84.53343 57.34831 84.47008 57.37456 84.40402 57.37456 curveto
84.33797 57.37456 84.27461 57.34831 84.2279 57.3016 curveto
84.1812 57.2549 84.15495 57.19154 84.15495 57.12549 curveto
84.15495 57.05943 84.1812 56.99608 84.2279 56.94937 curveto
84.27461 56.90266 84.33797 56.87642 84.40402 56.87642 curveto
84.47008 56.87642 84.53343 56.90266 84.58014 56.94937 curveto
84.62685 56.99608 84.65309 57.05943 84.65309 57.12549 curveto closepath fill
newpath 87.19528 58.6853 moveto
87.19528 58.75136 87.16904 58.81471 87.12233 58.86142 curveto
87.07562 58.90813 87.01227 58.93437 86.94621 58.93437 curveto
86.88016 58.93437 86.8168 58.90813 86.7701 58.86142 curveto
86.72339 58.81471 86.69714 58.75136 86.69714 58.6853 curveto
86.69714 58.61925 86.72339 58.5559 86.7701 58.50919 curveto
86.8168 58.46248 86.88016 58.43623 86.94621 58.43623 curveto
87.01227 58.43623 87.07562 58.46248 87.12233 58.50919 curveto
87.16904 58.5559 87.19528 58.61925 87.19528 58.6853 curveto closepath fill
newpath 89.7715 60.18855 moveto
89.7715 60.25461 89.74525 60.31796 89.69855 60.36467 curveto
89.65184 60.41138 89.58849 60.43762 89.52243 60.43762 curveto
89.45638 60.43762 89.39302 60.41138 89.34631 60.36467 curveto
89.2996 60.31796 89.27336 60.25461 89.27336 60.18855 curveto
89.27336 60.1225 89.2996 60.05914 89.34631 60.01244 curveto
89.39302 59.96573 89.45638 59.93948 89.52243 59.93948 curveto
89.58849 59.93948 89.65184 59.96573 89.69855 60.01244 curveto
89.74525 60.05914 89.7715 60.1225 89.7715 60.18855 curveto closepath fill
newpath 92.3789 61.63687 moveto
92.3789 61.70293 92.35266 61.76628 92.30595 61.81299 curveto
92.25925 61.8597 92.19589 61.88594 92.12984 61.88594 curveto
92.06378 61.88594 92.00043 61.8597 91.95372 61.81299 curveto
91.90701 61.76628 91.88077 61.70293 91.88077 61.63687 curveto
91.88077 61.57082 91.90701 61.50746 91.95372 61.46075 curveto
92.00043 61.41405 92.06378 61.3878 92.12984 61.3878 curveto
92.19589 61.3878 92.25925 61.41405 92.30595 61.46075 curveto
92.35266 61.50746 92.3789 61.57082 92.3789 61.63687 curveto closepath fill
newpath 95.01666 63.02893 moveto
95.01666 63.09499 94.99042 63.15834 94.94371 63.20505 curveto
94.897 63.25175 94.83365 63.278 94.7676 63.278 curveto
94.70154 63.278 94.63818 63.25175 94.59148 63.20505 curveto
94.54477 63.15834 94.51852 63.09499 94.51852 63.02893 curveto
94.51852 62.96288 94.54477 62.89952 94.59148 62.85281 curveto
94.63818 62.8061 94.70154 62.77986 94.7676 62.77986 curveto
94.83365 62.77986 94.897 62.8061 94.94371 62.85281 curveto
94.99042 62.89952 95.01666 62.96288 95.01666 63.02893 curveto closepath fill
newpath 97.68315 64.36504 moveto
97.68315 64.43109 97.6569 64.49445 97.6102 64.54115 curveto
97.56349 64.58786 97.50014 64.6141 97.43408 64.6141 curveto
97.36803 64.6141 97.30467 64.58786 97.25797 64.54115 curveto
97.21126 64.49445 97.18501 64.43109 97.18501 64.36504 curveto
97.18501 64.29898 97.21126 64.23563 97.25797 64.18892 curveto
97.30467 64.14221 97.36803 64.11597 97.43408 64.11597 curveto
97.50014 64.11597 97.56349 64.14221 97.6102 64.18892 curveto
97.6569 64.23563 97.68315 64.29898 97.68315 64.36504 curveto closepath fill
newpath 100.37683 65.64575 moveto
100.37683 65.7118 100.35059 65.77516 100.30388 65.82187 curveto
100.25717 65.86858 100.19382 65.89482 100.12776 65.89482 curveto
100.0617 65.89482 99.99835 65.86858 99.95164 65.82187 curveto
99.90494 65.77516 99.8787 65.7118 99.8787 65.64575 curveto
99.8787 65.5797 99.90494 65.51634 99.95164 65.46964 curveto
99.99835 65.42293 100.0617 65.39668 100.12776 65.39668 curveto
100.19382 65.39668 100.25717 65.42293 100.30388 65.46964 curveto
100.35059 65.51634 100.37683 65.5797 100.37683 65.64575 curveto closepath fill
newpath 103.09651 66.87004 moveto
103.09651 66.9361 103.07027 66.99945 103.02356 67.04616 curveto
102.97685 67.09286 102.9135 67.11911 102.84744 67.11911 curveto
102.78139 67.11911 102.71803 67.09286 102.67133 67.04616 curveto
102.62462 66.99945 102.59837 66.9361 102.59837 66.87004 curveto
102.59837 66.80399 102.62462 66.74063 102.67133 66.69392 curveto
102.71803 66.64722 102.78139 66.62097 102.84744 66.62097 curveto
102.9135 66.62097 102.97685 66.64722 103.02356 66.69392 curveto
103.07027 66.74063 103.09651 66.80399 103.09651 66.87004 curveto closepath fill
newpath 105.84029 68.03935 moveto
105.84029 68.10541 105.81404 68.16876 105.76733 68.21547 curveto
105.72063 68.26218 105.65727 68.28842 105.59122 68.28842 curveto
105.52516 68.28842 105.4618 68.26218 105.4151 68.21547 curveto
105.3684 68.16876 105.34215 68.10541 105.34215 68.03935 curveto
105.34215 67.9733 105.3684 67.90994 105.4151 67.86324 curveto
105.4618 67.81653 105.52516 67.79028 105.59122 67.79028 curveto
105.65727 67.79028 105.72063 67.81653 105.76733 67.86324 curveto
105.81404 67.90994 105.84029 67.9733 105.84029 68.03935 curveto closepath fill
newpath 108.60767 69.15213 moveto
108.60767 69.21819 108.58142 69.28154 108.53471 69.32825 curveto
108.488 69.37495 108.42465 69.4012 108.3586 69.4012 curveto
108.29254 69.4012 108.22919 69.37495 108.18248 69.32825 curveto
108.13577 69.28154 108.10953 69.21819 108.10953 69.15213 curveto
108.10953 69.08607 108.13577 69.02272 108.18248 68.97601 curveto
108.22919 68.9293 108.29254 68.90306 108.3586 68.90306 curveto
108.42465 68.90306 108.488 68.9293 108.53471 68.97601 curveto
108.58142 69.02272 108.60767 69.08607 108.60767 69.15213 curveto closepath fill
newpath 111.39662 70.20927 moveto
111.39662 70.27533 111.37038 70.33868 111.32367 70.38539 curveto
111.27696 70.4321 111.21361 70.45834 111.14755 70.45834 curveto
111.0815 70.45834 111.01814 70.4321 110.97144 70.38539 curveto
110.92473 70.33868 110.89848 70.27533 110.89848 70.20927 curveto
110.89848 70.14322 110.92473 70.07986 110.97144 70.03316 curveto
111.01814 69.98645 111.0815 69.9602 111.14755 69.9602 curveto
111.21361 69.9602 111.27696 69.98645 111.32367 70.03316 curveto
111.37038 70.07986 111.39662 70.14322 111.39662 70.20927 curveto closepath fill
newpath 114.20605 71.21071 moveto
114.20605 71.27676 114.17981 71.34012 114.1331 71.38683 curveto
114.0864 71.43353 114.02304 71.45978 113.95699 71.45978 curveto
113.89093 71.45978 113.82758 71.43353 113.78087 71.38683 curveto
113.73416 71.34012 113.70792 71.27676 113.70792 71.21071 curveto
113.70792 71.14465 113.73416 71.0813 113.78087 71.03459 curveto
113.82758 70.98788 113.89093 70.96164 113.95699 70.96164 curveto
114.02304 70.96164 114.0864 70.98788 114.1331 71.03459 curveto
114.17981 71.0813 114.20605 71.14465 114.20605 71.21071 curveto closepath fill
newpath 117.03502 72.1558 moveto
117.03502 72.22186 117.00877 72.28522 116.96207 72.33192 curveto
116.91536 72.37863 116.852 72.40488 116.78595 72.40488 curveto
116.7199 72.40488 116.65654 72.37863 116.60983 72.33192 curveto
116.56313 72.28522 116.53688 72.22186 116.53688 72.1558 curveto
116.53688 72.08975 116.56313 72.0264 116.60983 71.97969 curveto
116.65654 71.93298 116.7199 71.90674 116.78595 71.90674 curveto
116.852 71.90674 116.91536 71.93298 116.96207 71.97969 curveto
117.00877 72.0264 117.03502 72.08975 117.03502 72.1558 curveto closepath fill
newpath 119.88159 73.04585 moveto
119.88159 73.11191 119.85535 73.17526 119.80864 73.22197 curveto
119.76193 73.26868 119.69858 73.29492 119.63252 73.29492 curveto
119.56647 73.29492 119.50311 73.26868 119.4564 73.22197 curveto
119.4097 73.17526 119.38345 73.11191 119.38345 73.04585 curveto
119.38345 72.9798 119.4097 72.91644 119.4564 72.86974 curveto
119.50311 72.82303 119.56647 72.79678 119.63252 72.79678 curveto
119.69858 72.79678 119.76193 72.82303 119.80864 72.86974 curveto
119.85535 72.91644 119.88159 72.9798 119.88159 73.04585 curveto closepath fill
newpath 122.74529 73.87968 moveto
122.74529 73.94574 122.71904 74.0091 122.67233 74.0558 curveto
122.62563 74.10251 122.56227 74.12875 122.49622 74.12875 curveto
122.43016 74.12875 122.3668 74.10251 122.3201 74.0558 curveto
122.27339 74.0091 122.24715 73.94574 122.24715 73.87968 curveto
122.24715 73.81363 122.27339 73.75027 122.3201 73.70357 curveto
122.3668 73.65686 122.43016 73.63062 122.49622 73.63062 curveto
122.56227 73.63062 122.62563 73.65686 122.67233 73.70357 curveto
122.71904 73.75027 122.74529 73.81363 122.74529 73.87968 curveto closepath fill
newpath 125.62447 74.65793 moveto
125.62447 74.72398 125.59822 74.78734 125.55151 74.83405 curveto
125.5048 74.88075 125.44145 74.907 125.3754 74.907 curveto
125.30934 74.907 125.24599 74.88075 125.19928 74.83405 curveto
125.15257 74.78734 125.12633 74.72398 125.12633 74.65793 curveto
125.12633 74.59187 125.15257 74.52852 125.19928 74.48181 curveto
125.24599 74.4351 125.30934 74.40886 125.3754 74.40886 curveto
125.44145 74.40886 125.5048 74.4351 125.55151 74.48181 curveto
125.59822 74.52852 125.62447 74.59187 125.62447 74.65793 curveto closepath fill
newpath 128.51831 75.3807 moveto
128.51831 75.44676 128.49207 75.51012 128.44536 75.55682 curveto
128.39865 75.60353 128.3353 75.62978 128.26924 75.62978 curveto
128.20319 75.62978 128.13983 75.60353 128.09312 75.55682 curveto
128.04642 75.51012 128.02017 75.44676 128.02017 75.3807 curveto
128.02017 75.31465 128.04642 75.2513 128.09312 75.20459 curveto
128.13983 75.15788 128.20319 75.13164 128.26924 75.13164 curveto
128.3353 75.13164 128.39865 75.15788 128.44536 75.20459 curveto
128.49207 75.2513 128.51831 75.31465 128.51831 75.3807 curveto closepath fill
newpath 131.42549 76.04703 moveto
131.42549 76.11308 131.39925 76.17644 131.35254 76.22314 curveto
131.30583 76.26985 131.24248 76.2961 131.17642 76.2961 curveto
131.11037 76.2961 131.04701 76.26985 131.0003 76.22314 curveto
130.9536 76.17644 130.92735 76.11308 130.92735 76.04703 curveto
130.92735 75.98097 130.9536 75.91762 131.0003 75.87091 curveto
131.04701 75.8242 131.11037 75.79796 131.17642 75.79796 curveto
131.24248 75.79796 131.30583 75.8242 131.35254 75.87091 curveto
131.39925 75.91762 131.42549 75.98097 131.42549 76.04703 curveto closepath fill
newpath 134.34485 76.65785 moveto
134.34485 76.7239 134.3186 76.78726 134.2719 76.83397 curveto
134.22519 76.88068 134.16183 76.90692 134.09578 76.90692 curveto
134.02972 76.90692 133.96637 76.88068 133.91966 76.83397 curveto
133.87296 76.78726 133.84671 76.7239 133.84671 76.65785 curveto
133.84671 76.5918 133.87296 76.52844 133.91966 76.48174 curveto
133.96637 76.43503 134.02972 76.40878 134.09578 76.40878 curveto
134.16183 76.40878 134.22519 76.43503 134.2719 76.48174 curveto
134.3186 76.52844 134.34485 76.5918 134.34485 76.65785 curveto closepath fill
newpath 137.27536 77.21266 moveto
137.27536 77.27872 137.24911 77.34207 137.20241 77.38878 curveto
137.1557 77.43549 137.09235 77.46173 137.02629 77.46173 curveto
136.96024 77.46173 136.89688 77.43549 136.85017 77.38878 curveto
136.80347 77.34207 136.77722 77.27872 136.77722 77.21266 curveto
136.77722 77.1466 136.80347 77.08325 136.85017 77.03654 curveto
136.89688 76.98984 136.96024 76.9636 137.02629 76.9636 curveto
137.09235 76.9636 137.1557 76.98984 137.20241 77.03654 curveto
137.24911 77.08325 137.27536 77.1466 137.27536 77.21266 curveto closepath fill
newpath 140.21593 77.71158 moveto
140.21593 77.77763 140.18968 77.84099 140.14297 77.8877 curveto
140.09627 77.9344 140.03291 77.96065 139.96686 77.96065 curveto
139.9008 77.96065 139.83745 77.9344 139.79074 77.8877 curveto
139.74403 77.84099 139.71779 77.77763 139.71779 77.71158 curveto
139.71779 77.64552 139.74403 77.58217 139.79074 77.53546 curveto
139.83745 77.48875 139.9008 77.46251 139.96686 77.46251 curveto
140.03291 77.46251 140.09627 77.48875 140.14297 77.53546 curveto
140.18968 77.58217 140.21593 77.64552 140.21593 77.71158 curveto closepath fill
newpath 143.16542 78.15483 moveto
143.16542 78.22089 143.13918 78.28424 143.09247 78.33095 curveto
143.04576 78.37766 142.9824 78.4039 142.91635 78.4039 curveto
142.8503 78.4039 142.78694 78.37766 142.74023 78.33095 curveto
142.69353 78.28424 142.66728 78.22089 142.66728 78.15483 curveto
142.66728 78.08878 142.69353 78.02542 142.74023 77.97871 curveto
142.78694 77.932 142.8503 77.90576 142.91635 77.90576 curveto
142.9824 77.90576 143.04576 77.932 143.09247 77.97871 curveto
143.13918 78.02542 143.16542 78.08878 143.16542 78.15483 curveto closepath fill
newpath 146.12271 78.54214 moveto
146.12271 78.6082 146.09647 78.67155 146.04976 78.71826 curveto
146.00305 78.76497 145.9397 78.79121 145.87364 78.79121 curveto
145.80759 78.79121 145.74423 78.76497 145.69753 78.71826 curveto
145.65082 78.67155 145.62457 78.6082 145.62457 78.54214 curveto
145.62457 78.47609 145.65082 78.41273 145.69753 78.36603 curveto
145.74423 78.31932 145.80759 78.29308 145.87364 78.29308 curveto
145.9397 78.29308 146.00305 78.31932 146.04976 78.36603 curveto
146.09647 78.41273 146.12271 78.47609 146.12271 78.54214 curveto closepath fill
newpath 149.08682 78.8741 moveto
149.08682 78.94016 149.06058 79.00351 149.01387 79.05022 curveto
148.96716 79.09692 148.90381 79.12317 148.83775 79.12317 curveto
148.7717 79.12317 148.70834 79.09692 148.66164 79.05022 curveto
148.61493 79.00351 148.58868 78.94016 148.58868 78.8741 curveto
148.58868 78.80804 148.61493 78.74469 148.66164 78.69798 curveto
148.70834 78.65128 148.7717 78.62503 148.83775 78.62503 curveto
148.90381 78.62503 148.96716 78.65128 149.01387 78.69798 curveto
149.06058 78.74469 149.08682 78.80804 149.08682 78.8741 curveto closepath fill
newpath 152.05655 79.1503 moveto
152.05655 79.21635 152.0303 79.27971 151.9836 79.32642 curveto
151.93689 79.37312 151.87354 79.39937 151.80748 79.39937 curveto
151.74142 79.39937 151.67807 79.37312 151.63136 79.32642 curveto
151.58466 79.27971 151.55841 79.21635 151.55841 79.1503 curveto
151.55841 79.08424 151.58466 79.02089 151.63136 78.97418 curveto
151.67807 78.92747 151.74142 78.90123 151.80748 78.90123 curveto
151.87354 78.90123 151.93689 78.92747 151.9836 78.97418 curveto
152.0303 79.02089 152.05655 79.08424 152.05655 79.1503 curveto closepath fill
newpath 155.03108 79.37033 moveto
155.03108 79.43639 155.00484 79.49974 154.95813 79.54645 curveto
154.91142 79.59315 154.84807 79.6194 154.78201 79.6194 curveto
154.71596 79.6194 154.6526 79.59315 154.6059 79.54645 curveto
154.55919 79.49974 154.53294 79.43639 154.53294 79.37033 curveto
154.53294 79.30428 154.55919 79.24092 154.6059 79.19421 curveto
154.6526 79.1475 154.71596 79.12126 154.78201 79.12126 curveto
154.84807 79.12126 154.91142 79.1475 154.95813 79.19421 curveto
155.00484 79.24092 155.03108 79.30428 155.03108 79.37033 curveto closepath fill
newpath 158.00916 79.53456 moveto
158.00916 79.60062 157.98291 79.66397 157.9362 79.71068 curveto
157.8895 79.75739 157.82614 79.78363 157.76009 79.78363 curveto
157.69403 79.78363 157.63068 79.75739 157.58397 79.71068 curveto
157.53726 79.66397 157.51102 79.60062 157.51102 79.53456 curveto
157.51102 79.4685 157.53726 79.40515 157.58397 79.35844 curveto
157.63068 79.31174 157.69403 79.28549 157.76009 79.28549 curveto
157.82614 79.28549 157.8895 79.31174 157.9362 79.35844 curveto
157.98291 79.40515 158.00916 79.4685 158.00916 79.53456 curveto closepath fill
newpath 160.98987 79.6429 moveto
160.98987 79.70895 160.96362 79.77231 160.91692 79.81902 curveto
160.87021 79.86572 160.80685 79.89197 160.7408 79.89197 curveto
160.67474 79.89197 160.61139 79.86572 160.56468 79.81902 curveto
160.51797 79.77231 160.49173 79.70895 160.49173 79.6429 curveto
160.49173 79.57684 160.51797 79.51349 160.56468 79.46678 curveto
160.61139 79.42007 160.67474 79.39383 160.7408 79.39383 curveto
160.80685 79.39383 160.87021 79.42007 160.91692 79.46678 curveto
160.96362 79.51349 160.98987 79.57684 160.98987 79.6429 curveto closepath fill
newpath 163.97198 79.69547 moveto
163.97198 79.76152 163.94574 79.82487 163.89903 79.87158 curveto
163.85233 79.91829 163.78897 79.94453 163.72292 79.94453 curveto
163.65686 79.94453 163.5935 79.91829 163.5468 79.87158 curveto
163.50009 79.82487 163.47385 79.76152 163.47385 79.69547 curveto
163.47385 79.62941 163.50009 79.56606 163.5468 79.51935 curveto
163.5935 79.47264 163.65686 79.4464 163.72292 79.4464 curveto
163.78897 79.4464 163.85233 79.47264 163.89903 79.51935 curveto
163.94574 79.56606 163.97198 79.62941 163.97198 79.69547 curveto closepath fill
newpath 166.95462 79.69223 moveto
166.95462 79.75829 166.92838 79.82164 166.88167 79.86835 curveto
166.83496 79.91505 166.7716 79.9413 166.70555 79.9413 curveto
166.6395 79.9413 166.57614 79.91505 166.52943 79.86835 curveto
166.48273 79.82164 166.45648 79.75829 166.45648 79.69223 curveto
166.45648 79.62617 166.48273 79.56282 166.52943 79.51611 curveto
166.57614 79.4694 166.6395 79.44316 166.70555 79.44316 curveto
166.7716 79.44316 166.83496 79.4694 166.88167 79.51611 curveto
166.92838 79.56282 166.95462 79.62617 166.95462 79.69223 curveto closepath fill
newpath 169.93658 79.63324 moveto
169.93658 79.6993 169.91034 79.76265 169.86363 79.80936 curveto
169.81693 79.85606 169.75357 79.88231 169.68752 79.88231 curveto
169.62146 79.88231 169.5581 79.85606 169.5114 79.80936 curveto
169.46469 79.76265 169.43845 79.6993 169.43845 79.63324 curveto
169.43845 79.56718 169.46469 79.50383 169.5114 79.45712 curveto
169.5581 79.41042 169.62146 79.38417 169.68752 79.38417 curveto
169.75357 79.38417 169.81693 79.41042 169.86363 79.45712 curveto
169.91034 79.50383 169.93658 79.56718 169.93658 79.63324 curveto closepath fill
newpath 172.91692 79.51843 moveto
172.91692 79.58449 172.89067 79.64784 172.84396 79.69455 curveto
172.79726 79.74126 172.7339 79.7675 172.66785 79.7675 curveto
172.60179 79.7675 172.53844 79.74126 172.49173 79.69455 curveto
172.44502 79.64784 172.41878 79.58449 172.41878 79.51843 curveto
172.41878 79.45238 172.44502 79.38902 172.49173 79.34232 curveto
172.53844 79.29561 172.60179 79.26936 172.66785 79.26936 curveto
172.7339 79.26936 172.79726 79.29561 172.84396 79.34232 curveto
172.89067 79.38902 172.91692 79.45238 172.91692 79.51843 curveto closepath fill
newpath 175.89462 79.34796 moveto
175.89462 79.41402 175.86838 79.47737 175.82167 79.52408 curveto
175.77496 79.57079 175.71161 79.59703 175.64555 79.59703 curveto
175.5795 79.59703 175.51614 79.57079 175.46944 79.52408 curveto
175.42273 79.47737 175.39648 79.41402 175.39648 79.34796 curveto
175.39648 79.2819 175.42273 79.21855 175.46944 79.17184 curveto
175.51614 79.12514 175.5795 79.09889 175.64555 79.09889 curveto
175.71161 79.09889 175.77496 79.12514 175.82167 79.17184 curveto
175.86838 79.21855 175.89462 79.2819 175.89462 79.34796 curveto closepath fill
newpath 178.86859 79.12169 moveto
178.86859 79.18774 178.84235 79.2511 178.79564 79.2978 curveto
178.74893 79.34451 178.68558 79.37076 178.61952 79.37076 curveto
178.55347 79.37076 178.49011 79.34451 178.4434 79.2978 curveto
178.3967 79.2511 178.37045 79.18774 178.37045 79.12169 curveto
178.37045 79.05563 178.3967 78.99228 178.4434 78.94557 curveto
178.49011 78.89886 178.55347 78.87262 178.61952 78.87262 curveto
178.68558 78.87262 178.74893 78.89886 178.79564 78.94557 curveto
178.84235 78.99228 178.86859 79.05563 178.86859 79.12169 curveto closepath fill
newpath 181.8378 78.83931 moveto
181.8378 78.90536 181.81155 78.96872 181.76485 79.01543 curveto
181.71814 79.06213 181.65479 79.08838 181.58873 79.08838 curveto
181.52267 79.08838 181.45932 79.06213 181.41261 79.01543 curveto
181.3659 78.96872 181.33966 78.90536 181.33966 78.83931 curveto
181.33966 78.77325 181.3659 78.7099 181.41261 78.6632 curveto
181.45932 78.61649 181.52267 78.59024 181.58873 78.59024 curveto
181.65479 78.59024 181.71814 78.61649 181.76485 78.6632 curveto
181.81155 78.7099 181.8378 78.77325 181.8378 78.83931 curveto closepath fill
newpath 184.80122 78.5013 moveto
184.80122 78.56735 184.77498 78.6307 184.72827 78.67741 curveto
184.68156 78.72412 184.61821 78.75037 184.55215 78.75037 curveto
184.4861 78.75037 184.42274 78.72412 184.37604 78.67741 curveto
184.32933 78.6307 184.30309 78.56735 184.30309 78.5013 curveto
184.30309 78.43524 184.32933 78.37189 184.37604 78.32518 curveto
184.42274 78.27847 184.4861 78.25223 184.55215 78.25223 curveto
184.61821 78.25223 184.68156 78.27847 184.72827 78.32518 curveto
184.77498 78.37189 184.80122 78.43524 184.80122 78.5013 curveto closepath fill
newpath 187.75769 78.10738 moveto
187.75769 78.17343 187.73145 78.23679 187.68474 78.2835 curveto
187.63803 78.3302 187.57468 78.35645 187.50862 78.35645 curveto
187.44257 78.35645 187.37921 78.3302 187.3325 78.2835 curveto
187.2858 78.23679 187.25955 78.17343 187.25955 78.10738 curveto
187.25955 78.04132 187.2858 77.97797 187.3325 77.93126 curveto
187.37921 77.88455 187.44257 77.8583 187.50862 77.8583 curveto
187.57468 77.8583 187.63803 77.88455 187.68474 77.93126 curveto
187.73145 77.97797 187.75769 78.04132 187.75769 78.10738 curveto closepath fill
newpath 190.70622 77.65764 moveto
190.70622 77.7237 190.67998 77.78705 190.63327 77.83376 curveto
190.58656 77.88046 190.52321 77.90671 190.45715 77.90671 curveto
190.3911 77.90671 190.32774 77.88046 190.28104 77.83376 curveto
190.23433 77.78705 190.20808 77.7237 190.20808 77.65764 curveto
190.20808 77.59158 190.23433 77.52823 190.28104 77.48152 curveto
190.32774 77.43481 190.3911 77.40857 190.45715 77.40857 curveto
190.52321 77.40857 190.58656 77.43481 190.63327 77.48152 curveto
190.67998 77.52823 190.70622 77.59158 190.70622 77.65764 curveto closepath fill
newpath 193.64565 77.15244 moveto
193.64565 77.21849 193.6194 77.28185 193.5727 77.32855 curveto
193.52599 77.37526 193.46263 77.4015 193.39658 77.4015 curveto
193.33052 77.4015 193.26717 77.37526 193.22046 77.32855 curveto
193.17375 77.28185 193.1475 77.21849 193.1475 77.15244 curveto
193.1475 77.08638 193.17375 77.02303 193.22046 76.97632 curveto
193.26717 76.92961 193.33052 76.90337 193.39658 76.90337 curveto
193.46263 76.90337 193.52599 76.92961 193.5727 76.97632 curveto
193.6194 77.02303 193.64565 77.08638 193.64565 77.15244 curveto closepath fill
newpath 196.57486 76.59103 moveto
196.57486 76.65709 196.54861 76.72044 196.5019 76.76715 curveto
196.4552 76.81386 196.39185 76.8401 196.32579 76.8401 curveto
196.25974 76.8401 196.19638 76.81386 196.14967 76.76715 curveto
196.10297 76.72044 196.07672 76.65709 196.07672 76.59103 curveto
196.07672 76.52498 196.10297 76.46162 196.14967 76.41492 curveto
196.19638 76.36821 196.25974 76.34196 196.32579 76.34196 curveto
196.39185 76.34196 196.4552 76.36821 196.5019 76.41492 curveto
196.54861 76.46162 196.57486 76.52498 196.57486 76.59103 curveto closepath fill
newpath 199.49289 75.97395 moveto
199.49289 76.04001 199.46664 76.10336 199.41994 76.15007 curveto
199.37323 76.19678 199.30988 76.22302 199.24382 76.22302 curveto
199.17776 76.22302 199.11441 76.19678 199.0677 76.15007 curveto
199.021 76.10336 198.99475 76.04001 198.99475 75.97395 curveto
198.99475 75.9079 199.021 75.84454 199.0677 75.79784 curveto
199.11441 75.75113 199.17776 75.72488 199.24382 75.72488 curveto
199.30988 75.72488 199.37323 75.75113 199.41994 75.79784 curveto
199.46664 75.84454 199.49289 75.9079 199.49289 75.97395 curveto closepath fill
newpath 202.39864 75.30118 moveto
202.39864 75.36723 202.37239 75.43059 202.32568 75.4773 curveto
202.27898 75.524 202.21562 75.55025 202.14957 75.55025 curveto
202.08351 75.55025 202.02016 75.524 201.97345 75.4773 curveto
201.92674 75.43059 201.9005 75.36723 201.9005 75.30118 curveto
201.9005 75.23512 201.92674 75.17177 201.97345 75.12506 curveto
202.02016 75.07835 202.08351 75.05211 202.14957 75.05211 curveto
202.21562 75.05211 202.27898 75.07835 202.32568 75.12506 curveto
202.37239 75.17177 202.39864 75.23512 202.39864 75.30118 curveto closepath fill
newpath 205.2908 74.57196 moveto
205.2908 74.63802 205.26456 74.70137 205.21785 74.74808 curveto
205.17114 74.79478 205.10779 74.82103 205.04173 74.82103 curveto
204.97568 74.82103 204.91232 74.79478 204.86562 74.74808 curveto
204.81891 74.70137 204.79266 74.63802 204.79266 74.57196 curveto
204.79266 74.5059 204.81891 74.44255 204.86562 74.39584 curveto
204.91232 74.34914 204.97568 74.32289 205.04173 74.32289 curveto
205.10779 74.32289 205.17114 74.34914 205.21785 74.39584 curveto
205.26456 74.44255 205.2908 74.5059 205.2908 74.57196 curveto closepath fill
newpath 208.16833 73.78773 moveto
208.16833 73.85379 208.14209 73.91714 208.09538 73.96385 curveto
208.04868 74.01056 207.98532 74.0368 207.91927 74.0368 curveto
207.85321 74.0368 207.78986 74.01056 207.74315 73.96385 curveto
207.69644 73.91714 207.6702 73.85379 207.6702 73.78773 curveto
207.6702 73.72168 207.69644 73.65833 207.74315 73.61162 curveto
207.78986 73.56491 207.85321 73.53867 207.91927 73.53867 curveto
207.98532 73.53867 208.04868 73.56491 208.09538 73.61162 curveto
208.14209 73.65833 208.16833 73.72168 208.16833 73.78773 curveto closepath fill
newpath 211.03004 72.94743 moveto
211.03004 73.01349 211.0038 73.07684 210.95709 73.12355 curveto
210.91039 73.17026 210.84703 73.1965 210.78098 73.1965 curveto
210.71492 73.1965 210.65157 73.17026 210.60486 73.12355 curveto
210.55815 73.07684 210.5319 73.01349 210.5319 72.94743 curveto
210.5319 72.88138 210.55815 72.81802 210.60486 72.77132 curveto
210.65157 72.72461 210.71492 72.69836 210.78098 72.69836 curveto
210.84703 72.69836 210.91039 72.72461 210.95709 72.77132 curveto
211.0038 72.81802 211.03004 72.88138 211.03004 72.94743 curveto closepath fill
newpath 213.87483 72.05127 moveto
213.87483 72.11732 213.84859 72.18068 213.80188 72.22739 curveto
213.75517 72.2741 213.69182 72.30034 213.62576 72.30034 curveto
213.55971 72.30034 213.49635 72.2741 213.44965 72.22739 curveto
213.40294 72.18068 213.3767 72.11732 213.3767 72.05127 curveto
213.3767 71.98521 213.40294 71.92186 213.44965 71.87515 curveto
213.49635 71.82845 213.55971 71.8022 213.62576 71.8022 curveto
213.69182 71.8022 213.75517 71.82845 213.80188 71.87515 curveto
213.84859 71.92186 213.87483 71.98521 213.87483 72.05127 curveto closepath fill
newpath 216.70166 71.09964 moveto
216.70166 71.1657 216.67542 71.22905 216.62871 71.27576 curveto
216.582 71.32246 216.51865 71.34871 216.45259 71.34871 curveto
216.38654 71.34871 216.32318 71.32246 216.27647 71.27576 curveto
216.22977 71.22905 216.20352 71.1657 216.20352 71.09964 curveto
216.20352 71.03358 216.22977 70.97023 216.27647 70.92352 curveto
216.32318 70.87682 216.38654 70.85057 216.45259 70.85057 curveto
216.51865 70.85057 216.582 70.87682 216.62871 70.92352 curveto
216.67542 70.97023 216.70166 71.03358 216.70166 71.09964 curveto closepath fill
newpath 219.50854 70.09138 moveto
219.50854 70.15744 219.4823 70.2208 219.4356 70.2675 curveto
219.38889 70.31421 219.32553 70.34045 219.25948 70.34045 curveto
219.19342 70.34045 219.13007 70.31421 219.08336 70.2675 curveto
219.03665 70.2208 219.0104 70.15744 219.0104 70.09138 curveto
219.0104 70.02533 219.03665 69.96198 219.08336 69.91527 curveto
219.13007 69.86856 219.19342 69.84232 219.25948 69.84232 curveto
219.32553 69.84232 219.38889 69.86856 219.4356 69.91527 curveto
219.4823 69.96198 219.50854 70.02533 219.50854 70.09138 curveto closepath fill
newpath 222.29514 69.02814 moveto
222.29514 69.0942 222.26889 69.15755 222.22218 69.20425 curveto
222.17548 69.25096 222.11212 69.2772 222.04607 69.2772 curveto
221.98001 69.2772 221.91666 69.25096 221.86995 69.20425 curveto
221.82324 69.15755 221.797 69.0942 221.797 69.02814 curveto
221.797 68.96208 221.82324 68.89873 221.86995 68.85202 curveto
221.91666 68.80531 221.98001 68.77907 222.04607 68.77907 curveto
222.11212 68.77907 222.17548 68.80531 222.22218 68.85202 curveto
222.26889 68.89873 222.29514 68.96208 222.29514 69.02814 curveto closepath fill
newpath 225.05959 67.90868 moveto
225.05959 67.97473 225.03334 68.03809 224.98663 68.0848 curveto
224.93993 68.1315 224.87657 68.15775 224.81052 68.15775 curveto
224.74446 68.15775 224.6811 68.1315 224.6344 68.0848 curveto
224.58769 68.03809 224.56145 67.97473 224.56145 67.90868 curveto
224.56145 67.84262 224.58769 67.77927 224.6344 67.73256 curveto
224.6811 67.68585 224.74446 67.6596 224.81052 67.6596 curveto
224.87657 67.6596 224.93993 67.68585 224.98663 67.73256 curveto
225.03334 67.77927 225.05959 67.84262 225.05959 67.90868 curveto closepath fill
newpath 227.80075 66.73344 moveto
227.80075 66.7995 227.7745 66.86285 227.7278 66.90956 curveto
227.68109 66.95627 227.61774 66.98251 227.55168 66.98251 curveto
227.48563 66.98251 227.42227 66.95627 227.37556 66.90956 curveto
227.32886 66.86285 227.30261 66.7995 227.30261 66.73344 curveto
227.30261 66.66739 227.32886 66.60403 227.37556 66.55733 curveto
227.42227 66.51062 227.48563 66.48438 227.55168 66.48438 curveto
227.61774 66.48438 227.68109 66.51062 227.7278 66.55733 curveto
227.7745 66.60403 227.80075 66.66739 227.80075 66.73344 curveto closepath fill
newpath 230.51762 65.50304 moveto
230.51762 65.56909 230.49138 65.63245 230.44467 65.67915 curveto
230.39796 65.72586 230.33461 65.7521 230.26855 65.7521 curveto
230.2025 65.7521 230.13914 65.72586 230.09244 65.67915 curveto
230.04573 65.63245 230.01949 65.56909 230.01949 65.50304 curveto
230.01949 65.43698 230.04573 65.37363 230.09244 65.32692 curveto
230.13914 65.28021 230.2025 65.25397 230.26855 65.25397 curveto
230.33461 65.25397 230.39796 65.28021 230.44467 65.32692 curveto
230.49138 65.37363 230.51762 65.43698 230.51762 65.50304 curveto closepath fill
newpath 233.20811 64.21597 moveto
233.20811 64.28203 233.18187 64.34538 233.13516 64.39209 curveto
233.08846 64.4388 233.0251 64.46504 232.95905 64.46504 curveto
232.89299 64.46504 232.82964 64.4388 232.78293 64.39209 curveto
232.73622 64.34538 232.70998 64.28203 232.70998 64.21597 curveto
232.70998 64.14992 232.73622 64.08656 232.78293 64.03986 curveto
232.82964 63.99315 232.89299 63.9669 232.95905 63.9669 curveto
233.0251 63.9669 233.08846 63.99315 233.13516 64.03986 curveto
233.18187 64.08656 233.20811 64.14992 233.20811 64.21597 curveto closepath fill
newpath 235.87167 62.87383 moveto
235.87167 62.93988 235.84543 63.00323 235.79872 63.04994 curveto
235.75201 63.09665 235.68866 63.1229 235.6226 63.1229 curveto
235.55655 63.1229 235.4932 63.09665 235.44649 63.04994 curveto
235.39978 63.00323 235.37354 62.93988 235.37354 62.87383 curveto
235.37354 62.80777 235.39978 62.74442 235.44649 62.69771 curveto
235.4932 62.651 235.55655 62.62476 235.6226 62.62476 curveto
235.68866 62.62476 235.75201 62.651 235.79872 62.69771 curveto
235.84543 62.74442 235.87167 62.80777 235.87167 62.87383 curveto closepath fill
newpath 238.50595 61.475 moveto
238.50595 61.54106 238.4797 61.60442 238.433 61.65112 curveto
238.38629 61.69783 238.32294 61.72408 238.25688 61.72408 curveto
238.19083 61.72408 238.12747 61.69783 238.08076 61.65112 curveto
238.03406 61.60442 238.00781 61.54106 238.00781 61.475 curveto
238.00781 61.40895 238.03406 61.3456 238.08076 61.29889 curveto
238.12747 61.25218 238.19083 61.22594 238.25688 61.22594 curveto
238.32294 61.22594 238.38629 61.25218 238.433 61.29889 curveto
238.4797 61.3456 238.50595 61.40895 238.50595 61.475 curveto closepath fill
newpath 241.10992 60.02086 moveto
241.10992 60.08691 241.08368 60.15027 241.03697 60.19698 curveto
240.99026 60.24368 240.92691 60.26993 240.86086 60.26993 curveto
240.7948 60.26993 240.73145 60.24368 240.68474 60.19698 curveto
240.63803 60.15027 240.61179 60.08691 240.61179 60.02086 curveto
240.61179 59.9548 240.63803 59.89145 240.68474 59.84474 curveto
240.73145 59.79803 240.7948 59.77179 240.86086 59.77179 curveto
240.92691 59.77179 240.99026 59.79803 241.03697 59.84474 curveto
241.08368 59.89145 241.10992 59.9548 241.10992 60.02086 curveto closepath fill
newpath 243.68216 58.5111 moveto
243.68216 58.57715 243.65591 58.6405 243.6092 58.68721 curveto
243.5625 58.73392 243.49915 58.76016 243.43309 58.76016 curveto
243.36703 58.76016 243.30368 58.73392 243.25697 58.68721 curveto
243.21027 58.6405 243.18402 58.57715 243.18402 58.5111 curveto
243.18402 58.44504 243.21027 58.38168 243.25697 58.33498 curveto
243.30368 58.28827 243.36703 58.26202 243.43309 58.26202 curveto
243.49915 58.26202 243.5625 58.28827 243.6092 58.33498 curveto
243.65591 58.38168 243.68216 58.44504 243.68216 58.5111 curveto closepath fill
newpath 246.2204 56.94522 moveto
246.2204 57.01128 246.19415 57.07463 246.14745 57.12134 curveto
246.10074 57.16805 246.03738 57.19429 245.97133 57.19429 curveto
245.90527 57.19429 245.84192 57.16805 245.79521 57.12134 curveto
245.7485 57.07463 245.72226 57.01128 245.72226 56.94522 curveto
245.72226 56.87917 245.7485 56.81581 245.79521 56.7691 curveto
245.84192 56.7224 245.90527 56.69615 245.97133 56.69615 curveto
246.03738 56.69615 246.10074 56.7224 246.14745 56.7691 curveto
246.19415 56.81581 246.2204 56.87917 246.2204 56.94522 curveto closepath fill
newpath 248.72383 55.3239 moveto
248.72383 55.38995 248.69759 55.45331 248.65088 55.50002 curveto
248.60417 55.54672 248.54082 55.57297 248.47476 55.57297 curveto
248.4087 55.57297 248.34535 55.54672 248.29865 55.50002 curveto
248.25194 55.45331 248.2257 55.38995 248.2257 55.3239 curveto
248.2257 55.25784 248.25194 55.19449 248.29865 55.14778 curveto
248.34535 55.10107 248.4087 55.07483 248.47476 55.07483 curveto
248.54082 55.07483 248.60417 55.10107 248.65088 55.14778 curveto
248.69759 55.19449 248.72383 55.25784 248.72383 55.3239 curveto closepath fill
newpath 251.18938 53.64558 moveto
251.18938 53.71164 251.16313 53.775 251.11642 53.8217 curveto
251.06972 53.86841 251.00636 53.89465 250.9403 53.89465 curveto
250.87425 53.89465 250.8109 53.86841 250.76419 53.8217 curveto
250.71748 53.775 250.69124 53.71164 250.69124 53.64558 curveto
250.69124 53.57953 250.71748 53.51617 250.76419 53.46947 curveto
250.8109 53.42276 250.87425 53.39651 250.9403 53.39651 curveto
251.00636 53.39651 251.06972 53.42276 251.11642 53.46947 curveto
251.16313 53.51617 251.18938 53.57953 251.18938 53.64558 curveto closepath fill
newpath 253.61697 51.91275 moveto
253.61697 51.9788 253.59073 52.04216 253.54402 52.08887 curveto
253.49731 52.13557 253.43396 52.16182 253.3679 52.16182 curveto
253.30185 52.16182 253.2385 52.13557 253.19179 52.08887 curveto
253.14508 52.04216 253.11884 51.9788 253.11884 51.91275 curveto
253.11884 51.8467 253.14508 51.78334 253.19179 51.73663 curveto
253.2385 51.68993 253.30185 51.66368 253.3679 51.66368 curveto
253.43396 51.66368 253.49731 51.68993 253.54402 51.73663 curveto
253.59073 51.78334 253.61697 51.8467 253.61697 51.91275 curveto closepath fill
newpath 256.00299 50.12311 moveto
256.00299 50.18916 255.97675 50.25252 255.93004 50.29922 curveto
255.88333 50.34593 255.81998 50.37218 255.75392 50.37218 curveto
255.68787 50.37218 255.62451 50.34593 255.5778 50.29922 curveto
255.5311 50.25252 255.50485 50.18916 255.50485 50.12311 curveto
255.50485 50.05705 255.5311 49.9937 255.5778 49.94699 curveto
255.62451 49.90028 255.68787 49.87404 255.75392 49.87404 curveto
255.81998 49.87404 255.88333 49.90028 255.93004 49.94699 curveto
255.97675 49.9937 256.00299 50.05705 256.00299 50.12311 curveto closepath fill
newpath 258.34709 48.27893 moveto
258.34709 48.34499 258.32085 48.40834 258.27414 48.45505 curveto
258.22743 48.50175 258.16408 48.528 258.09802 48.528 curveto
258.03197 48.528 257.96861 48.50175 257.9219 48.45505 curveto
257.8752 48.40834 257.84895 48.34499 257.84895 48.27893 curveto
257.84895 48.21288 257.8752 48.14952 257.9219 48.10281 curveto
257.96861 48.0561 258.03197 48.02986 258.09802 48.02986 curveto
258.16408 48.02986 258.22743 48.0561 258.27414 48.10281 curveto
258.32085 48.14952 258.34709 48.21288 258.34709 48.27893 curveto closepath fill
newpath 260.64534 46.37784 moveto
260.64534 46.4439 260.6191 46.50725 260.57239 46.55396 curveto
260.52568 46.60066 260.46233 46.6269 260.39627 46.6269 curveto
260.33022 46.6269 260.26686 46.60066 260.22015 46.55396 curveto
260.17345 46.50725 260.1472 46.4439 260.1472 46.37784 curveto
260.1472 46.31178 260.17345 46.24843 260.22015 46.20172 curveto
260.26686 46.15501 260.33022 46.12877 260.39627 46.12877 curveto
260.46233 46.12877 260.52568 46.15501 260.57239 46.20172 curveto
260.6191 46.24843 260.64534 46.31178 260.64534 46.37784 curveto closepath fill
newpath 262.89708 44.42184 moveto
262.89708 44.4879 262.87083 44.55125 262.82413 44.59796 curveto
262.77742 44.64467 262.71407 44.67091 262.64801 44.67091 curveto
262.58195 44.67091 262.5186 44.64467 262.4719 44.59796 curveto
262.42519 44.55125 262.39894 44.4879 262.39894 44.42184 curveto
262.39894 44.35579 262.42519 44.29243 262.4719 44.24573 curveto
262.5186 44.19902 262.58195 44.17278 262.64801 44.17278 curveto
262.71407 44.17278 262.77742 44.19902 262.82413 44.24573 curveto
262.87083 44.29243 262.89708 44.35579 262.89708 44.42184 curveto closepath fill
newpath 265.09799 42.409 moveto
265.09799 42.47505 265.07175 42.5384 265.02504 42.58511 curveto
264.97833 42.63182 264.91498 42.65807 264.84892 42.65807 curveto
264.78287 42.65807 264.71951 42.63182 264.6728 42.58511 curveto
264.6261 42.5384 264.59985 42.47505 264.59985 42.409 curveto
264.59985 42.34294 264.6261 42.27959 264.6728 42.23288 curveto
264.71951 42.18617 264.78287 42.15993 264.84892 42.15993 curveto
264.91498 42.15993 264.97833 42.18617 265.02504 42.23288 curveto
265.07175 42.27959 265.09799 42.34294 265.09799 42.409 curveto closepath fill
newpath 267.24767 40.34125 moveto
267.24767 40.4073 267.22142 40.47066 267.17471 40.51736 curveto
267.128 40.56407 267.06465 40.59032 266.9986 40.59032 curveto
266.93254 40.59032 266.86919 40.56407 266.82248 40.51736 curveto
266.77577 40.47066 266.74953 40.4073 266.74953 40.34125 curveto
266.74953 40.27519 266.77577 40.21184 266.82248 40.16513 curveto
266.86919 40.11842 266.93254 40.09218 266.9986 40.09218 curveto
267.06465 40.09218 267.128 40.11842 267.17471 40.16513 curveto
267.22142 40.21184 267.24767 40.27519 267.24767 40.34125 curveto closepath fill
newpath 269.34068 38.21652 moveto
269.34068 38.28258 269.31444 38.34593 269.26773 38.39264 curveto
269.22102 38.43935 269.15767 38.46559 269.09161 38.46559 curveto
269.02556 38.46559 268.9622 38.43935 268.9155 38.39264 curveto
268.86879 38.34593 268.84254 38.28258 268.84254 38.21652 curveto
268.84254 38.15047 268.86879 38.08711 268.9155 38.0404 curveto
268.9622 37.9937 269.02556 37.96745 269.09161 37.96745 curveto
269.15767 37.96745 269.22102 37.9937 269.26773 38.0404 curveto
269.31444 38.08711 269.34068 38.15047 269.34068 38.21652 curveto closepath fill
newpath 271.37701 36.03734 moveto
271.37701 36.1034 271.35077 36.16675 271.30406 36.21346 curveto
271.25735 36.26016 271.194 36.2864 271.12794 36.2864 curveto
271.06189 36.2864 270.99854 36.26016 270.95183 36.21346 curveto
270.90512 36.16675 270.87888 36.1034 270.87888 36.03734 curveto
270.87888 35.97128 270.90512 35.90793 270.95183 35.86122 curveto
270.99854 35.81451 271.06189 35.78827 271.12794 35.78827 curveto
271.194 35.78827 271.25735 35.81451 271.30406 35.86122 curveto
271.35077 35.90793 271.37701 35.97128 271.37701 36.03734 curveto closepath fill
newpath 273.3509 33.80135 moveto
273.3509 33.8674 273.32466 33.93076 273.27795 33.97746 curveto
273.23125 34.02417 273.1679 34.05042 273.10184 34.05042 curveto
273.03578 34.05042 272.97243 34.02417 272.92572 33.97746 curveto
272.87901 33.93076 272.85277 33.8674 272.85277 33.80135 curveto
272.85277 33.73529 272.87901 33.67194 272.92572 33.62523 curveto
272.97243 33.57852 273.03578 33.55228 273.10184 33.55228 curveto
273.1679 33.55228 273.23125 33.57852 273.27795 33.62523 curveto
273.32466 33.67194 273.3509 33.73529 273.3509 33.80135 curveto closepath fill
newpath 275.26065 31.51039 moveto
275.26065 31.57645 275.2344 31.6398 275.1877 31.68651 curveto
275.14099 31.73322 275.07764 31.75946 275.01158 31.75946 curveto
274.94553 31.75946 274.88217 31.73322 274.83546 31.68651 curveto
274.78876 31.6398 274.76251 31.57645 274.76251 31.51039 curveto
274.76251 31.44434 274.78876 31.38098 274.83546 31.33427 curveto
274.88217 31.28757 274.94553 31.26132 275.01158 31.26132 curveto
275.07764 31.26132 275.14099 31.28757 275.1877 31.33427 curveto
275.2344 31.38098 275.26065 31.44434 275.26065 31.51039 curveto closepath fill
newpath 277.10098 29.16335 moveto
277.10098 29.2294 277.07474 29.29276 277.02803 29.33946 curveto
276.98132 29.38617 276.91797 29.41241 276.85191 29.41241 curveto
276.78586 29.41241 276.7225 29.38617 276.6758 29.33946 curveto
276.62909 29.29276 276.60284 29.2294 276.60284 29.16335 curveto
276.60284 29.09729 276.62909 29.03394 276.6758 28.98723 curveto
276.7225 28.94052 276.78586 28.91428 276.85191 28.91428 curveto
276.91797 28.91428 276.98132 28.94052 277.02803 28.98723 curveto
277.07474 29.03394 277.10098 29.09729 277.10098 29.16335 curveto closepath fill
newpath 278.86699 26.75992 moveto
278.86699 26.82597 278.84074 26.88933 278.79404 26.93604 curveto
278.74733 26.98274 278.68398 27.00899 278.61792 27.00899 curveto
278.55186 27.00899 278.48851 26.98274 278.4418 26.93604 curveto
278.3951 26.88933 278.36885 26.82597 278.36885 26.75992 curveto
278.36885 26.69386 278.3951 26.63051 278.4418 26.5838 curveto
278.48851 26.5371 278.55186 26.51085 278.61792 26.51085 curveto
278.68398 26.51085 278.74733 26.5371 278.79404 26.5838 curveto
278.84074 26.63051 278.86699 26.69386 278.86699 26.75992 curveto closepath fill
newpath 280.55563 24.30159 moveto
280.55563 24.36765 280.52939 24.431 280.48268 24.4777 curveto
280.43597 24.52441 280.37262 24.55066 280.30656 24.55066 curveto
280.24051 24.55066 280.17715 24.52441 280.13045 24.4777 curveto
280.08374 24.431 280.0575 24.36765 280.0575 24.30159 curveto
280.0575 24.23553 280.08374 24.17218 280.13045 24.12547 curveto
280.17715 24.07877 280.24051 24.05252 280.30656 24.05252 curveto
280.37262 24.05252 280.43597 24.07877 280.48268 24.12547 curveto
280.52939 24.17218 280.55563 24.23553 280.55563 24.30159 curveto closepath fill
newpath 282.15947 21.78687 moveto
282.15947 21.85292 282.13322 21.91628 282.08652 21.96298 curveto
282.03981 22.00969 281.97646 22.03593 281.9104 22.03593 curveto
281.84435 22.03593 281.78099 22.00969 281.73428 21.96298 curveto
281.68758 21.91628 281.66133 21.85292 281.66133 21.78687 curveto
281.66133 21.72081 281.68758 21.65746 281.73428 21.61075 curveto
281.78099 21.56404 281.84435 21.5378 281.9104 21.5378 curveto
281.97646 21.5378 282.03981 21.56404 282.08652 21.61075 curveto
282.13322 21.65746 282.15947 21.72081 282.15947 21.78687 curveto closepath fill
newpath 283.67154 19.21603 moveto
283.67154 19.28209 283.6453 19.34544 283.59859 19.39215 curveto
283.55188 19.43886 283.48853 19.4651 283.42247 19.4651 curveto
283.35641 19.4651 283.29306 19.43886 283.24635 19.39215 curveto
283.19965 19.34544 283.1734 19.28209 283.1734 19.21603 curveto
283.1734 19.14998 283.19965 19.08662 283.24635 19.03992 curveto
283.29306 18.99321 283.35641 18.96696 283.42247 18.96696 curveto
283.48853 18.96696 283.55188 18.99321 283.59859 19.03992 curveto
283.6453 19.08662 283.67154 19.14998 283.67154 19.21603 curveto closepath fill
newpath 285.08531 16.59001 moveto
285.08531 16.65607 285.05907 16.71942 285.01236 16.76613 curveto
284.96565 16.81284 284.9023 16.83908 284.83624 16.83908 curveto
284.77019 16.83908 284.70683 16.81284 284.66013 16.76613 curveto
284.61342 16.71942 284.58717 16.65607 284.58717 16.59001 curveto
284.58717 16.52396 284.61342 16.4606 284.66013 16.4139 curveto
284.70683 16.36719 284.77019 16.34094 284.83624 16.34094 curveto
284.9023 16.34094 284.96565 16.36719 285.01236 16.4139 curveto
285.05907 16.4606 285.08531 16.52396 285.08531 16.59001 curveto closepath fill
newpath 286.38988 13.90797 moveto
286.38988 13.97403 286.36363 14.03738 286.31693 14.08409 curveto
286.27022 14.1308 286.20686 14.15704 286.14081 14.15704 curveto
286.07475 14.15704 286.0114 14.1308 285.96469 14.08409 curveto
285.91798 14.03738 285.89174 13.97403 285.89174 13.90797 curveto
285.89174 13.84192 285.91798 13.77856 285.96469 13.73186 curveto
286.0114 13.68515 286.07475 13.6589 286.14081 13.6589 curveto
286.20686 13.6589 286.27022 13.68515 286.31693 13.73186 curveto
286.36363 13.77856 286.38988 13.84192 286.38988 13.90797 curveto closepath fill
newpath 287.57271 11.17018 moveto
287.57271 11.23624 287.54646 11.29959 287.49976 11.3463 curveto
287.45305 11.393 287.3897 11.41925 287.32364 11.41925 curveto
287.25758 11.41925 287.19423 11.393 287.14752 11.3463 curveto
287.10081 11.29959 287.07457 11.23624 287.07457 11.17018 curveto
287.07457 11.10413 287.10081 11.04077 287.14752 10.99406 curveto
287.19423 10.94736 287.25758 10.92111 287.32364 10.92111 curveto
287.3897 10.92111 287.45305 10.94736 287.49976 10.99406 curveto
287.54646 11.04077 287.57271 11.10413 287.57271 11.17018 curveto closepath fill
newpath 288.61649 8.3767 moveto
288.61649 8.44275 288.59024 8.5061 288.54353 8.55281 curveto
288.49683 8.59952 288.43347 8.62576 288.36742 8.62576 curveto
288.30136 8.62576 288.238 8.59952 288.1913 8.55281 curveto
288.14459 8.5061 288.11835 8.44275 288.11835 8.3767 curveto
288.11835 8.31064 288.14459 8.24728 288.1913 8.20058 curveto
288.238 8.15387 288.30136 8.12762 288.36742 8.12762 curveto
288.43347 8.12762 288.49683 8.15387 288.54353 8.20058 curveto
288.59024 8.24728 288.61649 8.31064 288.61649 8.3767 curveto closepath fill
newpath 289.49504 5.527 moveto
289.49504 5.59305 289.4688 5.6564 289.42209 5.70311 curveto
289.37538 5.74982 289.31203 5.77606 289.24597 5.77606 curveto
289.17992 5.77606 289.11656 5.74982 289.06985 5.70311 curveto
289.02315 5.6564 288.9969 5.59305 288.9969 5.527 curveto
288.9969 5.46094 289.02315 5.39758 289.06985 5.35088 curveto
289.11656 5.30417 289.17992 5.27792 289.24597 5.27792 curveto
289.31203 5.27792 289.37538 5.30417 289.42209 5.35088 curveto
289.4688 5.39758 289.49504 5.46094 289.49504 5.527 curveto closepath fill
newpath 290.16707 2.62181 moveto
290.16707 2.68787 290.14082 2.75122 290.09412 2.79793 curveto
290.04741 2.84464 289.98405 2.87088 289.918 2.87088 curveto
289.85194 2.87088 289.78859 2.84464 289.74188 2.79793 curveto
289.69518 2.75122 289.66893 2.68787 289.66893 2.62181 curveto
289.66893 2.55576 289.69518 2.4924 289.74188 2.4457 curveto
289.78859 2.39899 289.85194 2.37274 289.918 2.37274 curveto
289.98405 2.37274 290.04741 2.39899 290.09412 2.4457 curveto
290.14082 2.4924 290.16707 2.55576 290.16707 2.62181 curveto closepath fill
newpath 290.49796 0.25189 moveto
290.49796 0.31795 290.47171 0.3813 290.425 0.42801 curveto
290.3783 0.47472 290.31494 0.50096 290.24889 0.50096 curveto
290.18283 0.50096 290.11948 0.47472 290.07277 0.42801 curveto
290.02606 0.3813 289.99982 0.31795 289.99982 0.25189 curveto
289.99982 0.18584 290.02606 0.12248 290.07277 0.07578 curveto
290.11948 0.02907 290.18283 0.00282 290.24889 0.00282 curveto
290.31494 0.00282 290.3783 0.02907 290.425 0.07578 curveto
290.47171 0.12248 290.49796 0.18584 290.49796 0.25189 curveto closepath fill
newpath 290.92128 3.20163 moveto
290.92128 3.26768 290.89503 3.33104 290.84833 3.37775 curveto
290.80162 3.42445 290.73827 3.4507 290.67221 3.4507 curveto
290.60616 3.4507 290.5428 3.42445 290.4961 3.37775 curveto
290.44939 3.33104 290.42314 3.26768 290.42314 3.20163 curveto
290.42314 3.13557 290.44939 3.07222 290.4961 3.02551 curveto
290.5428 2.9788 290.60616 2.95256 290.67221 2.95256 curveto
290.73827 2.95256 290.80162 2.9788 290.84833 3.02551 curveto
290.89503 3.07222 290.92128 3.13557 290.92128 3.20163 curveto closepath fill
newpath 291.63802 6.09616 moveto
291.63802 6.16222 291.61177 6.22557 291.56506 6.27228 curveto
291.51836 6.31898 291.455 6.34523 291.38895 6.34523 curveto
291.32289 6.34523 291.25954 6.31898 291.21283 6.27228 curveto
291.16612 6.22557 291.13988 6.16222 291.13988 6.09616 curveto
291.13988 6.0301 291.16612 5.96675 291.21283 5.92004 curveto
291.25954 5.87334 291.32289 5.84709 291.38895 5.84709 curveto
291.455 5.84709 291.51836 5.87334 291.56506 5.92004 curveto
291.61177 5.96675 291.63802 6.0301 291.63802 6.09616 curveto closepath fill
newpath 292.55258 8.93465 moveto
292.55258 9.0007 292.52634 9.06406 292.47963 9.11076 curveto
292.43292 9.15747 292.36957 9.18372 292.30351 9.18372 curveto
292.23746 9.18372 292.1741 9.15747 292.1274 9.11076 curveto
292.08069 9.06406 292.05444 9.0007 292.05444 8.93465 curveto
292.05444 8.86859 292.08069 8.80524 292.1274 8.75853 curveto
292.1741 8.71182 292.23746 8.68558 292.30351 8.68558 curveto
292.36957 8.68558 292.43292 8.71182 292.47963 8.75853 curveto
292.52634 8.80524 292.55258 8.86859 292.55258 8.93465 curveto closepath fill
newpath 293.6239 11.71204 moveto
293.6239 11.77809 293.59766 11.84145 293.55095 11.88815 curveto
293.50424 11.93486 293.44089 11.9611 293.37483 11.9611 curveto
293.30878 11.9611 293.24542 11.93486 293.19872 11.88815 curveto
293.15201 11.84145 293.12576 11.77809 293.12576 11.71204 curveto
293.12576 11.64598 293.15201 11.58263 293.19872 11.53592 curveto
293.24542 11.48921 293.30878 11.46297 293.37483 11.46297 curveto
293.44089 11.46297 293.50424 11.48921 293.55095 11.53592 curveto
293.59766 11.58263 293.6239 11.64598 293.6239 11.71204 curveto closepath fill
newpath 39.85046 39.85046 moveto
39.85046 41.64375 lineto
39.85046 38.05717 lineto
39.85046 39.85046 lineto
41.4035 40.7471 lineto
38.29742 38.95383 lineto
39.85046 39.85046 lineto
41.4035 38.95383 lineto
38.29742 40.7471 lineto stroke
newpath 133.69844 39.85046 moveto
133.69844 41.64375 lineto
133.69844 38.05717 lineto
133.69844 39.85046 lineto
135.25148 40.7471 lineto
132.1454 38.95383 lineto
133.69844 39.85046 lineto
135.25148 38.95383 lineto
132.1454 40.7471 lineto stroke
newpath 227.54611 39.85046 moveto
227.54611 41.64375 lineto
227.54611 38.05717 lineto
227.54611 39.85046 lineto
229.09915 40.7471 lineto
225.99307 38.95383 lineto
227.54611 39.85046 lineto
229.09915 38.95383 lineto
225.99307 40.7471 lineto stroke
newpath 321.59323 39.85046 moveto
321.59323 41.64375 lineto
321.59323 38.05717 lineto
321.59323 39.85046 lineto
323.14627 40.7471 lineto
320.04019 38.95383 lineto
321.59323 39.85046 lineto
323.14627 38.95383 lineto
320.04019 40.7471 lineto stroke
newpath 39.85046 1.4944 moveto
39.4541 1.4944 39.07404 1.33691 38.7938 1.05667 curveto
38.51355 0.77643 38.35606 0.39636 38.35606 0 curveto
38.35606 -0.39636 38.51355 -0.77643 38.7938 -1.05667 curveto
39.07404 -1.33691 39.4541 -1.4944 39.85046 -1.4944 curveto
40.24683 -1.4944 40.62689 -1.33691 40.90714 -1.05667 curveto
41.18738 -0.77643 41.34486 -0.39636 41.34486 0 curveto
41.34486 0.39636 41.18738 0.77643 40.90714 1.05667 curveto
40.62689 1.33691 40.24683 1.4944 39.85046 1.4944 curveto closepath fill
newpath 105.60379 69.43951 moveto
105.20743 69.43951 104.82736 69.28203 104.54712 69.00179 curveto
104.26688 68.72154 104.10939 68.34148 104.10939 67.94511 curveto
104.10939 67.54875 104.26688 67.16869 104.54712 66.88844 curveto
104.82736 66.6082 105.20743 66.45071 105.60379 66.45071 curveto
106.00015 66.45071 106.38022 66.6082 106.66046 66.88844 curveto
106.9407 67.16869 107.09819 67.54875 107.09819 67.94511 curveto
107.09819 68.34148 106.9407 68.72154 106.66046 69.00179 curveto
106.38022 69.28203 106.00015 69.43951 105.60379 69.43951 curveto closepath fill
newpath 267.39658 41.34486 moveto
267.00021 41.34486 266.62015 41.18738 266.3399 40.90714 curveto
266.05966 40.62689 265.90218 40.24683 265.90218 39.85046 curveto
265.90218 39.4541 266.05966 39.07404 266.3399 38.7938 curveto
266.62015 38.51355 267.00021 38.35606 267.39658 38.35606 curveto
267.79294 38.35606 268.173 38.51355 268.45325 38.7938 curveto
268.73349 39.07404 268.89098 39.4541 268.89098 39.85046 curveto
268.89098 40.24683 268.73349 40.62689 268.45325 40.90714 curveto
268.173 41.18738 267.79294 41.34486 267.39658 41.34486 curveto closepath fill
newpath 293.29944 13.05107 moveto
292.90308 13.05107 292.52301 12.89359 292.24277 12.61334 curveto
291.96252 12.3331 291.80504 11.95303 291.80504 11.55667 curveto
291.80504 11.16031 291.96252 10.78024 292.24277 10.5 curveto
292.52301 10.21976 292.90308 10.06227 293.29944 10.06227 curveto
293.6958 10.06227 294.07587 10.21976 294.35611 10.5 curveto
294.63635 10.78024 294.79384 11.16031 294.79384 11.55667 curveto
294.79384 11.95303 294.63635 12.3331 294.35611 12.61334 curveto
294.07587 12.89359 293.6958 13.05107 293.29944 13.05107 curveto closepath fill
newpath 131.1035 25.13365 moveto
130.67542 25.20906 130.25069 25.3033 129.83081 25.4158 curveto
129.41093 25.52829 128.99593 25.65903 128.58731 25.8077 curveto
128.17868 25.95638 127.77705 26.12299 127.38303 26.30663 curveto
126.989 26.49055 126.60287 26.69153 126.22618 26.90892 curveto
125.84978 27.1263 125.4828 27.3598 125.12679 27.6091 curveto
124.77075 27.85841 124.42567 28.12323 124.09276 28.40263 curveto
123.75954 28.68205 123.43878 28.97604 123.13141 29.28343 curveto
122.82402 29.5908 122.53032 29.91156 122.25092 30.24448 curveto
121.97151 30.5777 121.7067 30.92278 121.45708 31.27911 curveto
121.20778 31.63544 120.97397 32.0018 120.75659 32.37851 curveto
120.5392 32.7549 120.33824 33.14072 120.1546 33.53474 curveto
119.97096 33.92877 119.80435 34.3307 119.65567 34.73933 curveto
119.507 35.14795 119.37627 35.56265 119.26378 35.98253 curveto
119.15128 36.4024 119.05704 36.82713 118.98163 37.25522 curveto
118.90623 37.68361 118.84908 38.11473 118.81137 38.54797 curveto
118.77336 38.98093 118.75452 39.41539 118.75452 39.85016 curveto
118.75452 40.28523 118.77336 40.72 118.81137 41.15326 curveto
118.84908 41.5862 118.90623 42.01732 118.98163 42.4454 curveto
119.05704 42.87349 119.15128 43.29822 119.26378 43.7181 curveto
119.37627 44.13797 119.507 44.55298 119.65567 44.9616 curveto
119.80435 45.37022 119.97096 45.77185 120.1546 46.16588 curveto
120.33853 46.5599 120.5395 46.94603 120.7569 47.32272 curveto
120.97427 47.69913 121.20778 48.0658 121.45708 48.42212 curveto stroke
newpath 118.51927 46.82988 moveto
119.69455 46.8687 120.78296 47.4586 121.45708 48.42212 curveto
120.78296 47.4586 120.60184 46.23393 120.96819 45.11653 curveto stroke
 0.49814 0 dtransform exch truncate exch idtransform pop setlinewidth
newpath 133.69844 39.85046 moveto
133.69844 37.85782 lineto stroke
newpath 133.69844 33.87311 moveto
133.69844 29.88759 lineto stroke
newpath 133.69844 25.90254 moveto
133.69844 21.91772 lineto stroke
newpath 133.69844 17.9326 moveto
133.69844 13.94801 lineto stroke
newpath 133.69844 9.96263 moveto
133.69844 5.97734 lineto stroke
newpath 133.69844 1.99265 moveto
133.69844 0 lineto stroke
 1.025 0 dtransform exch truncate exch idtransform pop setlinewidth
newpath 39.85046 39.85046 moveto
39.85046 0 lineto stroke
 0 1.025 dtransform truncate idtransform setlinewidth pop
newpath 41.34486 2.98878 moveto
40.40411 2.28323 39.85046 1.17593 39.85046 0 curveto
39.85046 1.17593 39.29681 2.28323 38.35606 2.98878 curveto stroke
newpath 133.69844 39.85046 moveto
105.60379 67.94511 lineto stroke
newpath 106.66048 64.77502 moveto
106.82678 65.93913 106.4353 67.1136 105.60379 67.94511 curveto
106.4353 67.1136 107.60977 66.72212 108.77388 66.88843 curveto stroke
newpath 227.54611 39.85046 moveto
267.39658 39.85046 lineto stroke
newpath 264.40779 41.34486 moveto
265.11334 40.40411 266.22064 39.85046 267.39658 39.85046 curveto
266.22064 39.85046 265.11334 39.29681 264.40779 38.35606 curveto stroke
newpath 321.59323 39.85046 moveto
293.29944 11.55667 lineto stroke
newpath 296.46953 12.61336 moveto
295.30542 12.77966 294.13095 12.38818 293.29944 11.55667 curveto
294.13095 12.38818 294.52243 13.56265 294.35612 14.72676 curveto stroke
showpage
%%EOF
