%!PS
%%BoundingBox: -1 -1 126 90 
%%HiResBoundingBox: -0.24907 -0.24907 125.77803 89.91261 
%%Creator: MetaPost 2.000
%%CreationDate: 2017.07.04:1541
%%Pages: 1
%%BeginProlog
%%EndProlog
%%Page: 1 1
 0 0 0 setrgbcolor 0 0.49814 dtransform truncate idtransform setlinewidth pop [] 0 setdash 1 setlinecap
 1 setlinejoin 10 setmiterlimit
newpath 0 44.83177 moveto
125.52896 44.83177 lineto stroke
newpath 120.54765 47.32243 moveto
121.72359 45.75452 123.56908 44.83177 125.52896 44.83177 curveto
123.56908 44.83177 121.72359 43.90903 120.54765 42.34111 curveto stroke
 0.49814 0 dtransform exch truncate exch idtransform pop setlinewidth
newpath 44.83177 0 moveto
44.83177 89.66354 lineto stroke
 0 0.49814 dtransform truncate idtransform setlinewidth pop
newpath 42.34111 84.68224 moveto
43.90903 85.85817 44.83177 87.70366 44.83177 89.66354 curveto
44.83177 87.70366 45.75452 85.85817 47.32243 84.68224 curveto stroke
newpath 116.5626 46.8243 moveto
116.03413 46.8243 115.52737 46.61433 115.1537 46.24068 curveto
114.78004 45.867 114.57008 45.36024 114.57008 44.83177 curveto
114.57008 44.3033 114.78004 43.79654 115.1537 43.42287 curveto
115.52737 43.04921 116.03413 42.83925 116.5626 42.83925 curveto
117.09108 42.83925 117.59784 43.04921 117.97151 43.42287 curveto
118.34517 43.79654 118.55513 44.3033 118.55513 44.83177 curveto
118.55513 45.36024 118.34517 45.867 117.97151 46.24068 curveto
117.59784 46.61433 117.09108 46.8243 116.5626 46.8243 curveto closepath fill
newpath 62.76448 82.68971 moveto
62.23601 82.68971 61.72925 82.47975 61.35558 82.1061 curveto
60.98192 81.73242 60.77196 81.22566 60.77196 80.69719 curveto
60.77196 80.16872 60.98192 79.66196 61.35558 79.28828 curveto
61.72925 78.91463 62.23601 78.70467 62.76448 78.70467 curveto
63.29295 78.70467 63.79971 78.91463 64.17339 79.28828 curveto
64.54704 79.66196 64.757 80.16872 64.757 80.69719 curveto
64.757 81.22566 64.54704 81.73242 64.17339 82.1061 curveto
63.79971 82.47975 63.29295 82.68971 62.76448 82.68971 curveto closepath fill
newpath 8.96635 46.8243 moveto
8.43788 46.8243 7.93112 46.61433 7.55745 46.24068 curveto
7.18379 45.867 6.97383 45.36024 6.97383 44.83177 curveto
6.97383 44.3033 7.18379 43.79654 7.55745 43.42287 curveto
7.93112 43.04921 8.43788 42.83925 8.96635 42.83925 curveto
9.49483 42.83925 10.00159 43.04921 10.37526 43.42287 curveto
10.74892 43.79654 10.95888 44.3033 10.95888 44.83177 curveto
10.95888 45.36024 10.74892 45.867 10.37526 46.24068 curveto
10.00159 46.61433 9.49483 46.8243 8.96635 46.8243 curveto closepath fill
newpath 62.76448 10.95888 moveto
62.23601 10.95888 61.72925 10.74892 61.35558 10.37526 curveto
60.98192 10.00159 60.77196 9.49483 60.77196 8.96635 curveto
60.77196 8.43788 60.98192 7.93112 61.35558 7.55745 curveto
61.72925 7.18379 62.23601 6.97383 62.76448 6.97383 curveto
63.29295 6.97383 63.79971 7.18379 64.17339 7.55745 curveto
64.54704 7.93112 64.757 8.43788 64.757 8.96635 curveto
64.757 9.49483 64.54704 10.00159 64.17339 10.37526 curveto
63.79971 10.74892 63.29295 10.95888 62.76448 10.95888 curveto closepath fill
 0.49814 0 dtransform exch truncate exch idtransform pop setlinewidth
newpath 8.96635 42.83925 moveto
8.96635 46.8243 lineto stroke
newpath 26.89906 42.83925 moveto
26.89906 46.8243 lineto stroke
newpath 62.76448 42.83925 moveto
62.76448 46.8243 lineto stroke
newpath 80.69719 42.83925 moveto
80.69719 46.8243 lineto stroke
newpath 98.6299 42.83925 moveto
98.6299 46.8243 lineto stroke
newpath 116.5626 42.83925 moveto
116.5626 46.8243 lineto stroke
 0 0.49814 dtransform truncate idtransform setlinewidth pop
newpath 46.8243 8.96635 moveto
42.83925 8.96635 lineto stroke
newpath 46.8243 26.89906 moveto
42.83925 26.89906 lineto stroke
newpath 46.8243 62.76448 moveto
42.83925 62.76448 lineto stroke
newpath 46.8243 80.69719 moveto
42.83925 80.69719 lineto stroke
 0 1.24533 dtransform truncate idtransform setlinewidth pop
newpath 116.5626 44.83177 moveto
116.56233 46.00018 116.47696 47.16722 116.30731 48.3233 curveto
116.13574 49.49281 115.8788 50.64809 115.54306 51.78146 curveto
115.19992 52.94002 114.77551 54.07231 114.27806 55.1734 curveto
113.76527 56.30843 113.1767 57.40732 112.52298 58.46738 curveto
111.8452 59.56628 111.09874 60.62112 110.29507 61.63165 curveto
109.45914 62.68266 108.56299 63.68388 107.6165 64.63667 curveto
106.63115 65.62859 105.593 66.56686 104.51189 67.45343 curveto
103.38698 68.37611 102.2183 69.24434 101.00995 70.05511 curveto stroke
newpath 102.6592 67.1489 moveto
102.59746 68.32321 101.98643 69.39992 101.00995 70.05511 curveto
101.98643 69.39992 103.21443 69.2427 104.32448 69.6308 curveto stroke
newpath 101.00995 70.05511 moveto
99.73947 70.9083 98.43288 71.70593 97.09346 72.4461 curveto
95.70697 73.21228 94.28792 73.91824 92.84286 74.56784 curveto
91.35295 75.2377 89.83647 75.84735 88.29922 76.40009 curveto
86.72092 76.96732 85.12181 77.47409 83.50601 77.92421 curveto
81.85602 78.38391 80.18988 78.78397 78.51169 79.12654 curveto
76.80588 79.47461 75.08856 79.76329 73.36305 79.9945 curveto
71.61865 80.22818 69.86685 80.40303 68.11096 80.51988 curveto
66.34549 80.63754 64.57646 80.69637 62.80717 80.69719 curveto
61.03787 80.69801 59.26884 80.6411 57.50337 80.52534 curveto
55.74721 80.41043 53.99515 80.23721 52.25047 80.00545 curveto
50.52412 79.77615 48.806 79.4891 47.09935 79.14296 curveto
45.42035 78.80229 43.75339 78.40443 42.10257 77.94664 curveto
40.48569 77.49817 38.88493 76.9925 37.30527 76.4269 curveto
35.76636 75.87581 34.24826 75.26779 32.75668 74.5996 curveto
31.31027 73.95163 29.88931 73.2473 28.50117 72.48277 curveto
27.15984 71.74397 25.85133 70.94771 24.57895 70.09561 curveto stroke
newpath 27.89383 70.51701 moveto
26.78413 70.90608 25.55602 70.74995 24.57895 70.09561 curveto
25.55602 70.74995 26.16798 71.82613 26.23074 73.00038 curveto stroke
newpath 24.57895 70.09561 moveto
23.36128 69.281 22.18358 68.40813 21.04991 67.48024 curveto
19.96059 66.58876 18.91476 65.64528 17.92232 64.64706 curveto
16.96953 63.68854 16.06737 62.68103 15.2265 61.6229 curveto
14.41846 60.6058 13.66844 59.54384 12.98792 58.43727 curveto
12.33174 57.37012 11.74126 56.26355 11.22792 55.12086 curveto
10.7299 54.01237 10.30524 52.87189 9.96375 51.7054 curveto
9.62936 50.56407 9.37543 49.40086 9.2077 48.22371 curveto
9.04187 47.05968 8.9606 45.88498 8.96635 44.70918 curveto
8.9721 43.53339 9.06514 42.35924 9.243 41.19685 curveto
9.42305 40.01968 9.68929 38.85785 10.03516 37.71844 curveto
10.38896 36.55333 10.82486 35.41502 11.33382 34.309 curveto
11.85892 33.1685 12.46063 32.06468 13.12747 31.0008 curveto
13.81949 29.89725 14.58017 28.83829 15.39888 27.82503 curveto
16.25043 26.77074 17.16325 25.7676 18.12589 24.81345 curveto
19.12848 23.81989 20.18387 22.88106 21.28223 21.99449 curveto
22.42519 21.07181 23.61165 20.20412 24.83752 19.39499 curveto stroke
newpath 23.16632 22.28865 moveto
23.23694 21.11482 23.8561 20.04279 24.83752 19.39499 curveto
23.8561 20.04279 22.62695 20.19069 21.51987 19.7942 curveto stroke
newpath 24.83752 19.39499 moveto
26.10225 18.56015 27.40172 17.7792 28.73267 17.05435 curveto
30.10957 16.3046 31.51741 15.6134 32.95042 14.9775 curveto
34.42722 14.32214 35.92917 13.72563 37.45139 13.18466 curveto
39.013 12.62946 40.59514 12.13309 42.19287 11.69228 curveto
43.82399 11.24242 45.4707 10.85031 47.1289 10.51456 curveto
48.81393 10.17334 50.51018 9.89014 52.21434 9.66302 curveto
53.93686 9.43344 55.66621 9.26106 57.39993 9.14531 curveto
59.14297 9.02875 60.88956 8.96909 62.63641 8.96635 curveto stroke
showpage
%%EOF
