%!PS
%%BoundingBox: -1 -2 113 81 
%%HiResBoundingBox: -0.24907 -1.99252 112.3285 80.94626 
%%Creator: MetaPost 2.000
%%CreationDate: 2017.07.04:1541
%%Pages: 1
%%BeginProlog
%%EndProlog
%%Page: 1 1
 0 0 0 setrgbcolor 0 0.49814 dtransform truncate idtransform setlinewidth pop [] 0 setdash 1 setlinecap
 1 setlinejoin 10 setmiterlimit
newpath 0 35.86542 moveto
112.07944 35.86542 lineto stroke
newpath 107.09813 38.35608 moveto
108.27406 36.78816 110.11955 35.86542 112.07944 35.86542 curveto
110.11955 35.86542 108.27406 34.94267 107.09813 33.37476 curveto stroke
 0.49814 0 dtransform exch truncate exch idtransform pop setlinewidth
newpath 17.93271 0 moveto
17.93271 80.69719 lineto stroke
 0 0.49814 dtransform truncate idtransform setlinewidth pop
newpath 15.44205 75.71588 moveto
17.00996 76.89182 17.93271 78.7373 17.93271 80.69719 curveto
17.93271 78.7373 18.85545 76.89182 20.42337 75.71588 curveto stroke
 0.49814 0 dtransform exch truncate exch idtransform pop setlinewidth
newpath 46.08719 33.8729 moveto
46.08719 37.85794 lineto stroke
newpath 74.24141 33.8729 moveto
74.24141 37.85794 lineto stroke
newpath 102.39589 33.8729 moveto
102.39589 37.85794 lineto stroke
 0 0.49814 dtransform truncate idtransform setlinewidth pop
newpath 19.92523 0 moveto
15.94019 0 lineto stroke
newpath 19.92523 17.93271 moveto
15.94019 17.93271 lineto stroke
newpath 19.92523 53.79813 moveto
15.94019 53.79813 lineto stroke
newpath 19.92523 71.73083 moveto
15.94019 71.73083 lineto stroke
newpath 17.93271 37.85794 moveto
17.40424 37.85794 16.89748 37.64798 16.5238 37.27432 curveto
16.15015 36.90065 15.94019 36.39389 15.94019 35.86542 curveto
15.94019 35.33694 16.15015 34.83018 16.5238 34.45651 curveto
16.89748 34.08286 17.40424 33.8729 17.93271 33.8729 curveto
18.46118 33.8729 18.96794 34.08286 19.34161 34.45651 curveto
19.71527 34.83018 19.92523 35.33694 19.92523 35.86542 curveto
19.92523 36.39389 19.71527 36.90065 19.34161 37.27432 curveto
18.96794 37.64798 18.46118 37.85794 17.93271 37.85794 curveto closepath fill
newpath 46.08719 73.72336 moveto
45.55872 73.72336 45.05196 73.5134 44.67828 73.13974 curveto
44.30463 72.76607 44.09467 72.25931 44.09467 71.73083 curveto
44.09467 71.20236 44.30463 70.6956 44.67828 70.32193 curveto
45.05196 69.94827 45.55872 69.73831 46.08719 69.73831 curveto
46.61566 69.73831 47.12242 69.94827 47.4961 70.32193 curveto
47.86975 70.6956 48.07971 71.20236 48.07971 71.73083 curveto
48.07971 72.25931 47.86975 72.76607 47.4961 73.13974 curveto
47.12242 73.5134 46.61566 73.72336 46.08719 73.72336 curveto closepath fill
newpath 74.24141 37.85794 moveto
73.71294 37.85794 73.20618 37.64798 72.8325 37.27432 curveto
72.45885 36.90065 72.24889 36.39389 72.24889 35.86542 curveto
72.24889 35.33694 72.45885 34.83018 72.8325 34.45651 curveto
73.20618 34.08286 73.71294 33.8729 74.24141 33.8729 curveto
74.76988 33.8729 75.27664 34.08286 75.65031 34.45651 curveto
76.02397 34.83018 76.23393 35.33694 76.23393 35.86542 curveto
76.23393 36.39389 76.02397 36.90065 75.65031 37.27432 curveto
75.27664 37.64798 74.76988 37.85794 74.24141 37.85794 curveto closepath fill
newpath 102.39589 1.99252 moveto
101.86742 1.99252 101.36066 1.78256 100.98698 1.4089 curveto
100.61333 1.03523 100.40337 0.52847 100.40337 0 curveto
100.40337 -0.52847 100.61333 -1.03523 100.98698 -1.4089 curveto
101.36066 -1.78256 101.86742 -1.99252 102.39589 -1.99252 curveto
102.92436 -1.99252 103.43112 -1.78256 103.8048 -1.4089 curveto
104.17845 -1.03523 104.38841 -0.52847 104.38841 0 curveto
104.38841 0.52847 104.17845 1.03523 103.8048 1.4089 curveto
103.43112 1.78256 102.92436 1.99252 102.39589 1.99252 curveto closepath fill
 0 1.24533 dtransform truncate idtransform setlinewidth pop
newpath 17.93271 35.86542 moveto
18.52922 37.06229 19.12793 38.25806 19.72937 39.45273 curveto
20.32616 40.63837 20.92296 41.82402 21.52713 43.0061 curveto
22.12119 44.16849 22.71742 45.33005 23.32379 46.48615 curveto
23.91566 47.61516 24.51245 48.74142 25.12155 49.86111 curveto
25.71068 50.94415 26.30693 52.02335 26.91821 53.0938 curveto
27.50488 54.12074 28.10085 55.14247 28.71487 56.15355 curveto
29.29909 57.11563 29.89532 58.0706 30.51263 59.0119 curveto
31.0941 59.89847 31.6898 60.77573 32.30931 61.63603 curveto
32.88803 62.43968 33.48373 63.2313 34.10597 64.00185 curveto
34.68279 64.71574 35.27875 65.41432 35.90373 66.08636 curveto
36.47835 66.70395 37.07378 67.30183 37.7004 67.86661 curveto
38.2742 68.38405 38.87099 68.87576 39.49843 69.3267 curveto
40.0725 69.73935 40.66985 70.11969 41.29482 70.45024 curveto
41.87273 70.75589 42.47142 71.02022 43.09148 71.2268 curveto
43.67677 71.4219 44.27821 71.56638 44.88951 71.64874 curveto
45.48465 71.72891 46.08664 71.75081 46.6859 71.71169 curveto
47.29364 71.672 47.89536 71.5702 48.48393 71.41452 curveto
49.10097 71.25143 49.70078 71.02898 50.28032 70.76163 curveto
50.9042 70.47404 51.50209 70.13365 52.07698 69.75795 curveto
52.70415 69.34833 53.30121 68.89464 53.87502 68.41333 curveto
54.50163 67.88768 55.0976 67.32646 55.6714 66.74362 curveto
56.29692 66.10854 56.89262 65.44498 57.46806 64.76418 curveto
58.09195 64.02647 58.68765 63.26605 59.2661 62.4925 curveto
59.88643 61.66284 60.48212 60.81485 61.0625 59.95648 curveto
61.6809 59.04199 62.27715 58.11302 62.86052 57.17583 curveto
63.47537 56.18802 64.07162 55.18872 64.6572 54.1834 curveto
65.2693 53.13239 65.86526 52.07205 66.45358 51.00763 curveto
67.06378 49.90353 67.66057 48.79204 68.25162 47.67754 curveto
68.8588 46.53294 69.45505 45.3826 70.04828 44.23088 curveto
70.65273 43.05727 71.24896 41.87929 71.84467 40.70103 curveto
72.4472 39.50882 73.04427 38.31387 73.6427 37.11975 curveto
74.2425 35.92316 74.83875 34.72491 75.43909 33.52861 curveto
76.0367 32.33777 76.63376 31.14638 77.23712 29.95827 curveto
77.832 28.78658 78.42851 27.61543 79.03378 26.44922 curveto
79.62619 25.30817 80.22244 24.16904 80.83017 23.03593 curveto
81.42067 21.93484 82.01718 20.83704 82.6282 19.74744 curveto
83.2157 18.69969 83.81194 17.65662 84.42487 16.62366 curveto
85.00989 15.63776 85.60641 14.65843 86.22263 13.69142 curveto
86.80492 12.77777 87.4006 11.87259 88.01929 10.98302 curveto
88.59885 10.14954 89.19453 9.327 89.81596 8.52417 curveto
90.39359 7.77797 90.98929 7.046 91.61371 6.3384 curveto
92.18861 5.68661 92.78432 5.05342 93.41039 4.45035 curveto
93.98418 3.89761 94.57988 3.36813 95.20705 2.87695 curveto
95.78113 2.42711 96.37846 2.00735 97.0048 1.63412 curveto
97.5808 1.29073 98.17923 0.98535 98.80147 0.73497 curveto
99.38376 0.50075 99.98438 0.31386 100.59923 0.18826 curveto
101.19054 0.0673 101.79225 0.00438 102.39589 0 curveto stroke
showpage
%%EOF
