%!PS
%%BoundingBox: -1 -1 75 90 
%%HiResBoundingBox: -0.24907 -0.24907 74.96869 89.91261 
%%Creator: MetaPost 2.000
%%CreationDate: 2017.07.04:1541
%%Pages: 1
%%BeginProlog
%%EndProlog
%%Page: 1 1
 0 0 0 setrgbcolor 0 0.49814 dtransform truncate idtransform setlinewidth pop [] 0 setdash 1 setlinecap
 1 setlinejoin 10 setmiterlimit
newpath 0 14.94392 moveto
74.71962 14.94392 lineto stroke
newpath 69.73831 17.43459 moveto
70.91425 15.86667 72.75974 14.94392 74.71962 14.94392 curveto
72.75974 14.94392 70.91425 14.02118 69.73831 12.45326 curveto stroke
 0.49814 0 dtransform exch truncate exch idtransform pop setlinewidth
newpath 29.88785 0 moveto
29.88785 89.66354 lineto stroke
 0 0.49814 dtransform truncate idtransform setlinewidth pop
newpath 27.39719 84.68224 moveto
28.9651 85.85817 29.88785 87.70366 29.88785 89.66354 curveto
29.88785 87.70366 30.8106 85.85817 32.37851 84.68224 curveto stroke
 0.49814 0 dtransform exch truncate exch idtransform pop setlinewidth
newpath 14.94392 12.9514 moveto
14.94392 16.93645 lineto stroke
newpath 44.83177 12.9514 moveto
44.83177 16.93645 lineto stroke
newpath 59.7757 12.9514 moveto
59.7757 16.93645 lineto stroke
 0 0.49814 dtransform truncate idtransform setlinewidth pop
newpath 31.88037 29.88785 moveto
27.89532 29.88785 lineto stroke
newpath 31.88037 44.83177 moveto
27.89532 44.83177 lineto stroke
newpath 31.88037 59.7757 moveto
27.89532 59.7757 lineto stroke
newpath 31.88037 74.71962 moveto
27.89532 74.71962 lineto stroke
newpath 14.94392 61.76822 moveto
14.41545 61.76822 13.90869 61.55826 13.53502 61.1846 curveto
13.16136 60.81093 12.9514 60.30417 12.9514 59.7757 curveto
12.9514 59.24722 13.16136 58.74046 13.53502 58.36679 curveto
13.90869 57.99313 14.41545 57.78317 14.94392 57.78317 curveto
15.4724 57.78317 15.97916 57.99313 16.35283 58.36679 curveto
16.72649 58.74046 16.93645 59.24722 16.93645 59.7757 curveto
16.93645 60.30417 16.72649 60.81093 16.35283 61.1846 curveto
15.97916 61.55826 15.4724 61.76822 14.94392 61.76822 curveto closepath fill
newpath 29.88785 76.71214 moveto
29.35938 76.71214 28.85262 76.50218 28.47894 76.12852 curveto
28.10529 75.75485 27.89532 75.2481 27.89532 74.71962 curveto
27.89532 74.19115 28.10529 73.68439 28.47894 73.31071 curveto
28.85262 72.93706 29.35938 72.7271 29.88785 72.7271 curveto
30.41632 72.7271 30.92308 72.93706 31.29675 73.31071 curveto
31.67041 73.68439 31.88037 74.19115 31.88037 74.71962 curveto
31.88037 75.2481 31.67041 75.75485 31.29675 76.12852 curveto
30.92308 76.50218 30.41632 76.71214 29.88785 76.71214 curveto closepath fill
newpath 59.7757 16.93645 moveto
59.24722 16.93645 58.74046 16.72649 58.36679 16.35283 curveto
57.99313 15.97916 57.78317 15.4724 57.78317 14.94392 curveto
57.78317 14.41545 57.99313 13.90869 58.36679 13.53502 curveto
58.74046 13.16136 59.24722 12.9514 59.7757 12.9514 curveto
60.30417 12.9514 60.81093 13.16136 61.1846 13.53502 curveto
61.55826 13.90869 61.76822 14.41545 61.76822 14.94392 curveto
61.76822 15.4724 61.55826 15.97916 61.1846 16.35283 curveto
60.81093 16.72649 60.30417 16.93645 59.7757 16.93645 curveto closepath fill
 0 1.24533 dtransform truncate idtransform setlinewidth pop
newpath 14.94392 59.7757 moveto
15.4205 60.7334 15.91896 61.68018 16.4384 62.61531 curveto
16.91566 63.47427 17.41185 64.32231 17.93266 65.15552 curveto
18.40878 65.91736 18.90497 66.66618 19.42714 67.39725 curveto
19.90213 68.0624 20.39832 68.71204 20.92163 69.34003 curveto
21.39592 69.90895 21.8944 70.45758 22.41588 70.98364 curveto stroke
newpath 19.25043 69.91312 moveto
20.41525 69.75188 21.58801 70.14851 22.41588 70.98364 curveto
21.58801 70.14851 21.20166 68.97234 21.37305 67.80896 curveto stroke
newpath 22.41588 70.98364 moveto
22.88766 71.46066 23.3866 71.90965 23.91037 72.32877 curveto
24.38557 72.7091 24.88268 73.06142 25.40463 73.37473 curveto
25.88303 73.6618 26.38126 73.91469 26.89911 74.12196 curveto
27.38298 74.31555 27.88235 74.46811 28.39337 74.57027 curveto
28.88545 74.66878 29.38596 74.71962 29.88785 74.71962 curveto
30.38974 74.71962 30.89003 74.66855 31.38211 74.57027 curveto
31.89311 74.46811 32.39272 74.31555 32.87659 74.12196 curveto
33.39467 73.91469 33.8929 73.66158 34.37129 73.3745 curveto
34.89325 73.06119 35.39035 72.70888 35.86555 72.32854 curveto
36.38933 71.90965 36.88574 71.4577 37.36003 70.98341 curveto
37.88405 70.45964 38.38 69.90895 38.8543 69.3398 curveto
39.37761 68.7118 39.8738 68.06194 40.34877 67.39679 curveto
40.87096 66.66597 41.36714 65.91713 41.84303 65.15552 curveto
42.36385 64.32208 42.86026 63.47383 43.33751 62.61485 curveto
43.85696 61.67972 44.3552 60.73318 44.83177 59.7757 curveto stroke
newpath 44.83784 63.11723 moveto
44.31004 62.06642 44.30779 60.82843 44.83177 59.7757 curveto
44.30779 60.82843 43.31874 61.57301 42.16219 61.78548 curveto stroke
newpath 44.83177 59.7757 moveto
45.34848 58.73863 45.84671 57.69221 46.32625 56.63737 curveto
46.84319 55.49997 47.34006 54.35368 47.82051 53.20056 curveto
48.3363 51.96237 48.8334 50.71645 49.31499 49.46436 curveto
49.82988 48.12584 50.32698 46.78049 50.80925 45.42989 curveto
51.32323 43.99059 51.82054 42.54558 52.30374 41.0958 curveto
52.81679 39.55638 53.31412 38.01173 53.79822 36.46298 curveto
54.3106 34.8237 54.80792 33.17963 55.29248 31.53192 curveto
55.80417 29.7923 56.30171 28.04836 56.78696 26.30122 curveto
57.29796 24.46196 57.79529 22.6186 58.28122 20.7725 curveto
58.79176 18.83292 59.28976 16.8899 59.7757 14.94392 curveto stroke
showpage
%%EOF
