%!PS
%%BoundingBox: -1 -2 113 117 
%%HiResBoundingBox: -0.24907 -1.99252 112.3285 116.81168 
%%Creator: MetaPost 2.000
%%CreationDate: 2017.07.04:1541
%%Pages: 1
%%BeginProlog
%%EndProlog
%%Page: 1 1
 0 0 0 setrgbcolor 0 0.49814 dtransform truncate idtransform setlinewidth pop [] 0 setdash 1 setlinecap
 1 setlinejoin 10 setmiterlimit
newpath 0 35.86542 moveto
112.07944 35.86542 lineto stroke
newpath 107.09813 38.35608 moveto
108.27406 36.78816 110.11955 35.86542 112.07944 35.86542 curveto
110.11955 35.86542 108.27406 34.94267 107.09813 33.37476 curveto stroke
 0.49814 0 dtransform exch truncate exch idtransform pop setlinewidth
newpath 17.93271 0 moveto
17.93271 116.5626 lineto stroke
 0 0.49814 dtransform truncate idtransform setlinewidth pop
newpath 15.44205 111.5813 moveto
17.00996 112.75723 17.93271 114.60272 17.93271 116.5626 curveto
17.93271 114.60272 18.85545 112.75723 20.42337 111.5813 curveto stroke
 0.49814 0 dtransform exch truncate exch idtransform pop setlinewidth
newpath 46.08719 33.8729 moveto
46.08719 37.85794 lineto stroke
newpath 74.24141 33.8729 moveto
74.24141 37.85794 lineto stroke
newpath 102.39589 33.8729 moveto
102.39589 37.85794 lineto stroke
 0 0.49814 dtransform truncate idtransform setlinewidth pop
newpath 19.92523 0 moveto
15.94019 0 lineto stroke
newpath 19.92523 17.93271 moveto
15.94019 17.93271 lineto stroke
newpath 19.92523 53.79813 moveto
15.94019 53.79813 lineto stroke
newpath 19.92523 71.73083 moveto
15.94019 71.73083 lineto stroke
newpath 19.92523 89.66354 moveto
15.94019 89.66354 lineto stroke
newpath 19.92523 107.59625 moveto
15.94019 107.59625 lineto stroke
newpath 17.93271 109.58878 moveto
17.40424 109.58878 16.89748 109.37881 16.5238 109.00516 curveto
16.15015 108.63148 15.94019 108.12473 15.94019 107.59625 curveto
15.94019 107.06778 16.15015 106.56102 16.5238 106.18735 curveto
16.89748 105.81369 17.40424 105.60373 17.93271 105.60373 curveto
18.46118 105.60373 18.96794 105.81369 19.34161 106.18735 curveto
19.71527 106.56102 19.92523 107.06778 19.92523 107.59625 curveto
19.92523 108.12473 19.71527 108.63148 19.34161 109.00516 curveto
18.96794 109.37881 18.46118 109.58878 17.93271 109.58878 curveto closepath fill
newpath 46.08719 55.79065 moveto
45.55872 55.79065 45.05196 55.58069 44.67828 55.20703 curveto
44.30463 54.83336 44.09467 54.3266 44.09467 53.79813 curveto
44.09467 53.26965 44.30463 52.7629 44.67828 52.38922 curveto
45.05196 52.01556 45.55872 51.8056 46.08719 51.8056 curveto
46.61566 51.8056 47.12242 52.01556 47.4961 52.38922 curveto
47.86975 52.7629 48.07971 53.26965 48.07971 53.79813 curveto
48.07971 54.3266 47.86975 54.83336 47.4961 55.20703 curveto
47.12242 55.58069 46.61566 55.79065 46.08719 55.79065 curveto closepath fill
newpath 74.24141 1.99252 moveto
73.71294 1.99252 73.20618 1.78256 72.8325 1.4089 curveto
72.45885 1.03523 72.24889 0.52847 72.24889 0 curveto
72.24889 -0.52847 72.45885 -1.03523 72.8325 -1.4089 curveto
73.20618 -1.78256 73.71294 -1.99252 74.24141 -1.99252 curveto
74.76988 -1.99252 75.27664 -1.78256 75.65031 -1.4089 curveto
76.02397 -1.03523 76.23393 -0.52847 76.23393 0 curveto
76.23393 0.52847 76.02397 1.03523 75.65031 1.4089 curveto
75.27664 1.78256 74.76988 1.99252 74.24141 1.99252 curveto closepath fill
newpath 102.39589 55.79065 moveto
101.86742 55.79065 101.36066 55.58069 100.98698 55.20703 curveto
100.61333 54.83336 100.40337 54.3266 100.40337 53.79813 curveto
100.40337 53.26965 100.61333 52.7629 100.98698 52.38922 curveto
101.36066 52.01556 101.86742 51.8056 102.39589 51.8056 curveto
102.92436 51.8056 103.43112 52.01556 103.8048 52.38922 curveto
104.17845 52.7629 104.38841 53.26965 104.38841 53.79813 curveto
104.38841 54.3266 104.17845 54.83336 103.8048 55.20703 curveto
103.43112 55.58069 102.92436 55.79065 102.39589 55.79065 curveto closepath fill
 0 1.24533 dtransform truncate idtransform setlinewidth pop
newpath 17.93271 107.59625 moveto
18.54153 107.59187 19.14627 107.50102 19.72937 107.32617 curveto
20.36119 107.13683 20.96071 106.8569 21.52713 106.51924 curveto
22.16962 106.13615 22.76422 105.68001 23.32379 105.18364 curveto
23.96848 104.61176 24.56143 103.98541 25.12155 103.33089 curveto
25.76266 102.58168 26.35536 101.7928 26.91821 100.98312 curveto
27.55496 100.06729 28.14792 99.12216 28.71487 98.16171 curveto
29.34697 97.09073 29.94102 95.99756 30.51263 94.89291 curveto
31.1398 93.68073 31.73413 92.45212 32.30931 91.2145 curveto
32.93236 89.87369 33.52724 88.52031 34.10597 87.1601 curveto
34.72546 85.70465 35.32089 84.23907 35.90373 82.76831 curveto
36.51912 81.21518 37.11482 79.65384 37.7004 78.0892 curveto
38.31305 76.4518 38.90929 74.80836 39.49843 73.1622 curveto
40.10753 71.46022 40.70349 69.75357 41.29482 68.04556 curveto
41.90118 66.2946 42.49715 64.54034 43.09148 62.78528 curveto
43.69537 61.00201 44.2919 59.21603 44.88951 57.43059 curveto
45.49013 55.63583 46.08636 53.83972 46.6859 52.0447 curveto
47.28433 50.25323 47.88084 48.46121 48.48393 46.67113 curveto
49.07909 44.90428 49.67505 43.138 50.28032 41.37471 curveto
50.873 39.6481 51.46898 37.92258 52.07698 36.20143 curveto
52.6672 34.53119 53.26344 32.86313 53.87502 31.20055 curveto
54.46169 29.60637 55.0571 28.01494 55.6714 26.43115 curveto
56.25479 24.92673 56.85048 23.42668 57.46806 21.93594 curveto
58.04872 20.53494 58.64413 19.13997 59.2661 17.75676 curveto
59.84265 16.47507 60.43669 15.20132 61.0625 13.94289 curveto
61.63548 12.79036 62.23007 11.64848 62.86052 10.52632 curveto
63.42914 9.51471 64.0221 8.51704 64.6572 7.54565 curveto
65.22115 6.6829 65.8141 5.83902 66.45358 5.03044 curveto
67.0148 4.3209 67.60776 3.63657 68.25162 3.00119 curveto
68.81064 2.44983 69.40442 1.93402 70.04828 1.48418 curveto
70.61086 1.09125 71.2082 0.74783 71.84467 0.49089 curveto
72.42093 0.2583 73.02457 0.09769 73.6427 0.03284 curveto
74.24222 -0.0301 74.8475 -0.00137 75.43909 0.1141 curveto
76.06406 0.23615 76.66605 0.45314 77.23712 0.7347 curveto
77.87715 1.05048 78.47311 1.44614 79.03378 1.88724 curveto
79.67792 2.394 80.27115 2.96124 80.83017 3.56021 curveto
81.4732 4.24922 82.06616 4.98256 82.6282 5.73888 curveto
83.26631 6.5978 83.85927 7.48929 84.42487 8.39775 curveto
85.0586 9.4162 85.65265 10.45847 86.22263 11.51387 curveto
86.85144 12.67816 87.44548 13.86052 88.01929 15.05273 curveto
88.64372 16.3503 89.23833 17.66182 89.81596 18.98071 curveto
90.43655 20.39813 91.03224 21.82622 91.61371 23.26004 curveto
92.23048 24.78061 92.8259 26.30994 93.41039 27.8431 curveto
94.02386 29.45204 94.61955 31.06784 95.20705 32.68637 curveto
95.8178 34.36838 96.41403 36.05559 97.0048 37.74472 curveto
97.61198 39.48064 98.20796 41.22066 98.80147 42.9615 curveto
99.40619 44.73573 100.0027 46.51297 100.59923 48.28993 curveto
101.20094 50.08249 101.79964 51.87587 102.39589 53.67006 curveto stroke
showpage
%%EOF
