%!PS
%%BoundingBox: -1 -1 120 90 
%%HiResBoundingBox: -0.24907 -0.24907 119.80046 89.91261 
%%Creator: MetaPost 2.000
%%CreationDate: 2017.07.04:1541
%%Pages: 1
%%BeginProlog
%%EndProlog
%%Page: 1 1
 0 0 0 setrgbcolor 0 0.49814 dtransform truncate idtransform setlinewidth pop [] 0 setdash 1 setlinecap
 1 setlinejoin 10 setmiterlimit
newpath 0 29.88785 moveto
119.55139 29.88785 lineto stroke
newpath 114.57008 32.37851 moveto
115.74602 30.8106 117.5915 29.88785 119.55139 29.88785 curveto
117.5915 29.88785 115.74602 28.9651 114.57008 27.39719 curveto stroke
 0.49814 0 dtransform exch truncate exch idtransform pop setlinewidth
newpath 59.7757 0 moveto
59.7757 89.66354 lineto stroke
 0 0.49814 dtransform truncate idtransform setlinewidth pop
newpath 57.28503 84.68224 moveto
58.85295 85.85817 59.7757 87.70366 59.7757 89.66354 curveto
59.7757 87.70366 60.69844 85.85817 62.26636 84.68224 curveto stroke
newpath 59.7757 76.71214 moveto
59.24722 76.71214 58.74046 76.50218 58.36679 76.12852 curveto
57.99313 75.75485 57.78317 75.2481 57.78317 74.71962 curveto
57.78317 74.19115 57.99313 73.68439 58.36679 73.31071 curveto
58.74046 72.93706 59.24722 72.7271 59.7757 72.7271 curveto
60.30417 72.7271 60.81093 72.93706 61.1846 73.31071 curveto
61.55826 73.68439 61.76822 74.19115 61.76822 74.71962 curveto
61.76822 75.2481 61.55826 75.75485 61.1846 76.12852 curveto
60.81093 76.50218 60.30417 76.71214 59.7757 76.71214 curveto closepath fill
newpath 14.94392 46.8243 moveto
14.41545 46.8243 13.90869 46.61433 13.53502 46.24068 curveto
13.16136 45.867 12.9514 45.36024 12.9514 44.83177 curveto
12.9514 44.3033 13.16136 43.79654 13.53502 43.42287 curveto
13.90869 43.04921 14.41545 42.83925 14.94392 42.83925 curveto
15.4724 42.83925 15.97916 43.04921 16.35283 43.42287 curveto
16.72649 43.79654 16.93645 44.3033 16.93645 44.83177 curveto
16.93645 45.36024 16.72649 45.867 16.35283 46.24068 curveto
15.97916 46.61433 15.4724 46.8243 14.94392 46.8243 curveto closepath fill
newpath 59.7757 16.93645 moveto
59.24722 16.93645 58.74046 16.72649 58.36679 16.35283 curveto
57.99313 15.97916 57.78317 15.4724 57.78317 14.94392 curveto
57.78317 14.41545 57.99313 13.90869 58.36679 13.53502 curveto
58.74046 13.16136 59.24722 12.9514 59.7757 12.9514 curveto
60.30417 12.9514 60.81093 13.16136 61.1846 13.53502 curveto
61.55826 13.90869 61.76822 14.41545 61.76822 14.94392 curveto
61.76822 15.4724 61.55826 15.97916 61.1846 16.35283 curveto
60.81093 16.72649 60.30417 16.93645 59.7757 16.93645 curveto closepath fill
newpath 104.60747 46.8243 moveto
104.079 46.8243 103.57224 46.61433 103.19856 46.24068 curveto
102.8249 45.867 102.61494 45.36024 102.61494 44.83177 curveto
102.61494 44.3033 102.8249 43.79654 103.19856 43.42287 curveto
103.57224 43.04921 104.079 42.83925 104.60747 42.83925 curveto
105.13594 42.83925 105.6427 43.04921 106.01637 43.42287 curveto
106.39003 43.79654 106.59999 44.3033 106.59999 44.83177 curveto
106.59999 45.36024 106.39003 45.867 106.01637 46.24068 curveto
105.6427 46.61433 105.13594 46.8243 104.60747 46.8243 curveto closepath fill
 0.49814 0 dtransform exch truncate exch idtransform pop setlinewidth
newpath 14.94392 27.89532 moveto
14.94392 31.88037 lineto stroke
newpath 29.88785 27.89532 moveto
29.88785 31.88037 lineto stroke
newpath 44.83177 27.89532 moveto
44.83177 31.88037 lineto stroke
newpath 74.71962 27.89532 moveto
74.71962 31.88037 lineto stroke
newpath 89.66354 27.89532 moveto
89.66354 31.88037 lineto stroke
newpath 104.60747 27.89532 moveto
104.60747 31.88037 lineto stroke
 0 0.49814 dtransform truncate idtransform setlinewidth pop
newpath 61.76822 14.94392 moveto
57.78317 14.94392 lineto stroke
newpath 61.76822 44.83177 moveto
57.78317 44.83177 lineto stroke
newpath 61.76822 59.7757 moveto
57.78317 59.7757 lineto stroke
newpath 61.76822 74.71962 moveto
57.78317 74.71962 lineto stroke
 0 1.24533 dtransform truncate idtransform setlinewidth pop
newpath 59.81126 74.71962 moveto
58.33662 74.72054 56.8622 74.67287 55.39075 74.57642 curveto
53.9275 74.48065 52.46768 74.3363 51.01402 74.14317 curveto
49.57562 73.95209 48.14363 73.71312 46.72142 73.42444 curveto
45.32202 73.14053 43.93289 72.80853 42.55675 72.42705 curveto
41.20958 72.05354 39.87585 71.63237 38.55968 71.16104 curveto
37.27727 70.7018 36.01218 70.19513 34.76921 69.63829 curveto
33.56386 69.09831 32.37971 68.51138 31.22295 67.87427 curveto
30.10516 67.2586 29.01474 66.59505 27.9544 65.88498 curveto stroke
newpath 31.26932 66.30632 moveto
30.1596 66.6954 28.93149 66.5393 27.9544 65.88498 curveto
28.93149 66.5393 29.54349 67.61545 29.60626 68.78972 curveto stroke
newpath 27.9544 65.88498 moveto
26.9397 65.20615 25.95827 64.47873 25.01357 63.7055 curveto
24.10579 62.96259 23.23427 62.17636 22.40723 61.34451 curveto
21.61324 60.54575 20.86143 59.70615 20.1607 58.82437 curveto
19.48735 57.97679 18.86232 57.09183 18.29523 56.1697 curveto
17.74841 55.28038 17.25633 54.35825 16.82857 53.406 curveto
16.41356 52.48228 16.05966 51.53186 15.77509 50.55978 curveto
15.49643 49.60869 15.28482 48.63936 15.14505 47.65839 curveto
15.00687 46.68835 14.93913 45.70944 14.94392 44.72961 curveto
14.94872 43.74979 15.02625 42.77133 15.17445 41.80267 curveto
15.3245 40.8217 15.54637 39.8535 15.8346 38.904 curveto
16.12943 37.93307 16.49268 36.98448 16.91681 36.06279 curveto
17.35439 35.11238 17.85582 34.19252 18.41151 33.30595 curveto
18.98819 32.38634 19.62212 31.50388 20.30437 30.65948 curveto
21.01398 29.7809 21.77467 28.94496 22.57687 28.14983 curveto
23.41235 27.32187 24.29185 26.5395 25.20715 25.8007 curveto
26.15962 25.0318 27.14835 24.30873 28.16989 23.63446 curveto stroke
newpath 26.49869 26.52812 moveto
26.5693 25.3543 27.18846 24.28226 28.16989 23.63446 curveto
27.18846 24.28226 25.95932 24.43016 24.85223 24.03368 curveto stroke
newpath 28.16989 23.63446 moveto
29.23045 22.93396 30.32042 22.2793 31.43706 21.67206 curveto
32.59247 21.04385 33.77432 20.46512 34.97716 19.93268 curveto
36.21649 19.38405 37.47702 18.88536 38.75464 18.43318 curveto
40.0658 17.96915 41.39381 17.55482 42.7353 17.18724 curveto
44.10506 16.81192 45.48758 16.48607 46.88013 16.20718 curveto
48.29457 15.92398 49.71837 15.68958 51.14879 15.5026 curveto
52.59378 15.31355 54.04494 15.1731 55.49953 15.08028 curveto
56.96208 14.98679 58.42715 14.94142 59.89267 14.94392 curveto
61.35797 14.94643 62.82259 14.99683 64.28445 15.09534 curveto
65.73813 15.19339 67.18837 15.3391 68.63246 15.53314 curveto
70.06082 15.72514 71.48279 15.96434 72.89496 16.25233 curveto
74.285 16.53578 75.6648 16.86641 77.03157 17.24654 curveto
78.37009 17.61867 79.69492 18.03801 81.00266 18.5066 curveto
82.27687 18.96312 83.53397 19.46637 84.7692 20.01933 curveto
85.96747 20.55565 87.14453 21.13872 88.29494 21.77103 curveto
89.40656 22.38214 90.49127 23.04068 91.54636 23.74483 curveto stroke
newpath 88.2308 23.3287 moveto
89.33989 22.93788 90.56825 23.09206 91.54636 23.74483 curveto
90.56825 23.09206 89.95457 22.01686 89.88992 20.84271 curveto stroke
newpath 91.54636 23.74483 moveto
92.55652 24.41841 93.53383 25.14012 94.4749 25.90697 curveto
95.37947 26.64395 96.24849 27.4238 97.07372 28.2488 curveto
97.8661 29.04073 98.61699 29.87326 99.31749 30.74751 curveto
99.9913 31.58824 100.61723 32.46591 101.18639 33.38075 curveto
101.73524 34.26276 102.2303 35.1776 102.66194 36.12254 curveto
103.0806 37.0392 103.43906 37.98232 103.7298 38.94733 curveto
104.01414 39.8909 104.23259 40.85294 104.38036 41.8273 curveto
104.52629 42.79025 104.60222 43.76256 104.60747 44.73645 curveto stroke
showpage
%%EOF
