%!PS
%%BoundingBox: -1 -1 90 90 
%%HiResBoundingBox: -0.24907 -0.24907 89.91261 89.91261 
%%Creator: MetaPost 2.000
%%CreationDate: 2017.07.04:1541
%%Pages: 1
%%BeginProlog
%%EndProlog
%%Page: 1 1
 0 0 0 setrgbcolor 0 0.49814 dtransform truncate idtransform setlinewidth pop [] 0 setdash 1 setlinecap
 1 setlinejoin 10 setmiterlimit
newpath 0 74.71962 moveto
89.66354 74.71962 lineto stroke
newpath 84.68224 77.21028 moveto
85.85817 75.64236 87.70366 74.71962 89.66354 74.71962 curveto
87.70366 74.71962 85.85817 73.79688 84.68224 72.22896 curveto stroke
 0.49814 0 dtransform exch truncate exch idtransform pop setlinewidth
newpath 44.83177 0 moveto
44.83177 89.66354 lineto stroke
 0 0.49814 dtransform truncate idtransform setlinewidth pop
newpath 42.34111 84.68224 moveto
43.90903 85.85817 44.83177 87.70366 44.83177 89.66354 curveto
44.83177 87.70366 45.75452 85.85817 47.32243 84.68224 curveto stroke
newpath 14.94392 76.71214 moveto
14.41545 76.71214 13.90869 76.50218 13.53502 76.12852 curveto
13.16136 75.75485 12.9514 75.2481 12.9514 74.71962 curveto
12.9514 74.19115 13.16136 73.68439 13.53502 73.31071 curveto
13.90869 72.93706 14.41545 72.7271 14.94392 72.7271 curveto
15.4724 72.7271 15.97916 72.93706 16.35283 73.31071 curveto
16.72649 73.68439 16.93645 74.19115 16.93645 74.71962 curveto
16.93645 75.2481 16.72649 75.75485 16.35283 76.12852 curveto
15.97916 76.50218 15.4724 76.71214 14.94392 76.71214 curveto closepath fill
newpath 74.71962 76.71214 moveto
74.19115 76.71214 73.68439 76.50218 73.31071 76.12852 curveto
72.93706 75.75485 72.7271 75.2481 72.7271 74.71962 curveto
72.7271 74.19115 72.93706 73.68439 73.31071 73.31071 curveto
73.68439 72.93706 74.19115 72.7271 74.71962 72.7271 curveto
75.2481 72.7271 75.75485 72.93706 76.12852 73.31071 curveto
76.50218 73.68439 76.71214 74.19115 76.71214 74.71962 curveto
76.71214 75.2481 76.50218 75.75485 76.12852 76.12852 curveto
75.75485 76.50218 75.2481 76.71214 74.71962 76.71214 curveto closepath fill
newpath 44.83177 61.76822 moveto
44.3033 61.76822 43.79654 61.55826 43.42287 61.1846 curveto
43.04921 60.81093 42.83925 60.30417 42.83925 59.7757 curveto
42.83925 59.24722 43.04921 58.74046 43.42287 58.36679 curveto
43.79654 57.99313 44.3033 57.78317 44.83177 57.78317 curveto
45.36024 57.78317 45.867 57.99313 46.24068 58.36679 curveto
46.61433 58.74046 46.8243 59.24722 46.8243 59.7757 curveto
46.8243 60.30417 46.61433 60.81093 46.24068 61.1846 curveto
45.867 61.55826 45.36024 61.76822 44.83177 61.76822 curveto closepath fill
newpath 44.83177 16.93645 moveto
44.3033 16.93645 43.79654 16.72649 43.42287 16.35283 curveto
43.04921 15.97916 42.83925 15.4724 42.83925 14.94392 curveto
42.83925 14.41545 43.04921 13.90869 43.42287 13.53502 curveto
43.79654 13.16136 44.3033 12.9514 44.83177 12.9514 curveto
45.36024 12.9514 45.867 13.16136 46.24068 13.53502 curveto
46.61433 13.90869 46.8243 14.41545 46.8243 14.94392 curveto
46.8243 15.4724 46.61433 15.97916 46.24068 16.35283 curveto
45.867 16.72649 45.36024 16.93645 44.83177 16.93645 curveto closepath fill
 0.49814 0 dtransform exch truncate exch idtransform pop setlinewidth
newpath 14.94392 72.7271 moveto
14.94392 76.71214 lineto stroke
newpath 29.88785 72.7271 moveto
29.88785 76.71214 lineto stroke
newpath 59.7757 72.7271 moveto
59.7757 76.71214 lineto stroke
newpath 74.71962 72.7271 moveto
74.71962 76.71214 lineto stroke
 0 0.49814 dtransform truncate idtransform setlinewidth pop
newpath 46.8243 14.94392 moveto
42.83925 14.94392 lineto stroke
newpath 46.8243 29.88785 moveto
42.83925 29.88785 lineto stroke
newpath 46.8243 44.83177 moveto
42.83925 44.83177 lineto stroke
newpath 46.8243 59.7757 moveto
42.83925 59.7757 lineto stroke
 0 1.24533 dtransform truncate idtransform setlinewidth pop
newpath 14.94392 74.71962 moveto
19.16652 72.84866 23.35672 70.90543 27.51273 68.89104 curveto
31.16936 67.11882 34.79292 65.27911 38.3759 63.36232 curveto
41.49985 61.69112 44.58664 59.95128 47.6267 58.13162 curveto
50.24854 56.56235 52.82797 54.92284 55.35199 53.20056 curveto
57.5041 51.73207 59.60718 50.19267 61.64369 48.56775 curveto
63.35844 47.1996 65.01506 45.76007 66.59048 44.23366 curveto
67.90096 42.96423 69.14165 41.6239 70.28131 40.19919 curveto
71.22192 39.02325 72.07703 37.78029 72.80693 36.46298 curveto
73.41144 35.3721 73.90808 34.22377 74.2565 33.02617 curveto
74.55316 32.00621 74.70914 30.95023 74.71962 29.88785 curveto stroke
newpath 76.18445 32.89125 moveto
75.2507 32.17644 74.70801 31.06372 74.71962 29.88785 curveto
74.70801 31.06372 74.14346 32.16551 73.19577 32.86174 curveto stroke
newpath 74.71962 29.88785 moveto
74.71848 28.9249 74.57254 27.96764 74.28638 27.04823 curveto
74.00476 26.14366 73.57219 25.29517 73.04568 24.5078 curveto
72.49226 23.6803 71.8205 22.94102 71.08853 22.26675 curveto
70.29385 21.53479 69.41779 20.89838 68.50317 20.32375 curveto
67.50555 19.6969 66.45526 19.16013 65.37967 18.6799 curveto
64.21696 18.16092 63.02097 17.72151 61.80786 17.33478 curveto
60.51541 16.92273 59.20198 16.58092 57.87738 16.28882 curveto
56.4887 15.98259 55.08748 15.73814 53.67918 15.54181 curveto
52.22552 15.3391 50.76456 15.19225 49.30017 15.09328 curveto
47.81276 14.99272 46.3226 14.94392 44.83177 14.94392 curveto
43.34094 14.94392 41.85056 14.99272 40.36314 15.09328 curveto
38.89876 15.19225 37.43802 15.3391 35.98436 15.54181 curveto
34.57607 15.73814 33.17485 15.98259 31.78616 16.28882 curveto
30.46156 16.58092 29.14813 16.92273 27.85568 17.33478 curveto
26.64258 17.72151 25.44658 18.16092 24.28387 18.6799 curveto
23.20828 19.16013 22.15799 19.6969 21.16037 20.32375 curveto
20.24576 20.89838 19.36969 21.53479 18.57501 22.26675 curveto
17.84305 22.94102 17.17128 23.6803 16.61786 24.5078 curveto
16.09135 25.29517 15.65901 26.14366 15.3774 27.04823 curveto
15.09123 27.96764 14.9453 28.9249 14.94392 29.88785 curveto stroke
newpath 13.45377 26.89694 moveto
14.39351 27.60384 14.94559 28.71191 14.94392 29.88785 curveto
14.94559 28.71191 15.50081 27.6054 16.44257 26.90118 curveto stroke
newpath 14.94392 29.88785 moveto
14.95464 30.95023 15.11061 32.00621 15.40727 33.02617 curveto
15.75569 34.22377 16.2521 35.3721 16.85661 36.46298 curveto
17.58652 37.78029 18.44162 39.02325 19.38223 40.19919 curveto
20.5219 41.6239 21.76259 42.96423 23.07306 44.23366 curveto
24.64848 45.76007 26.3051 47.1996 28.01985 48.56775 curveto
30.05637 50.19267 32.15944 51.73207 34.31155 53.20056 curveto
36.83557 54.92284 39.41524 56.56235 42.03708 58.13162 curveto
45.07713 59.95128 48.16393 61.69112 51.28787 63.36232 curveto
54.87085 65.27911 58.49442 67.11882 62.15105 68.89104 curveto
66.30705 70.90543 70.49725 72.84866 74.71962 74.71962 curveto stroke
showpage
%%EOF
