%!PS
%%BoundingBox: -1 -1 100 100 
%%HiResBoundingBox: -0.24907 -0.24907 99.87523 99.87523 
%%Creator: MetaPost 2.000
%%CreationDate: 2017.07.04:1541
%%Pages: 1
%%BeginProlog
%%EndProlog
%%Page: 1 1
 0 0 0 setrgbcolor
newpath 24.90654 12.68239 moveto
24.37807 12.68239 23.8713 12.47243 23.49763 12.09877 curveto
23.12398 11.7251 22.91402 11.21834 22.91402 10.68987 curveto
22.91402 10.16139 23.12398 9.65463 23.49763 9.28096 curveto
23.8713 8.9073 24.37807 8.69734 24.90654 8.69734 curveto
25.43501 8.69734 25.94177 8.9073 26.31544 9.28096 curveto
26.6891 9.65463 26.89906 10.16139 26.89906 10.68987 curveto
26.89906 11.21834 26.6891 11.7251 26.31544 12.09877 curveto
25.94177 12.47243 25.43501 12.68239 24.90654 12.68239 curveto closepath fill
newpath 49.81308 51.8056 moveto
49.2846 51.8056 48.77785 51.59564 48.40417 51.22198 curveto
48.03052 50.84831 47.82056 50.34155 47.82056 49.81308 curveto
47.82056 49.2846 48.03052 48.77785 48.40417 48.40417 curveto
48.77785 48.03052 49.2846 47.82056 49.81308 47.82056 curveto
50.34155 47.82056 50.84831 48.03052 51.22198 48.40417 curveto
51.59564 48.77785 51.8056 49.2846 51.8056 49.81308 curveto
51.8056 50.34155 51.59564 50.84831 51.22198 51.22198 curveto
50.84831 51.59564 50.34155 51.8056 49.81308 51.8056 curveto closepath fill
newpath 74.71962 90.92882 moveto
74.19115 90.92882 73.68439 90.71886 73.31071 90.3452 curveto
72.93706 89.97153 72.7271 89.46477 72.7271 88.9363 curveto
72.7271 88.40782 72.93706 87.90106 73.31071 87.52739 curveto
73.68439 87.15373 74.19115 86.94377 74.71962 86.94377 curveto
75.2481 86.94377 75.75485 87.15373 76.12852 87.52739 curveto
76.50218 87.90106 76.71214 88.40782 76.71214 88.9363 curveto
76.71214 89.46477 76.50218 89.97153 76.12852 90.3452 curveto
75.75485 90.71886 75.2481 90.92882 74.71962 90.92882 curveto closepath fill
 0 0.49814 dtransform truncate idtransform setlinewidth pop [] 0 setdash 1 setlinecap 1 setlinejoin
 10 setmiterlimit
newpath 0 49.81308 moveto
99.62616 49.81308 lineto stroke
newpath 94.64485 52.30374 moveto
95.82079 50.73582 97.66628 49.81308 99.62616 49.81308 curveto
97.66628 49.81308 95.82079 48.89034 94.64485 47.32242 curveto stroke
 0.49814 0 dtransform exch truncate exch idtransform pop setlinewidth
newpath 49.81308 0 moveto
49.81308 99.62616 lineto stroke
 0 0.49814 dtransform truncate idtransform setlinewidth pop
newpath 47.32242 94.64485 moveto
48.89034 95.82079 49.81308 97.66628 49.81308 99.62616 curveto
49.81308 97.66628 50.73582 95.82079 52.30374 94.64485 curveto stroke
newpath 51.8056 10.68987 moveto
47.82056 10.68987 lineto stroke
newpath 51.8056 88.9363 moveto
47.82056 88.9363 lineto stroke
 0.49814 0 dtransform exch truncate exch idtransform pop setlinewidth
newpath 24.90654 47.82056 moveto
24.90654 51.8056 lineto stroke
newpath 74.71962 47.82056 moveto
74.71962 51.8056 lineto stroke
 0 1.24533 dtransform truncate idtransform setlinewidth pop
newpath 24.90654 10.70963 moveto
24.90768 11.5309 24.94873 12.35179 25.02968 13.16927 curveto
25.11139 13.99435 25.23451 14.81525 25.39452 15.62892 curveto
25.55756 16.45741 25.7605 17.27754 25.99727 18.08818 curveto
26.24011 18.91971 26.52097 19.73947 26.83221 20.54782 curveto
27.15298 21.38087 27.50832 22.20062 27.89064 23.00746 curveto
28.28589 23.84204 28.71306 24.66064 29.16302 25.4671 curveto
29.62897 26.30168 30.12263 27.1203 30.63646 27.92636 curveto
31.16814 28.76094 31.72186 29.58107 32.29688 30.386 curveto stroke
newpath 29.34354 28.82268 moveto
30.51917 28.84995 31.61333 29.42914 32.29688 30.386 curveto
31.61333 29.42914 31.42017 28.2063 31.77554 27.08534 curveto stroke
newpath 32.29688 30.386 moveto
32.88327 31.20729 33.48564 32.01677 34.10359 32.81448 curveto
34.74017 33.63652 35.39499 34.44412 36.06006 35.24297 curveto
36.74261 36.0631 37.44038 36.8707 38.1465 37.67107 curveto
38.86858 38.48969 39.60321 39.29727 40.34392 40.09955 curveto
41.0983 40.91664 41.86295 41.72423 42.6314 42.52803 curveto
43.41086 43.34322 44.19794 44.1508 44.98729 44.9565 curveto
45.78386 45.76979 46.58614 46.57701 47.3884 47.3846 curveto
48.19485 48.196 49.00473 49.00359 49.81308 49.81308 curveto
50.62143 50.62257 51.4313 51.43016 52.23776 52.24156 curveto
53.04002 53.04915 53.84268 53.85675 54.63925 54.67004 curveto
55.42822 55.47572 56.21567 56.28294 56.99477 57.09813 curveto
57.76321 57.90193 58.52786 58.70952 59.28224 59.52661 curveto
60.02295 60.32889 60.75758 61.13647 61.47966 61.9551 curveto
62.18578 62.75546 62.88354 63.56345 63.56648 64.38358 curveto
64.23155 65.18242 64.88599 65.99002 65.52257 66.81168 curveto
66.14052 67.60939 66.74289 68.41887 67.32928 69.24016 curveto stroke
newpath 64.37639 67.6761 moveto
65.55199 67.70367 66.64598 68.28313 67.32928 69.24016 curveto
66.64598 68.28313 66.45314 67.06024 66.80879 65.9394 curveto stroke
newpath 67.32928 69.24016 moveto
67.9043 70.04509 68.45802 70.86522 68.9897 71.6998 curveto
69.50352 72.50586 69.9972 73.32486 70.46313 74.15944 curveto
70.9131 74.96552 71.34027 75.7845 71.73552 76.6187 curveto
72.11784 77.42554 72.47318 78.24529 72.79395 79.07834 curveto
73.1052 79.88669 73.38605 80.70645 73.62889 81.53798 curveto
73.86566 82.34862 74.0686 83.16913 74.23164 83.99762 curveto
74.39165 84.8113 74.51477 85.6318 74.59648 86.4569 curveto
74.67743 87.27437 74.71848 88.09526 74.71962 88.91653 curveto stroke
newpath 73.22107 85.92982 moveto
74.1628 86.63406 74.71799 87.7406 74.71962 88.91653 curveto
74.71799 87.7406 75.2701 86.63254 76.20987 85.92567 curveto stroke
showpage
%%EOF
