%!PS
%%BoundingBox: -1 -1 120 90 
%%HiResBoundingBox: -0.24907 -0.24907 119.80046 89.91261 
%%Creator: MetaPost 2.000
%%CreationDate: 2017.07.04:1541
%%Pages: 1
%%BeginProlog
%%EndProlog
%%Page: 1 1
 0 0 0 setrgbcolor 0 0.49814 dtransform truncate idtransform setlinewidth pop [] 0 setdash 1 setlinecap
 1 setlinejoin 10 setmiterlimit
newpath 0 14.94392 moveto
119.55139 14.94392 lineto stroke
newpath 114.57008 17.43459 moveto
115.74602 15.86667 117.5915 14.94392 119.55139 14.94392 curveto
117.5915 14.94392 115.74602 14.02118 114.57008 12.45326 curveto stroke
 0.49814 0 dtransform exch truncate exch idtransform pop setlinewidth
newpath 44.83177 0 moveto
44.83177 89.66354 lineto stroke
 0 0.49814 dtransform truncate idtransform setlinewidth pop
newpath 42.34111 84.68224 moveto
43.90903 85.85817 44.83177 87.70366 44.83177 89.66354 curveto
44.83177 87.70366 45.75452 85.85817 47.32243 84.68224 curveto stroke
 0.49814 0 dtransform exch truncate exch idtransform pop setlinewidth
newpath 14.94392 12.9514 moveto
14.94392 16.93645 lineto stroke
newpath 29.88785 12.9514 moveto
29.88785 16.93645 lineto stroke
newpath 59.7757 12.9514 moveto
59.7757 16.93645 lineto stroke
newpath 74.71962 12.9514 moveto
74.71962 16.93645 lineto stroke
newpath 89.66354 12.9514 moveto
89.66354 16.93645 lineto stroke
newpath 104.60747 12.9514 moveto
104.60747 16.93645 lineto stroke
 0 0.49814 dtransform truncate idtransform setlinewidth pop
newpath 46.8243 29.88785 moveto
42.83925 29.88785 lineto stroke
newpath 46.8243 44.83177 moveto
42.83925 44.83177 lineto stroke
newpath 46.8243 59.7757 moveto
42.83925 59.7757 lineto stroke
newpath 46.8243 74.71962 moveto
42.83925 74.71962 lineto stroke
newpath 14.94392 31.88037 moveto
14.41545 31.88037 13.90869 31.67041 13.53502 31.29675 curveto
13.16136 30.92308 12.9514 30.41632 12.9514 29.88785 curveto
12.9514 29.35938 13.16136 28.85262 13.53502 28.47894 curveto
13.90869 28.10529 14.41545 27.89532 14.94392 27.89532 curveto
15.4724 27.89532 15.97916 28.10529 16.35283 28.47894 curveto
16.72649 28.85262 16.93645 29.35938 16.93645 29.88785 curveto
16.93645 30.41632 16.72649 30.92308 16.35283 31.29675 curveto
15.97916 31.67041 15.4724 31.88037 14.94392 31.88037 curveto closepath fill
newpath 44.83177 16.93645 moveto
44.3033 16.93645 43.79654 16.72649 43.42287 16.35283 curveto
43.04921 15.97916 42.83925 15.4724 42.83925 14.94392 curveto
42.83925 14.41545 43.04921 13.90869 43.42287 13.53502 curveto
43.79654 13.16136 44.3033 12.9514 44.83177 12.9514 curveto
45.36024 12.9514 45.867 13.16136 46.24068 13.53502 curveto
46.61433 13.90869 46.8243 14.41545 46.8243 14.94392 curveto
46.8243 15.4724 46.61433 15.97916 46.24068 16.35283 curveto
45.867 16.72649 45.36024 16.93645 44.83177 16.93645 curveto closepath fill
newpath 104.60747 76.71214 moveto
104.079 76.71214 103.57224 76.50218 103.19856 76.12852 curveto
102.8249 75.75485 102.61494 75.2481 102.61494 74.71962 curveto
102.61494 74.19115 102.8249 73.68439 103.19856 73.31071 curveto
103.57224 72.93706 104.079 72.7271 104.60747 72.7271 curveto
105.13594 72.7271 105.6427 72.93706 106.01637 73.31071 curveto
106.39003 73.68439 106.59999 74.19115 106.59999 74.71962 curveto
106.59999 75.2481 106.39003 75.75485 106.01637 76.12852 curveto
105.6427 76.50218 105.13594 76.71214 104.60747 76.71214 curveto closepath fill
 0 1.24533 dtransform truncate idtransform setlinewidth pop
newpath 14.94392 29.88785 moveto
15.9144 28.91463 16.91133 27.96764 17.93289 27.04823 curveto
18.90497 26.17352 19.9003 25.32481 20.9214 24.50803 curveto
21.89417 23.72977 22.88995 22.98071 23.91037 22.2663 curveto
24.88405 21.58473 25.88007 20.93509 26.89934 20.32352 curveto
27.8746 19.7384 28.8713 19.19023 29.88785 18.6799 curveto stroke
newpath 27.88722 21.35638 moveto
28.0957 20.19908 28.83691 19.20749 29.88785 18.6799 curveto
28.83691 19.20749 27.5989 19.20949 26.54628 18.68527 curveto stroke
newpath 29.88785 18.6799 moveto
30.86472 18.18942 31.86188 17.74066 32.87682 17.33478 curveto
33.8571 16.94257 34.8538 16.59233 35.86533 16.28882 curveto
36.84949 15.99353 37.84665 15.74315 38.8543 15.54158 curveto
39.84279 15.34389 40.83995 15.19362 41.8428 15.09328 curveto
42.83609 14.99387 43.83348 14.94392 44.83177 14.94392 curveto
45.82985 14.94392 46.82722 14.9941 47.82028 15.09328 curveto
48.82336 15.19362 49.82076 15.34389 50.80925 15.54158 curveto
51.8169 15.74315 52.81429 15.99376 53.79868 16.28905 curveto
54.8102 16.59256 55.8069 16.9428 56.78719 17.335 curveto
57.80212 17.74089 58.79837 18.19124 59.77615 18.68013 curveto
60.79338 19.18863 61.7894 19.73863 62.76466 20.32375 curveto
63.78394 20.93532 64.77972 21.58496 65.75363 22.26675 curveto
66.77405 22.98094 67.7696 23.73 68.74214 24.50803 curveto
69.76347 25.32504 70.75903 26.17375 71.73111 27.04869 curveto
72.75267 27.9681 73.74915 28.91486 74.71962 29.88785 curveto stroke
newpath 71.55089 28.82704 moveto
72.71523 28.66225 73.88919 29.05525 74.71962 29.88785 curveto
73.88919 29.05525 73.49922 27.8803 73.66704 26.71638 curveto stroke
newpath 74.71962 29.88785 moveto
75.74004 30.91077 76.73674 31.95718 77.70859 33.02617 curveto
78.72992 34.14966 79.72525 35.29663 80.6971 36.46298 curveto
81.7182 37.6884 82.71353 38.93478 83.68607 40.19919 curveto
84.70648 41.52585 85.70181 42.87166 86.67458 44.23366 curveto
87.69476 45.66179 88.6901 47.10747 89.66354 48.56775 curveto
90.68304 50.0969 91.67839 51.642 92.65251 53.20056 curveto
93.67133 54.83049 94.66644 56.47502 95.64102 58.13162 curveto
96.65916 59.86258 97.65472 61.60675 98.62999 63.36232 curveto
99.64745 65.1936 100.64278 67.03719 101.6185 68.89104 curveto
102.6355 70.82333 103.63197 72.76611 104.60747 74.71962 curveto stroke
showpage
%%EOF
