%!PS
%%BoundingBox: 7 36 150 77 
%%HiResBoundingBox: 7.22289 36.16435 149.68831 76.96121 
%%Creator: MetaPost 2.000
%%CreationDate: 2017.07.04:1542
%%Pages: 1
%%BeginProlog
%%EndProlog
%%Page: 1 1
 0 0 0 setrgbcolor 0 0.49814 dtransform truncate idtransform setlinewidth pop [] 0 setdash 1 setlinecap
 1 setlinejoin 10 setmiterlimit
newpath 74.71962 74.71962 moveto
149.43924 74.71962 lineto stroke
newpath 146.45045 76.21402 moveto
147.156 75.27327 148.2633 74.71962 149.43924 74.71962 curveto
148.2633 74.71962 147.156 74.16597 146.45045 73.22522 curveto stroke
newpath 74.96869 74.71962 moveto
74.96869 74.78568 74.94244 74.84903 74.89574 74.89574 curveto
74.84903 74.94244 74.78568 74.96869 74.71962 74.96869 curveto
74.65356 74.96869 74.59021 74.94244 74.5435 74.89574 curveto
74.4968 74.84903 74.47055 74.78568 74.47055 74.71962 curveto
74.47055 74.65356 74.4968 74.59021 74.5435 74.5435 curveto
74.59021 74.4968 74.65356 74.47055 74.71962 74.47055 curveto
74.78568 74.47055 74.84903 74.4968 74.89574 74.5435 curveto
74.94244 74.59021 74.96869 74.65356 74.96869 74.71962 curveto closepath fill
newpath 71.91188 74.71962 moveto
71.91188 74.78568 71.88564 74.84903 71.83893 74.89574 curveto
71.79222 74.94244 71.72887 74.96869 71.66281 74.96869 curveto
71.59676 74.96869 71.5334 74.94244 71.4867 74.89574 curveto
71.43999 74.84903 71.41374 74.78568 71.41374 74.71962 curveto
71.41374 74.65356 71.43999 74.59021 71.4867 74.5435 curveto
71.5334 74.4968 71.59676 74.47055 71.66281 74.47055 curveto
71.72887 74.47055 71.79222 74.4968 71.83893 74.5435 curveto
71.88564 74.59021 71.91188 74.65356 71.91188 74.71962 curveto closepath fill
newpath 68.85507 74.71962 moveto
68.85507 74.78568 68.82883 74.84903 68.78212 74.89574 curveto
68.73541 74.94244 68.67206 74.96869 68.606 74.96869 curveto
68.53995 74.96869 68.4766 74.94244 68.42989 74.89574 curveto
68.38318 74.84903 68.35693 74.78568 68.35693 74.71962 curveto
68.35693 74.65356 68.38318 74.59021 68.42989 74.5435 curveto
68.4766 74.4968 68.53995 74.47055 68.606 74.47055 curveto
68.67206 74.47055 68.73541 74.4968 68.78212 74.5435 curveto
68.82883 74.59021 68.85507 74.65356 68.85507 74.71962 curveto closepath fill
newpath 65.79826 74.71962 moveto
65.79826 74.78568 65.77202 74.84903 65.72531 74.89574 curveto
65.6786 74.94244 65.61525 74.96869 65.5492 74.96869 curveto
65.48314 74.96869 65.41978 74.94244 65.37308 74.89574 curveto
65.32637 74.84903 65.30013 74.78568 65.30013 74.71962 curveto
65.30013 74.65356 65.32637 74.59021 65.37308 74.5435 curveto
65.41978 74.4968 65.48314 74.47055 65.5492 74.47055 curveto
65.61525 74.47055 65.6786 74.4968 65.72531 74.5435 curveto
65.77202 74.59021 65.79826 74.65356 65.79826 74.71962 curveto closepath fill
newpath 62.74146 74.71962 moveto
62.74146 74.78568 62.71521 74.84903 62.6685 74.89574 curveto
62.6218 74.94244 62.55844 74.96869 62.49239 74.96869 curveto
62.42633 74.96869 62.36298 74.94244 62.31627 74.89574 curveto
62.26956 74.84903 62.24332 74.78568 62.24332 74.71962 curveto
62.24332 74.65356 62.26956 74.59021 62.31627 74.5435 curveto
62.36298 74.4968 62.42633 74.47055 62.49239 74.47055 curveto
62.55844 74.47055 62.6218 74.4968 62.6685 74.5435 curveto
62.71521 74.59021 62.74146 74.65356 62.74146 74.71962 curveto closepath fill
newpath 59.68465 74.71962 moveto
59.68465 74.78568 59.6584 74.84903 59.6117 74.89574 curveto
59.56499 74.94244 59.50163 74.96869 59.43558 74.96869 curveto
59.36952 74.96869 59.30617 74.94244 59.25946 74.89574 curveto
59.21275 74.84903 59.18651 74.78568 59.18651 74.71962 curveto
59.18651 74.65356 59.21275 74.59021 59.25946 74.5435 curveto
59.30617 74.4968 59.36952 74.47055 59.43558 74.47055 curveto
59.50163 74.47055 59.56499 74.4968 59.6117 74.5435 curveto
59.6584 74.59021 59.68465 74.65356 59.68465 74.71962 curveto closepath fill
newpath 56.62889 74.71962 moveto
56.62889 74.78568 56.60265 74.84903 56.55594 74.89574 curveto
56.50923 74.94244 56.44588 74.96869 56.37982 74.96869 curveto
56.31377 74.96869 56.25041 74.94244 56.2037 74.89574 curveto
56.157 74.84903 56.13075 74.78568 56.13075 74.71962 curveto
56.13075 74.65356 56.157 74.59021 56.2037 74.5435 curveto
56.25041 74.4968 56.31377 74.47055 56.37982 74.47055 curveto
56.44588 74.47055 56.50923 74.4968 56.55594 74.5435 curveto
56.60265 74.59021 56.62889 74.65356 56.62889 74.71962 curveto closepath fill
newpath 53.57208 74.71962 moveto
53.57208 74.78568 53.54584 74.84903 53.49913 74.89574 curveto
53.45242 74.94244 53.38907 74.96869 53.32301 74.96869 curveto
53.25696 74.96869 53.1936 74.94244 53.1469 74.89574 curveto
53.10019 74.84903 53.07394 74.78568 53.07394 74.71962 curveto
53.07394 74.65356 53.10019 74.59021 53.1469 74.5435 curveto
53.1936 74.4968 53.25696 74.47055 53.32301 74.47055 curveto
53.38907 74.47055 53.45242 74.4968 53.49913 74.5435 curveto
53.54584 74.59021 53.57208 74.65356 53.57208 74.71962 curveto closepath fill
newpath 50.51527 74.71962 moveto
50.51527 74.78568 50.48903 74.84903 50.44232 74.89574 curveto
50.39561 74.94244 50.33226 74.96869 50.2662 74.96869 curveto
50.20015 74.96869 50.1368 74.94244 50.09009 74.89574 curveto
50.04338 74.84903 50.01714 74.78568 50.01714 74.71962 curveto
50.01714 74.65356 50.04338 74.59021 50.09009 74.5435 curveto
50.1368 74.4968 50.20015 74.47055 50.2662 74.47055 curveto
50.33226 74.47055 50.39561 74.4968 50.44232 74.5435 curveto
50.48903 74.59021 50.51527 74.65356 50.51527 74.71962 curveto closepath fill
newpath 47.45847 74.71962 moveto
47.45847 74.78568 47.43222 74.84903 47.38551 74.89574 curveto
47.3388 74.94244 47.27545 74.96869 47.2094 74.96869 curveto
47.14334 74.96869 47.07999 74.94244 47.03328 74.89574 curveto
46.98657 74.84903 46.96033 74.78568 46.96033 74.71962 curveto
46.96033 74.65356 46.98657 74.59021 47.03328 74.5435 curveto
47.07999 74.4968 47.14334 74.47055 47.2094 74.47055 curveto
47.27545 74.47055 47.3388 74.4968 47.38551 74.5435 curveto
47.43222 74.59021 47.45847 74.65356 47.45847 74.71962 curveto closepath fill
newpath 44.40166 74.71962 moveto
44.40166 74.78568 44.37541 74.84903 44.3287 74.89574 curveto
44.282 74.94244 44.21864 74.96869 44.15259 74.96869 curveto
44.08653 74.96869 44.02318 74.94244 43.97647 74.89574 curveto
43.92976 74.84903 43.90352 74.78568 43.90352 74.71962 curveto
43.90352 74.65356 43.92976 74.59021 43.97647 74.5435 curveto
44.02318 74.4968 44.08653 74.47055 44.15259 74.47055 curveto
44.21864 74.47055 44.282 74.4968 44.3287 74.5435 curveto
44.37541 74.59021 44.40166 74.65356 44.40166 74.71962 curveto closepath fill
newpath 41.34485 74.71962 moveto
41.34485 74.78568 41.3186 74.84903 41.2719 74.89574 curveto
41.22519 74.94244 41.16183 74.96869 41.09578 74.96869 curveto
41.02972 74.96869 40.96637 74.94244 40.91966 74.89574 curveto
40.87296 74.84903 40.84671 74.78568 40.84671 74.71962 curveto
40.84671 74.65356 40.87296 74.59021 40.91966 74.5435 curveto
40.96637 74.4968 41.02972 74.47055 41.09578 74.47055 curveto
41.16183 74.47055 41.22519 74.4968 41.2719 74.5435 curveto
41.3186 74.59021 41.34485 74.65356 41.34485 74.71962 curveto closepath fill
newpath 38.28806 74.71962 moveto
38.28806 74.78568 38.26181 74.84903 38.2151 74.89574 curveto
38.1684 74.94244 38.10504 74.96869 38.03899 74.96869 curveto
37.97293 74.96869 37.90958 74.94244 37.86287 74.89574 curveto
37.81616 74.84903 37.78992 74.78568 37.78992 74.71962 curveto
37.78992 74.65356 37.81616 74.59021 37.86287 74.5435 curveto
37.90958 74.4968 37.97293 74.47055 38.03899 74.47055 curveto
38.10504 74.47055 38.1684 74.4968 38.2151 74.5435 curveto
38.26181 74.59021 38.28806 74.65356 38.28806 74.71962 curveto closepath fill
newpath 35.23125 74.71962 moveto
35.23125 74.78568 35.205 74.84903 35.1583 74.89574 curveto
35.11159 74.94244 35.04823 74.96869 34.98218 74.96869 curveto
34.91612 74.96869 34.85277 74.94244 34.80606 74.89574 curveto
34.75935 74.84903 34.73311 74.78568 34.73311 74.71962 curveto
34.73311 74.65356 34.75935 74.59021 34.80606 74.5435 curveto
34.85277 74.4968 34.91612 74.47055 34.98218 74.47055 curveto
35.04823 74.47055 35.11159 74.4968 35.1583 74.5435 curveto
35.205 74.59021 35.23125 74.65356 35.23125 74.71962 curveto closepath fill
newpath 32.17444 74.71962 moveto
32.17444 74.78568 32.1482 74.84903 32.10149 74.89574 curveto
32.05478 74.94244 31.99142 74.96869 31.92537 74.96869 curveto
31.85931 74.96869 31.79596 74.94244 31.74925 74.89574 curveto
31.70255 74.84903 31.6763 74.78568 31.6763 74.71962 curveto
31.6763 74.65356 31.70255 74.59021 31.74925 74.5435 curveto
31.79596 74.4968 31.85931 74.47055 31.92537 74.47055 curveto
31.99142 74.47055 32.05478 74.4968 32.10149 74.5435 curveto
32.1482 74.59021 32.17444 74.65356 32.17444 74.71962 curveto closepath fill
newpath 29.11763 74.71962 moveto
29.11763 74.78568 29.09138 74.84903 29.04468 74.89574 curveto
28.99797 74.94244 28.93462 74.96869 28.86856 74.96869 curveto
28.8025 74.96869 28.73915 74.94244 28.69244 74.89574 curveto
28.64574 74.84903 28.61949 74.78568 28.61949 74.71962 curveto
28.61949 74.65356 28.64574 74.59021 28.69244 74.5435 curveto
28.73915 74.4968 28.8025 74.47055 28.86856 74.47055 curveto
28.93462 74.47055 28.99797 74.4968 29.04468 74.5435 curveto
29.09138 74.59021 29.11763 74.65356 29.11763 74.71962 curveto closepath fill
newpath 26.06186 74.71962 moveto
26.06186 74.78568 26.03561 74.84903 25.9889 74.89574 curveto
25.9422 74.94244 25.87885 74.96869 25.81279 74.96869 curveto
25.74673 74.96869 25.68338 74.94244 25.63667 74.89574 curveto
25.58997 74.84903 25.56372 74.78568 25.56372 74.71962 curveto
25.56372 74.65356 25.58997 74.59021 25.63667 74.5435 curveto
25.68338 74.4968 25.74673 74.47055 25.81279 74.47055 curveto
25.87885 74.47055 25.9422 74.4968 25.9889 74.5435 curveto
26.03561 74.59021 26.06186 74.65356 26.06186 74.71962 curveto closepath fill
newpath 23.00507 74.71962 moveto
23.00507 74.78568 22.97882 74.84903 22.93211 74.89574 curveto
22.8854 74.94244 22.82205 74.96869 22.756 74.96869 curveto
22.68994 74.96869 22.62659 74.94244 22.57988 74.89574 curveto
22.53317 74.84903 22.50693 74.78568 22.50693 74.71962 curveto
22.50693 74.65356 22.53317 74.59021 22.57988 74.5435 curveto
22.62659 74.4968 22.68994 74.47055 22.756 74.47055 curveto
22.82205 74.47055 22.8854 74.4968 22.93211 74.5435 curveto
22.97882 74.59021 23.00507 74.65356 23.00507 74.71962 curveto closepath fill
newpath 19.94826 74.71962 moveto
19.94826 74.78568 19.92201 74.84903 19.8753 74.89574 curveto
19.8286 74.94244 19.76524 74.96869 19.69919 74.96869 curveto
19.63313 74.96869 19.56978 74.94244 19.52307 74.89574 curveto
19.47636 74.84903 19.45012 74.78568 19.45012 74.71962 curveto
19.45012 74.65356 19.47636 74.59021 19.52307 74.5435 curveto
19.56978 74.4968 19.63313 74.47055 19.69919 74.47055 curveto
19.76524 74.47055 19.8286 74.4968 19.8753 74.5435 curveto
19.92201 74.59021 19.94826 74.65356 19.94826 74.71962 curveto closepath fill
newpath 16.89145 74.71962 moveto
16.89145 74.78568 16.8652 74.84903 16.8185 74.89574 curveto
16.77179 74.94244 16.70844 74.96869 16.64238 74.96869 curveto
16.57632 74.96869 16.51297 74.94244 16.46626 74.89574 curveto
16.41956 74.84903 16.39331 74.78568 16.39331 74.71962 curveto
16.39331 74.65356 16.41956 74.59021 16.46626 74.5435 curveto
16.51297 74.4968 16.57632 74.47055 16.64238 74.47055 curveto
16.70844 74.47055 16.77179 74.4968 16.8185 74.5435 curveto
16.8652 74.59021 16.89145 74.65356 16.89145 74.71962 curveto closepath fill
newpath 13.83464 74.71962 moveto
13.83464 74.78568 13.8084 74.84903 13.76169 74.89574 curveto
13.71498 74.94244 13.65163 74.96869 13.58557 74.96869 curveto
13.51952 74.96869 13.45616 74.94244 13.40945 74.89574 curveto
13.36275 74.84903 13.3365 74.78568 13.3365 74.71962 curveto
13.3365 74.65356 13.36275 74.59021 13.40945 74.5435 curveto
13.45616 74.4968 13.51952 74.47055 13.58557 74.47055 curveto
13.65163 74.47055 13.71498 74.4968 13.76169 74.5435 curveto
13.8084 74.59021 13.83464 74.65356 13.83464 74.71962 curveto closepath fill
newpath 10.77783 74.71962 moveto
10.77783 74.78568 10.75159 74.84903 10.70488 74.89574 curveto
10.65817 74.94244 10.59482 74.96869 10.52876 74.96869 curveto
10.4627 74.96869 10.39935 74.94244 10.35265 74.89574 curveto
10.30594 74.84903 10.2797 74.78568 10.2797 74.71962 curveto
10.2797 74.65356 10.30594 74.59021 10.35265 74.5435 curveto
10.39935 74.4968 10.4627 74.47055 10.52876 74.47055 curveto
10.59482 74.47055 10.65817 74.4968 10.70488 74.5435 curveto
10.75159 74.59021 10.77783 74.65356 10.77783 74.71962 curveto closepath fill
newpath 7.72102 74.71962 moveto
7.72102 74.78568 7.69478 74.84903 7.64807 74.89574 curveto
7.60136 74.94244 7.53801 74.96869 7.47195 74.96869 curveto
7.4059 74.96869 7.34254 74.94244 7.29584 74.89574 curveto
7.24913 74.84903 7.22289 74.78568 7.22289 74.71962 curveto
7.22289 74.65356 7.24913 74.59021 7.29584 74.5435 curveto
7.34254 74.4968 7.4059 74.47055 7.47195 74.47055 curveto
7.53801 74.47055 7.60136 74.4968 7.64807 74.5435 curveto
7.69478 74.59021 7.72102 74.65356 7.72102 74.71962 curveto closepath fill
 0.49814 0 dtransform exch truncate exch idtransform pop setlinewidth
newpath 89.66354 72.7271 moveto
89.66354 76.71214 lineto stroke
newpath 104.60747 72.7271 moveto
104.60747 76.71214 lineto stroke
newpath 119.55139 72.7271 moveto
119.55139 76.71214 lineto stroke
newpath 134.49532 72.7271 moveto
134.49532 76.71214 lineto stroke
newpath 74.71962 76.21402 moveto
74.32326 76.21402 73.94319 76.05653 73.66295 75.77629 curveto
73.3827 75.49605 73.22522 75.11598 73.22522 74.71962 curveto
73.22522 74.32326 73.3827 73.94319 73.66295 73.66295 curveto
73.94319 73.3827 74.32326 73.22522 74.71962 73.22522 curveto
75.11598 73.22522 75.49605 73.3827 75.77629 73.66295 curveto
76.05653 73.94319 76.21402 74.32326 76.21402 74.71962 curveto
76.21402 75.11598 76.05653 75.49605 75.77629 75.77629 curveto
75.49605 76.05653 75.11598 76.21402 74.71962 76.21402 curveto closepath fill
newpath 37.65875 39.15315 moveto
37.26239 39.15315 36.88232 38.99567 36.60208 38.71542 curveto
36.32184 38.43518 36.16435 38.05511 36.16435 37.65875 curveto
36.16435 37.26239 36.32184 36.88232 36.60208 36.60208 curveto
36.88232 36.32184 37.26239 36.16435 37.65875 36.16435 curveto
38.05511 36.16435 38.43518 36.32184 38.71542 36.60208 curveto
38.99567 36.88232 39.15315 37.26239 39.15315 37.65875 curveto
39.15315 38.05511 38.99567 38.43518 38.71542 38.71542 curveto
38.43518 38.99567 38.05511 39.15315 37.65875 39.15315 curveto closepath fill
newpath 56.3597 73.0915 moveto
56.3597 73.15756 56.33345 73.22092 56.28674 73.26762 curveto
56.24004 73.31433 56.17668 73.34058 56.11063 73.34058 curveto
56.04457 73.34058 55.98122 73.31433 55.93451 73.26762 curveto
55.8878 73.22092 55.86156 73.15756 55.86156 73.0915 curveto
55.86156 73.02545 55.8878 72.9621 55.93451 72.91539 curveto
55.98122 72.86868 56.04457 72.84244 56.11063 72.84244 curveto
56.17668 72.84244 56.24004 72.86868 56.28674 72.91539 curveto
56.33345 72.9621 56.3597 73.02545 56.3597 73.0915 curveto closepath fill
newpath 56.82404 70.27959 moveto
56.82404 70.34564 56.79779 70.409 56.75108 70.4557 curveto
56.70438 70.50241 56.64102 70.52866 56.57497 70.52866 curveto
56.50891 70.52866 56.44556 70.50241 56.39885 70.4557 curveto
56.35214 70.409 56.3259 70.34564 56.3259 70.27959 curveto
56.3259 70.21353 56.35214 70.15018 56.39885 70.10347 curveto
56.44556 70.05676 56.50891 70.03052 56.57497 70.03052 curveto
56.64102 70.03052 56.70438 70.05676 56.75108 70.10347 curveto
56.79779 70.15018 56.82404 70.21353 56.82404 70.27959 curveto closepath fill
newpath 57.71077 67.57079 moveto
57.71077 67.63684 57.68452 67.7002 57.63782 67.7469 curveto
57.59111 67.79361 57.52776 67.81985 57.4617 67.81985 curveto
57.39565 67.81985 57.33229 67.79361 57.28558 67.7469 curveto
57.23888 67.7002 57.21263 67.63684 57.21263 67.57079 curveto
57.21263 67.50473 57.23888 67.44138 57.28558 67.39467 curveto
57.33229 67.34796 57.39565 67.32172 57.4617 67.32172 curveto
57.52776 67.32172 57.59111 67.34796 57.63782 67.39467 curveto
57.68452 67.44138 57.71077 67.50473 57.71077 67.57079 curveto closepath fill
newpath 58.99924 65.02856 moveto
58.99924 65.09462 58.97299 65.15797 58.92628 65.20468 curveto
58.87958 65.25139 58.81622 65.27763 58.75017 65.27763 curveto
58.68411 65.27763 58.62076 65.25139 58.57405 65.20468 curveto
58.52734 65.15797 58.5011 65.09462 58.5011 65.02856 curveto
58.5011 64.96251 58.52734 64.89915 58.57405 64.85245 curveto
58.62076 64.80574 58.68411 64.7795 58.75017 64.7795 curveto
58.81622 64.7795 58.87958 64.80574 58.92628 64.85245 curveto
58.97299 64.89915 58.99924 64.96251 58.99924 65.02856 curveto closepath fill
newpath 60.65913 62.71222 moveto
60.65913 62.77827 60.63289 62.84163 60.58618 62.88834 curveto
60.53947 62.93504 60.47612 62.96129 60.41006 62.96129 curveto
60.34401 62.96129 60.28065 62.93504 60.23395 62.88834 curveto
60.18724 62.84163 60.161 62.77827 60.161 62.71222 curveto
60.161 62.64616 60.18724 62.58281 60.23395 62.5361 curveto
60.28065 62.4894 60.34401 62.46315 60.41006 62.46315 curveto
60.47612 62.46315 60.53947 62.4894 60.58618 62.5361 curveto
60.63289 62.58281 60.65913 62.64616 60.65913 62.71222 curveto closepath fill
newpath 74.96869 74.71962 moveto
74.96869 74.78568 74.94244 74.84903 74.89574 74.89574 curveto
74.84903 74.94244 74.78568 74.96869 74.71962 74.96869 curveto
74.65356 74.96869 74.59021 74.94244 74.5435 74.89574 curveto
74.4968 74.84903 74.47055 74.78568 74.47055 74.71962 curveto
74.47055 74.65356 74.4968 74.59021 74.5435 74.5435 curveto
74.59021 74.4968 74.65356 74.47055 74.71962 74.47055 curveto
74.78568 74.47055 74.84903 74.4968 74.89574 74.5435 curveto
74.94244 74.59021 74.96869 74.65356 74.96869 74.71962 curveto closepath fill
newpath 72.90971 72.66064 moveto
72.90971 72.7267 72.88347 72.79005 72.83676 72.83676 curveto
72.79005 72.88347 72.7267 72.90971 72.66064 72.90971 curveto
72.59459 72.90971 72.53123 72.88347 72.48453 72.83676 curveto
72.43782 72.79005 72.41158 72.7267 72.41158 72.66064 curveto
72.41158 72.59459 72.43782 72.53123 72.48453 72.48453 curveto
72.53123 72.43782 72.59459 72.41158 72.66064 72.41158 curveto
72.7267 72.41158 72.79005 72.43782 72.83676 72.48453 curveto
72.88347 72.53123 72.90971 72.59459 72.90971 72.66064 curveto closepath fill
newpath 70.8507 70.60162 moveto
70.8507 70.66768 70.82445 70.73103 70.77774 70.77774 curveto
70.73103 70.82445 70.66768 70.8507 70.60162 70.8507 curveto
70.53557 70.8507 70.47221 70.82445 70.4255 70.77774 curveto
70.3788 70.73103 70.35255 70.66768 70.35255 70.60162 curveto
70.35255 70.53557 70.3788 70.47221 70.4255 70.4255 curveto
70.47221 70.3788 70.53557 70.35255 70.60162 70.35255 curveto
70.66768 70.35255 70.73103 70.3788 70.77774 70.4255 curveto
70.82445 70.47221 70.8507 70.53557 70.8507 70.60162 curveto closepath fill
newpath 68.79172 68.54265 moveto
68.79172 68.6087 68.76547 68.67206 68.71877 68.71877 curveto
68.67206 68.76547 68.6087 68.79172 68.54265 68.79172 curveto
68.4766 68.79172 68.41324 68.76547 68.36653 68.71877 curveto
68.31982 68.67206 68.29358 68.6087 68.29358 68.54265 curveto
68.29358 68.4766 68.31982 68.41324 68.36653 68.36653 curveto
68.41324 68.31982 68.4766 68.29358 68.54265 68.29358 curveto
68.6087 68.29358 68.67206 68.31982 68.71877 68.36653 curveto
68.76547 68.41324 68.79172 68.4766 68.79172 68.54265 curveto closepath fill
newpath 66.73271 66.48364 moveto
66.73271 66.5497 66.70647 66.61305 66.65976 66.65976 curveto
66.61305 66.70647 66.5497 66.73271 66.48364 66.73271 curveto
66.41759 66.73271 66.35423 66.70647 66.30753 66.65976 curveto
66.26082 66.61305 66.23457 66.5497 66.23457 66.48364 curveto
66.23457 66.41759 66.26082 66.35423 66.30753 66.30753 curveto
66.35423 66.26082 66.41759 66.23457 66.48364 66.23457 curveto
66.5497 66.23457 66.61305 66.26082 66.65976 66.30753 curveto
66.70647 66.35423 66.73271 66.41759 66.73271 66.48364 curveto closepath fill
newpath 64.67372 64.42465 moveto
64.67372 64.4907 64.64748 64.55406 64.60077 64.60077 curveto
64.55406 64.64748 64.4907 64.67372 64.42465 64.67372 curveto
64.3586 64.67372 64.29524 64.64748 64.24854 64.60077 curveto
64.20183 64.55406 64.17558 64.4907 64.17558 64.42465 curveto
64.17558 64.3586 64.20183 64.29524 64.24854 64.24854 curveto
64.29524 64.20183 64.3586 64.17558 64.42465 64.17558 curveto
64.4907 64.17558 64.55406 64.20183 64.60077 64.24854 curveto
64.64748 64.29524 64.67372 64.3586 64.67372 64.42465 curveto closepath fill
newpath 62.61526 62.3662 moveto
62.61526 62.43225 62.58902 62.4956 62.54231 62.54231 curveto
62.4956 62.58902 62.43225 62.61526 62.3662 62.61526 curveto
62.30014 62.61526 62.23679 62.58902 62.19008 62.54231 curveto
62.14337 62.4956 62.11713 62.43225 62.11713 62.3662 curveto
62.11713 62.30014 62.14337 62.23679 62.19008 62.19008 curveto
62.23679 62.14337 62.30014 62.11713 62.3662 62.11713 curveto
62.43225 62.11713 62.4956 62.14337 62.54231 62.19008 curveto
62.58902 62.23679 62.61526 62.30014 62.61526 62.3662 curveto closepath fill
newpath 60.55627 60.3072 moveto
60.55627 60.37326 60.53003 60.43661 60.48332 60.48332 curveto
60.43661 60.53003 60.37326 60.55627 60.3072 60.55627 curveto
60.24115 60.55627 60.1778 60.53003 60.13109 60.48332 curveto
60.08438 60.43661 60.05814 60.37326 60.05814 60.3072 curveto
60.05814 60.24115 60.08438 60.1778 60.13109 60.13109 curveto
60.1778 60.08438 60.24115 60.05814 60.3072 60.05814 curveto
60.37326 60.05814 60.43661 60.08438 60.48332 60.13109 curveto
60.53003 60.1778 60.55627 60.24115 60.55627 60.3072 curveto closepath fill
newpath 58.49727 58.2482 moveto
58.49727 58.31425 58.47102 58.37761 58.42432 58.42432 curveto
58.37761 58.47102 58.31425 58.49727 58.2482 58.49727 curveto
58.18214 58.49727 58.11879 58.47102 58.07208 58.42432 curveto
58.02538 58.37761 57.99913 58.31425 57.99913 58.2482 curveto
57.99913 58.18214 58.02538 58.11879 58.07208 58.07208 curveto
58.11879 58.02538 58.18214 57.99913 58.2482 57.99913 curveto
58.31425 57.99913 58.37761 58.02538 58.42432 58.07208 curveto
58.47102 58.11879 58.49727 58.18214 58.49727 58.2482 curveto closepath fill
newpath 56.43825 56.18918 moveto
56.43825 56.25523 56.412 56.31859 56.3653 56.3653 curveto
56.31859 56.412 56.25523 56.43825 56.18918 56.43825 curveto
56.12312 56.43825 56.05977 56.412 56.01306 56.3653 curveto
55.96635 56.31859 55.94011 56.25523 55.94011 56.18918 curveto
55.94011 56.12312 55.96635 56.05977 56.01306 56.01306 curveto
56.05977 55.96635 56.12312 55.94011 56.18918 55.94011 curveto
56.25523 55.94011 56.31859 55.96635 56.3653 56.01306 curveto
56.412 56.05977 56.43825 56.12312 56.43825 56.18918 curveto closepath fill
newpath 54.37924 54.13017 moveto
54.37924 54.19623 54.353 54.25958 54.30629 54.30629 curveto
54.25958 54.353 54.19623 54.37924 54.13017 54.37924 curveto
54.06412 54.37924 54.00076 54.353 53.95406 54.30629 curveto
53.90735 54.25958 53.8811 54.19623 53.8811 54.13017 curveto
53.8811 54.06412 53.90735 54.00076 53.95406 53.95406 curveto
54.00076 53.90735 54.06412 53.8811 54.13017 53.8811 curveto
54.19623 53.8811 54.25958 53.90735 54.30629 53.95406 curveto
54.353 54.00076 54.37924 54.06412 54.37924 54.13017 curveto closepath fill
newpath 52.32024 52.07117 moveto
52.32024 52.13722 52.29399 52.20058 52.24728 52.24728 curveto
52.20058 52.29399 52.13722 52.32024 52.07117 52.32024 curveto
52.00511 52.32024 51.94176 52.29399 51.89505 52.24728 curveto
51.84834 52.20058 51.8221 52.13722 51.8221 52.07117 curveto
51.8221 52.00511 51.84834 51.94176 51.89505 51.89505 curveto
51.94176 51.84834 52.00511 51.8221 52.07117 51.8221 curveto
52.13722 51.8221 52.20058 51.84834 52.24728 51.89505 curveto
52.29399 51.94176 52.32024 52.00511 52.32024 52.07117 curveto closepath fill
newpath 50.26125 50.01218 moveto
50.26125 50.07823 50.235 50.14159 50.1883 50.1883 curveto
50.14159 50.235 50.07823 50.26125 50.01218 50.26125 curveto
49.94612 50.26125 49.88277 50.235 49.83606 50.1883 curveto
49.78935 50.14159 49.7631 50.07823 49.7631 50.01218 curveto
49.7631 49.94612 49.78935 49.88277 49.83606 49.83606 curveto
49.88277 49.78935 49.94612 49.7631 50.01218 49.7631 curveto
50.07823 49.7631 50.14159 49.78935 50.1883 49.83606 curveto
50.235 49.88277 50.26125 49.94612 50.26125 50.01218 curveto closepath fill
newpath 48.20279 47.95372 moveto
48.20279 48.01978 48.17654 48.08313 48.12984 48.12984 curveto
48.08313 48.17654 48.01978 48.20279 47.95372 48.20279 curveto
47.88766 48.20279 47.82431 48.17654 47.7776 48.12984 curveto
47.7309 48.08313 47.70465 48.01978 47.70465 47.95372 curveto
47.70465 47.88766 47.7309 47.82431 47.7776 47.7776 curveto
47.82431 47.7309 47.88766 47.70465 47.95372 47.70465 curveto
48.01978 47.70465 48.08313 47.7309 48.12984 47.7776 curveto
48.17654 47.82431 48.20279 47.88766 48.20279 47.95372 curveto closepath fill
newpath 46.1438 45.89473 moveto
46.1438 45.96078 46.11755 46.02414 46.07085 46.07085 curveto
46.02414 46.11755 45.96078 46.1438 45.89473 46.1438 curveto
45.82867 46.1438 45.76532 46.11755 45.71861 46.07085 curveto
45.6719 46.02414 45.64566 45.96078 45.64566 45.89473 curveto
45.64566 45.82867 45.6719 45.76532 45.71861 45.71861 curveto
45.76532 45.6719 45.82867 45.64566 45.89473 45.64566 curveto
45.96078 45.64566 46.02414 45.6719 46.07085 45.71861 curveto
46.11755 45.76532 46.1438 45.82867 46.1438 45.89473 curveto closepath fill
newpath 44.0848 43.83572 moveto
44.0848 43.90178 44.05855 43.96513 44.01184 44.01184 curveto
43.96513 44.05855 43.90178 44.0848 43.83572 44.0848 curveto
43.76967 44.0848 43.70631 44.05855 43.6596 44.01184 curveto
43.6129 43.96513 43.58665 43.90178 43.58665 43.83572 curveto
43.58665 43.76967 43.6129 43.70631 43.6596 43.6596 curveto
43.70631 43.6129 43.76967 43.58665 43.83572 43.58665 curveto
43.90178 43.58665 43.96513 43.6129 44.01184 43.6596 curveto
44.05855 43.70631 44.0848 43.76967 44.0848 43.83572 curveto closepath fill
newpath 42.02582 41.77675 moveto
42.02582 41.8428 41.99957 41.90616 41.95287 41.95287 curveto
41.90616 41.99957 41.8428 42.02582 41.77675 42.02582 curveto
41.7107 42.02582 41.64734 41.99957 41.60063 41.95287 curveto
41.55392 41.90616 41.52768 41.8428 41.52768 41.77675 curveto
41.52768 41.7107 41.55392 41.64734 41.60063 41.60063 curveto
41.64734 41.55392 41.7107 41.52768 41.77675 41.52768 curveto
41.8428 41.52768 41.90616 41.55392 41.95287 41.60063 curveto
41.99957 41.64734 42.02582 41.7107 42.02582 41.77675 curveto closepath fill
newpath 39.9668 39.71773 moveto
39.9668 39.78378 39.94055 39.84714 39.89384 39.89384 curveto
39.84714 39.94055 39.78378 39.9668 39.71773 39.9668 curveto
39.65167 39.9668 39.58832 39.94055 39.54161 39.89384 curveto
39.4949 39.84714 39.46866 39.78378 39.46866 39.71773 curveto
39.46866 39.65167 39.4949 39.58832 39.54161 39.54161 curveto
39.58832 39.4949 39.65167 39.46866 39.71773 39.46866 curveto
39.78378 39.46866 39.84714 39.4949 39.89384 39.54161 curveto
39.94055 39.58832 39.9668 39.65167 39.9668 39.71773 curveto closepath fill
newpath 37.90782 37.65875 moveto
37.90782 37.72481 37.88158 37.78816 37.83487 37.83487 curveto
37.78816 37.88158 37.72481 37.90782 37.65875 37.90782 curveto
37.5927 37.90782 37.52934 37.88158 37.48264 37.83487 curveto
37.43593 37.78816 37.40968 37.72481 37.40968 37.65875 curveto
37.40968 37.5927 37.43593 37.52934 37.48264 37.48264 curveto
37.52934 37.43593 37.5927 37.40968 37.65875 37.40968 curveto
37.72481 37.40968 37.78816 37.43593 37.83487 37.48264 curveto
37.88158 37.52934 37.90782 37.5927 37.90782 37.65875 curveto closepath fill
showpage
%%EOF
