%!PS
%%BoundingBox: -1 -1 120 150 
%%HiResBoundingBox: -0.24907 -0.24907 119.80046 149.68831 
%%Creator: MetaPost 2.000
%%CreationDate: 2017.07.04:1542
%%Pages: 1
%%BeginProlog
%%EndProlog
%%Page: 1 1
 0 0 0 setrgbcolor 0 0.49814 dtransform truncate idtransform setlinewidth pop [] 0 setdash 1 setlinecap
 1 setlinejoin 10 setmiterlimit
newpath 0 44.83177 moveto
119.55139 44.83177 lineto stroke
newpath 114.57008 47.32243 moveto
115.74602 45.75452 117.5915 44.83177 119.55139 44.83177 curveto
117.5915 44.83177 115.74602 43.90903 114.57008 42.34111 curveto stroke
 0.49814 0 dtransform exch truncate exch idtransform pop setlinewidth
newpath 14.94392 0 moveto
14.94392 149.43924 lineto stroke
 0 0.49814 dtransform truncate idtransform setlinewidth pop
newpath 12.45326 144.45793 moveto
14.02118 145.63387 14.94392 147.47935 14.94392 149.43924 curveto
14.94392 147.47935 15.86667 145.63387 17.43459 144.45793 curveto stroke
 0.49814 0 dtransform exch truncate exch idtransform pop setlinewidth
newpath 26.6809 42.83925 moveto
26.6809 46.8243 lineto stroke
newpath 38.41785 42.83925 moveto
38.41785 46.8243 lineto stroke
newpath 46.24257 42.83925 moveto
46.24257 46.8243 lineto stroke
newpath 61.89178 42.83925 moveto
61.89178 46.8243 lineto stroke
newpath 77.54099 42.83925 moveto
77.54099 46.8243 lineto stroke
newpath 85.3657 42.83925 moveto
85.3657 46.8243 lineto stroke
newpath 97.10268 42.83925 moveto
97.10268 46.8243 lineto stroke
newpath 108.83963 42.83925 moveto
108.83963 46.8243 lineto stroke
 0 0.49814 dtransform truncate idtransform setlinewidth pop
newpath 16.93645 14.94392 moveto
12.9514 14.94392 lineto stroke
newpath 16.93645 74.71962 moveto
12.9514 74.71962 lineto stroke
newpath 16.93645 104.60747 moveto
12.9514 104.60747 lineto stroke
newpath 16.93645 134.49532 moveto
12.9514 134.49532 lineto stroke
newpath 14.94392 136.48784 moveto
14.41545 136.48784 13.90869 136.27788 13.53502 135.90422 curveto
13.16136 135.53055 12.9514 135.02379 12.9514 134.49532 curveto
12.9514 133.96684 13.16136 133.46008 13.53502 133.08641 curveto
13.90869 132.71275 14.41545 132.50279 14.94392 132.50279 curveto
15.4724 132.50279 15.97916 132.71275 16.35283 133.08641 curveto
16.72649 133.46008 16.93645 133.96684 16.93645 134.49532 curveto
16.93645 135.02379 16.72649 135.53055 16.35283 135.90422 curveto
15.97916 136.27788 15.4724 136.48784 14.94392 136.48784 curveto closepath fill
newpath 38.40599 76.71214 moveto
37.87752 76.71214 37.37076 76.50218 36.99709 76.12852 curveto
36.62343 75.75485 36.41347 75.2481 36.41347 74.71962 curveto
36.41347 74.19115 36.62343 73.68439 36.99709 73.31071 curveto
37.37076 72.93706 37.87752 72.7271 38.40599 72.7271 curveto
38.93446 72.7271 39.44122 72.93706 39.8149 73.31071 curveto
40.18855 73.68439 40.39851 74.19115 40.39851 74.71962 curveto
40.39851 75.2481 40.18855 75.75485 39.8149 76.12852 curveto
39.44122 76.50218 38.93446 76.71214 38.40599 76.71214 curveto closepath fill
newpath 46.17667 46.8243 moveto
45.6482 46.8243 45.14143 46.61433 44.76776 46.24068 curveto
44.3941 45.867 44.18414 45.36024 44.18414 44.83177 curveto
44.18414 44.3033 44.3941 43.79654 44.76776 43.42287 curveto
45.14143 43.04921 45.6482 42.83925 46.17667 42.83925 curveto
46.70514 42.83925 47.2119 43.04921 47.58557 43.42287 curveto
47.95923 43.79654 48.16919 44.3033 48.16919 44.83177 curveto
48.16919 45.36024 47.95923 45.867 47.58557 46.24068 curveto
47.2119 46.61433 46.70514 46.8243 46.17667 46.8243 curveto closepath fill
newpath 61.86784 16.93645 moveto
61.33937 16.93645 60.83261 16.72649 60.45894 16.35283 curveto
60.08528 15.97916 59.87532 15.4724 59.87532 14.94392 curveto
59.87532 14.41545 60.08528 13.90869 60.45894 13.53502 curveto
60.83261 13.16136 61.33937 12.9514 61.86784 12.9514 curveto
62.39632 12.9514 62.90308 13.16136 63.27675 13.53502 curveto
63.6504 13.90869 63.86037 14.41545 63.86037 14.94392 curveto
63.86037 15.4724 63.6504 15.97916 63.27675 16.35283 curveto
62.90308 16.72649 62.39632 16.93645 61.86784 16.93645 curveto closepath fill
newpath 77.559 46.8243 moveto
77.03053 46.8243 76.52377 46.61433 76.1501 46.24068 curveto
75.77644 45.867 75.56648 45.36024 75.56648 44.83177 curveto
75.56648 44.3033 75.77644 43.79654 76.1501 43.42287 curveto
76.52377 43.04921 77.03053 42.83925 77.559 42.83925 curveto
78.08748 42.83925 78.59424 43.04921 78.96791 43.42287 curveto
79.34157 43.79654 79.55153 44.3033 79.55153 44.83177 curveto
79.55153 45.36024 79.34157 45.867 78.96791 46.24068 curveto
78.59424 46.61433 78.08748 46.8243 77.559 46.8243 curveto closepath fill
newpath 85.32991 76.71214 moveto
84.80144 76.71214 84.29468 76.50218 83.921 76.12852 curveto
83.54735 75.75485 83.33739 75.2481 83.33739 74.71962 curveto
83.33739 74.19115 83.54735 73.68439 83.921 73.31071 curveto
84.29468 72.93706 84.80144 72.7271 85.32991 72.7271 curveto
85.85838 72.7271 86.36514 72.93706 86.73882 73.31071 curveto
87.11247 73.68439 87.32243 74.19115 87.32243 74.71962 curveto
87.32243 75.2481 87.11247 75.75485 86.73882 76.12852 curveto
86.36514 76.50218 85.85838 76.71214 85.32991 76.71214 curveto closepath fill
newpath 108.79175 136.48784 moveto
108.26328 136.48784 107.75652 136.27788 107.38284 135.90422 curveto
107.00919 135.53055 106.79922 135.02379 106.79922 134.49532 curveto
106.79922 133.96684 107.00919 133.46008 107.38284 133.08641 curveto
107.75652 132.71275 108.26328 132.50279 108.79175 132.50279 curveto
109.32022 132.50279 109.82698 132.71275 110.20065 133.08641 curveto
110.57431 133.46008 110.78427 133.96684 110.78427 134.49532 curveto
110.78427 135.02379 110.57431 135.53055 110.20065 135.90422 curveto
109.82698 136.27788 109.32022 136.48784 108.79175 136.48784 curveto closepath fill
 0 1.24533 dtransform truncate idtransform setlinewidth pop
newpath 14.94392 134.49532 moveto
15.45425 134.4878 15.95886 134.38747 16.43317 134.19888 curveto
16.97382 133.98386 17.46794 133.67123 17.924 133.31049 curveto
18.47217 132.87679 18.9606 132.37445 19.41324 131.84201 curveto
19.95845 131.20056 20.4462 130.51352 20.90248 129.80618 curveto
21.4413 128.9707 21.93042 128.10466 22.39171 127.22401 curveto
22.92484 126.20633 23.41579 125.16699 23.88255 124.11739 curveto
24.40974 122.93211 24.90068 121.73132 25.3718 120.52278 curveto
25.89397 119.18314 26.38605 117.83208 26.86102 116.47487 curveto
27.3791 114.99452 27.87164 113.50551 28.35027 112.01193 curveto
28.86516 110.4048 29.35883 108.79129 29.8411 107.17413 curveto
30.35234 105.46005 30.84578 103.74074 31.33034 102.01892 curveto
31.83861 100.21364 32.33229 98.40402 32.81958 96.5928 curveto
33.32512 94.7141 33.81902 92.83243 34.30882 90.94962 curveto
34.8123 89.01436 35.30688 87.07658 35.79965 85.1386 curveto
36.30017 83.1705 36.79431 81.20058 37.2889 79.2309 curveto
37.78712 77.24728 38.28127 75.26254 38.77814 73.27849 curveto
39.2741 71.29877 39.76799 69.31859 40.26736 67.33978 curveto
40.7615 65.38194 41.25586 63.42435 41.75821 61.46857 curveto
42.24937 59.55634 42.74329 57.64479 43.24745 55.73598 curveto
43.7361 53.88533 44.22978 52.03603 44.73668 50.19038 curveto
45.22284 48.42023 45.7165 46.65187 46.22615 44.88832 curveto
46.7098 43.21439 47.2037 41.54318 47.71677 39.87813 curveto
48.19698 38.31956 48.68997 36.76512 49.206 35.21819 curveto
49.6828 33.78915 50.17534 32.36536 50.69524 30.95135 curveto
51.16862 29.66415 51.66025 28.38402 52.18471 27.11687 curveto
52.65398 25.98335 53.14516 24.85919 53.67531 23.75304 curveto
54.13911 22.78506 54.62915 21.8294 55.16455 20.89906 curveto
55.62334 20.10165 56.112 19.32112 56.65402 18.57774 curveto
57.10802 17.95523 57.596 17.35713 58.14325 16.81465 curveto
58.59634 16.36566 59.08705 15.95386 59.63387 15.62526 curveto
60.09607 15.34753 60.59477 15.13182 61.12311 15.02327 curveto
61.61404 14.92226 62.12025 14.91861 62.61256 15.01324 curveto
63.14 15.11472 63.63914 15.3236 64.1018 15.59608 curveto
64.64839 15.91782 65.13933 16.32349 65.59242 16.76723 curveto
66.13991 17.30309 66.62766 17.89595 67.08165 18.51299 curveto
67.6239 19.24997 68.11256 20.02435 68.57112 20.81606 curveto
69.10698 21.74092 69.59656 22.69157 70.06036 23.65453 curveto
70.59052 24.7552 71.08192 25.8739 71.55096 27.00195 curveto
72.07565 28.26407 72.56728 29.53943 73.04044 30.82184 curveto
73.56033 32.2315 74.05287 33.6512 74.52968 35.0759 curveto
75.0457 36.6185 75.53893 38.16885 76.0189 39.72307 curveto
76.5322 41.38493 77.02588 43.05272 77.50952 44.72324 curveto
78.0194 46.48405 78.51283 48.24944 78.999 50.01709 curveto
79.50589 51.86046 79.99957 53.70723 80.48822 55.55539 curveto
80.99239 57.4626 81.4863 59.37277 81.97746 61.2834 curveto
82.47981 63.23782 82.9744 65.19427 83.4683 67.15097 curveto
83.96768 69.1291 84.4618 71.10883 84.95753 73.08786 curveto
85.45464 75.07214 85.94855 77.05711 86.44678 79.04117 curveto
86.94136 81.01155 87.4355 82.98192 87.93602 84.9507 curveto
88.42902 86.89006 88.92337 88.82874 89.42685 90.76537 curveto
89.91689 92.65024 90.41078 94.53418 90.91609 96.41495 curveto
91.40361 98.2289 91.8973 100.04102 92.40533 101.84926 curveto
92.89012 103.57405 93.38356 105.29634 93.89458 107.0136 curveto
94.37708 108.63464 94.87053 110.25226 95.3854 111.86327 curveto
95.86403 113.3607 96.3568 114.85359 96.87465 116.33804 curveto
97.34962 117.69981 97.8417 119.0559 98.36388 120.40056 curveto
98.83499 121.61389 99.32616 122.81946 99.85312 124.00977 curveto
100.32011 125.06483 100.81107 126.10942 101.34396 127.13281 curveto
101.80548 128.01892 102.2946 128.89088 102.83319 129.7323 curveto
103.28947 130.44511 103.77768 131.13763 104.32243 131.78545 curveto
104.7753 132.3236 105.26328 132.83255 105.81168 133.2731 curveto
106.26727 133.63908 106.76163 133.95786 107.3025 134.17973 curveto
107.7759 134.37401 108.28029 134.48073 108.79175 134.49532 curveto stroke
showpage
%%EOF
