%!PS
%%BoundingBox: -1 -1 104 156 
%%HiResBoundingBox: -0.24907 -0.24907 103.86028 155.66588 
%%Creator: MetaPost 2.000
%%CreationDate: 2017.07.04:1542
%%Pages: 1
%%BeginProlog
%%EndProlog
%%Page: 1 1
 0 0 0 setrgbcolor 0 0.49814 dtransform truncate idtransform setlinewidth pop [] 0 setdash 1 setlinecap
 1 setlinejoin 10 setmiterlimit
newpath 0 77.7084 moveto
103.6112 77.7084 lineto stroke
newpath 98.6299 80.19907 moveto
99.80583 78.63115 101.65132 77.7084 103.6112 77.7084 curveto
101.65132 77.7084 99.80583 76.78566 98.6299 75.21774 curveto stroke
 0.49814 0 dtransform exch truncate exch idtransform pop setlinewidth
newpath 12.9514 0 moveto
12.9514 155.41681 lineto stroke
 0 0.49814 dtransform truncate idtransform setlinewidth pop
newpath 10.46074 150.4355 moveto
12.02866 151.61143 12.9514 153.45692 12.9514 155.41681 curveto
12.9514 153.45692 13.87415 151.61143 15.44206 150.4355 curveto stroke
 0.49814 0 dtransform exch truncate exch idtransform pop setlinewidth
newpath 23.12343 75.71588 moveto
23.12343 79.70093 lineto stroke
newpath 33.29547 75.71588 moveto
33.29547 79.70093 lineto stroke
newpath 43.4675 75.71588 moveto
43.4675 79.70093 lineto stroke
newpath 53.63954 75.71588 moveto
53.63954 79.70093 lineto stroke
newpath 63.81157 75.71588 moveto
63.81157 79.70093 lineto stroke
newpath 73.98361 75.71588 moveto
73.98361 79.70093 lineto stroke
newpath 84.15564 75.71588 moveto
84.15564 79.70093 lineto stroke
newpath 94.32768 75.71588 moveto
94.32768 79.70093 lineto stroke
 0 0.49814 dtransform truncate idtransform setlinewidth pop
newpath 14.94392 12.9514 moveto
10.95888 12.9514 lineto stroke
newpath 14.94392 142.46541 moveto
10.95888 142.46541 lineto stroke
newpath 12.9514 77.7084 moveto
14.24208 84.15091 lineto
14.67072 86.28009 15.09917 88.40927 15.53413 90.53708 curveto
15.9602 92.62161 16.38826 94.70554 16.8248 96.78789 curveto
17.2487 98.80997 17.67656 100.83105 18.11548 102.84996 curveto
18.537 104.78963 18.96486 106.72792 19.40616 108.66304 curveto
19.8257 110.5025 20.25375 112.3402 20.69821 114.17374 curveto
21.11461 115.89168 21.54185 117.60664 21.98889 119.31688 curveto
22.40231 120.89825 22.82898 122.47588 23.27956 124.04697 curveto
23.68942 125.47658 24.11551 126.90163 24.57024 128.3176 curveto
24.97675 129.58337 25.40222 130.84302 25.86229 132.09021 curveto
26.26346 133.17773 26.68736 134.25696 27.15297 135.31839 curveto
27.5486 136.22014 27.97072 137.11063 28.44363 137.97443 curveto
28.83295 138.68549 29.2529 139.38033 29.73431 140.03267 curveto
30.11868 140.5534 30.53804 141.04924 31.02637 141.47433 curveto
31.41193 141.80989 31.8384 142.1004 32.31705 142.28062 curveto
32.72888 142.43576 33.17078 142.4992 33.60771 142.44664 curveto
34.06857 142.3913 34.50354 142.21384 34.89839 141.97037 curveto
35.38533 141.67018 35.80705 141.27888 36.19044 140.85478 curveto
36.67601 140.31764 37.09497 139.72517 37.48112 139.11273 curveto
37.95837 138.35605 38.37952 137.56595 38.77179 136.76202 curveto
39.24115 135.80058 39.66406 134.81721 40.06267 133.82436 curveto
40.5255 132.67104 40.95058 131.50269 41.35452 130.32742 curveto
41.81163 128.99762 42.2373 127.65735 42.6452 126.31174 curveto
43.09775 124.8187 43.52423 123.31775 43.93587 121.81285 curveto
44.38487 120.17198 44.81174 118.52519 45.22675 116.87524 curveto
45.67278 115.10237 46.10043 113.32495 46.5186 111.54536 curveto
46.96127 109.66122 47.38893 107.77373 47.80928 105.88446 curveto
48.24939 103.90605 48.67743 101.9251 49.10014 99.94293 curveto
49.53789 97.89082 49.96593 95.83673 50.39082 93.78204 curveto
50.82678 91.67421 51.25522 89.56477 51.68268 87.45515 curveto
52.11607 85.31648 52.54411 83.17682 52.97336 81.03735 curveto
53.40477 78.88702 53.83301 76.7363 54.26422 74.58597 curveto
54.69347 72.4459 55.12152 70.30547 55.5549 68.1662 curveto
55.98236 66.05519 56.411 63.94458 56.84676 61.83534 curveto
57.27185 59.77829 57.6997 57.72183 58.13744 55.66754 curveto
58.56035 53.68282 58.9882 51.69908 59.4283 49.71811 curveto
59.84865 47.82568 60.2763 45.93463 60.71898 44.04733 curveto
61.13715 42.2638 61.565 40.48242 62.01083 38.7056 curveto
62.42584 37.05148 62.8529 35.40034 63.30171 33.75514 curveto
63.71356 32.2457 64.14003 30.7402 64.59238 29.24243 curveto
65.00047 27.89128 65.42595 26.54547 65.88306 25.20993 curveto
66.2872 24.02875 66.71208 22.85468 67.17491 21.69522 curveto
67.57352 20.69643 67.99663 19.70734 68.46579 18.73978 curveto
68.85846 17.92992 69.2796 17.13368 69.75647 16.37027 curveto
70.14282 15.7519 70.56197 15.15292 71.04713 14.60846 curveto
71.43053 14.17824 71.85185 13.78023 72.33919 13.47214 curveto
72.73325 13.22293 73.16763 13.03816 73.62987 12.97511 curveto
74.06523 12.91583 74.5075 12.97116 74.92055 13.12036 curveto
75.39859 13.2929 75.82526 13.57687 76.21121 13.9069 curveto
76.69934 14.32428 77.1193 14.8132 77.50327 15.32782 curveto
77.98508 15.97325 78.40483 16.66216 78.79395 17.36728 curveto
79.26706 18.22456 79.68918 19.10873 80.08463 20.00455 curveto
80.55042 21.06006 80.97432 22.13315 81.37529 23.21494 curveto
81.83556 24.4564 82.26103 25.71051 82.66734 26.97075 curveto
83.12209 28.38138 83.54816 29.8011 83.95802 31.22557 curveto
84.4086 32.79193 84.83546 34.3652 85.2487 35.94183 curveto
85.69592 37.64792 86.12299 39.35913 86.53937 41.0731 curveto
86.98402 42.90309 87.41188 44.73703 87.83144 46.57295 curveto
88.27292 48.50511 88.70058 50.44043 89.1221 52.37712 curveto
89.56102 54.39328 89.98907 56.41179 90.41278 58.4313 curveto
90.84952 60.51227 91.27737 62.59502 91.70345 64.67815 curveto
92.13841 66.80476 92.56686 68.93257 92.99551 71.06038 curveto
93.4279 73.20715 93.85812 75.35432 94.28618 77.50189 curveto stroke
 0.49814 0 dtransform exch truncate exch idtransform pop setlinewidth
newpath 33.2852 77.7084 moveto
33.2852 141.1702 lineto stroke
 0 0.49814 dtransform truncate idtransform setlinewidth pop
newpath 31.7908 138.18141 moveto
32.73155 138.88696 33.2852 139.99426 33.2852 141.1702 curveto
33.2852 139.99426 33.83885 138.88696 34.7796 138.18141 curveto stroke
 0.49814 0 dtransform exch truncate exch idtransform pop setlinewidth
newpath 38.33623 77.7084 moveto
38.33623 134.69449 lineto stroke
 0 0.49814 dtransform truncate idtransform setlinewidth pop
newpath 36.84183 131.7057 moveto
37.78258 132.41125 38.33623 133.51855 38.33623 134.69449 curveto
38.33623 133.51855 38.88988 132.41125 39.83063 131.7057 curveto stroke
 0.49814 0 dtransform exch truncate exch idtransform pop setlinewidth
newpath 48.56775 77.7084 moveto
48.56775 95.84029 lineto stroke
 0 0.49814 dtransform truncate idtransform setlinewidth pop
newpath 47.07335 92.8515 moveto
48.0141 93.55705 48.56775 94.66435 48.56775 95.84029 curveto
48.56775 94.66435 49.1214 93.55705 50.06215 92.8515 curveto stroke
newpath 12.9514 78.70467 moveto
12.68716 78.70467 12.43378 78.59969 12.24695 78.41286 curveto
12.06012 78.22603 11.95514 77.97264 11.95514 77.7084 curveto
11.95514 77.44417 12.06012 77.19078 12.24695 77.00395 curveto
12.43378 76.81712 12.68716 76.71214 12.9514 76.71214 curveto
13.21564 76.71214 13.46902 76.81712 13.65585 77.00395 curveto
13.84268 77.19078 13.94766 77.44417 13.94766 77.7084 curveto
13.94766 77.97264 13.84268 78.22603 13.65585 78.41286 curveto
13.46902 78.59969 13.21564 78.70467 12.9514 78.70467 curveto closepath fill
newpath 33.2852 143.46167 moveto
33.02097 143.46167 32.76758 143.35669 32.58075 143.16986 curveto
32.39392 142.98303 32.28894 142.72964 32.28894 142.46541 curveto
32.28894 142.20117 32.39392 141.94778 32.58075 141.76096 curveto
32.76758 141.57413 33.02097 141.46915 33.2852 141.46915 curveto
33.54944 141.46915 33.80283 141.57413 33.98965 141.76096 curveto
34.17648 141.94778 34.28146 142.20117 34.28146 142.46541 curveto
34.28146 142.72964 34.17648 142.98303 33.98965 143.16986 curveto
33.80283 143.35669 33.54944 143.46167 33.2852 143.46167 curveto closepath fill
newpath 53.61879 78.70467 moveto
53.35455 78.70467 53.10117 78.59969 52.91434 78.41286 curveto
52.72751 78.22603 52.62253 77.97264 52.62253 77.7084 curveto
52.62253 77.44417 52.72751 77.19078 52.91434 77.00395 curveto
53.10117 76.81712 53.35455 76.71214 53.61879 76.71214 curveto
53.88303 76.71214 54.13641 76.81712 54.32324 77.00395 curveto
54.51007 77.19078 54.61505 77.44417 54.61505 77.7084 curveto
54.61505 77.97264 54.51007 78.22603 54.32324 78.41286 curveto
54.13641 78.59969 53.88303 78.70467 53.61879 78.70467 curveto closepath fill
newpath 73.95259 13.94766 moveto
73.68835 13.94766 73.43497 13.84268 73.24814 13.65585 curveto
73.06131 13.46902 72.95633 13.21564 72.95633 12.9514 curveto
72.95633 12.68716 73.06131 12.43378 73.24814 12.24695 curveto
73.43497 12.06012 73.68835 11.95514 73.95259 11.95514 curveto
74.21683 11.95514 74.47021 12.06012 74.65704 12.24695 curveto
74.84387 12.43378 74.94885 12.68716 74.94885 12.9514 curveto
74.94885 13.21564 74.84387 13.46902 74.65704 13.65585 curveto
74.47021 13.84268 74.21683 13.94766 73.95259 13.94766 curveto closepath fill
newpath 94.28618 78.70467 moveto
94.02194 78.70467 93.76855 78.59969 93.58173 78.41286 curveto
93.3949 78.22603 93.28992 77.97264 93.28992 77.7084 curveto
93.28992 77.44417 93.3949 77.19078 93.58173 77.00395 curveto
93.76855 76.81712 94.02194 76.71214 94.28618 76.71214 curveto
94.55042 76.71214 94.8038 76.81712 94.99063 77.00395 curveto
95.17746 77.19078 95.28244 77.44417 95.28244 77.7084 curveto
95.28244 77.97264 95.17746 78.22603 94.99063 78.41286 curveto
94.8038 78.59969 94.55042 78.70467 94.28618 78.70467 curveto closepath fill
 0 1.025 dtransform truncate idtransform setlinewidth pop
newpath 33.2852 142.46541 moveto
33.72293 142.45631 34.15355 142.35316 34.548 142.16304 curveto
35.01933 141.93578 35.43414 141.61108 35.8108 141.24805 curveto
36.2861 140.78996 36.69637 140.27081 37.07343 139.72932 curveto
37.54199 139.05661 37.95345 138.34656 38.33623 137.62167 curveto
38.79689 136.74918 39.21051 135.85275 39.59904 134.94586 curveto
40.05318 133.88542 40.46799 132.80878 40.86185 131.72461 curveto
41.31026 130.49007 41.72646 129.24425 42.12447 127.99251 curveto
42.56853 126.59572 42.98946 125.1918 43.38727 123.78117 curveto stroke
newpath 44.01434 127.06339 moveto
43.30042 126.12897 43.06808 124.91296 43.38727 123.78117 curveto
43.06808 124.91296 42.23468 125.82843 41.13773 126.25217 curveto stroke
newpath 43.38727 123.78117 moveto
43.82994 122.21521 44.25623 120.6447 44.66629 119.06984 curveto
45.10896 117.3695 45.53227 115.66422 45.9451 113.95636 curveto
46.38481 112.13724 46.80852 110.31398 47.22412 108.48912 curveto
47.66125 106.56903 48.08516 104.64597 48.50313 102.72151 curveto
48.9379 100.71999 49.3618 98.7163 49.78195 96.7118 curveto
50.21454 94.64763 50.63864 92.58168 51.06096 90.51535 curveto
51.49138 88.40947 51.91548 86.30243 52.33978 84.19537 curveto
52.76822 82.06776 53.19449 79.93956 53.61879 77.81117 curveto stroke
showpage
%%EOF
