%!PS
%%BoundingBox: 74 56 200 117 
%%HiResBoundingBox: 74.47116 56.2388 199.50139 116.04465 
%%Creator: MetaPost 2.000
%%CreationDate: 2017.07.04:1542
%%Pages: 1
%%BeginProlog
%%EndProlog
%%Page: 1 1
 0 0 0 setrgbcolor 0.49814 0 dtransform exch truncate exch idtransform pop setlinewidth [] 0 setdash
 1 setlinecap 1 setlinejoin 10 setmiterlimit
newpath 119.55139 97.63364 moveto
119.55139 101.61868 lineto stroke
newpath 139.47662 97.63364 moveto
139.47662 101.61868 lineto stroke
newpath 159.40186 97.63364 moveto
159.40186 101.61868 lineto stroke
newpath 179.32709 97.63364 moveto
179.32709 101.61868 lineto stroke
 0 0.49814 dtransform truncate idtransform setlinewidth pop
newpath 99.62616 99.62616 moveto
199.25232 99.62616 lineto stroke
newpath 196.26353 101.12056 moveto
196.96909 100.17981 198.07639 99.62616 199.25232 99.62616 curveto
198.07639 99.62616 196.96909 99.07251 196.26353 98.13176 curveto stroke
newpath 99.62616 101.12056 moveto
99.2298 101.12056 98.84973 100.96307 98.56949 100.68283 curveto
98.28925 100.40259 98.13176 100.02252 98.13176 99.62616 curveto
98.13176 99.2298 98.28925 98.84973 98.56949 98.56949 curveto
98.84973 98.28925 99.2298 98.13176 99.62616 98.13176 curveto
100.02252 98.13176 100.40259 98.28925 100.68283 98.56949 curveto
100.96307 98.84973 101.12056 99.2298 101.12056 99.62616 curveto
101.12056 100.02252 100.96307 100.40259 100.68283 100.68283 curveto
100.40259 100.96307 100.02252 101.12056 99.62616 101.12056 curveto closepath fill
newpath 79.70093 66.65 moveto
79.30457 66.65 78.9245 66.49251 78.64426 66.21227 curveto
78.36401 65.93202 78.20653 65.55196 78.20653 65.1556 curveto
78.20653 64.75923 78.36401 64.37917 78.64426 64.09892 curveto
78.9245 63.81868 79.30457 63.6612 79.70093 63.6612 curveto
80.09729 63.6612 80.47736 63.81868 80.7576 64.09892 curveto
81.03784 64.37917 81.19533 64.75923 81.19533 65.1556 curveto
81.19533 65.55196 81.03784 65.93202 80.7576 66.21227 curveto
80.47736 66.49251 80.09729 66.65 79.70093 66.65 curveto closepath fill
newpath 114.7623 100.92865 moveto
114.7623 100.9947 114.73605 101.05806 114.68935 101.10477 curveto
114.64264 101.15147 114.57928 101.17772 114.51323 101.17772 curveto
114.44717 101.17772 114.38382 101.15147 114.33711 101.10477 curveto
114.2904 101.05806 114.26416 100.9947 114.26416 100.92865 curveto
114.26416 100.8626 114.2904 100.79924 114.33711 100.75253 curveto
114.38382 100.70583 114.44717 100.67958 114.51323 100.67958 curveto
114.57928 100.67958 114.64264 100.70583 114.68935 100.75253 curveto
114.73605 100.79924 114.7623 100.8626 114.7623 100.92865 curveto closepath fill
newpath 114.20361 103.87059 moveto
114.20361 103.93665 114.17737 104 114.13066 104.0467 curveto
114.08395 104.09341 114.0206 104.11966 113.95454 104.11966 curveto
113.88849 104.11966 113.82513 104.09341 113.77843 104.0467 curveto
113.73172 104 113.70547 103.93665 113.70547 103.87059 curveto
113.70547 103.80453 113.73172 103.74118 113.77843 103.69447 curveto
113.82513 103.64777 113.88849 103.62152 113.95454 103.62152 curveto
114.0206 103.62152 114.08395 103.64777 114.13066 103.69447 curveto
114.17737 103.74118 114.20361 103.80453 114.20361 103.87059 curveto closepath fill
newpath 113.06996 106.64197 moveto
113.06996 106.70802 113.04372 106.77138 112.99701 106.81808 curveto
112.9503 106.86479 112.88695 106.89104 112.82089 106.89104 curveto
112.75484 106.89104 112.69148 106.86479 112.64478 106.81808 curveto
112.59807 106.77138 112.57182 106.70802 112.57182 106.64197 curveto
112.57182 106.57591 112.59807 106.51256 112.64478 106.46585 curveto
112.69148 106.41914 112.75484 106.3929 112.82089 106.3929 curveto
112.88695 106.3929 112.9503 106.41914 112.99701 106.46585 curveto
113.04372 106.51256 113.06996 106.57591 113.06996 106.64197 curveto closepath fill
newpath 111.40619 109.13176 moveto
111.40619 109.19781 111.37994 109.26117 111.33324 109.30788 curveto
111.28653 109.35458 111.22318 109.38083 111.15712 109.38083 curveto
111.09106 109.38083 111.02771 109.35458 110.981 109.30788 curveto
110.9343 109.26117 110.90805 109.19781 110.90805 109.13176 curveto
110.90805 109.0657 110.9343 109.00235 110.981 108.95564 curveto
111.02771 108.90894 111.09106 108.88269 111.15712 108.88269 curveto
111.22318 108.88269 111.28653 108.90894 111.33324 108.95564 curveto
111.37994 109.00235 111.40619 109.0657 111.40619 109.13176 curveto closepath fill
newpath 109.27966 111.23978 moveto
109.27966 111.30583 109.25342 111.36919 109.20671 111.4159 curveto
109.16 111.4626 109.09665 111.48885 109.0306 111.48885 curveto
108.96454 111.48885 108.90118 111.4626 108.85448 111.4159 curveto
108.80777 111.36919 108.78152 111.30583 108.78152 111.23978 curveto
108.78152 111.17372 108.80777 111.11037 108.85448 111.06366 curveto
108.90118 111.01695 108.96454 110.9907 109.0306 110.9907 curveto
109.09665 110.9907 109.16 111.01695 109.20671 111.06366 curveto
109.25342 111.11037 109.27966 111.17372 109.27966 111.23978 curveto closepath fill
newpath 106.77565 112.8815 moveto
106.77565 112.94756 106.7494 113.01091 106.7027 113.05762 curveto
106.65599 113.10432 106.59264 113.13057 106.52658 113.13057 curveto
106.46053 113.13057 106.39717 113.10432 106.35046 113.05762 curveto
106.30376 113.01091 106.27751 112.94756 106.27751 112.8815 curveto
106.27751 112.81544 106.30376 112.75209 106.35046 112.70538 curveto
106.39717 112.65868 106.46053 112.63243 106.52658 112.63243 curveto
106.59264 112.63243 106.65599 112.65868 106.7027 112.70538 curveto
106.7494 112.75209 106.77565 112.81544 106.77565 112.8815 curveto closepath fill
newpath 103.99445 113.99106 moveto
103.99445 114.05711 103.9682 114.12047 103.9215 114.16718 curveto
103.87479 114.21388 103.81143 114.24013 103.74538 114.24013 curveto
103.67932 114.24013 103.61597 114.21388 103.56926 114.16718 curveto
103.52255 114.12047 103.4963 114.05711 103.4963 113.99106 curveto
103.4963 113.925 103.52255 113.86165 103.56926 113.81494 curveto
103.61597 113.76823 103.67932 113.74199 103.74538 113.74199 curveto
103.81143 113.74199 103.87479 113.76823 103.9215 113.81494 curveto
103.9682 113.86165 103.99445 113.925 103.99445 113.99106 curveto closepath fill
newpath 101.04771 114.52405 moveto
101.04771 114.5901 101.02147 114.65346 100.97476 114.70016 curveto
100.92805 114.74687 100.8647 114.77312 100.79865 114.77312 curveto
100.73259 114.77312 100.66924 114.74687 100.62253 114.70016 curveto
100.57582 114.65346 100.54958 114.5901 100.54958 114.52405 curveto
100.54958 114.458 100.57582 114.39464 100.62253 114.34793 curveto
100.66924 114.30122 100.73259 114.27498 100.79865 114.27498 curveto
100.8647 114.27498 100.92805 114.30122 100.97476 114.34793 curveto
101.02147 114.39464 101.04771 114.458 101.04771 114.52405 curveto closepath fill
newpath 98.05388 114.45885 moveto
98.05388 114.5249 98.02763 114.58826 97.98093 114.63496 curveto
97.93422 114.68167 97.87086 114.70792 97.80481 114.70792 curveto
97.73875 114.70792 97.6754 114.68167 97.6287 114.63496 curveto
97.58199 114.58826 97.55574 114.5249 97.55574 114.45885 curveto
97.55574 114.39279 97.58199 114.32944 97.6287 114.28273 curveto
97.6754 114.23602 97.73875 114.20978 97.80481 114.20978 curveto
97.87086 114.20978 97.93422 114.23602 97.98093 114.28273 curveto
98.02763 114.32944 98.05388 114.39279 98.05388 114.45885 curveto closepath fill
newpath 95.13348 113.79767 moveto
95.13348 113.86372 95.10724 113.92708 95.06053 113.97379 curveto
95.01382 114.0205 94.95047 114.04674 94.88441 114.04674 curveto
94.81836 114.04674 94.755 114.0205 94.7083 113.97379 curveto
94.66159 113.92708 94.63535 113.86372 94.63535 113.79767 curveto
94.63535 113.73161 94.66159 113.66826 94.7083 113.62155 curveto
94.755 113.57484 94.81836 113.5486 94.88441 113.5486 curveto
94.95047 113.5486 95.01382 113.57484 95.06053 113.62155 curveto
95.10724 113.66826 95.13348 113.73161 95.13348 113.79767 curveto closepath fill
newpath 92.40326 112.56801 moveto
92.40326 112.63406 92.37701 112.69742 92.3303 112.74413 curveto
92.2836 112.79083 92.22025 112.81708 92.15419 112.81708 curveto
92.08813 112.81708 92.02478 112.79083 91.97807 112.74413 curveto
91.93137 112.69742 91.90512 112.63406 91.90512 112.56801 curveto
91.90512 112.50195 91.93137 112.4386 91.97807 112.39189 curveto
92.02478 112.34518 92.08813 112.31894 92.15419 112.31894 curveto
92.22025 112.31894 92.2836 112.34518 92.3303 112.39189 curveto
92.37701 112.4386 92.40326 112.50195 92.40326 112.56801 curveto closepath fill
newpath 89.97284 110.81844 moveto
89.97284 110.88449 89.9466 110.94785 89.89989 110.99455 curveto
89.85318 111.04126 89.78983 111.0675 89.72377 111.0675 curveto
89.65771 111.0675 89.59436 111.04126 89.54765 110.99455 curveto
89.50095 110.94785 89.4747 110.88449 89.4747 110.81844 curveto
89.4747 110.75238 89.50095 110.68903 89.54765 110.64232 curveto
89.59436 110.59561 89.65771 110.56937 89.72377 110.56937 curveto
89.78983 110.56937 89.85318 110.59561 89.89989 110.64232 curveto
89.9466 110.68903 89.97284 110.75238 89.97284 110.81844 curveto closepath fill
newpath 87.9405 108.61957 moveto
87.9405 108.68562 87.91426 108.74898 87.86755 108.79568 curveto
87.82085 108.84239 87.75749 108.86864 87.69144 108.86864 curveto
87.62538 108.86864 87.56203 108.84239 87.51532 108.79568 curveto
87.46861 108.74898 87.44237 108.68562 87.44237 108.61957 curveto
87.44237 108.55351 87.46861 108.49016 87.51532 108.44345 curveto
87.56203 108.39674 87.62538 108.3705 87.69144 108.3705 curveto
87.75749 108.3705 87.82085 108.39674 87.86755 108.44345 curveto
87.91426 108.49016 87.9405 108.55351 87.9405 108.61957 curveto closepath fill
newpath 86.38696 106.05931 moveto
86.38696 106.12537 86.36072 106.18872 86.31401 106.23543 curveto
86.2673 106.28214 86.20395 106.30838 86.1379 106.30838 curveto
86.07184 106.30838 86.00848 106.28214 85.96178 106.23543 curveto
85.91507 106.18872 85.88882 106.12537 85.88882 106.05931 curveto
85.88882 105.99326 85.91507 105.9299 85.96178 105.8832 curveto
86.00848 105.83649 86.07184 105.81024 86.1379 105.81024 curveto
86.20395 105.81024 86.2673 105.83649 86.31401 105.8832 curveto
86.36072 105.9299 86.38696 105.99326 86.38696 106.05931 curveto closepath fill
newpath 85.37517 103.24106 moveto
85.37517 103.30711 85.34892 103.37047 85.30222 103.41718 curveto
85.25551 103.46388 85.19215 103.49013 85.1261 103.49013 curveto
85.06004 103.49013 84.99669 103.46388 84.94998 103.41718 curveto
84.90327 103.37047 84.87703 103.30711 84.87703 103.24106 curveto
84.87703 103.175 84.90327 103.11165 84.94998 103.06494 curveto
84.99669 103.01823 85.06004 102.99199 85.1261 102.99199 curveto
85.19215 102.99199 85.25551 103.01823 85.30222 103.06494 curveto
85.34892 103.11165 85.37517 103.175 85.37517 103.24106 curveto closepath fill
newpath 84.94547 100.27776 moveto
84.94547 100.34381 84.91922 100.40717 84.87251 100.45387 curveto
84.8258 100.50058 84.76245 100.52682 84.6964 100.52682 curveto
84.63034 100.52682 84.56699 100.50058 84.52028 100.45387 curveto
84.47357 100.40717 84.44733 100.34381 84.44733 100.27776 curveto
84.44733 100.2117 84.47357 100.14835 84.52028 100.10164 curveto
84.56699 100.05493 84.63034 100.02869 84.6964 100.02869 curveto
84.76245 100.02869 84.8258 100.05493 84.87251 100.10164 curveto
84.91922 100.14835 84.94547 100.2117 84.94547 100.27776 curveto closepath fill
newpath 85.11539 97.28822 moveto
85.11539 97.35428 85.08914 97.41763 85.04243 97.46434 curveto
84.99573 97.51105 84.93237 97.5373 84.86632 97.5373 curveto
84.80026 97.5373 84.73691 97.51105 84.6902 97.46434 curveto
84.6435 97.41763 84.61725 97.35428 84.61725 97.28822 curveto
84.61725 97.22217 84.6435 97.15881 84.6902 97.1121 curveto
84.73691 97.0654 84.80026 97.03915 84.86632 97.03915 curveto
84.93237 97.03915 84.99573 97.0654 85.04243 97.1121 curveto
85.08914 97.15881 85.11539 97.22217 85.11539 97.28822 curveto closepath fill
newpath 85.87776 94.39224 moveto
85.87776 94.4583 85.85152 94.52165 85.80481 94.56836 curveto
85.7581 94.61507 85.69475 94.64131 85.6287 94.64131 curveto
85.56264 94.64131 85.49928 94.61507 85.45258 94.56836 curveto
85.40587 94.52165 85.37962 94.4583 85.37962 94.39224 curveto
85.37962 94.32619 85.40587 94.26283 85.45258 94.21613 curveto
85.49928 94.16942 85.56264 94.14317 85.6287 94.14317 curveto
85.69475 94.14317 85.7581 94.16942 85.80481 94.21613 curveto
85.85152 94.26283 85.87776 94.32619 85.87776 94.39224 curveto closepath fill
newpath 87.20235 91.7066 moveto
87.20235 91.77266 87.1761 91.83601 87.1294 91.88272 curveto
87.08269 91.92943 87.01933 91.95567 86.95328 91.95567 curveto
86.88722 91.95567 86.82387 91.92943 86.77716 91.88272 curveto
86.73045 91.83601 86.70421 91.77266 86.70421 91.7066 curveto
86.70421 91.64055 86.73045 91.5772 86.77716 91.53049 curveto
86.82387 91.48378 86.88722 91.45753 86.95328 91.45753 curveto
87.01933 91.45753 87.08269 91.48378 87.1294 91.53049 curveto
87.1761 91.5772 87.20235 91.64055 87.20235 91.7066 curveto closepath fill
newpath 89.03561 89.33891 moveto
89.03561 89.40497 89.00937 89.46832 88.96266 89.51503 curveto
88.91595 89.56174 88.8526 89.58798 88.78654 89.58798 curveto
88.72049 89.58798 88.65714 89.56174 88.61043 89.51503 curveto
88.56372 89.46832 88.53748 89.40497 88.53748 89.33891 curveto
88.53748 89.27286 88.56372 89.2095 88.61043 89.1628 curveto
88.65714 89.11609 88.72049 89.08984 88.78654 89.08984 curveto
88.8526 89.08984 88.91595 89.11609 88.96266 89.1628 curveto
89.00937 89.2095 89.03561 89.27286 89.03561 89.33891 curveto closepath fill
newpath 91.30357 87.3848 moveto
91.30357 87.45085 91.27733 87.5142 91.23062 87.56091 curveto
91.18391 87.60762 91.12056 87.63387 91.0545 87.63387 curveto
90.98845 87.63387 90.9251 87.60762 90.87839 87.56091 curveto
90.83168 87.5142 90.80544 87.45085 90.80544 87.3848 curveto
90.80544 87.31874 90.83168 87.25539 90.87839 87.20868 curveto
90.9251 87.16197 90.98845 87.13573 91.0545 87.13573 curveto
91.12056 87.13573 91.18391 87.16197 91.23062 87.20868 curveto
91.27733 87.25539 91.30357 87.31874 91.30357 87.3848 curveto closepath fill
newpath 114.51323 98.32367 moveto
114.47522 97.89073 114.41837 97.4593 114.34297 97.03122 curveto
114.26756 96.60313 114.17332 96.1784 114.06082 95.75822 curveto
113.94833 95.33835 113.8176 94.92365 113.66893 94.51503 curveto
113.52025 94.1064 113.35333 93.70447 113.1697 93.31044 curveto
112.98576 92.91641 112.7851 92.5306 112.5677 92.1539 curveto
112.35033 91.7775 112.11682 91.41083 111.86752 91.05481 curveto
111.61821 90.69847 111.3534 90.3537 111.07399 90.02048 curveto
110.79457 89.68726 110.50058 89.3665 110.19319 89.05913 curveto
109.88582 88.75174 109.56506 88.45804 109.23215 88.17863 curveto
108.89893 87.89923 108.55414 87.63411 108.19781 87.3848 curveto
107.84149 87.1355 107.47482 86.90169 107.09813 86.68431 curveto
106.72173 86.46692 106.3359 86.26596 105.94188 86.08232 curveto
105.54785 85.89868 105.14592 85.73207 104.73729 85.58339 curveto
104.32867 85.43472 103.91367 85.30399 103.49379 85.1915 curveto
103.07391 85.079 102.64919 84.98476 102.2211 84.90935 curveto
101.79271 84.83395 101.36159 84.7771 100.92834 84.73909 curveto
100.49539 84.70108 100.06093 84.68224 99.62646 84.68224 curveto
99.1917 84.68224 98.75723 84.70108 98.32397 84.73909 curveto
97.89073 84.7768 97.45961 84.83395 97.03122 84.90935 curveto
96.60313 84.98476 96.1784 85.079 95.75822 85.1915 curveto
95.33835 85.30399 94.92365 85.43472 94.51503 85.58339 curveto
94.1064 85.73207 93.70447 85.89868 93.31044 86.08232 curveto stroke
newpath 95.38821 83.46526 moveto
95.1461 84.616 94.37631 85.58557 93.31044 86.08232 curveto
94.37631 85.58557 95.61385 85.61966 96.65076 86.1743 curveto stroke
newpath 99.62616 99.62616 moveto
98.58827 97.82852 lineto stroke
newpath 96.51291 94.23389 moveto
94.43759 90.63934 lineto stroke
newpath 92.36182 87.04396 moveto
90.28636 83.44917 lineto stroke
newpath 88.21107 79.85466 moveto
86.13525 76.2592 lineto stroke
newpath 84.05995 72.6647 moveto
81.98427 69.06947 lineto stroke
newpath 79.90884 65.47476 moveto
77.83353 61.88019 lineto stroke
newpath 75.75812 58.2855 moveto
74.72023 56.48787 lineto stroke
newpath 87.07559 83.8653 moveto
92.25209 80.87663 lineto stroke
newpath 77.11328 66.60979 moveto
82.28978 63.62112 lineto stroke
newpath 99.62616 101.12056 moveto
99.2298 101.12056 98.84973 100.96307 98.56949 100.68283 curveto
98.28925 100.40259 98.13176 100.02252 98.13176 99.62616 curveto
98.13176 99.2298 98.28925 98.84973 98.56949 98.56949 curveto
98.84973 98.28925 99.2298 98.13176 99.62616 98.13176 curveto
100.02252 98.13176 100.40259 98.28925 100.68283 98.56949 curveto
100.96307 98.84973 101.12056 99.2298 101.12056 99.62616 curveto
101.12056 100.02252 100.96307 100.40259 100.68283 100.68283 curveto
100.40259 100.96307 100.02252 101.12056 99.62616 101.12056 curveto closepath fill
newpath 79.70093 66.65 moveto
79.30457 66.65 78.9245 66.49251 78.64426 66.21227 curveto
78.36401 65.93202 78.20653 65.55196 78.20653 65.1556 curveto
78.20653 64.75923 78.36401 64.37917 78.64426 64.09892 curveto
78.9245 63.81868 79.30457 63.6612 79.70093 63.6612 curveto
80.09729 63.6612 80.47736 63.81868 80.7576 64.09892 curveto
81.03784 64.37917 81.19533 64.75923 81.19533 65.1556 curveto
81.19533 65.55196 81.03784 65.93202 80.7576 66.21227 curveto
80.47736 66.49251 80.09729 66.65 79.70093 66.65 curveto closepath fill
 1 1 1 setrgbcolor
newpath 120.48782 103.25269 moveto
120.48782 106.64542 119.14003 109.8989 116.7412 112.29773 curveto
114.34236 114.69656 111.08888 116.04465 107.69615 116.04465 curveto
111.4814 116.04465 lineto
108.08867 116.04465 104.83519 114.69656 102.43636 112.29773 curveto
100.03752 109.8989 98.68973 106.64542 98.68973 103.25269 curveto
98.68973 115.92487 lineto
98.68973 112.53214 100.03752 109.27866 102.43636 106.87982 curveto
104.83519 104.48099 108.08867 103.1329 111.4814 103.1329 curveto
107.69615 103.1329 lineto
111.08888 103.1329 114.34236 104.48099 116.7412 106.87982 curveto
119.14003 109.27866 120.48782 112.53214 120.48782 115.92487 curveto
 closepath fill
showpage
%%EOF
