%!PS
%%BoundingBox: -1 -1 160 140 
%%HiResBoundingBox: -0.24907 -0.24907 159.65092 139.7257 
%%Creator: MetaPost 2.000
%%CreationDate: 2017.07.04:1542
%%Pages: 1
%%BeginProlog
%%EndProlog
%%Page: 1 1
 0 0 0 setrgbcolor 0 0.49814 dtransform truncate idtransform setlinewidth pop [] 0 setdash 1 setlinecap
 1 setlinejoin 10 setmiterlimit
newpath 0 69.73831 moveto
159.40186 69.73831 lineto stroke
newpath 154.42055 72.22897 moveto
155.59648 70.66106 157.44197 69.73831 159.40186 69.73831 curveto
157.44197 69.73831 155.59648 68.81557 154.42055 67.24765 curveto stroke
 0.49814 0 dtransform exch truncate exch idtransform pop setlinewidth
newpath 19.92523 0 moveto
19.92523 139.47662 lineto stroke
 0 0.49814 dtransform truncate idtransform setlinewidth pop
newpath 17.43457 134.49532 moveto
19.00249 135.67125 19.92523 137.51674 19.92523 139.47662 curveto
19.92523 137.51674 20.84798 135.67125 22.4159 134.49532 curveto stroke
 0.49814 0 dtransform exch truncate exch idtransform pop setlinewidth
newpath 35.57452 67.74579 moveto
35.57452 71.73083 lineto stroke
newpath 51.2238 67.74579 moveto
51.2238 71.73083 lineto stroke
newpath 66.8731 67.74579 moveto
66.8731 71.73083 lineto stroke
newpath 82.52237 67.74579 moveto
82.52237 71.73083 lineto stroke
newpath 98.17166 67.74579 moveto
98.17166 71.73083 lineto stroke
newpath 113.82094 67.74579 moveto
113.82094 71.73083 lineto stroke
newpath 129.47023 67.74579 moveto
129.47023 71.73083 lineto stroke
newpath 145.1195 67.74579 moveto
145.1195 71.73083 lineto stroke
 0 0.49814 dtransform truncate idtransform setlinewidth pop
newpath 21.91776 9.96262 moveto
17.93271 9.96262 lineto stroke
newpath 21.91776 39.85046 moveto
17.93271 39.85046 lineto stroke
newpath 21.91776 99.62616 moveto
17.93271 99.62616 lineto stroke
newpath 21.91776 129.514 moveto
17.93271 129.514 lineto stroke
newpath 19.92523 129.514 moveto
20.62604 129.49911 21.30829 129.39726 21.91089 129.21758 curveto
22.6798 128.98817 23.32191 128.67122 23.89867 128.32918 curveto
24.6621 127.87633 25.30057 127.37589 25.88432 126.8607 curveto
26.6295 126.20337 27.27315 125.51898 27.86996 124.82487 curveto
28.59874 123.97754 29.24725 123.11362 29.85562 122.2427 curveto
30.57285 121.21614 31.2253 120.17862 31.8434 119.13608 curveto
32.55028 117.9441 33.20396 116.74469 33.82906 115.54147 curveto
34.52773 114.19673 35.18323 112.84651 35.8147 111.49356 curveto
36.5073 110.00941 37.16371 108.52101 37.80035 107.03062 curveto
38.48808 105.42061 39.14601 103.80756 39.78813 102.19283 curveto
40.47069 100.4764 41.12833 98.75754 41.77379 97.03761 curveto
42.45209 95.23042 43.11002 93.42142 43.75945 91.6115 curveto
44.43379 89.73149 45.09233 87.85013 45.74509 85.9683 curveto
46.4167 84.03206 47.07585 82.09474 47.73288 80.15729 curveto
48.40053 78.1885 49.05907 76.21896 49.71852 74.24959 curveto
50.38284 72.2656 51.04169 70.28131 51.70418 68.29718 curveto
52.36545 66.31761 53.02399 64.33774 53.68983 62.35847 curveto
54.34837 60.4011 55.00783 58.44373 55.67761 56.48726 curveto
56.3322 54.57579 56.99074 52.66463 57.66325 50.75467 curveto
58.3145 48.90523 58.97273 47.05624 59.64891 45.20908 curveto
60.29651 43.44035 60.95444 41.6727 61.63487 39.90701 curveto
62.27911 38.23512 62.93706 36.5646 63.62234 34.89682 curveto
64.26143 33.34108 64.91814 31.78716 65.608 30.23688 curveto
66.24222 28.81142 66.89832 27.38838 67.59364 25.97005 curveto
68.2224 24.68764 68.87698 23.4084 69.5796 22.13556 curveto
70.20197 21.00851 70.85533 19.88556 71.56708 18.77173 curveto
72.18031 17.81204 72.83095 16.85843 73.55273 15.91776 curveto
74.15594 15.13167 74.80232 14.35364 75.5387 13.59644 curveto
76.12912 12.98914 76.77034 12.39368 77.52434 11.83334 curveto
78.10323 11.40314 78.7414 10.99132 79.51183 10.64395 curveto
80.09343 10.38173 80.74863 10.15735 81.49747 10.04196 curveto
82.14354 9.9424 82.83371 9.93814 83.48343 10.03194 curveto
84.23044 10.13971 84.88686 10.35771 85.46909 10.61478 curveto
86.2398 10.95499 86.87798 11.36118 87.45656 11.78592 curveto
88.21117 12.34001 88.85178 12.92984 89.4422 13.53168 curveto
90.17888 14.28265 90.82556 15.0546 91.42816 15.83475 curveto
92.15054 16.76996 92.80058 17.7187 93.41382 18.67322 curveto
94.12556 19.78157 94.77924 20.89891 95.40129 22.02065 curveto
96.10422 23.28847 96.7588 24.56297 97.38725 25.84053 curveto
98.08289 27.25461 98.73868 28.67339 99.3729 30.09459 curveto
100.06276 31.64061 100.71947 33.19028 101.35855 34.74176 curveto
102.04414 36.4062 102.70209 38.07338 103.34602 39.74193 curveto
104.02646 41.50487 104.68439 43.26979 105.33199 45.03578 curveto
106.00845 46.88051 106.6667 48.72707 107.31764 50.57408 curveto
107.99046 52.48251 108.6487 54.39215 109.30328 56.3021 curveto
109.97337 58.25734 110.63252 60.2135 111.29106 62.16966 curveto
111.95721 64.14833 112.61575 66.1276 113.27672 68.10655 curveto
113.93951 70.09099 114.59805 72.07558 115.26237 74.05986 curveto
115.92183 76.02986 116.58067 78 117.24802 79.96939 curveto
117.90504 81.90807 118.5642 83.8466 119.23581 85.78406 curveto
119.88887 87.66801 120.5471 89.55151 121.22145 91.43364 curveto
121.87088 93.24614 122.52881 95.05803 123.2071 96.86795 curveto
123.85257 98.59093 124.5105 100.31282 125.19276 102.03229 curveto
125.83488 103.65082 126.49281 105.26799 127.18054 106.88196 curveto
127.81718 108.37628 128.4739 109.86864 129.1662 111.35674 curveto
129.79797 112.71455 130.45317 114.06964 131.15184 115.41925 curveto
131.77724 116.62733 132.43092 117.83162 133.1375 119.02846 curveto
133.75621 120.07631 134.40866 121.1193 135.12527 122.1515 curveto
135.73395 123.02803 136.38246 123.89772 137.11093 124.75099 curveto
137.70805 125.45073 138.3523 126.1406 139.09657 126.80414 curveto
139.68094 127.3251 140.3191 127.83194 141.08223 128.2918 curveto
141.65868 128.63914 142.3005 128.96173 143.07 129.19843 curveto
143.67049 129.38312 144.35213 129.49136 145.05566 129.514 curveto stroke
 0.49814 0 dtransform exch truncate exch idtransform pop setlinewidth
newpath 58.97882 69.73831 moveto
58.97882 49.81308 lineto stroke
 0 0.49814 dtransform truncate idtransform setlinewidth pop
newpath 60.47322 52.80186 moveto
59.53247 52.09631 58.97882 50.98901 58.97882 49.81308 curveto
58.97882 50.98901 58.42517 52.09631 57.48442 52.80186 curveto stroke
 0.49814 0 dtransform exch truncate exch idtransform pop setlinewidth
newpath 66.94879 69.73831 moveto
66.94879 30.88417 lineto stroke
 0 0.49814 dtransform truncate idtransform setlinewidth pop
newpath 68.44319 33.87296 moveto
67.50244 33.1674 66.94879 32.0601 66.94879 30.88417 curveto
66.94879 32.0601 66.39514 33.1674 65.45439 33.87296 curveto stroke
 0.49814 0 dtransform exch truncate exch idtransform pop setlinewidth
newpath 74.71962 69.73831 moveto
74.71962 17.43457 lineto stroke
 0 0.49814 dtransform truncate idtransform setlinewidth pop
newpath 76.21402 20.42336 moveto
75.27327 19.7178 74.71962 18.6105 74.71962 17.43457 curveto
74.71962 18.6105 74.16597 19.7178 73.22522 20.42336 curveto stroke
newpath 51.208 71.23271 moveto
50.81163 71.23271 50.43156 71.07523 50.15132 70.79498 curveto
49.87108 70.51474 49.7136 70.13467 49.7136 69.73831 curveto
49.7136 69.34195 49.87108 68.96188 50.15132 68.68164 curveto
50.43156 68.4014 50.81163 68.24391 51.208 68.24391 curveto
51.60435 68.24391 51.98442 68.4014 52.26466 68.68164 curveto
52.5449 68.96188 52.7024 69.34195 52.7024 69.73831 curveto
52.7024 70.13467 52.5449 70.51474 52.26466 70.79498 curveto
51.98442 71.07523 51.60435 71.23271 51.208 71.23271 curveto closepath fill
newpath 82.49045 11.45702 moveto
82.09409 11.45702 81.71402 11.29953 81.43378 11.01929 curveto
81.15353 10.73904 80.99605 10.35898 80.99605 9.96262 curveto
80.99605 9.56625 81.15353 9.18619 81.43378 8.90594 curveto
81.71402 8.6257 82.09409 8.46822 82.49045 8.46822 curveto
82.88681 8.46822 83.26688 8.6257 83.54712 8.90594 curveto
83.82736 9.18619 83.98485 9.56625 83.98485 9.96262 curveto
83.98485 10.35898 83.82736 10.73904 83.54712 11.01929 curveto
83.26688 11.29953 82.88681 11.45702 82.49045 11.45702 curveto closepath fill
 0.49814 0 dtransform exch truncate exch idtransform pop setlinewidth
newpath 82.49045 69.73831 moveto
82.49045 9.96262 lineto stroke
 0 0.49814 dtransform truncate idtransform setlinewidth pop
newpath 83.98485 12.9514 moveto
83.0441 12.24585 82.49045 11.13855 82.49045 9.96262 curveto
82.49045 11.13855 81.9368 12.24585 80.99605 12.9514 curveto stroke
 0 1.025 dtransform truncate idtransform setlinewidth pop
newpath 51.208 69.78574 moveto
51.8559 67.83566 52.50684 65.88588 53.16081 63.93642 curveto
53.8087 62.00519 54.4563 60.07411 55.11333 58.14363 curveto
55.75818 56.24904 56.40578 54.3546 57.06613 52.46123 curveto
57.70766 50.62196 58.35524 48.78316 59.01865 46.94572 curveto
59.65681 45.17838 60.30411 43.41193 60.97147 41.64731 curveto
61.60599 39.96996 62.25267 38.29366 62.92398 36.61978 curveto
63.55424 35.04793 64.20062 33.47774 64.8765 31.9106 curveto
65.5025 30.45883 66.14827 29.00903 66.8293 27.5635 curveto
67.45015 26.24582 68.0947 24.93086 68.78181 23.62138 curveto
69.39658 22.44994 70.04782 21.28305 70.73463 20.12164 curveto stroke
newpath 70.49959 23.45491 moveto
70.04898 22.36874 70.13606 21.13382 70.73463 20.12164 curveto
70.13606 21.13382 69.09589 21.80511 67.92699 21.93355 curveto stroke
newpath 70.73463 20.12164 moveto
71.3339 19.1019 71.98726 18.09038 72.69414 17.08798 curveto
73.29431 16.23668 73.9346 15.39223 74.65303 14.56418 curveto
75.24255 13.88481 75.87799 13.21518 76.61253 12.57214 curveto
77.1893 12.06744 77.82018 11.57735 78.57205 11.13376 curveto
79.1412 10.79796 79.77481 10.48692 80.53094 10.26088 curveto
81.12564 10.08316 81.79846 9.98071 82.49045 9.96262 curveto stroke
showpage
%%EOF
