%!PS
%%BoundingBox: -1 -1 104 130 
%%HiResBoundingBox: -0.24907 -0.24907 103.86028 129.76308 
%%Creator: MetaPost 2.000
%%CreationDate: 2017.07.04:1542
%%Pages: 1
%%BeginProlog
%%EndProlog
%%Page: 1 1
 0 0 0 setrgbcolor 0 0.49814 dtransform truncate idtransform setlinewidth pop [] 0 setdash 1 setlinecap
 1 setlinejoin 10 setmiterlimit
newpath 0 64.757 moveto
103.6112 64.757 lineto stroke
newpath 98.6299 67.24767 moveto
99.80583 65.67975 101.65132 64.757 103.6112 64.757 curveto
101.65132 64.757 99.80583 63.83426 98.6299 62.26634 curveto stroke
 0.49814 0 dtransform exch truncate exch idtransform pop setlinewidth
newpath 12.9514 0 moveto
12.9514 129.514 lineto stroke
 0 0.49814 dtransform truncate idtransform setlinewidth pop
newpath 10.46074 124.5327 moveto
12.02866 125.70863 12.9514 127.55412 12.9514 129.514 curveto
12.9514 127.55412 13.87415 125.70863 15.44206 124.5327 curveto stroke
 0.49814 0 dtransform exch truncate exch idtransform pop setlinewidth
newpath 33.29547 62.76448 moveto
33.29547 66.74953 lineto stroke
newpath 53.63954 62.76448 moveto
53.63954 66.74953 lineto stroke
newpath 73.98361 62.76448 moveto
73.98361 66.74953 lineto stroke
newpath 94.32768 62.76448 moveto
94.32768 66.74953 lineto stroke
 0 0.49814 dtransform truncate idtransform setlinewidth pop
newpath 14.94392 12.9514 moveto
10.95888 12.9514 lineto stroke
newpath 14.94392 116.5626 moveto
10.95888 116.5626 lineto stroke
newpath 12.9514 118.55513 moveto
12.42293 118.55513 11.91617 118.34517 11.5425 117.97151 curveto
11.16884 117.59784 10.95888 117.09108 10.95888 116.5626 curveto
10.95888 116.03413 11.16884 115.52737 11.5425 115.1537 curveto
11.91617 114.78004 12.42293 114.57008 12.9514 114.57008 curveto
13.47987 114.57008 13.98663 114.78004 14.3603 115.1537 curveto
14.73396 115.52737 14.94392 116.03413 14.94392 116.5626 curveto
14.94392 117.09108 14.73396 117.59784 14.3603 117.97151 curveto
13.98663 118.34517 13.47987 118.55513 12.9514 118.55513 curveto closepath fill
newpath 12.9514 14.94392 moveto
12.42293 14.94392 11.91617 14.73396 11.5425 14.3603 curveto
11.16884 13.98663 10.95888 13.47987 10.95888 12.9514 curveto
10.95888 12.42293 11.16884 11.91617 11.5425 11.5425 curveto
11.91617 11.16884 12.42293 10.95888 12.9514 10.95888 curveto
13.47987 10.95888 13.98663 11.16884 14.3603 11.5425 curveto
14.73396 11.91617 14.94392 12.42293 14.94392 12.9514 curveto
14.94392 13.47987 14.73396 13.98663 14.3603 14.3603 curveto
13.98663 14.73396 13.47987 14.94392 12.9514 14.94392 curveto closepath fill
newpath 33.2852 66.74953 moveto
32.75673 66.74953 32.24997 66.53957 31.8763 66.16591 curveto
31.50264 65.79224 31.29268 65.28548 31.29268 64.757 curveto
31.29268 64.22853 31.50264 63.72177 31.8763 63.3481 curveto
32.24997 62.97444 32.75673 62.76448 33.2852 62.76448 curveto
33.81367 62.76448 34.32043 62.97444 34.6941 63.3481 curveto
35.06776 63.72177 35.27773 64.22853 35.27773 64.757 curveto
35.27773 65.28548 35.06776 65.79224 34.6941 66.16591 curveto
34.32043 66.53957 33.81367 66.74953 33.2852 66.74953 curveto closepath fill
newpath 73.95259 66.74953 moveto
73.42412 66.74953 72.91736 66.53957 72.54369 66.16591 curveto
72.17003 65.79224 71.96007 65.28548 71.96007 64.757 curveto
71.96007 64.22853 72.17003 63.72177 72.54369 63.3481 curveto
72.91736 62.97444 73.42412 62.76448 73.95259 62.76448 curveto
74.48106 62.76448 74.98782 62.97444 75.3615 63.3481 curveto
75.73515 63.72177 75.94511 64.22853 75.94511 64.757 curveto
75.94511 65.28548 75.73515 65.79224 75.3615 66.16591 curveto
74.98782 66.53957 74.48106 66.74953 73.95259 66.74953 curveto closepath fill
newpath 94.28618 118.55513 moveto
93.7577 118.55513 93.25095 118.34517 92.87727 117.97151 curveto
92.50362 117.59784 92.29366 117.09108 92.29366 116.5626 curveto
92.29366 116.03413 92.50362 115.52737 92.87727 115.1537 curveto
93.25095 114.78004 93.7577 114.57008 94.28618 114.57008 curveto
94.81465 114.57008 95.32141 114.78004 95.69508 115.1537 curveto
96.06874 115.52737 96.2787 116.03413 96.2787 116.5626 curveto
96.2787 117.09108 96.06874 117.59784 95.69508 117.97151 curveto
95.32141 118.34517 94.81465 118.55513 94.28618 118.55513 curveto closepath fill
newpath 94.28618 14.94392 moveto
93.7577 14.94392 93.25095 14.73396 92.87727 14.3603 curveto
92.50362 13.98663 92.29366 13.47987 92.29366 12.9514 curveto
92.29366 12.42293 92.50362 11.91617 92.87727 11.5425 curveto
93.25095 11.16884 93.7577 10.95888 94.28618 10.95888 curveto
94.81465 10.95888 95.32141 11.16884 95.69508 11.5425 curveto
96.06874 11.91617 96.2787 12.42293 96.2787 12.9514 curveto
96.2787 13.47987 96.06874 13.98663 95.69508 14.3603 curveto
95.32141 14.73396 94.81465 14.94392 94.28618 14.94392 curveto closepath fill
 0 1.24533 dtransform truncate idtransform setlinewidth pop
newpath 12.9514 12.9514 moveto
13.38637 12.9522 13.82014 12.99567 14.24661 13.08104 curveto
14.6895 13.16977 15.12248 13.30159 15.54164 13.46996 curveto
15.99084 13.65039 16.42284 13.87054 16.83685 14.12132 curveto
17.28981 14.39563 17.72083 14.70432 18.13188 15.0383 curveto
18.5868 15.40785 19.01762 15.80606 19.42711 16.22562 curveto
19.88281 16.6926 20.31345 17.18329 20.72212 17.69197 curveto
21.17824 18.25975 21.60886 18.84708 22.01735 19.45003 curveto
22.47325 20.12292 22.90466 20.81244 23.31276 21.51558 curveto
23.76888 22.30113 24.20049 23.10051 24.60777 23.91234 curveto
25.06429 24.8222 25.49689 25.74391 25.903 26.67747 curveto
26.36069 27.72963 26.79448 28.79224 27.19801 29.86632 curveto
27.65828 31.09138 28.09444 32.32573 28.49324 33.57214 curveto
28.95825 35.02567 29.39934 36.48688 29.78825 37.96252 curveto
30.26335 39.76465 30.71965 41.57231 31.08348 43.40031 curveto
31.58366 45.91408 32.01547 48.44087 32.37851 50.97797 curveto stroke
newpath 75.11816 49.43176 moveto
75.48337 47.09804 75.90944 44.77419 76.396 42.4628 curveto
76.7618 40.7245 77.20782 39.0046 77.67383 37.29062 curveto
78.05998 35.8699 78.49416 34.46303 78.95164 33.06386 curveto
79.3463 31.85718 79.77614 30.66235 80.22948 29.47661 curveto
80.62848 28.43297 81.05634 27.40079 81.5075 26.37868 curveto
81.90868 25.4698 82.33534 24.5726 82.78532 23.68706 curveto
83.1877 22.89519 83.61357 22.11555 84.06316 21.34958 curveto
84.46611 20.66304 84.8916 19.98993 85.34119 19.33304 curveto
85.74434 18.74393 86.16942 18.17003 86.61902 17.6153 curveto
87.02255 17.1173 87.44745 16.63687 87.89684 16.17976 curveto
88.30118 15.76851 88.72607 15.3778 89.17487 15.01537 curveto
89.58058 14.68752 90.00607 14.38457 90.4527 14.115 curveto
90.86157 13.86836 91.28766 13.65138 91.73053 13.47313 curveto
92.14435 13.30653 92.57141 13.17511 93.00835 13.08578 curveto
93.4289 12.99982 93.85695 12.95496 94.28618 12.9514 curveto stroke
newpath 12.9514 116.5626 moveto
13.37807 116.56181 13.80374 116.51991 14.2223 116.43771 curveto
14.6565 116.35234 15.08138 116.22527 15.49323 116.06302 curveto
15.93333 115.88951 16.35722 115.67766 16.76393 115.43616 curveto
17.208 115.17253 17.6311 114.8757 18.03485 114.55397 curveto
18.48088 114.19864 18.9034 113.81506 19.30576 113.41092 curveto
19.7524 112.96211 20.17531 112.49019 20.57668 112.00069 curveto
21.0237 111.45564 21.44621 110.89104 21.84738 110.3114 curveto
22.2942 109.66577 22.71732 109.00394 23.1183 108.32886 curveto
23.56532 107.57591 23.98883 106.80952 24.3892 106.0309 curveto
24.83662 105.16057 25.26073 104.27858 25.66013 103.38513 curveto
26.10852 102.38199 26.53381 101.36877 26.93083 100.3441 curveto
27.38141 99.18169 27.80847 98.01018 28.20175 96.82721 curveto
28.65608 95.46065 29.0871 94.08618 29.47266 92.69849 curveto
29.9347 91.0349 30.37599 89.36517 30.74358 87.67807 curveto
31.22379 85.47458 31.74907 83.27722 32.01428 81.03716 curveto
32.59767 76.11182 33.02136 71.16907 33.2852 66.21625 curveto stroke
newpath 73.99132 66.0368 moveto
74.25278 71.03864 74.67569 76.03099 75.25966 81.00554 curveto
75.5225 83.24579 76.04877 85.44296 76.5282 87.64645 curveto
76.89499 89.33237 77.3353 91.0011 77.79654 92.6637 curveto
78.18152 94.05101 78.61154 95.42528 79.06508 96.79164 curveto
79.45757 97.97421 79.88383 99.14493 80.33342 100.30696 curveto
80.72986 101.33144 81.15436 102.34483 81.60196 103.34798 curveto
82.00038 104.24103 82.42387 105.12282 82.87032 105.99295 curveto
83.2699 106.77199 83.69261 107.53896 84.13885 108.2925 curveto
84.53903 108.96817 84.96115 109.6304 85.4072 110.27663 curveto
85.80757 110.85684 86.22949 111.42224 86.67554 111.96828 curveto
87.07631 112.45877 87.49823 112.93169 87.94408 113.38167 curveto
88.34564 113.787 88.76717 114.17177 89.21242 114.52867 curveto
89.61537 114.85179 90.03789 115.15 90.48096 115.4156 curveto
90.88687 115.65887 91.30978 115.87311 91.7493 116.04878 curveto
92.16016 116.21301 92.58426 116.34186 93.01784 116.42981 curveto
93.43541 116.51439 93.8601 116.55885 94.28618 116.5626 curveto stroke
showpage
%%EOF
