%!PS
%%BoundingBox: 74 56 200 115 
%%HiResBoundingBox: 74.47116 56.2388 199.50139 114.81915 
%%Creator: MetaPost 2.000
%%CreationDate: 2017.07.04:1542
%%Pages: 1
%%BeginProlog
%%EndProlog
%%Page: 1 1
 0 0 0 setrgbcolor 0 0.49814 dtransform truncate idtransform setlinewidth pop [] 0 setdash 1 setlinecap
 1 setlinejoin 10 setmiterlimit
newpath 99.62616 99.62616 moveto
199.25232 99.62616 lineto stroke
newpath 196.26353 101.12056 moveto
196.96909 100.17981 198.07639 99.62616 199.25232 99.62616 curveto
198.07639 99.62616 196.96909 99.07251 196.26353 98.13176 curveto stroke
 0.49814 0 dtransform exch truncate exch idtransform pop setlinewidth
newpath 119.55139 97.63364 moveto
119.55139 101.61868 lineto stroke
newpath 139.47662 97.63364 moveto
139.47662 101.61868 lineto stroke
newpath 159.40186 97.63364 moveto
159.40186 101.61868 lineto stroke
newpath 179.32709 97.63364 moveto
179.32709 101.61868 lineto stroke
 0 0.49814 dtransform truncate idtransform setlinewidth pop
newpath 99.62616 99.62616 moveto
98.58827 97.82852 lineto stroke
newpath 96.51291 94.23389 moveto
94.43759 90.63934 lineto stroke
newpath 92.36182 87.04396 moveto
90.28636 83.44917 lineto stroke
newpath 88.21107 79.85466 moveto
86.13525 76.2592 lineto stroke
newpath 84.05995 72.6647 moveto
81.98427 69.06947 lineto stroke
newpath 79.90884 65.47476 moveto
77.83353 61.88019 lineto stroke
newpath 75.75812 58.2855 moveto
74.72023 56.48787 lineto stroke
newpath 87.07559 83.8653 moveto
92.25209 80.87663 lineto stroke
newpath 77.11328 66.60979 moveto
82.28978 63.62112 lineto stroke
newpath 99.62616 101.12056 moveto
99.2298 101.12056 98.84973 100.96307 98.56949 100.68283 curveto
98.28925 100.40259 98.13176 100.02252 98.13176 99.62616 curveto
98.13176 99.2298 98.28925 98.84973 98.56949 98.56949 curveto
98.84973 98.28925 99.2298 98.13176 99.62616 98.13176 curveto
100.02252 98.13176 100.40259 98.28925 100.68283 98.56949 curveto
100.96307 98.84973 101.12056 99.2298 101.12056 99.62616 curveto
101.12056 100.02252 100.96307 100.40259 100.68283 100.68283 curveto
100.40259 100.96307 100.02252 101.12056 99.62616 101.12056 curveto closepath fill
newpath 79.70093 66.65 moveto
79.30457 66.65 78.9245 66.49251 78.64426 66.21227 curveto
78.36401 65.93202 78.20653 65.55196 78.20653 65.1556 curveto
78.20653 64.75923 78.36401 64.37917 78.64426 64.09892 curveto
78.9245 63.81868 79.30457 63.6612 79.70093 63.6612 curveto
80.09729 63.6612 80.47736 63.81868 80.7576 64.09892 curveto
81.03784 64.37917 81.19533 64.75923 81.19533 65.1556 curveto
81.19533 65.55196 81.03784 65.93202 80.7576 66.21227 curveto
80.47736 66.49251 80.09729 66.65 79.70093 66.65 curveto closepath fill
newpath 114.51323 100.92865 moveto
114.47552 101.3619 114.41837 101.79301 114.34297 102.2214 curveto
114.26756 102.64949 114.17332 103.07361 114.06082 103.49348 curveto
113.94833 103.91367 113.8176 104.32867 113.66893 104.73729 curveto
113.52025 105.14592 113.35333 105.54785 113.1697 105.94188 curveto
112.98607 106.3356 112.7857 106.72142 112.56831 107.09782 curveto
112.35094 107.47452 112.11682 107.84119 111.86752 108.19751 curveto
111.6179 108.55385 111.35309 108.89893 111.07368 109.23215 curveto
110.79428 109.56537 110.50027 109.88612 110.19289 110.1935 curveto
109.88582 110.50058 109.56506 110.79457 109.23215 111.07368 curveto
108.89893 111.35309 108.55414 111.61821 108.19781 111.86752 curveto
107.84149 112.11713 107.47452 112.35094 107.09782 112.56831 curveto
106.72142 112.7854 106.3359 112.98607 105.94218 113.1697 curveto
105.54785 113.35333 105.14592 113.52025 104.73729 113.66893 curveto
104.32867 113.8176 103.91367 113.94833 103.49379 114.06082 curveto
103.07391 114.17332 102.64978 114.26756 102.22171 114.34297 curveto
101.79332 114.41837 101.3619 114.47552 100.92865 114.51323 curveto
100.49539 114.55124 100.06062 114.57008 99.62585 114.57008 curveto
99.19109 114.57008 98.75632 114.55124 98.32306 114.51323 curveto
97.89043 114.47552 97.4593 114.41867 97.03152 114.34328 curveto
96.60313 114.26787 96.1784 114.17361 95.75822 114.06082 curveto
95.33835 113.94803 94.92336 113.81729 94.51472 113.66862 curveto
94.1064 113.51994 93.70447 113.35364 93.31075 113.17 curveto
92.91672 112.98636 92.5306 112.7854 92.15419 112.56801 curveto
91.7775 112.35063 91.41083 112.11652 91.0545 111.86722 curveto
90.69847 111.6179 90.3534 111.3534 90.02048 111.07399 curveto
89.68726 110.79457 89.3665 110.50058 89.05913 110.19319 curveto
88.75174 109.88582 88.45775 109.56506 88.17833 109.23184 curveto
87.89893 108.89893 87.63441 108.55385 87.3851 108.19781 curveto
87.1358 107.84149 86.902 107.47513 86.68462 107.09842 curveto
86.46722 106.72173 86.26625 106.3356 86.08232 105.94157 curveto
85.89868 105.54755 85.73207 105.14561 85.58339 104.73698 curveto
85.43472 104.32867 85.30399 103.91397 85.1915 103.4941 curveto
85.079 103.07391 84.98476 102.64919 84.90935 102.2211 curveto
84.83395 101.79271 84.7771 101.36159 84.73909 100.92834 curveto
84.70108 100.49539 84.68224 100.06093 84.68224 99.62646 curveto
84.68224 99.1917 84.70108 98.75693 84.73909 98.32367 curveto
84.7768 97.89043 84.83395 97.4593 84.90935 97.03091 curveto
84.98476 96.60283 85.079 96.17871 85.1915 95.75883 curveto
85.30399 95.33865 85.43472 94.92365 85.58339 94.51503 curveto
85.73207 94.1064 85.89899 93.70447 86.08263 93.31044 curveto
86.26656 92.91641 86.46722 92.53029 86.68462 92.1536 curveto
86.902 91.77719 87.1355 91.41083 87.3848 91.05481 curveto
87.63441 90.69847 87.89923 90.3534 88.17863 90.02017 curveto
88.45804 89.68695 88.75204 89.3662 89.05943 89.05882 curveto
89.3665 88.75174 89.68726 88.45775 90.02017 88.17863 curveto
90.3534 87.89923 90.69818 87.63441 91.0545 87.3848 curveto stroke
newpath 89.46402 90.3236 moveto
89.50212 89.14828 90.09138 88.0595 91.0545 87.3848 curveto
90.09138 88.0595 88.8668 88.24136 87.74918 87.87569 curveto stroke
 0 1.05 dtransform truncate idtransform setlinewidth pop
newpath 99.62616 99.62616 moveto
79.70093 65.1556 lineto stroke
newpath 82.49045 66.99533 moveto
81.32289 66.85527 80.28941 66.17368 79.70093 65.1556 curveto
80.28941 66.17368 80.36421 67.40941 79.90283 68.49106 curveto stroke
showpage
%%EOF
