%!PS
%%BoundingBox: -1 -1 150 150 
%%HiResBoundingBox: -0.24907 -0.24907 149.68831 149.68831 
%%Creator: MetaPost 2.000
%%CreationDate: 2017.07.04:1542
%%Pages: 1
%%BeginProlog
%%EndProlog
%%Page: 1 1
 0 0 0 setrgbcolor 0 0.49814 dtransform truncate idtransform setlinewidth pop [] 0 setdash 1 setlinecap
 1 setlinejoin 10 setmiterlimit
newpath 0 74.71962 moveto
149.43924 74.71962 lineto stroke
newpath 144.45793 77.21028 moveto
145.63387 75.64236 147.47935 74.71962 149.43924 74.71962 curveto
147.47935 74.71962 145.63387 73.79688 144.45793 72.22896 curveto stroke
 0.49814 0 dtransform exch truncate exch idtransform pop setlinewidth
newpath 74.71962 0 moveto
74.71962 149.43924 lineto stroke
 0 0.49814 dtransform truncate idtransform setlinewidth pop
newpath 72.22896 144.45793 moveto
73.79688 145.63387 74.71962 147.47935 74.71962 149.43924 curveto
74.71962 147.47935 75.64236 145.63387 77.21028 144.45793 curveto stroke
 0.49814 0 dtransform exch truncate exch idtransform pop setlinewidth
newpath 14.94392 72.7271 moveto
14.94392 76.71214 lineto stroke
newpath 134.49532 72.7271 moveto
134.49532 76.71214 lineto stroke
 0 0.49814 dtransform truncate idtransform setlinewidth pop
newpath 76.71214 14.94392 moveto
72.7271 14.94392 lineto stroke
newpath 76.71214 134.49532 moveto
72.7271 134.49532 lineto stroke
 0 1.24533 dtransform truncate idtransform setlinewidth pop
newpath 74.71962 74.71962 moveto
80.60246 68.837 86.98743 63.4793 93.80244 58.7074 curveto
96.6571 56.70851 100.0157 55.64478 103.35583 54.66837 curveto
105.94142 53.91246 108.63281 53.62218 111.32558 53.58524 curveto
113.63115 53.55377 115.92303 53.88988 118.15518 54.46588 curveto
120.1632 54.98395 122.07906 55.80075 123.88138 56.82571 curveto
125.556 57.77818 127.08333 58.96597 128.4517 60.32205 curveto
129.7519 61.61063 130.86446 63.0741 131.78409 64.65683 curveto
132.67499 66.19008 133.35268 67.83711 133.81398 69.54935 curveto
134.2682 71.23515 134.49532 72.97385 134.49532 74.71962 curveto
134.49532 76.4654 134.2682 78.20409 133.81398 79.8899 curveto
133.35268 81.60213 132.67499 83.24916 131.78409 84.78241 curveto
130.86446 86.36514 129.7519 87.82861 128.4517 89.11719 curveto
127.08333 90.47327 125.556 91.66106 123.88138 92.61353 curveto
122.07906 93.63849 120.1632 94.45529 118.15518 94.97336 curveto
115.92303 95.54936 113.63115 95.88547 111.32558 95.854 curveto
108.63281 95.81706 105.94142 95.52678 103.35583 94.77087 curveto
100.0157 93.79446 96.6571 92.73073 93.80244 90.73184 curveto
86.98743 85.95995 80.60246 80.60223 74.71962 74.71962 curveto stroke
newpath 74.71962 74.71962 moveto
68.83678 80.60223 62.45181 85.95995 55.6368 90.73184 curveto
52.78214 92.73073 49.42354 93.79446 46.0834 94.77087 curveto
43.49782 95.52678 40.80643 95.81706 38.11366 95.854 curveto
35.80809 95.88547 33.5162 95.54936 31.28406 94.97336 curveto
29.27605 94.45529 27.36018 93.63849 25.55786 92.61353 curveto
23.88324 91.66106 22.35591 90.47327 20.98753 89.11719 curveto
19.68733 87.82861 18.57478 86.36514 17.65515 84.78241 curveto
16.76425 83.24916 16.08656 81.60213 15.62526 79.8899 curveto
15.17104 78.20409 14.94392 76.4654 14.94392 74.71962 curveto
14.94392 72.97385 15.17104 71.23515 15.62526 69.54935 curveto
16.08656 67.83711 16.76425 66.19008 17.65515 64.65683 curveto
18.57478 63.0741 19.68733 61.61063 20.98753 60.32205 curveto
22.35591 58.96597 23.88324 57.77818 25.55786 56.82571 curveto
27.36018 55.80075 29.27605 54.98395 31.28406 54.46588 curveto
33.5162 53.88988 35.80809 53.55377 38.11366 53.58524 curveto
40.80643 53.62218 43.49782 53.91246 46.0834 54.66837 curveto
49.42354 55.64478 52.78214 56.70851 55.6368 58.7074 curveto
62.45181 63.4793 68.83678 68.837 74.71962 74.71962 curveto stroke
newpath 95.85036 74.71962 moveto
95.85036 80.32405 93.62367 85.6984 89.66104 89.66104 curveto
85.6984 93.62367 80.32405 95.85036 74.71962 95.85036 curveto
69.11519 95.85036 63.74084 93.62367 59.7782 89.66104 curveto
55.81557 85.6984 53.58888 80.32405 53.58888 74.71962 curveto
53.58888 69.11519 55.81557 63.74084 59.7782 59.7782 curveto
63.74084 55.81557 69.11519 53.58888 74.71962 53.58888 curveto
80.32405 53.58888 85.6984 55.81557 89.66104 59.7782 curveto
93.62367 63.74084 95.85036 69.11519 95.85036 74.71962 curveto closepath stroke
showpage
%%EOF
