%!PS
%%BoundingBox: 60 5 150 93 
%%HiResBoundingBox: 60.12825 5.97755 149.68831 92.60037 
%%Creator: MetaPost 2.000
%%CreationDate: 2017.07.04:1542
%%Pages: 1
%%BeginProlog
%%EndProlog
%%Page: 1 1
 0 0 0 setrgbcolor 0 0.49814 dtransform truncate idtransform setlinewidth pop [] 0 setdash 1 setlinecap
 1 setlinejoin 10 setmiterlimit
newpath 74.71962 74.71962 moveto
149.43924 74.71962 lineto stroke
newpath 146.45045 76.21402 moveto
147.156 75.27327 148.2633 74.71962 149.43924 74.71962 curveto
148.2633 74.71962 147.156 74.16597 146.45045 73.22522 curveto stroke
newpath 74.71962 76.21402 moveto
74.32326 76.21402 73.94319 76.05653 73.66295 75.77629 curveto
73.3827 75.49605 73.22522 75.11598 73.22522 74.71962 curveto
73.22522 74.32326 73.3827 73.94319 73.66295 73.66295 curveto
73.94319 73.3827 74.32326 73.22522 74.71962 73.22522 curveto
75.11598 73.22522 75.49605 73.3827 75.77629 73.66295 curveto
76.05653 73.94319 76.21402 74.32326 76.21402 74.71962 curveto
76.21402 75.11598 76.05653 75.49605 75.77629 75.77629 curveto
75.49605 76.05653 75.11598 76.21402 74.71962 76.21402 curveto closepath fill
newpath 74.71962 8.96635 moveto
74.32326 8.96635 73.94319 8.80887 73.66295 8.52863 curveto
73.3827 8.24838 73.22522 7.86832 73.22522 7.47195 curveto
73.22522 7.07559 73.3827 6.69553 73.66295 6.41528 curveto
73.94319 6.13504 74.32326 5.97755 74.71962 5.97755 curveto
75.11598 5.97755 75.49605 6.13504 75.77629 6.41528 curveto
76.05653 6.69553 76.21402 7.07559 76.21402 7.47195 curveto
76.21402 7.86832 76.05653 8.24838 75.77629 8.52863 curveto
75.49605 8.80887 75.11598 8.96635 74.71962 8.96635 curveto closepath fill
newpath 82.44066 74.71962 moveto
82.44066 74.78568 82.41441 74.84903 82.3677 74.89574 curveto
82.321 74.94244 82.25764 74.96869 82.19159 74.96869 curveto
82.12553 74.96869 82.06218 74.94244 82.01547 74.89574 curveto
81.96877 74.84903 81.94252 74.78568 81.94252 74.71962 curveto
81.94252 74.65356 81.96877 74.59021 82.01547 74.5435 curveto
82.06218 74.4968 82.12553 74.47055 82.19159 74.47055 curveto
82.25764 74.47055 82.321 74.4968 82.3677 74.5435 curveto
82.41441 74.59021 82.44066 74.65356 82.44066 74.71962 curveto closepath fill
newpath 82.6729 71.72797 moveto
82.6729 71.79402 82.64665 71.85738 82.59995 71.90408 curveto
82.55324 71.95079 82.48988 71.97704 82.42383 71.97704 curveto
82.35777 71.97704 82.29442 71.95079 82.24771 71.90408 curveto
82.201 71.85738 82.17476 71.79402 82.17476 71.72797 curveto
82.17476 71.66191 82.201 71.59856 82.24771 71.55185 curveto
82.29442 71.50514 82.35777 71.4789 82.42383 71.4789 curveto
82.48988 71.4789 82.55324 71.50514 82.59995 71.55185 curveto
82.64665 71.59856 82.6729 71.66191 82.6729 71.72797 curveto closepath fill
newpath 81.78732 68.85779 moveto
81.78732 68.92384 81.76108 68.9872 81.71437 69.0339 curveto
81.66766 69.08061 81.60431 69.10686 81.53825 69.10686 curveto
81.4722 69.10686 81.40884 69.08061 81.36214 69.0339 curveto
81.31543 68.9872 81.28918 68.92384 81.28918 68.85779 curveto
81.28918 68.79173 81.31543 68.72838 81.36214 68.68167 curveto
81.40884 68.63496 81.4722 68.60872 81.53825 68.60872 curveto
81.60431 68.60872 81.66766 68.63496 81.71437 68.68167 curveto
81.76108 68.72838 81.78732 68.79173 81.78732 68.85779 curveto closepath fill
newpath 79.98187 66.45369 moveto
79.98187 66.51974 79.95563 66.5831 79.90892 66.6298 curveto
79.86221 66.67651 79.79886 66.70276 79.7328 66.70276 curveto
79.66675 66.70276 79.6034 66.67651 79.55669 66.6298 curveto
79.50998 66.5831 79.48373 66.51974 79.48373 66.45369 curveto
79.48373 66.38763 79.50998 66.32428 79.55669 66.27757 curveto
79.6034 66.23087 79.66675 66.20462 79.7328 66.20462 curveto
79.79886 66.20462 79.86221 66.23087 79.90892 66.27757 curveto
79.95563 66.32428 79.98187 66.38763 79.98187 66.45369 curveto closepath fill
newpath 77.51096 64.73778 moveto
77.51096 64.80383 77.48471 64.86719 77.438 64.9139 curveto
77.3913 64.9606 77.32794 64.98685 77.26189 64.98685 curveto
77.19583 64.98685 77.13248 64.9606 77.08577 64.9139 curveto
77.03906 64.86719 77.01282 64.80383 77.01282 64.73778 curveto
77.01282 64.67172 77.03906 64.60837 77.08577 64.56166 curveto
77.13248 64.51495 77.19583 64.48871 77.26189 64.48871 curveto
77.32794 64.48871 77.3913 64.51495 77.438 64.56166 curveto
77.48471 64.60837 77.51096 64.67172 77.51096 64.73778 curveto closepath fill
newpath 74.64264 63.82616 moveto
74.64264 63.89221 74.6164 63.95557 74.56969 64.00227 curveto
74.52298 64.04898 74.45963 64.07523 74.39357 64.07523 curveto
74.32751 64.07523 74.26416 64.04898 74.21745 64.00227 curveto
74.17075 63.95557 74.1445 63.89221 74.1445 63.82616 curveto
74.1445 63.7601 74.17075 63.69675 74.21745 63.65004 curveto
74.26416 63.60333 74.32751 63.57709 74.39357 63.57709 curveto
74.45963 63.57709 74.52298 63.60333 74.56969 63.65004 curveto
74.6164 63.69675 74.64264 63.7601 74.64264 63.82616 curveto closepath fill
newpath 71.63252 63.74948 moveto
71.63252 63.81554 71.60628 63.87889 71.55957 63.9256 curveto
71.51286 63.9723 71.44951 63.99855 71.38345 63.99855 curveto
71.3174 63.99855 71.25404 63.9723 71.20734 63.9256 curveto
71.16063 63.87889 71.13438 63.81554 71.13438 63.74948 curveto
71.13438 63.68343 71.16063 63.62007 71.20734 63.57336 curveto
71.25404 63.52666 71.3174 63.50041 71.38345 63.50041 curveto
71.44951 63.50041 71.51286 63.52666 71.55957 63.57336 curveto
71.60628 63.62007 71.63252 63.68343 71.63252 63.74948 curveto closepath fill
newpath 68.7087 64.4723 moveto
68.7087 64.53836 68.68245 64.60172 68.63574 64.64842 curveto
68.58904 64.69513 68.52568 64.72137 68.45963 64.72137 curveto
68.39357 64.72137 68.33022 64.69513 68.28351 64.64842 curveto
68.2368 64.60172 68.21056 64.53836 68.21056 64.4723 curveto
68.21056 64.40625 68.2368 64.3429 68.28351 64.29619 curveto
68.33022 64.24948 68.39357 64.22324 68.45963 64.22324 curveto
68.52568 64.22324 68.58904 64.24948 68.63574 64.29619 curveto
68.68245 64.3429 68.7087 64.40625 68.7087 64.4723 curveto closepath fill
newpath 66.06187 65.91052 moveto
66.06187 65.97658 66.03563 66.03993 65.98892 66.08664 curveto
65.94221 66.13335 65.87886 66.15959 65.8128 66.15959 curveto
65.74675 66.15959 65.6834 66.13335 65.63669 66.08664 curveto
65.58998 66.03993 65.56374 65.97658 65.56374 65.91052 curveto
65.56374 65.84447 65.58998 65.78111 65.63669 65.7344 curveto
65.6834 65.6877 65.74675 65.66145 65.8128 65.66145 curveto
65.87886 65.66145 65.94221 65.6877 65.98892 65.7344 curveto
66.03563 65.78111 66.06187 65.84447 66.06187 65.91052 curveto closepath fill
newpath 63.8412 67.9469 moveto
63.8412 68.01295 63.81496 68.07631 63.76825 68.12302 curveto
63.72154 68.16972 63.65819 68.19597 63.59213 68.19597 curveto
63.52608 68.19597 63.46272 68.16972 63.41602 68.12302 curveto
63.36931 68.07631 63.34306 68.01295 63.34306 67.9469 curveto
63.34306 67.88084 63.36931 67.81749 63.41602 67.77078 curveto
63.46272 67.72408 63.52608 67.69783 63.59213 67.69783 curveto
63.65819 67.69783 63.72154 67.72408 63.76825 67.77078 curveto
63.81496 67.81749 63.8412 67.88084 63.8412 67.9469 curveto closepath fill
newpath 62.15555 70.44495 moveto
62.15555 70.511 62.1293 70.57436 62.0826 70.62106 curveto
62.03589 70.66777 61.97253 70.69402 61.90648 70.69402 curveto
61.84042 70.69402 61.77707 70.66777 61.73036 70.62106 curveto
61.68365 70.57436 61.65741 70.511 61.65741 70.44495 curveto
61.65741 70.37889 61.68365 70.31554 61.73036 70.26883 curveto
61.77707 70.22212 61.84042 70.19588 61.90648 70.19588 curveto
61.97253 70.19588 62.03589 70.22212 62.0826 70.26883 curveto
62.1293 70.31554 62.15555 70.37889 62.15555 70.44495 curveto closepath fill
newpath 61.07286 73.25815 moveto
61.07286 73.3242 61.04662 73.38756 60.99991 73.43427 curveto
60.9532 73.48097 60.88985 73.50722 60.82379 73.50722 curveto
60.75774 73.50722 60.69438 73.48097 60.64767 73.43427 curveto
60.60097 73.38756 60.57472 73.3242 60.57472 73.25815 curveto
60.57472 73.1921 60.60097 73.12874 60.64767 73.08203 curveto
60.69438 73.03532 60.75774 73.00908 60.82379 73.00908 curveto
60.88985 73.00908 60.9532 73.03532 60.99991 73.08203 curveto
61.04662 73.12874 61.07286 73.1921 61.07286 73.25815 curveto closepath fill
newpath 60.62639 76.23958 moveto
60.62639 76.30563 60.60014 76.36899 60.55344 76.4157 curveto
60.50673 76.4624 60.44337 76.48865 60.37732 76.48865 curveto
60.31126 76.48865 60.24791 76.4624 60.2012 76.4157 curveto
60.1545 76.36899 60.12825 76.30563 60.12825 76.23958 curveto
60.12825 76.17352 60.1545 76.11017 60.2012 76.06346 curveto
60.24791 76.01675 60.31126 75.99051 60.37732 75.99051 curveto
60.44337 75.99051 60.50673 76.01675 60.55344 76.06346 curveto
60.60014 76.11017 60.62639 76.17352 60.62639 76.23958 curveto closepath fill
newpath 60.81575 79.24846 moveto
60.81575 79.31451 60.7895 79.37787 60.7428 79.42458 curveto
60.69609 79.47128 60.63274 79.49753 60.56668 79.49753 curveto
60.50063 79.49753 60.43727 79.47128 60.39056 79.42458 curveto
60.34386 79.37787 60.31761 79.31451 60.31761 79.24846 curveto
60.31761 79.1824 60.34386 79.11905 60.39056 79.07234 curveto
60.43727 79.02563 60.50063 78.99939 60.56668 78.99939 curveto
60.63274 78.99939 60.69609 79.02563 60.7428 79.07234 curveto
60.7895 79.11905 60.81575 79.1824 60.81575 79.24846 curveto closepath fill
newpath 61.61539 82.15614 moveto
61.61539 82.2222 61.58914 82.28555 61.54243 82.33226 curveto
61.49573 82.37897 61.43237 82.40521 61.36632 82.40521 curveto
61.30026 82.40521 61.23691 82.37897 61.1902 82.33226 curveto
61.1435 82.28555 61.11725 82.2222 61.11725 82.15614 curveto
61.11725 82.09009 61.1435 82.02673 61.1902 81.98003 curveto
61.23691 81.93332 61.30026 81.90707 61.36632 81.90707 curveto
61.43237 81.90707 61.49573 81.93332 61.54243 81.98003 curveto
61.58914 82.02673 61.61539 82.09009 61.61539 82.15614 curveto closepath fill
newpath 62.97519 84.8477 moveto
62.97519 84.91376 62.94894 84.97711 62.90224 85.02382 curveto
62.85553 85.07053 62.79218 85.09677 62.72612 85.09677 curveto
62.66006 85.09677 62.59671 85.07053 62.55 85.02382 curveto
62.5033 84.97711 62.47705 84.91376 62.47705 84.8477 curveto
62.47705 84.78165 62.5033 84.71829 62.55 84.67159 curveto
62.59671 84.62488 62.66006 84.59863 62.72612 84.59863 curveto
62.79218 84.59863 62.85553 84.62488 62.90224 84.67159 curveto
62.94894 84.71829 62.97519 84.78165 62.97519 84.8477 curveto closepath fill
newpath 64.82892 87.22664 moveto
64.82892 87.2927 64.80267 87.35605 64.75597 87.40276 curveto
64.70926 87.44946 64.6459 87.47571 64.57985 87.47571 curveto
64.5138 87.47571 64.45044 87.44946 64.40373 87.40276 curveto
64.35703 87.35605 64.33078 87.2927 64.33078 87.22664 curveto
64.33078 87.16058 64.35703 87.09723 64.40373 87.05052 curveto
64.45044 87.00381 64.5138 86.97757 64.57985 86.97757 curveto
64.6459 86.97757 64.70926 87.00381 64.75597 87.05052 curveto
64.80267 87.09723 64.82892 87.16058 64.82892 87.22664 curveto closepath fill
newpath 67.09709 89.21431 moveto
67.09709 89.28036 67.07085 89.34372 67.02414 89.39043 curveto
66.97743 89.43713 66.91408 89.46338 66.84802 89.46338 curveto
66.78197 89.46338 66.71861 89.43713 66.6719 89.39043 curveto
66.6252 89.34372 66.59895 89.28036 66.59895 89.21431 curveto
66.59895 89.14825 66.6252 89.0849 66.6719 89.0382 curveto
66.71861 88.99149 66.78197 88.96524 66.84802 88.96524 curveto
66.91408 88.96524 66.97743 88.99149 67.02414 89.0382 curveto
67.07085 89.0849 67.09709 89.14825 67.09709 89.21431 curveto closepath fill
newpath 69.69179 90.75195 moveto
69.69179 90.81801 69.66554 90.88136 69.61884 90.92807 curveto
69.57213 90.97478 69.50877 91.00102 69.44272 91.00102 curveto
69.37666 91.00102 69.31331 90.97478 69.2666 90.92807 curveto
69.2199 90.88136 69.19365 90.81801 69.19365 90.75195 curveto
69.19365 90.6859 69.2199 90.62254 69.2666 90.57584 curveto
69.31331 90.52913 69.37666 90.50288 69.44272 90.50288 curveto
69.50877 90.50288 69.57213 90.52913 69.61884 90.57584 curveto
69.66554 90.62254 69.69179 90.6859 69.69179 90.75195 curveto closepath fill
newpath 72.52089 91.79945 moveto
72.52089 91.86551 72.49464 91.92886 72.44794 91.97557 curveto
72.40123 92.02228 72.33788 92.04852 72.27182 92.04852 curveto
72.20576 92.04852 72.14241 92.02228 72.0957 91.97557 curveto
72.049 91.92886 72.02275 91.86551 72.02275 91.79945 curveto
72.02275 91.7334 72.049 91.67004 72.0957 91.62334 curveto
72.14241 91.57663 72.20576 91.55038 72.27182 91.55038 curveto
72.33788 91.55038 72.40123 91.57663 72.44794 91.62334 curveto
72.49464 91.67004 72.52089 91.7334 72.52089 91.79945 curveto closepath fill
newpath 75.48972 92.33415 moveto
75.48972 92.4002 75.46347 92.46356 75.41676 92.51027 curveto
75.37006 92.55698 75.3067 92.58322 75.24065 92.58322 curveto
75.17459 92.58322 75.11124 92.55698 75.06453 92.51027 curveto
75.01782 92.46356 74.99158 92.4002 74.99158 92.33415 curveto
74.99158 92.2681 75.01782 92.20474 75.06453 92.15804 curveto
75.11124 92.11133 75.17459 92.08508 75.24065 92.08508 curveto
75.3067 92.08508 75.37006 92.11133 75.41676 92.15804 curveto
75.46347 92.20474 75.48972 92.2681 75.48972 92.33415 curveto closepath fill
newpath 78.50647 92.3513 moveto
78.50647 92.41736 78.48022 92.48071 78.43352 92.52742 curveto
78.38681 92.57413 78.32346 92.60037 78.2574 92.60037 curveto
78.19135 92.60037 78.12799 92.57413 78.08128 92.52742 curveto
78.03458 92.48071 78.00833 92.41736 78.00833 92.3513 curveto
78.00833 92.28525 78.03458 92.2219 78.08128 92.17519 curveto
78.12799 92.12848 78.19135 92.10223 78.2574 92.10223 curveto
78.32346 92.10223 78.38681 92.12848 78.43352 92.17519 curveto
78.48022 92.2219 78.50647 92.28525 78.50647 92.3513 curveto closepath fill
newpath 81.4829 91.8599 moveto
81.4829 91.92595 81.45665 91.9893 81.40994 92.03601 curveto
81.36324 92.08272 81.29988 92.10896 81.23383 92.10896 curveto
81.16777 92.10896 81.10442 92.08272 81.05771 92.03601 curveto
81.011 91.9893 80.98476 91.92595 80.98476 91.8599 curveto
80.98476 91.79384 81.011 91.73048 81.05771 91.68378 curveto
81.10442 91.63707 81.16777 91.61082 81.23383 91.61082 curveto
81.29988 91.61082 81.36324 91.63707 81.40994 91.68378 curveto
81.45665 91.73048 81.4829 91.79384 81.4829 91.8599 curveto closepath fill
newpath 84.33775 90.8842 moveto
84.33775 90.95026 84.31151 91.01361 84.2648 91.06032 curveto
84.2181 91.10703 84.15474 91.13327 84.08868 91.13327 curveto
84.02263 91.13327 83.95927 91.10703 83.91257 91.06032 curveto
83.86586 91.01361 83.83961 90.95026 83.83961 90.8842 curveto
83.83961 90.81815 83.86586 90.75479 83.91257 90.70808 curveto
83.95927 90.66138 84.02263 90.63513 84.08868 90.63513 curveto
84.15474 90.63513 84.2181 90.66138 84.2648 90.70808 curveto
84.31151 90.75479 84.33775 90.81815 84.33775 90.8842 curveto closepath fill
newpath 86.99709 89.45877 moveto
86.99709 89.52483 86.97084 89.58818 86.92413 89.63489 curveto
86.87743 89.6816 86.81407 89.70784 86.74802 89.70784 curveto
86.68196 89.70784 86.6186 89.6816 86.5719 89.63489 curveto
86.52519 89.58818 86.49895 89.52483 86.49895 89.45877 curveto
86.49895 89.39272 86.52519 89.32936 86.5719 89.28265 curveto
86.6186 89.23595 86.68196 89.2097 86.74802 89.2097 curveto
86.81407 89.2097 86.87743 89.23595 86.92413 89.28265 curveto
86.97084 89.32936 86.99709 89.39272 86.99709 89.45877 curveto closepath fill
newpath 89.39587 87.62836 moveto
89.39587 87.69441 89.36963 87.75777 89.32292 87.80447 curveto
89.27621 87.85118 89.21286 87.87743 89.1468 87.87743 curveto
89.08075 87.87743 89.0174 87.85118 88.97069 87.80447 curveto
88.92398 87.75777 88.89774 87.69441 88.89774 87.62836 curveto
88.89774 87.5623 88.92398 87.49895 88.97069 87.45224 curveto
89.0174 87.40553 89.08075 87.37929 89.1468 87.37929 curveto
89.21286 87.37929 89.27621 87.40553 89.32292 87.45224 curveto
89.36963 87.49895 89.39587 87.5623 89.39587 87.62836 curveto closepath fill
newpath 91.47887 85.44514 moveto
91.47887 85.5112 91.45262 85.57455 91.40591 85.62126 curveto
91.3592 85.66797 91.29585 85.69421 91.2298 85.69421 curveto
91.16374 85.69421 91.10039 85.66797 91.05368 85.62126 curveto
91.00697 85.57455 90.98073 85.5112 90.98073 85.44514 curveto
90.98073 85.37909 91.00697 85.31573 91.05368 85.26903 curveto
91.10039 85.22232 91.16374 85.19608 91.2298 85.19608 curveto
91.29585 85.19608 91.3592 85.22232 91.40591 85.26903 curveto
91.45262 85.31573 91.47887 85.37909 91.47887 85.44514 curveto closepath fill
newpath 93.20181 82.96785 moveto
93.20181 83.0339 93.17557 83.09726 93.12886 83.14397 curveto
93.08215 83.19067 93.0188 83.21692 92.95274 83.21692 curveto
92.88669 83.21692 92.82333 83.19067 92.77663 83.14397 curveto
92.72992 83.09726 92.70367 83.0339 92.70367 82.96785 curveto
92.70367 82.9018 92.72992 82.83844 92.77663 82.79173 curveto
92.82333 82.74503 92.88669 82.71878 92.95274 82.71878 curveto
93.0188 82.71878 93.08215 82.74503 93.12886 82.79173 curveto
93.17557 82.83844 93.20181 82.9018 93.20181 82.96785 curveto closepath fill
newpath 94.53061 80.25847 moveto
94.53061 80.32452 94.50436 80.38788 94.45766 80.43459 curveto
94.41095 80.4813 94.3476 80.50754 94.28154 80.50754 curveto
94.21548 80.50754 94.15213 80.4813 94.10542 80.43459 curveto
94.05872 80.38788 94.03247 80.32452 94.03247 80.25847 curveto
94.03247 80.19241 94.05872 80.12906 94.10542 80.08235 curveto
94.15213 80.03564 94.21548 80.0094 94.28154 80.0094 curveto
94.3476 80.0094 94.41095 80.03564 94.45766 80.08235 curveto
94.50436 80.12906 94.53061 80.19241 94.53061 80.25847 curveto closepath fill
newpath 95.44101 77.38127 moveto
95.44101 77.44733 95.41476 77.51068 95.36806 77.55739 curveto
95.32135 77.6041 95.258 77.63034 95.19194 77.63034 curveto
95.12589 77.63034 95.06253 77.6041 95.01582 77.55739 curveto
94.96912 77.51068 94.94287 77.44733 94.94287 77.38127 curveto
94.94287 77.31522 94.96912 77.25186 95.01582 77.20515 curveto
95.06253 77.15845 95.12589 77.1322 95.19194 77.1322 curveto
95.258 77.1322 95.32135 77.15845 95.36806 77.20515 curveto
95.41476 77.25186 95.44101 77.31522 95.44101 77.38127 curveto closepath fill
newpath 95.92032 74.40213 moveto
95.92032 74.46819 95.89407 74.53154 95.84737 74.57825 curveto
95.80066 74.62495 95.7373 74.6512 95.67125 74.6512 curveto
95.6052 74.6512 95.54184 74.62495 95.49513 74.57825 curveto
95.44843 74.53154 95.42218 74.46819 95.42218 74.40213 curveto
95.42218 74.33607 95.44843 74.27272 95.49513 74.22601 curveto
95.54184 74.1793 95.6052 74.15306 95.67125 74.15306 curveto
95.7373 74.15306 95.80066 74.1793 95.84737 74.22601 curveto
95.89407 74.27272 95.92032 74.33607 95.92032 74.40213 curveto closepath fill
newpath 95.9643 71.38477 moveto
95.9643 71.45082 95.93805 71.51418 95.89134 71.56088 curveto
95.84464 71.60759 95.78128 71.63383 95.71523 71.63383 curveto
95.64917 71.63383 95.58582 71.60759 95.53911 71.56088 curveto
95.4924 71.51418 95.46616 71.45082 95.46616 71.38477 curveto
95.46616 71.31871 95.4924 71.25536 95.53911 71.20865 curveto
95.58582 71.16194 95.64917 71.1357 95.71523 71.1357 curveto
95.78128 71.1357 95.84464 71.16194 95.89134 71.20865 curveto
95.93805 71.25536 95.9643 71.31871 95.9643 71.38477 curveto closepath fill
newpath 95.57832 68.39183 moveto
95.57832 68.45789 95.55208 68.52124 95.50537 68.56795 curveto
95.45866 68.61465 95.39531 68.6409 95.32925 68.6409 curveto
95.2632 68.6409 95.19984 68.61465 95.15314 68.56795 curveto
95.10643 68.52124 95.08018 68.45789 95.08018 68.39183 curveto
95.08018 68.32578 95.10643 68.26242 95.15314 68.21571 curveto
95.19984 68.169 95.2632 68.14276 95.32925 68.14276 curveto
95.39531 68.14276 95.45866 68.169 95.50537 68.21571 curveto
95.55208 68.26242 95.57832 68.32578 95.57832 68.39183 curveto closepath fill
newpath 94.77641 65.48228 moveto
94.77641 65.54834 94.75017 65.6117 94.70346 65.6584 curveto
94.65675 65.70511 94.5934 65.73135 94.52734 65.73135 curveto
94.46129 65.73135 94.39793 65.70511 94.35123 65.6584 curveto
94.30452 65.6117 94.27827 65.54834 94.27827 65.48228 curveto
94.27827 65.41623 94.30452 65.35287 94.35123 65.30617 curveto
94.39793 65.25946 94.46129 65.23322 94.52734 65.23322 curveto
94.5934 65.23322 94.65675 65.25946 94.70346 65.30617 curveto
94.75017 65.35287 94.77641 65.41623 94.77641 65.48228 curveto closepath fill
newpath 93.57933 62.71196 moveto
93.57933 62.77802 93.55309 62.84137 93.50638 62.88808 curveto
93.45967 62.93478 93.39632 62.96103 93.33026 62.96103 curveto
93.2642 62.96103 93.20085 62.93478 93.15414 62.88808 curveto
93.10744 62.84137 93.08119 62.77802 93.08119 62.71196 curveto
93.08119 62.6459 93.10744 62.58255 93.15414 62.53584 curveto
93.20085 62.48914 93.2642 62.46289 93.33026 62.46289 curveto
93.39632 62.46289 93.45967 62.48914 93.50638 62.53584 curveto
93.55309 62.58255 93.57933 62.6459 93.57933 62.71196 curveto closepath fill
newpath 92.01485 60.13094 moveto
92.01485 60.19699 91.9886 60.26035 91.9419 60.30705 curveto
91.89519 60.35376 91.83183 60.38 91.76578 60.38 curveto
91.69972 60.38 91.63637 60.35376 91.58966 60.30705 curveto
91.54295 60.26035 91.51671 60.19699 91.51671 60.13094 curveto
91.51671 60.06488 91.54295 60.00153 91.58966 59.95482 curveto
91.63637 59.90811 91.69972 59.88187 91.76578 59.88187 curveto
91.83183 59.88187 91.89519 59.90811 91.9419 59.95482 curveto
91.9886 60.00153 92.01485 60.06488 92.01485 60.13094 curveto closepath fill
newpath 90.11685 57.78403 moveto
90.11685 57.85008 90.0906 57.91344 90.0439 57.96014 curveto
89.9972 58.00685 89.93384 58.0331 89.86778 58.0331 curveto
89.80173 58.0331 89.73837 58.00685 89.69167 57.96014 curveto
89.64496 57.91344 89.61871 57.85008 89.61871 57.78403 curveto
89.61871 57.71797 89.64496 57.65462 89.69167 57.60791 curveto
89.73837 57.5612 89.80173 57.53496 89.86778 57.53496 curveto
89.93384 57.53496 89.9972 57.5612 90.0439 57.60791 curveto
90.0906 57.65462 90.11685 57.71797 90.11685 57.78403 curveto closepath fill
newpath 87.92345 55.71082 moveto
87.92345 55.77687 87.8972 55.84023 87.8505 55.88693 curveto
87.80379 55.93364 87.74043 55.95988 87.67438 55.95988 curveto
87.60832 55.95988 87.54497 55.93364 87.49826 55.88693 curveto
87.45155 55.84023 87.42531 55.77687 87.42531 55.71082 curveto
87.42531 55.64476 87.45155 55.5814 87.49826 55.5347 curveto
87.54497 55.48799 87.60832 55.46175 87.67438 55.46175 curveto
87.74043 55.46175 87.80379 55.48799 87.8505 55.5347 curveto
87.8972 55.5814 87.92345 55.64476 87.92345 55.71082 curveto closepath fill
newpath 85.47626 53.9442 moveto
85.47626 54.01025 85.45001 54.07361 85.4033 54.12032 curveto
85.3566 54.16702 85.29324 54.19327 85.22719 54.19327 curveto
85.16113 54.19327 85.09778 54.16702 85.05107 54.12032 curveto
85.00436 54.07361 84.97812 54.01025 84.97812 53.9442 curveto
84.97812 53.87814 85.00436 53.81479 85.05107 53.76808 curveto
85.09778 53.72137 85.16113 53.69513 85.22719 53.69513 curveto
85.29324 53.69513 85.3566 53.72137 85.4033 53.76808 curveto
85.45001 53.81479 85.47626 53.87814 85.47626 53.9442 curveto closepath fill
newpath 82.82043 52.51016 moveto
82.82043 52.57622 82.79419 52.63957 82.74748 52.68628 curveto
82.70078 52.73299 82.63742 52.75923 82.57137 52.75923 curveto
82.50531 52.75923 82.44196 52.73299 82.39525 52.68628 curveto
82.34854 52.63957 82.3223 52.57622 82.3223 52.51016 curveto
82.3223 52.4441 82.34854 52.38075 82.39525 52.33405 curveto
82.44196 52.28734 82.50531 52.2611 82.57137 52.2611 curveto
82.63742 52.2611 82.70078 52.28734 82.74748 52.33405 curveto
82.79419 52.38075 82.82043 52.4441 82.82043 52.51016 curveto closepath fill
newpath 80.00243 51.42918 moveto
80.00243 51.49524 79.97618 51.5586 79.92947 51.6053 curveto
79.88277 51.65201 79.81941 51.67825 79.75336 51.67825 curveto
79.6873 51.67825 79.62395 51.65201 79.57724 51.6053 curveto
79.53053 51.5586 79.50429 51.49524 79.50429 51.42918 curveto
79.50429 51.36313 79.53053 51.29977 79.57724 51.25307 curveto
79.62395 51.20636 79.6873 51.18011 79.75336 51.18011 curveto
79.81941 51.18011 79.88277 51.20636 79.92947 51.25307 curveto
79.97618 51.29977 80.00243 51.36313 80.00243 51.42918 curveto closepath fill
newpath 77.06903 50.71416 moveto
77.06903 50.78021 77.04279 50.84357 76.99608 50.89027 curveto
76.94937 50.93698 76.88602 50.96323 76.81996 50.96323 curveto
76.7539 50.96323 76.69055 50.93698 76.64384 50.89027 curveto
76.59714 50.84357 76.57089 50.78021 76.57089 50.71416 curveto
76.57089 50.6481 76.59714 50.58475 76.64384 50.53804 curveto
76.69055 50.49133 76.7539 50.46509 76.81996 50.46509 curveto
76.88602 50.46509 76.94937 50.49133 76.99608 50.53804 curveto
77.04279 50.58475 77.06903 50.6481 77.06903 50.71416 curveto closepath fill
newpath 74.96869 74.71962 moveto
74.96869 74.78568 74.94244 74.84903 74.89574 74.89574 curveto
74.84903 74.94244 74.78568 74.96869 74.71962 74.96869 curveto
74.65356 74.96869 74.59021 74.94244 74.5435 74.89574 curveto
74.4968 74.84903 74.47055 74.78568 74.47055 74.71962 curveto
74.47055 74.65356 74.4968 74.59021 74.5435 74.5435 curveto
74.59021 74.4968 74.65356 74.47055 74.71962 74.47055 curveto
74.78568 74.47055 74.84903 74.4968 74.89574 74.5435 curveto
74.94244 74.59021 74.96869 74.65356 74.96869 74.71962 curveto closepath fill
newpath 74.96869 71.66281 moveto
74.96869 71.72887 74.94244 71.79222 74.89574 71.83893 curveto
74.84903 71.88564 74.78568 71.91188 74.71962 71.91188 curveto
74.65356 71.91188 74.59021 71.88564 74.5435 71.83893 curveto
74.4968 71.79222 74.47055 71.72887 74.47055 71.66281 curveto
74.47055 71.59676 74.4968 71.5334 74.5435 71.4867 curveto
74.59021 71.43999 74.65356 71.41374 74.71962 71.41374 curveto
74.78568 71.41374 74.84903 71.43999 74.89574 71.4867 curveto
74.94244 71.5334 74.96869 71.59676 74.96869 71.66281 curveto closepath fill
newpath 74.96869 68.606 moveto
74.96869 68.67206 74.94244 68.73541 74.89574 68.78212 curveto
74.84903 68.82883 74.78568 68.85507 74.71962 68.85507 curveto
74.65356 68.85507 74.59021 68.82883 74.5435 68.78212 curveto
74.4968 68.73541 74.47055 68.67206 74.47055 68.606 curveto
74.47055 68.53995 74.4968 68.4766 74.5435 68.42989 curveto
74.59021 68.38318 74.65356 68.35693 74.71962 68.35693 curveto
74.78568 68.35693 74.84903 68.38318 74.89574 68.42989 curveto
74.94244 68.4766 74.96869 68.53995 74.96869 68.606 curveto closepath fill
newpath 74.96869 65.5492 moveto
74.96869 65.61525 74.94244 65.6786 74.89574 65.72531 curveto
74.84903 65.77202 74.78568 65.79826 74.71962 65.79826 curveto
74.65356 65.79826 74.59021 65.77202 74.5435 65.72531 curveto
74.4968 65.6786 74.47055 65.61525 74.47055 65.5492 curveto
74.47055 65.48314 74.4968 65.41978 74.5435 65.37308 curveto
74.59021 65.32637 74.65356 65.30013 74.71962 65.30013 curveto
74.78568 65.30013 74.84903 65.32637 74.89574 65.37308 curveto
74.94244 65.41978 74.96869 65.48314 74.96869 65.5492 curveto closepath fill
newpath 74.96869 62.49239 moveto
74.96869 62.55844 74.94244 62.6218 74.89574 62.6685 curveto
74.84903 62.71521 74.78568 62.74146 74.71962 62.74146 curveto
74.65356 62.74146 74.59021 62.71521 74.5435 62.6685 curveto
74.4968 62.6218 74.47055 62.55844 74.47055 62.49239 curveto
74.47055 62.42633 74.4968 62.36298 74.5435 62.31627 curveto
74.59021 62.26956 74.65356 62.24332 74.71962 62.24332 curveto
74.78568 62.24332 74.84903 62.26956 74.89574 62.31627 curveto
74.94244 62.36298 74.96869 62.42633 74.96869 62.49239 curveto closepath fill
newpath 74.96869 59.43558 moveto
74.96869 59.50163 74.94244 59.56499 74.89574 59.6117 curveto
74.84903 59.6584 74.78568 59.68465 74.71962 59.68465 curveto
74.65356 59.68465 74.59021 59.6584 74.5435 59.6117 curveto
74.4968 59.56499 74.47055 59.50163 74.47055 59.43558 curveto
74.47055 59.36952 74.4968 59.30617 74.5435 59.25946 curveto
74.59021 59.21275 74.65356 59.18651 74.71962 59.18651 curveto
74.78568 59.18651 74.84903 59.21275 74.89574 59.25946 curveto
74.94244 59.30617 74.96869 59.36952 74.96869 59.43558 curveto closepath fill
newpath 74.96869 56.37982 moveto
74.96869 56.44588 74.94244 56.50923 74.89574 56.55594 curveto
74.84903 56.60265 74.78568 56.62889 74.71962 56.62889 curveto
74.65356 56.62889 74.59021 56.60265 74.5435 56.55594 curveto
74.4968 56.50923 74.47055 56.44588 74.47055 56.37982 curveto
74.47055 56.31377 74.4968 56.25041 74.5435 56.2037 curveto
74.59021 56.157 74.65356 56.13075 74.71962 56.13075 curveto
74.78568 56.13075 74.84903 56.157 74.89574 56.2037 curveto
74.94244 56.25041 74.96869 56.31377 74.96869 56.37982 curveto closepath fill
newpath 74.96869 53.32301 moveto
74.96869 53.38907 74.94244 53.45242 74.89574 53.49913 curveto
74.84903 53.54584 74.78568 53.57208 74.71962 53.57208 curveto
74.65356 53.57208 74.59021 53.54584 74.5435 53.49913 curveto
74.4968 53.45242 74.47055 53.38907 74.47055 53.32301 curveto
74.47055 53.25696 74.4968 53.1936 74.5435 53.1469 curveto
74.59021 53.10019 74.65356 53.07394 74.71962 53.07394 curveto
74.78568 53.07394 74.84903 53.10019 74.89574 53.1469 curveto
74.94244 53.1936 74.96869 53.25696 74.96869 53.32301 curveto closepath fill
newpath 74.96869 50.2662 moveto
74.96869 50.33226 74.94244 50.39561 74.89574 50.44232 curveto
74.84903 50.48903 74.78568 50.51527 74.71962 50.51527 curveto
74.65356 50.51527 74.59021 50.48903 74.5435 50.44232 curveto
74.4968 50.39561 74.47055 50.33226 74.47055 50.2662 curveto
74.47055 50.20015 74.4968 50.1368 74.5435 50.09009 curveto
74.59021 50.04338 74.65356 50.01714 74.71962 50.01714 curveto
74.78568 50.01714 74.84903 50.04338 74.89574 50.09009 curveto
74.94244 50.1368 74.96869 50.20015 74.96869 50.2662 curveto closepath fill
newpath 74.96869 47.2094 moveto
74.96869 47.27545 74.94244 47.3388 74.89574 47.38551 curveto
74.84903 47.43222 74.78568 47.45847 74.71962 47.45847 curveto
74.65356 47.45847 74.59021 47.43222 74.5435 47.38551 curveto
74.4968 47.3388 74.47055 47.27545 74.47055 47.2094 curveto
74.47055 47.14334 74.4968 47.07999 74.5435 47.03328 curveto
74.59021 46.98657 74.65356 46.96033 74.71962 46.96033 curveto
74.78568 46.96033 74.84903 46.98657 74.89574 47.03328 curveto
74.94244 47.07999 74.96869 47.14334 74.96869 47.2094 curveto closepath fill
newpath 74.96869 44.15259 moveto
74.96869 44.21864 74.94244 44.282 74.89574 44.3287 curveto
74.84903 44.37541 74.78568 44.40166 74.71962 44.40166 curveto
74.65356 44.40166 74.59021 44.37541 74.5435 44.3287 curveto
74.4968 44.282 74.47055 44.21864 74.47055 44.15259 curveto
74.47055 44.08653 74.4968 44.02318 74.5435 43.97647 curveto
74.59021 43.92976 74.65356 43.90352 74.71962 43.90352 curveto
74.78568 43.90352 74.84903 43.92976 74.89574 43.97647 curveto
74.94244 44.02318 74.96869 44.08653 74.96869 44.15259 curveto closepath fill
newpath 74.96869 41.09578 moveto
74.96869 41.16183 74.94244 41.22519 74.89574 41.2719 curveto
74.84903 41.3186 74.78568 41.34485 74.71962 41.34485 curveto
74.65356 41.34485 74.59021 41.3186 74.5435 41.2719 curveto
74.4968 41.22519 74.47055 41.16183 74.47055 41.09578 curveto
74.47055 41.02972 74.4968 40.96637 74.5435 40.91966 curveto
74.59021 40.87296 74.65356 40.84671 74.71962 40.84671 curveto
74.78568 40.84671 74.84903 40.87296 74.89574 40.91966 curveto
74.94244 40.96637 74.96869 41.02972 74.96869 41.09578 curveto closepath fill
newpath 74.96869 38.03899 moveto
74.96869 38.10504 74.94244 38.1684 74.89574 38.2151 curveto
74.84903 38.26181 74.78568 38.28806 74.71962 38.28806 curveto
74.65356 38.28806 74.59021 38.26181 74.5435 38.2151 curveto
74.4968 38.1684 74.47055 38.10504 74.47055 38.03899 curveto
74.47055 37.97293 74.4968 37.90958 74.5435 37.86287 curveto
74.59021 37.81616 74.65356 37.78992 74.71962 37.78992 curveto
74.78568 37.78992 74.84903 37.81616 74.89574 37.86287 curveto
74.94244 37.90958 74.96869 37.97293 74.96869 38.03899 curveto closepath fill
newpath 74.96869 34.98218 moveto
74.96869 35.04823 74.94244 35.11159 74.89574 35.1583 curveto
74.84903 35.205 74.78568 35.23125 74.71962 35.23125 curveto
74.65356 35.23125 74.59021 35.205 74.5435 35.1583 curveto
74.4968 35.11159 74.47055 35.04823 74.47055 34.98218 curveto
74.47055 34.91612 74.4968 34.85277 74.5435 34.80606 curveto
74.59021 34.75935 74.65356 34.73311 74.71962 34.73311 curveto
74.78568 34.73311 74.84903 34.75935 74.89574 34.80606 curveto
74.94244 34.85277 74.96869 34.91612 74.96869 34.98218 curveto closepath fill
newpath 74.96869 31.92537 moveto
74.96869 31.99142 74.94244 32.05478 74.89574 32.10149 curveto
74.84903 32.1482 74.78568 32.17444 74.71962 32.17444 curveto
74.65356 32.17444 74.59021 32.1482 74.5435 32.10149 curveto
74.4968 32.05478 74.47055 31.99142 74.47055 31.92537 curveto
74.47055 31.85931 74.4968 31.79596 74.5435 31.74925 curveto
74.59021 31.70255 74.65356 31.6763 74.71962 31.6763 curveto
74.78568 31.6763 74.84903 31.70255 74.89574 31.74925 curveto
74.94244 31.79596 74.96869 31.85931 74.96869 31.92537 curveto closepath fill
newpath 74.96869 28.86856 moveto
74.96869 28.93462 74.94244 28.99797 74.89574 29.04468 curveto
74.84903 29.09138 74.78568 29.11763 74.71962 29.11763 curveto
74.65356 29.11763 74.59021 29.09138 74.5435 29.04468 curveto
74.4968 28.99797 74.47055 28.93462 74.47055 28.86856 curveto
74.47055 28.8025 74.4968 28.73915 74.5435 28.69244 curveto
74.59021 28.64574 74.65356 28.61949 74.71962 28.61949 curveto
74.78568 28.61949 74.84903 28.64574 74.89574 28.69244 curveto
74.94244 28.73915 74.96869 28.8025 74.96869 28.86856 curveto closepath fill
newpath 74.96869 25.81279 moveto
74.96869 25.87885 74.94244 25.9422 74.89574 25.9889 curveto
74.84903 26.03561 74.78568 26.06186 74.71962 26.06186 curveto
74.65356 26.06186 74.59021 26.03561 74.5435 25.9889 curveto
74.4968 25.9422 74.47055 25.87885 74.47055 25.81279 curveto
74.47055 25.74673 74.4968 25.68338 74.5435 25.63667 curveto
74.59021 25.58997 74.65356 25.56372 74.71962 25.56372 curveto
74.78568 25.56372 74.84903 25.58997 74.89574 25.63667 curveto
74.94244 25.68338 74.96869 25.74673 74.96869 25.81279 curveto closepath fill
newpath 74.96869 22.756 moveto
74.96869 22.82205 74.94244 22.8854 74.89574 22.93211 curveto
74.84903 22.97882 74.78568 23.00507 74.71962 23.00507 curveto
74.65356 23.00507 74.59021 22.97882 74.5435 22.93211 curveto
74.4968 22.8854 74.47055 22.82205 74.47055 22.756 curveto
74.47055 22.68994 74.4968 22.62659 74.5435 22.57988 curveto
74.59021 22.53317 74.65356 22.50693 74.71962 22.50693 curveto
74.78568 22.50693 74.84903 22.53317 74.89574 22.57988 curveto
74.94244 22.62659 74.96869 22.68994 74.96869 22.756 curveto closepath fill
newpath 74.96869 19.69919 moveto
74.96869 19.76524 74.94244 19.8286 74.89574 19.8753 curveto
74.84903 19.92201 74.78568 19.94826 74.71962 19.94826 curveto
74.65356 19.94826 74.59021 19.92201 74.5435 19.8753 curveto
74.4968 19.8286 74.47055 19.76524 74.47055 19.69919 curveto
74.47055 19.63313 74.4968 19.56978 74.5435 19.52307 curveto
74.59021 19.47636 74.65356 19.45012 74.71962 19.45012 curveto
74.78568 19.45012 74.84903 19.47636 74.89574 19.52307 curveto
74.94244 19.56978 74.96869 19.63313 74.96869 19.69919 curveto closepath fill
newpath 74.96869 16.64238 moveto
74.96869 16.70844 74.94244 16.77179 74.89574 16.8185 curveto
74.84903 16.8652 74.78568 16.89145 74.71962 16.89145 curveto
74.65356 16.89145 74.59021 16.8652 74.5435 16.8185 curveto
74.4968 16.77179 74.47055 16.70844 74.47055 16.64238 curveto
74.47055 16.57632 74.4968 16.51297 74.5435 16.46626 curveto
74.59021 16.41956 74.65356 16.39331 74.71962 16.39331 curveto
74.78568 16.39331 74.84903 16.41956 74.89574 16.46626 curveto
74.94244 16.51297 74.96869 16.57632 74.96869 16.64238 curveto closepath fill
newpath 74.96869 13.58557 moveto
74.96869 13.65163 74.94244 13.71498 74.89574 13.76169 curveto
74.84903 13.8084 74.78568 13.83464 74.71962 13.83464 curveto
74.65356 13.83464 74.59021 13.8084 74.5435 13.76169 curveto
74.4968 13.71498 74.47055 13.65163 74.47055 13.58557 curveto
74.47055 13.51952 74.4968 13.45616 74.5435 13.40945 curveto
74.59021 13.36275 74.65356 13.3365 74.71962 13.3365 curveto
74.78568 13.3365 74.84903 13.36275 74.89574 13.40945 curveto
74.94244 13.45616 74.96869 13.51952 74.96869 13.58557 curveto closepath fill
newpath 74.96869 10.52876 moveto
74.96869 10.59482 74.94244 10.65817 74.89574 10.70488 curveto
74.84903 10.75159 74.78568 10.77783 74.71962 10.77783 curveto
74.65356 10.77783 74.59021 10.75159 74.5435 10.70488 curveto
74.4968 10.65817 74.47055 10.59482 74.47055 10.52876 curveto
74.47055 10.4627 74.4968 10.39935 74.5435 10.35265 curveto
74.59021 10.30594 74.65356 10.2797 74.71962 10.2797 curveto
74.78568 10.2797 74.84903 10.30594 74.89574 10.35265 curveto
74.94244 10.39935 74.96869 10.4627 74.96869 10.52876 curveto closepath fill
newpath 74.96869 7.47195 moveto
74.96869 7.53801 74.94244 7.60136 74.89574 7.64807 curveto
74.84903 7.69478 74.78568 7.72102 74.71962 7.72102 curveto
74.65356 7.72102 74.59021 7.69478 74.5435 7.64807 curveto
74.4968 7.60136 74.47055 7.53801 74.47055 7.47195 curveto
74.47055 7.4059 74.4968 7.34254 74.5435 7.29584 curveto
74.59021 7.24913 74.65356 7.22289 74.71962 7.22289 curveto
74.78568 7.22289 74.84903 7.24913 74.89574 7.29584 curveto
74.94244 7.34254 74.96869 7.4059 74.96869 7.47195 curveto closepath fill
showpage
%%EOF
