%!PS
%%BoundingBox: -1 97 200 144 
%%HiResBoundingBox: -0.24907 97.38457 199.50139 143.36195 
%%Creator: MetaPost 2.000
%%CreationDate: 2017.07.04:1542
%%Pages: 1
%%BeginProlog
%%EndProlog
%%Page: 1 1
 0 0 0 setrgbcolor 0 0.49814 dtransform truncate idtransform setlinewidth pop [] 0 setdash 1 setlinecap
 1 setlinejoin 10 setmiterlimit
newpath 99.62616 99.62616 moveto
199.25232 99.62616 lineto stroke
newpath 196.26353 101.12056 moveto
196.96909 100.17981 198.07639 99.62616 199.25232 99.62616 curveto
198.07639 99.62616 196.96909 99.07251 196.26353 98.13176 curveto stroke
newpath 99.87523 99.62616 moveto
99.87523 99.69221 99.84898 99.75557 99.80228 99.80228 curveto
99.75557 99.84898 99.69221 99.87523 99.62616 99.87523 curveto
99.5601 99.87523 99.49675 99.84898 99.45004 99.80228 curveto
99.40334 99.75557 99.37709 99.69221 99.37709 99.62616 curveto
99.37709 99.5601 99.40334 99.49675 99.45004 99.45004 curveto
99.49675 99.40334 99.5601 99.37709 99.62616 99.37709 curveto
99.69221 99.37709 99.75557 99.40334 99.80228 99.45004 curveto
99.84898 99.49675 99.87523 99.5601 99.87523 99.62616 curveto closepath fill
newpath 96.85614 99.62616 moveto
96.85614 99.69221 96.8299 99.75557 96.78319 99.80228 curveto
96.73648 99.84898 96.67313 99.87523 96.60707 99.87523 curveto
96.54102 99.87523 96.47766 99.84898 96.43095 99.80228 curveto
96.38425 99.75557 96.358 99.69221 96.358 99.62616 curveto
96.358 99.5601 96.38425 99.49675 96.43095 99.45004 curveto
96.47766 99.40334 96.54102 99.37709 96.60707 99.37709 curveto
96.67313 99.37709 96.73648 99.40334 96.78319 99.45004 curveto
96.8299 99.49675 96.85614 99.5601 96.85614 99.62616 curveto closepath fill
newpath 93.8371 99.62616 moveto
93.8371 99.69221 93.81085 99.75557 93.76414 99.80228 curveto
93.71744 99.84898 93.65408 99.87523 93.58803 99.87523 curveto
93.52197 99.87523 93.45862 99.84898 93.41191 99.80228 curveto
93.3652 99.75557 93.33896 99.69221 93.33896 99.62616 curveto
93.33896 99.5601 93.3652 99.49675 93.41191 99.45004 curveto
93.45862 99.40334 93.52197 99.37709 93.58803 99.37709 curveto
93.65408 99.37709 93.71744 99.40334 93.76414 99.45004 curveto
93.81085 99.49675 93.8371 99.5601 93.8371 99.62616 curveto closepath fill
newpath 90.81801 99.62616 moveto
90.81801 99.69221 90.79176 99.75557 90.74506 99.80228 curveto
90.69835 99.84898 90.635 99.87523 90.56894 99.87523 curveto
90.50288 99.87523 90.43953 99.84898 90.39282 99.80228 curveto
90.34612 99.75557 90.31987 99.69221 90.31987 99.62616 curveto
90.31987 99.5601 90.34612 99.49675 90.39282 99.45004 curveto
90.43953 99.40334 90.50288 99.37709 90.56894 99.37709 curveto
90.635 99.37709 90.69835 99.40334 90.74506 99.45004 curveto
90.79176 99.49675 90.81801 99.5601 90.81801 99.62616 curveto closepath fill
newpath 87.79893 99.62616 moveto
87.79893 99.69221 87.77269 99.75557 87.72598 99.80228 curveto
87.67928 99.84898 87.61592 99.87523 87.54987 99.87523 curveto
87.48381 99.87523 87.42046 99.84898 87.37375 99.80228 curveto
87.32704 99.75557 87.3008 99.69221 87.3008 99.62616 curveto
87.3008 99.5601 87.32704 99.49675 87.37375 99.45004 curveto
87.42046 99.40334 87.48381 99.37709 87.54987 99.37709 curveto
87.61592 99.37709 87.67928 99.40334 87.72598 99.45004 curveto
87.77269 99.49675 87.79893 99.5601 87.79893 99.62616 curveto closepath fill
newpath 84.77986 99.62616 moveto
84.77986 99.69221 84.75362 99.75557 84.70691 99.80228 curveto
84.6602 99.84898 84.59685 99.87523 84.53079 99.87523 curveto
84.46474 99.87523 84.40138 99.84898 84.35468 99.80228 curveto
84.30797 99.75557 84.28172 99.69221 84.28172 99.62616 curveto
84.28172 99.5601 84.30797 99.49675 84.35468 99.45004 curveto
84.40138 99.40334 84.46474 99.37709 84.53079 99.37709 curveto
84.59685 99.37709 84.6602 99.40334 84.70691 99.45004 curveto
84.75362 99.49675 84.77986 99.5601 84.77986 99.62616 curveto closepath fill
newpath 81.7608 99.62616 moveto
81.7608 99.69221 81.73456 99.75557 81.68785 99.80228 curveto
81.64114 99.84898 81.57779 99.87523 81.51173 99.87523 curveto
81.44568 99.87523 81.38232 99.84898 81.33562 99.80228 curveto
81.28891 99.75557 81.26266 99.69221 81.26266 99.62616 curveto
81.26266 99.5601 81.28891 99.49675 81.33562 99.45004 curveto
81.38232 99.40334 81.44568 99.37709 81.51173 99.37709 curveto
81.57779 99.37709 81.64114 99.40334 81.68785 99.45004 curveto
81.73456 99.49675 81.7608 99.5601 81.7608 99.62616 curveto closepath fill
newpath 78.74173 99.62616 moveto
78.74173 99.69221 78.71548 99.75557 78.66878 99.80228 curveto
78.62207 99.84898 78.55872 99.87523 78.49266 99.87523 curveto
78.4266 99.87523 78.36325 99.84898 78.31654 99.80228 curveto
78.26984 99.75557 78.24359 99.69221 78.24359 99.62616 curveto
78.24359 99.5601 78.26984 99.49675 78.31654 99.45004 curveto
78.36325 99.40334 78.4266 99.37709 78.49266 99.37709 curveto
78.55872 99.37709 78.62207 99.40334 78.66878 99.45004 curveto
78.71548 99.49675 78.74173 99.5601 78.74173 99.62616 curveto closepath fill
newpath 75.72267 99.62616 moveto
75.72267 99.69221 75.69643 99.75557 75.64972 99.80228 curveto
75.60301 99.84898 75.53966 99.87523 75.4736 99.87523 curveto
75.40755 99.87523 75.3442 99.84898 75.29749 99.80228 curveto
75.25078 99.75557 75.22453 99.69221 75.22453 99.62616 curveto
75.22453 99.5601 75.25078 99.49675 75.29749 99.45004 curveto
75.3442 99.40334 75.40755 99.37709 75.4736 99.37709 curveto
75.53966 99.37709 75.60301 99.40334 75.64972 99.45004 curveto
75.69643 99.49675 75.72267 99.5601 75.72267 99.62616 curveto closepath fill
newpath 72.70361 99.62616 moveto
72.70361 99.69221 72.67737 99.75557 72.63066 99.80228 curveto
72.58395 99.84898 72.5206 99.87523 72.45454 99.87523 curveto
72.38849 99.87523 72.32513 99.84898 72.27843 99.80228 curveto
72.23172 99.75557 72.20547 99.69221 72.20547 99.62616 curveto
72.20547 99.5601 72.23172 99.49675 72.27843 99.45004 curveto
72.32513 99.40334 72.38849 99.37709 72.45454 99.37709 curveto
72.5206 99.37709 72.58395 99.40334 72.63066 99.45004 curveto
72.67737 99.49675 72.70361 99.5601 72.70361 99.62616 curveto closepath fill
newpath 69.68454 99.62616 moveto
69.68454 99.69221 69.6583 99.75557 69.61159 99.80228 curveto
69.56488 99.84898 69.50153 99.87523 69.43547 99.87523 curveto
69.36942 99.87523 69.30606 99.84898 69.25935 99.80228 curveto
69.21265 99.75557 69.1864 99.69221 69.1864 99.62616 curveto
69.1864 99.5601 69.21265 99.49675 69.25935 99.45004 curveto
69.30606 99.40334 69.36942 99.37709 69.43547 99.37709 curveto
69.50153 99.37709 69.56488 99.40334 69.61159 99.45004 curveto
69.6583 99.49675 69.68454 99.5601 69.68454 99.62616 curveto closepath fill
newpath 66.66548 99.62616 moveto
66.66548 99.69221 66.63924 99.75557 66.59253 99.80228 curveto
66.54582 99.84898 66.48247 99.87523 66.41641 99.87523 curveto
66.35036 99.87523 66.287 99.84898 66.2403 99.80228 curveto
66.19359 99.75557 66.16734 99.69221 66.16734 99.62616 curveto
66.16734 99.5601 66.19359 99.49675 66.2403 99.45004 curveto
66.287 99.40334 66.35036 99.37709 66.41641 99.37709 curveto
66.48247 99.37709 66.54582 99.40334 66.59253 99.45004 curveto
66.63924 99.49675 66.66548 99.5601 66.66548 99.62616 curveto closepath fill
newpath 63.64641 99.62616 moveto
63.64641 99.69221 63.62016 99.75557 63.57346 99.80228 curveto
63.52675 99.84898 63.4634 99.87523 63.39734 99.87523 curveto
63.33128 99.87523 63.26793 99.84898 63.22122 99.80228 curveto
63.17451 99.75557 63.14827 99.69221 63.14827 99.62616 curveto
63.14827 99.5601 63.17451 99.49675 63.22122 99.45004 curveto
63.26793 99.40334 63.33128 99.37709 63.39734 99.37709 curveto
63.4634 99.37709 63.52675 99.40334 63.57346 99.45004 curveto
63.62016 99.49675 63.64641 99.5601 63.64641 99.62616 curveto closepath fill
newpath 60.62735 99.62616 moveto
60.62735 99.69221 60.6011 99.75557 60.5544 99.80228 curveto
60.50769 99.84898 60.44434 99.87523 60.37828 99.87523 curveto
60.31223 99.87523 60.24887 99.84898 60.20216 99.80228 curveto
60.15546 99.75557 60.12921 99.69221 60.12921 99.62616 curveto
60.12921 99.5601 60.15546 99.49675 60.20216 99.45004 curveto
60.24887 99.40334 60.31223 99.37709 60.37828 99.37709 curveto
60.44434 99.37709 60.50769 99.40334 60.5544 99.45004 curveto
60.6011 99.49675 60.62735 99.5601 60.62735 99.62616 curveto closepath fill
newpath 57.6098 99.62616 moveto
57.6098 99.69221 57.58356 99.75557 57.53685 99.80228 curveto
57.49014 99.84898 57.42679 99.87523 57.36073 99.87523 curveto
57.29468 99.87523 57.23132 99.84898 57.18462 99.80228 curveto
57.13791 99.75557 57.11166 99.69221 57.11166 99.62616 curveto
57.11166 99.5601 57.13791 99.49675 57.18462 99.45004 curveto
57.23132 99.40334 57.29468 99.37709 57.36073 99.37709 curveto
57.42679 99.37709 57.49014 99.40334 57.53685 99.45004 curveto
57.58356 99.49675 57.6098 99.5601 57.6098 99.62616 curveto closepath fill
newpath 54.59074 99.62616 moveto
54.59074 99.69221 54.5645 99.75557 54.51779 99.80228 curveto
54.47108 99.84898 54.40773 99.87523 54.34167 99.87523 curveto
54.27562 99.87523 54.21227 99.84898 54.16556 99.80228 curveto
54.11885 99.75557 54.0926 99.69221 54.0926 99.62616 curveto
54.0926 99.5601 54.11885 99.49675 54.16556 99.45004 curveto
54.21227 99.40334 54.27562 99.37709 54.34167 99.37709 curveto
54.40773 99.37709 54.47108 99.40334 54.51779 99.45004 curveto
54.5645 99.49675 54.59074 99.5601 54.59074 99.62616 curveto closepath fill
newpath 51.57169 99.62616 moveto
51.57169 99.69221 51.54544 99.75557 51.49873 99.80228 curveto
51.45203 99.84898 51.38867 99.87523 51.32262 99.87523 curveto
51.25656 99.87523 51.1932 99.84898 51.1465 99.80228 curveto
51.0998 99.75557 51.07355 99.69221 51.07355 99.62616 curveto
51.07355 99.5601 51.0998 99.49675 51.1465 99.45004 curveto
51.1932 99.40334 51.25656 99.37709 51.32262 99.37709 curveto
51.38867 99.37709 51.45203 99.40334 51.49873 99.45004 curveto
51.54544 99.49675 51.57169 99.5601 51.57169 99.62616 curveto closepath fill
newpath 48.55261 99.62616 moveto
48.55261 99.69221 48.52637 99.75557 48.47966 99.80228 curveto
48.43295 99.84898 48.3696 99.87523 48.30354 99.87523 curveto
48.23749 99.87523 48.17413 99.84898 48.12743 99.80228 curveto
48.08072 99.75557 48.05447 99.69221 48.05447 99.62616 curveto
48.05447 99.5601 48.08072 99.49675 48.12743 99.45004 curveto
48.17413 99.40334 48.23749 99.37709 48.30354 99.37709 curveto
48.3696 99.37709 48.43295 99.40334 48.47966 99.45004 curveto
48.52637 99.49675 48.55261 99.5601 48.55261 99.62616 curveto closepath fill
newpath 45.53355 99.62616 moveto
45.53355 99.69221 45.50731 99.75557 45.4606 99.80228 curveto
45.4139 99.84898 45.35054 99.87523 45.28448 99.87523 curveto
45.21843 99.87523 45.15508 99.84898 45.10837 99.80228 curveto
45.06166 99.75557 45.03542 99.69221 45.03542 99.62616 curveto
45.03542 99.5601 45.06166 99.49675 45.10837 99.45004 curveto
45.15508 99.40334 45.21843 99.37709 45.28448 99.37709 curveto
45.35054 99.37709 45.4139 99.40334 45.4606 99.45004 curveto
45.50731 99.49675 45.53355 99.5601 45.53355 99.62616 curveto closepath fill
newpath 42.5145 99.62616 moveto
42.5145 99.69221 42.48825 99.75557 42.44154 99.80228 curveto
42.39484 99.84898 42.33148 99.87523 42.26543 99.87523 curveto
42.19937 99.87523 42.13602 99.84898 42.08931 99.80228 curveto
42.0426 99.75557 42.01636 99.69221 42.01636 99.62616 curveto
42.01636 99.5601 42.0426 99.49675 42.08931 99.45004 curveto
42.13602 99.40334 42.19937 99.37709 42.26543 99.37709 curveto
42.33148 99.37709 42.39484 99.40334 42.44154 99.45004 curveto
42.48825 99.49675 42.5145 99.5601 42.5145 99.62616 curveto closepath fill
newpath 39.49542 99.62616 moveto
39.49542 99.69221 39.46918 99.75557 39.42247 99.80228 curveto
39.37576 99.84898 39.31241 99.87523 39.24635 99.87523 curveto
39.1803 99.87523 39.11694 99.84898 39.07024 99.80228 curveto
39.02353 99.75557 38.99728 99.69221 38.99728 99.62616 curveto
38.99728 99.5601 39.02353 99.49675 39.07024 99.45004 curveto
39.11694 99.40334 39.1803 99.37709 39.24635 99.37709 curveto
39.31241 99.37709 39.37576 99.40334 39.42247 99.45004 curveto
39.46918 99.49675 39.49542 99.5601 39.49542 99.62616 curveto closepath fill
newpath 36.47636 99.62616 moveto
36.47636 99.69221 36.45012 99.75557 36.40341 99.80228 curveto
36.3567 99.84898 36.29335 99.87523 36.2273 99.87523 curveto
36.16124 99.87523 36.09789 99.84898 36.05118 99.80228 curveto
36.00447 99.75557 35.97823 99.69221 35.97823 99.62616 curveto
35.97823 99.5601 36.00447 99.49675 36.05118 99.45004 curveto
36.09789 99.40334 36.16124 99.37709 36.2273 99.37709 curveto
36.29335 99.37709 36.3567 99.40334 36.40341 99.45004 curveto
36.45012 99.49675 36.47636 99.5601 36.47636 99.62616 curveto closepath fill
newpath 33.4573 99.62616 moveto
33.4573 99.69221 33.43106 99.75557 33.38435 99.80228 curveto
33.33765 99.84898 33.27429 99.87523 33.20824 99.87523 curveto
33.14218 99.87523 33.07883 99.84898 33.03212 99.80228 curveto
32.98541 99.75557 32.95917 99.69221 32.95917 99.62616 curveto
32.95917 99.5601 32.98541 99.49675 33.03212 99.45004 curveto
33.07883 99.40334 33.14218 99.37709 33.20824 99.37709 curveto
33.27429 99.37709 33.33765 99.40334 33.38435 99.45004 curveto
33.43106 99.49675 33.4573 99.5601 33.4573 99.62616 curveto closepath fill
newpath 30.43823 99.62616 moveto
30.43823 99.69221 30.41199 99.75557 30.36528 99.80228 curveto
30.31857 99.84898 30.25522 99.87523 30.18916 99.87523 curveto
30.12311 99.87523 30.05975 99.84898 30.01305 99.80228 curveto
29.96634 99.75557 29.9401 99.69221 29.9401 99.62616 curveto
29.9401 99.5601 29.96634 99.49675 30.01305 99.45004 curveto
30.05975 99.40334 30.12311 99.37709 30.18916 99.37709 curveto
30.25522 99.37709 30.31857 99.40334 30.36528 99.45004 curveto
30.41199 99.49675 30.43823 99.5601 30.43823 99.62616 curveto closepath fill
newpath 27.41917 99.62616 moveto
27.41917 99.69221 27.39293 99.75557 27.34622 99.80228 curveto
27.29951 99.84898 27.23616 99.87523 27.1701 99.87523 curveto
27.10405 99.87523 27.0407 99.84898 26.99399 99.80228 curveto
26.94728 99.75557 26.92104 99.69221 26.92104 99.62616 curveto
26.92104 99.5601 26.94728 99.49675 26.99399 99.45004 curveto
27.0407 99.40334 27.10405 99.37709 27.1701 99.37709 curveto
27.23616 99.37709 27.29951 99.40334 27.34622 99.45004 curveto
27.39293 99.49675 27.41917 99.5601 27.41917 99.62616 curveto closepath fill
newpath 24.4001 99.62616 moveto
24.4001 99.69221 24.37386 99.75557 24.32715 99.80228 curveto
24.28044 99.84898 24.21709 99.87523 24.15103 99.87523 curveto
24.08498 99.87523 24.02162 99.84898 23.97491 99.80228 curveto
23.9282 99.75557 23.90196 99.69221 23.90196 99.62616 curveto
23.90196 99.5601 23.9282 99.49675 23.97491 99.45004 curveto
24.02162 99.40334 24.08498 99.37709 24.15103 99.37709 curveto
24.21709 99.37709 24.28044 99.40334 24.32715 99.45004 curveto
24.37386 99.49675 24.4001 99.5601 24.4001 99.62616 curveto closepath fill
newpath 21.38104 99.62616 moveto
21.38104 99.69221 21.3548 99.75557 21.30809 99.80228 curveto
21.26138 99.84898 21.19803 99.87523 21.13197 99.87523 curveto
21.06592 99.87523 21.00256 99.84898 20.95586 99.80228 curveto
20.90915 99.75557 20.8829 99.69221 20.8829 99.62616 curveto
20.8829 99.5601 20.90915 99.49675 20.95586 99.45004 curveto
21.00256 99.40334 21.06592 99.37709 21.13197 99.37709 curveto
21.19803 99.37709 21.26138 99.40334 21.30809 99.45004 curveto
21.3548 99.49675 21.38104 99.5601 21.38104 99.62616 curveto closepath fill
newpath 18.36198 99.62616 moveto
18.36198 99.69221 18.33574 99.75557 18.28903 99.80228 curveto
18.24232 99.84898 18.17897 99.87523 18.11292 99.87523 curveto
18.04686 99.87523 17.9835 99.84898 17.9368 99.80228 curveto
17.89009 99.75557 17.86385 99.69221 17.86385 99.62616 curveto
17.86385 99.5601 17.89009 99.49675 17.9368 99.45004 curveto
17.9835 99.40334 18.04686 99.37709 18.11292 99.37709 curveto
18.17897 99.37709 18.24232 99.40334 18.28903 99.45004 curveto
18.33574 99.49675 18.36198 99.5601 18.36198 99.62616 curveto closepath fill
newpath 15.34291 99.62616 moveto
15.34291 99.69221 15.31667 99.75557 15.26996 99.80228 curveto
15.22325 99.84898 15.1599 99.87523 15.09384 99.87523 curveto
15.02779 99.87523 14.96443 99.84898 14.91772 99.80228 curveto
14.87102 99.75557 14.84477 99.69221 14.84477 99.62616 curveto
14.84477 99.5601 14.87102 99.49675 14.91772 99.45004 curveto
14.96443 99.40334 15.02779 99.37709 15.09384 99.37709 curveto
15.1599 99.37709 15.22325 99.40334 15.26996 99.45004 curveto
15.31667 99.49675 15.34291 99.5601 15.34291 99.62616 curveto closepath fill
newpath 12.32384 99.62616 moveto
12.32384 99.69221 12.29759 99.75557 12.25089 99.80228 curveto
12.20418 99.84898 12.14082 99.87523 12.07477 99.87523 curveto
12.00871 99.87523 11.94536 99.84898 11.89865 99.80228 curveto
11.85194 99.75557 11.8257 99.69221 11.8257 99.62616 curveto
11.8257 99.5601 11.85194 99.49675 11.89865 99.45004 curveto
11.94536 99.40334 12.00871 99.37709 12.07477 99.37709 curveto
12.14082 99.37709 12.20418 99.40334 12.25089 99.45004 curveto
12.29759 99.49675 12.32384 99.5601 12.32384 99.62616 curveto closepath fill
newpath 9.30478 99.62616 moveto
9.30478 99.69221 9.27853 99.75557 9.23183 99.80228 curveto
9.18512 99.84898 9.12177 99.87523 9.05571 99.87523 curveto
8.98965 99.87523 8.9263 99.84898 8.8796 99.80228 curveto
8.83289 99.75557 8.80664 99.69221 8.80664 99.62616 curveto
8.80664 99.5601 8.83289 99.49675 8.8796 99.45004 curveto
8.9263 99.40334 8.98965 99.37709 9.05571 99.37709 curveto
9.12177 99.37709 9.18512 99.40334 9.23183 99.45004 curveto
9.27853 99.49675 9.30478 99.5601 9.30478 99.62616 curveto closepath fill
newpath 6.28569 99.62616 moveto
6.28569 99.69221 6.25945 99.75557 6.21274 99.80228 curveto
6.16603 99.84898 6.10268 99.87523 6.03662 99.87523 curveto
5.97057 99.87523 5.90721 99.84898 5.8605 99.80228 curveto
5.8138 99.75557 5.78755 99.69221 5.78755 99.62616 curveto
5.78755 99.5601 5.8138 99.49675 5.8605 99.45004 curveto
5.90721 99.40334 5.97057 99.37709 6.03662 99.37709 curveto
6.10268 99.37709 6.16603 99.40334 6.21274 99.45004 curveto
6.25945 99.49675 6.28569 99.5601 6.28569 99.62616 curveto closepath fill
newpath 3.26662 99.62616 moveto
3.26662 99.69221 3.24037 99.75557 3.19366 99.80228 curveto
3.14696 99.84898 3.0836 99.87523 3.01755 99.87523 curveto
2.95149 99.87523 2.88814 99.84898 2.84143 99.80228 curveto
2.79472 99.75557 2.76848 99.69221 2.76848 99.62616 curveto
2.76848 99.5601 2.79472 99.49675 2.84143 99.45004 curveto
2.88814 99.40334 2.95149 99.37709 3.01755 99.37709 curveto
3.0836 99.37709 3.14696 99.40334 3.19366 99.45004 curveto
3.24037 99.49675 3.26662 99.5601 3.26662 99.62616 curveto closepath fill
newpath 0.24907 99.62616 moveto
0.24907 99.69221 0.22282 99.75557 0.17612 99.80228 curveto
0.12941 99.84898 0.06606 99.87523 0 99.87523 curveto
-0.06606 99.87523 -0.12941 99.84898 -0.17612 99.80228 curveto
-0.22282 99.75557 -0.24907 99.69221 -0.24907 99.62616 curveto
-0.24907 99.5601 -0.22282 99.49675 -0.17612 99.45004 curveto
-0.12941 99.40334 -0.06606 99.37709 0 99.37709 curveto
0.06606 99.37709 0.12941 99.40334 0.17612 99.45004 curveto
0.22282 99.49675 0.24907 99.5601 0.24907 99.62616 curveto closepath fill
 0.49814 0 dtransform exch truncate exch idtransform pop setlinewidth
newpath 119.55139 97.63364 moveto
119.55139 101.61868 lineto stroke
newpath 139.47662 97.63364 moveto
139.47662 101.61868 lineto stroke
newpath 159.40186 97.63364 moveto
159.40186 101.61868 lineto stroke
newpath 179.32709 97.63364 moveto
179.32709 101.61868 lineto stroke
newpath 99.62616 101.12056 moveto
99.2298 101.12056 98.84973 100.96307 98.56949 100.68283 curveto
98.28925 100.40259 98.13176 100.02252 98.13176 99.62616 curveto
98.13176 99.2298 98.28925 98.84973 98.56949 98.56949 curveto
98.84973 98.28925 99.2298 98.13176 99.62616 98.13176 curveto
100.02252 98.13176 100.40259 98.28925 100.68283 98.56949 curveto
100.96307 98.84973 101.12056 99.2298 101.12056 99.62616 curveto
101.12056 100.02252 100.96307 100.40259 100.68283 100.68283 curveto
100.40259 100.96307 100.02252 101.12056 99.62616 101.12056 curveto closepath fill
newpath 57.38477 143.36195 moveto
56.9884 143.36195 56.60834 143.20447 56.3281 142.92422 curveto
56.04785 142.64398 55.89037 142.26392 55.89037 141.86755 curveto
55.89037 141.47119 56.04785 141.09113 56.3281 140.81088 curveto
56.60834 140.53064 56.9884 140.37315 57.38477 140.37315 curveto
57.78113 140.37315 58.1612 140.53064 58.44144 140.81088 curveto
58.72168 141.09113 58.87917 141.47119 58.87917 141.86755 curveto
58.87917 142.26392 58.72168 142.64398 58.44144 142.92422 curveto
58.1612 143.20447 57.78113 143.36195 57.38477 143.36195 curveto closepath fill
newpath 99.87523 99.62616 moveto
99.87523 99.69221 99.84898 99.75557 99.80228 99.80228 curveto
99.75557 99.84898 99.69221 99.87523 99.62616 99.87523 curveto
99.5601 99.87523 99.49675 99.84898 99.45004 99.80228 curveto
99.40334 99.75557 99.37709 99.69221 99.37709 99.62616 curveto
99.37709 99.5601 99.40334 99.49675 99.45004 99.45004 curveto
99.49675 99.40334 99.5601 99.37709 99.62616 99.37709 curveto
99.69221 99.37709 99.75557 99.40334 99.80228 99.45004 curveto
99.84898 99.49675 99.87523 99.5601 99.87523 99.62616 curveto closepath fill
newpath 97.76302 101.73837 moveto
97.76302 101.80443 97.73677 101.86778 97.69006 101.91449 curveto
97.64336 101.9612 97.58 101.98744 97.51395 101.98744 curveto
97.44789 101.98744 97.38454 101.9612 97.33783 101.91449 curveto
97.29112 101.86778 97.26488 101.80443 97.26488 101.73837 curveto
97.26488 101.67232 97.29112 101.60896 97.33783 101.56226 curveto
97.38454 101.51555 97.44789 101.4893 97.51395 101.4893 curveto
97.58 101.4893 97.64336 101.51555 97.69006 101.56226 curveto
97.73677 101.60896 97.76302 101.67232 97.76302 101.73837 curveto closepath fill
newpath 95.65085 103.85054 moveto
95.65085 103.9166 95.6246 103.97995 95.5779 104.02666 curveto
95.53119 104.07336 95.46783 104.09961 95.40178 104.09961 curveto
95.33572 104.09961 95.27237 104.07336 95.22566 104.02666 curveto
95.17896 103.97995 95.15271 103.9166 95.15271 103.85054 curveto
95.15271 103.78448 95.17896 103.72113 95.22566 103.67442 curveto
95.27237 103.62772 95.33572 103.60147 95.40178 103.60147 curveto
95.46783 103.60147 95.53119 103.62772 95.5779 103.67442 curveto
95.6246 103.72113 95.65085 103.78448 95.65085 103.85054 curveto closepath fill
newpath 93.53928 105.96211 moveto
93.53928 106.02817 93.51303 106.09152 93.46632 106.13823 curveto
93.41962 106.18494 93.35626 106.21118 93.2902 106.21118 curveto
93.22415 106.21118 93.1608 106.18494 93.11409 106.13823 curveto
93.06738 106.09152 93.04114 106.02817 93.04114 105.96211 curveto
93.04114 105.89606 93.06738 105.8327 93.11409 105.786 curveto
93.1608 105.73929 93.22415 105.71304 93.2902 105.71304 curveto
93.35626 105.71304 93.41962 105.73929 93.46632 105.786 curveto
93.51303 105.8327 93.53928 105.89606 93.53928 105.96211 curveto closepath fill
newpath 91.42706 108.07433 moveto
91.42706 108.14038 91.40082 108.20374 91.35411 108.25044 curveto
91.3074 108.29715 91.24405 108.3234 91.178 108.3234 curveto
91.11194 108.3234 91.04858 108.29715 91.00188 108.25044 curveto
90.95517 108.20374 90.92892 108.14038 90.92892 108.07433 curveto
90.92892 108.00827 90.95517 107.94492 91.00188 107.89821 curveto
91.04858 107.8515 91.11194 107.82526 91.178 107.82526 curveto
91.24405 107.82526 91.3074 107.8515 91.35411 107.89821 curveto
91.40082 107.94492 91.42706 108.00827 91.42706 108.07433 curveto closepath fill
newpath 89.31488 110.18651 moveto
89.31488 110.25256 89.28864 110.31592 89.24193 110.36263 curveto
89.19522 110.40933 89.13187 110.43558 89.06581 110.43558 curveto
88.99976 110.43558 88.9364 110.40933 88.8897 110.36263 curveto
88.84299 110.31592 88.81674 110.25256 88.81674 110.18651 curveto
88.81674 110.12045 88.84299 110.0571 88.8897 110.01039 curveto
88.9364 109.96368 88.99976 109.93744 89.06581 109.93744 curveto
89.13187 109.93744 89.19522 109.96368 89.24193 110.01039 curveto
89.28864 110.0571 89.31488 110.12045 89.31488 110.18651 curveto closepath fill
newpath 87.20268 112.2987 moveto
87.20268 112.36476 87.17644 112.42812 87.12973 112.47482 curveto
87.08302 112.52153 87.01967 112.54778 86.95361 112.54778 curveto
86.88756 112.54778 86.8242 112.52153 86.7775 112.47482 curveto
86.73079 112.42812 86.70454 112.36476 86.70454 112.2987 curveto
86.70454 112.23265 86.73079 112.1693 86.7775 112.12259 curveto
86.8242 112.07588 86.88756 112.04964 86.95361 112.04964 curveto
87.01967 112.04964 87.08302 112.07588 87.12973 112.12259 curveto
87.17644 112.1693 87.20268 112.23265 87.20268 112.2987 curveto closepath fill
newpath 85.09047 114.41092 moveto
85.09047 114.47697 85.06422 114.54033 85.01752 114.58704 curveto
84.97081 114.63374 84.90746 114.65999 84.8414 114.65999 curveto
84.77534 114.65999 84.71199 114.63374 84.66528 114.58704 curveto
84.61858 114.54033 84.59233 114.47697 84.59233 114.41092 curveto
84.59233 114.34486 84.61858 114.28151 84.66528 114.2348 curveto
84.71199 114.1881 84.77534 114.16185 84.8414 114.16185 curveto
84.90746 114.16185 84.97081 114.1881 85.01752 114.2348 curveto
85.06422 114.28151 85.09047 114.34486 85.09047 114.41092 curveto closepath fill
newpath 82.97893 116.52246 moveto
82.97893 116.58852 82.95268 116.65187 82.90598 116.69858 curveto
82.85927 116.74529 82.79591 116.77153 82.72986 116.77153 curveto
82.6638 116.77153 82.60045 116.74529 82.55374 116.69858 curveto
82.50703 116.65187 82.48079 116.58852 82.48079 116.52246 curveto
82.48079 116.4564 82.50703 116.39305 82.55374 116.34634 curveto
82.60045 116.29964 82.6638 116.27339 82.72986 116.27339 curveto
82.79591 116.27339 82.85927 116.29964 82.90598 116.34634 curveto
82.95268 116.39305 82.97893 116.4564 82.97893 116.52246 curveto closepath fill
newpath 80.86673 118.63466 moveto
80.86673 118.70071 80.84048 118.76407 80.79378 118.81078 curveto
80.74707 118.85748 80.68372 118.88373 80.61766 118.88373 curveto
80.5516 118.88373 80.48825 118.85748 80.44154 118.81078 curveto
80.39484 118.76407 80.36859 118.70071 80.36859 118.63466 curveto
80.36859 118.5686 80.39484 118.50525 80.44154 118.45854 curveto
80.48825 118.41183 80.5516 118.38559 80.61766 118.38559 curveto
80.68372 118.38559 80.74707 118.41183 80.79378 118.45854 curveto
80.84048 118.50525 80.86673 118.5686 80.86673 118.63466 curveto closepath fill
newpath 78.75452 120.74687 moveto
78.75452 120.81293 78.72827 120.87628 78.68156 120.92299 curveto
78.63486 120.9697 78.5715 120.99594 78.50545 120.99594 curveto
78.43939 120.99594 78.37604 120.9697 78.32933 120.92299 curveto
78.28262 120.87628 78.25638 120.81293 78.25638 120.74687 curveto
78.25638 120.68082 78.28262 120.61746 78.32933 120.57076 curveto
78.37604 120.52405 78.43939 120.4978 78.50545 120.4978 curveto
78.5715 120.4978 78.63486 120.52405 78.68156 120.57076 curveto
78.72827 120.61746 78.75452 120.68082 78.75452 120.74687 curveto closepath fill
newpath 76.64233 122.85905 moveto
76.64233 122.92511 76.61609 122.98846 76.56938 123.03517 curveto
76.52267 123.08188 76.45932 123.10812 76.39326 123.10812 curveto
76.32721 123.10812 76.26385 123.08188 76.21715 123.03517 curveto
76.17044 122.98846 76.1442 122.92511 76.1442 122.85905 curveto
76.1442 122.793 76.17044 122.72964 76.21715 122.68294 curveto
76.26385 122.63623 76.32721 122.60999 76.39326 122.60999 curveto
76.45932 122.60999 76.52267 122.63623 76.56938 122.68294 curveto
76.61609 122.72964 76.64233 122.793 76.64233 122.85905 curveto closepath fill
newpath 74.53014 124.97125 moveto
74.53014 125.03731 74.50389 125.10066 74.45718 125.14737 curveto
74.41048 125.19408 74.34712 125.22032 74.28107 125.22032 curveto
74.21501 125.22032 74.15166 125.19408 74.10495 125.14737 curveto
74.05824 125.10066 74.032 125.03731 74.032 124.97125 curveto
74.032 124.9052 74.05824 124.84184 74.10495 124.79514 curveto
74.15166 124.74843 74.21501 124.72218 74.28107 124.72218 curveto
74.34712 124.72218 74.41048 124.74843 74.45718 124.79514 curveto
74.50389 124.84184 74.53014 124.9052 74.53014 124.97125 curveto closepath fill
newpath 72.4186 127.0828 moveto
72.4186 127.14885 72.39235 127.2122 72.34564 127.25891 curveto
72.29893 127.30562 72.23558 127.33186 72.16953 127.33186 curveto
72.10347 127.33186 72.04012 127.30562 71.99341 127.25891 curveto
71.9467 127.2122 71.92046 127.14885 71.92046 127.0828 curveto
71.92046 127.01674 71.9467 126.95338 71.99341 126.90668 curveto
72.04012 126.85997 72.10347 126.83372 72.16953 126.83372 curveto
72.23558 126.83372 72.29893 126.85997 72.34564 126.90668 curveto
72.39235 126.95338 72.4186 127.01674 72.4186 127.0828 curveto closepath fill
newpath 70.30638 129.195 moveto
70.30638 129.26106 70.28014 129.32442 70.23343 129.37112 curveto
70.18672 129.41783 70.12337 129.44408 70.05731 129.44408 curveto
69.99126 129.44408 69.9279 129.41783 69.8812 129.37112 curveto
69.83449 129.32442 69.80824 129.26106 69.80824 129.195 curveto
69.80824 129.12895 69.83449 129.0656 69.8812 129.01889 curveto
69.9279 128.97218 69.99126 128.94594 70.05731 128.94594 curveto
70.12337 128.94594 70.18672 128.97218 70.23343 129.01889 curveto
70.28014 129.0656 70.30638 129.12895 70.30638 129.195 curveto closepath fill
newpath 68.19417 131.30722 moveto
68.19417 131.37328 68.16792 131.43663 68.12122 131.48334 curveto
68.07451 131.53004 68.01115 131.55629 67.9451 131.55629 curveto
67.87904 131.55629 67.81569 131.53004 67.76898 131.48334 curveto
67.72227 131.43663 67.69603 131.37328 67.69603 131.30722 curveto
67.69603 131.24117 67.72227 131.17781 67.76898 131.1311 curveto
67.81569 131.0844 67.87904 131.05815 67.9451 131.05815 curveto
68.01115 131.05815 68.07451 131.0844 68.12122 131.1311 curveto
68.16792 131.17781 68.19417 131.24117 68.19417 131.30722 curveto closepath fill
newpath 66.082 133.41939 moveto
66.082 133.48544 66.05576 133.5488 66.00905 133.5955 curveto
65.96234 133.64221 65.89899 133.66846 65.83293 133.66846 curveto
65.76688 133.66846 65.70352 133.64221 65.65681 133.5955 curveto
65.6101 133.5488 65.58386 133.48544 65.58386 133.41939 curveto
65.58386 133.35333 65.6101 133.28998 65.65681 133.24327 curveto
65.70352 133.19656 65.76688 133.17032 65.83293 133.17032 curveto
65.89899 133.17032 65.96234 133.19656 66.00905 133.24327 curveto
66.05576 133.28998 66.082 133.35333 66.082 133.41939 curveto closepath fill
newpath 63.96979 135.5316 moveto
63.96979 135.59766 63.94354 135.66101 63.89684 135.70772 curveto
63.85013 135.75443 63.78677 135.78067 63.72072 135.78067 curveto
63.65466 135.78067 63.59131 135.75443 63.5446 135.70772 curveto
63.4979 135.66101 63.47165 135.59766 63.47165 135.5316 curveto
63.47165 135.46555 63.4979 135.40219 63.5446 135.35548 curveto
63.59131 135.30878 63.65466 135.28253 63.72072 135.28253 curveto
63.78677 135.28253 63.85013 135.30878 63.89684 135.35548 curveto
63.94354 135.40219 63.96979 135.46555 63.96979 135.5316 curveto closepath fill
newpath 61.85822 137.64317 moveto
61.85822 137.70923 61.83197 137.77258 61.78526 137.81929 curveto
61.73856 137.866 61.6752 137.89224 61.60915 137.89224 curveto
61.54309 137.89224 61.47974 137.866 61.43303 137.81929 curveto
61.38632 137.77258 61.36008 137.70923 61.36008 137.64317 curveto
61.36008 137.57712 61.38632 137.51376 61.43303 137.46706 curveto
61.47974 137.42035 61.54309 137.3941 61.60915 137.3941 curveto
61.6752 137.3941 61.73856 137.42035 61.78526 137.46706 curveto
61.83197 137.51376 61.85822 137.57712 61.85822 137.64317 curveto closepath fill
newpath 59.74605 139.75534 moveto
59.74605 139.8214 59.7198 139.88475 59.6731 139.93146 curveto
59.62639 139.97816 59.56303 140.00441 59.49698 140.00441 curveto
59.43092 140.00441 59.36757 139.97816 59.32086 139.93146 curveto
59.27415 139.88475 59.24791 139.8214 59.24791 139.75534 curveto
59.24791 139.68929 59.27415 139.62593 59.32086 139.57922 curveto
59.36757 139.53252 59.43092 139.50627 59.49698 139.50627 curveto
59.56303 139.50627 59.62639 139.53252 59.6731 139.57922 curveto
59.7198 139.62593 59.74605 139.68929 59.74605 139.75534 curveto closepath fill
newpath 57.63383 141.86755 moveto
57.63383 141.93361 57.60759 141.99696 57.56088 142.04367 curveto
57.51418 142.09038 57.45082 142.11662 57.38477 142.11662 curveto
57.31871 142.11662 57.25536 142.09038 57.20865 142.04367 curveto
57.16194 141.99696 57.1357 141.93361 57.1357 141.86755 curveto
57.1357 141.8015 57.16194 141.73814 57.20865 141.69144 curveto
57.25536 141.64473 57.31871 141.61848 57.38477 141.61848 curveto
57.45082 141.61848 57.51418 141.64473 57.56088 141.69144 curveto
57.60759 141.73814 57.63383 141.8015 57.63383 141.86755 curveto closepath fill
newpath 70.10078 102.23112 moveto
70.10078 102.29718 70.07454 102.36053 70.02783 102.40724 curveto
69.98112 102.45395 69.91777 102.4802 69.85172 102.4802 curveto
69.78566 102.4802 69.7223 102.45395 69.6756 102.40724 curveto
69.62889 102.36053 69.60265 102.29718 69.60265 102.23112 curveto
69.60265 102.16507 69.62889 102.10172 69.6756 102.05501 curveto
69.7223 102.0083 69.78566 101.98206 69.85172 101.98206 curveto
69.91777 101.98206 69.98112 102.0083 70.02783 102.05501 curveto
70.07454 102.10172 70.10078 102.16507 70.10078 102.23112 curveto closepath fill
newpath 70.52025 105.24374 moveto
70.52025 105.3098 70.494 105.37315 70.4473 105.41986 curveto
70.40059 105.46657 70.33723 105.49281 70.27118 105.49281 curveto
70.20512 105.49281 70.14177 105.46657 70.09506 105.41986 curveto
70.04836 105.37315 70.02211 105.3098 70.02211 105.24374 curveto
70.02211 105.17769 70.04836 105.11433 70.09506 105.06763 curveto
70.14177 105.02092 70.20512 104.99467 70.27118 104.99467 curveto
70.33723 104.99467 70.40059 105.02092 70.4473 105.06763 curveto
70.494 105.11433 70.52025 105.17769 70.52025 105.24374 curveto closepath fill
newpath 71.24281 108.19823 moveto
71.24281 108.26428 71.21657 108.32764 71.16986 108.37434 curveto
71.12315 108.42105 71.0598 108.4473 70.99374 108.4473 curveto
70.92769 108.4473 70.86433 108.42105 70.81763 108.37434 curveto
70.77092 108.32764 70.74467 108.26428 70.74467 108.19823 curveto
70.74467 108.13217 70.77092 108.06882 70.81763 108.02211 curveto
70.86433 107.9754 70.92769 107.94916 70.99374 107.94916 curveto
71.0598 107.94916 71.12315 107.9754 71.16986 108.02211 curveto
71.21657 108.06882 71.24281 108.13217 71.24281 108.19823 curveto closepath fill
newpath 72.26224 111.06389 moveto
72.26224 111.12994 72.236 111.1933 72.18929 111.24 curveto
72.14258 111.28671 72.07922 111.31296 72.01317 111.31296 curveto
71.94711 111.31296 71.88376 111.28671 71.83705 111.24 curveto
71.79034 111.1933 71.7641 111.12994 71.7641 111.06389 curveto
71.7641 110.99783 71.79034 110.93448 71.83705 110.88777 curveto
71.88376 110.84106 71.94711 110.81482 72.01317 110.81482 curveto
72.07922 110.81482 72.14258 110.84106 72.18929 110.88777 curveto
72.236 110.93448 72.26224 110.99783 72.26224 111.06389 curveto closepath fill
newpath 73.56783 113.81099 moveto
73.56783 113.87704 73.54158 113.9404 73.49487 113.9871 curveto
73.44817 114.03381 73.38481 114.06006 73.31876 114.06006 curveto
73.2527 114.06006 73.18935 114.03381 73.14264 113.9871 curveto
73.09593 113.9404 73.06969 113.87704 73.06969 113.81099 curveto
73.06969 113.74493 73.09593 113.68158 73.14264 113.63487 curveto
73.18935 113.58817 73.2527 113.56192 73.31876 113.56192 curveto
73.38481 113.56192 73.44817 113.58817 73.49487 113.63487 curveto
73.54158 113.68158 73.56783 113.74493 73.56783 113.81099 curveto closepath fill
newpath 75.14575 116.4113 moveto
75.14575 116.47736 75.1195 116.54071 75.0728 116.58742 curveto
75.0261 116.63412 74.96274 116.66037 74.89668 116.66037 curveto
74.83063 116.66037 74.76727 116.63412 74.72057 116.58742 curveto
74.67386 116.54071 74.64761 116.47736 74.64761 116.4113 curveto
74.64761 116.34525 74.67386 116.28189 74.72057 116.23518 curveto
74.76727 116.18848 74.83063 116.16223 74.89668 116.16223 curveto
74.96274 116.16223 75.0261 116.18848 75.0728 116.23518 curveto
75.1195 116.28189 75.14575 116.34525 75.14575 116.4113 curveto closepath fill
newpath 76.97987 118.83781 moveto
76.97987 118.90387 76.95363 118.96722 76.90692 119.01393 curveto
76.86021 119.06064 76.79686 119.08688 76.7308 119.08688 curveto
76.66475 119.08688 76.6014 119.06064 76.55469 119.01393 curveto
76.50798 118.96722 76.48174 118.90387 76.48174 118.83781 curveto
76.48174 118.77176 76.50798 118.7084 76.55469 118.6617 curveto
76.6014 118.61499 76.66475 118.58875 76.7308 118.58875 curveto
76.79686 118.58875 76.86021 118.61499 76.90692 118.6617 curveto
76.95363 118.7084 76.97987 118.77176 76.97987 118.83781 curveto closepath fill
showpage
%%EOF
