%!PS
%%BoundingBox: -1 -1 140 160 
%%HiResBoundingBox: -0.24907 -0.24907 139.7257 159.65092 
%%Creator: MetaPost 2.000
%%CreationDate: 2017.07.04:1542
%%Pages: 1
%%BeginProlog
%%EndProlog
%%Page: 1 1
 0 0 0 setrgbcolor 0 0.49814 dtransform truncate idtransform setlinewidth pop [] 0 setdash 1 setlinecap
 1 setlinejoin 10 setmiterlimit
newpath 0 99.62616 moveto
139.47662 99.62616 lineto stroke
newpath 134.49532 102.11682 moveto
135.67125 100.5489 137.51674 99.62616 139.47662 99.62616 curveto
137.51674 99.62616 135.67125 98.70341 134.49532 97.1355 curveto stroke
 0.49814 0 dtransform exch truncate exch idtransform pop setlinewidth
newpath 69.73831 0 moveto
69.73831 159.40186 lineto stroke
 0 0.49814 dtransform truncate idtransform setlinewidth pop
newpath 67.24765 154.42055 moveto
68.81557 155.59648 69.73831 157.44197 69.73831 159.40186 curveto
69.73831 157.44197 70.66106 155.59648 72.22897 154.42055 curveto stroke
 0.49814 0 dtransform exch truncate exch idtransform pop setlinewidth
newpath 9.96262 97.63364 moveto
9.96262 101.61868 lineto stroke
newpath 29.88785 97.63364 moveto
29.88785 101.61868 lineto stroke
newpath 49.81308 97.63364 moveto
49.81308 101.61868 lineto stroke
newpath 89.66354 97.63364 moveto
89.66354 101.61868 lineto stroke
newpath 109.58878 97.63364 moveto
109.58878 101.61868 lineto stroke
newpath 129.514 97.63364 moveto
129.514 101.61868 lineto stroke
 0 0.49814 dtransform truncate idtransform setlinewidth pop
newpath 71.73083 19.92523 moveto
67.74579 19.92523 lineto stroke
newpath 71.73083 39.85046 moveto
67.74579 39.85046 lineto stroke
newpath 71.73083 59.7757 moveto
67.74579 59.7757 lineto stroke
newpath 71.73083 79.70093 moveto
67.74579 79.70093 lineto stroke
newpath 71.73083 119.55139 moveto
67.74579 119.55139 lineto stroke
newpath 71.73083 139.47662 moveto
67.74579 139.47662 lineto stroke
newpath 86.99411 111.08318 moveto
86.59775 111.08318 86.21768 110.92569 85.93744 110.64545 curveto
85.6572 110.3652 85.49971 109.98514 85.49971 109.58878 curveto
85.49971 109.19241 85.6572 108.81235 85.93744 108.5321 curveto
86.21768 108.25186 86.59775 108.09438 86.99411 108.09438 curveto
87.39047 108.09438 87.77054 108.25186 88.05078 108.5321 curveto
88.33102 108.81235 88.48851 109.19241 88.48851 109.58878 curveto
88.48851 109.98514 88.33102 110.3652 88.05078 110.64545 curveto
87.77054 110.92569 87.39047 111.08318 86.99411 111.08318 curveto closepath fill
newpath 52.48251 111.08318 moveto
52.08615 111.08318 51.70609 110.92569 51.42584 110.64545 curveto
51.1456 110.3652 50.98811 109.98514 50.98811 109.58878 curveto
50.98811 109.19241 51.1456 108.81235 51.42584 108.5321 curveto
51.70609 108.25186 52.08615 108.09438 52.48251 108.09438 curveto
52.87888 108.09438 53.25894 108.25186 53.53918 108.5321 curveto
53.81943 108.81235 53.97691 109.19241 53.97691 109.58878 curveto
53.97691 109.98514 53.81943 110.3652 53.53918 110.64545 curveto
53.25894 110.92569 52.87888 111.08318 52.48251 111.08318 curveto closepath fill
newpath 69.73831 101.12056 moveto
69.34195 101.12056 68.96188 100.96307 68.68164 100.68283 curveto
68.4014 100.40259 68.24391 100.02252 68.24391 99.62616 curveto
68.24391 99.2298 68.4014 98.84973 68.68164 98.56949 curveto
68.96188 98.28925 69.34195 98.13176 69.73831 98.13176 curveto
70.13467 98.13176 70.51474 98.28925 70.79498 98.56949 curveto
71.07523 98.84973 71.23271 99.2298 71.23271 99.62616 curveto
71.23271 100.02252 71.07523 100.40259 70.79498 100.68283 curveto
70.51474 100.96307 70.13467 101.12056 69.73831 101.12056 curveto closepath fill
newpath 109.58878 99.62616 moveto
108.45412 100.75839 107.24802 101.81703 105.97836 102.79573 curveto
104.7674 103.7288 103.49287 104.57585 102.17062 105.34323 curveto
100.91405 106.07262 99.60762 106.71199 98.26682 107.27142 curveto
97.00142 107.79922 95.70045 108.23582 94.3773 108.59428 curveto
93.13411 108.93115 91.86841 109.17802 90.59207 109.35011 curveto
89.39995 109.51064 88.19809 109.58482 86.99533 109.58878 curveto
85.87892 109.59242 84.76402 109.51459 83.65672 109.37291 curveto
82.63942 109.24278 81.63368 109.03757 80.64223 108.7761 curveto
79.73924 108.53802 78.85571 108.23277 77.99164 107.87949 curveto
77.21393 107.56148 76.46144 107.18446 75.73145 106.76825 curveto
75.08415 106.39914 74.46666 105.98048 73.87288 105.53052 curveto
73.35512 105.1383 72.86957 104.70537 72.40714 104.24931 curveto
72.01492 103.86258 71.65526 103.44392 71.31625 103.00977 curveto
71.03775 102.65314 70.79088 102.274 70.56042 101.88484 curveto
70.38074 101.5814 70.22963 101.26218 70.09007 100.93837 curveto
69.99005 100.70609 69.91405 100.46469 69.8432 100.22206 curveto
69.80095 100.07643 69.77753 99.92624 69.75139 99.77696 curveto
69.74196 99.72253 69.81554 99.62616 69.73831 99.62616 curveto
69.66109 99.62616 69.73466 99.72253 69.72523 99.77696 curveto
69.6991 99.92624 69.67567 100.07643 69.63342 100.22206 curveto
69.56258 100.46469 69.48657 100.70609 69.38655 100.93837 curveto
69.247 101.26218 69.09589 101.5814 68.9162 101.88484 curveto
68.68575 102.274 68.43887 102.65314 68.16037 103.00977 curveto
67.82137 103.44392 67.4617 103.86258 67.06949 104.24931 curveto
66.60706 104.70537 66.1215 105.1383 65.60374 105.53052 curveto
65.00996 105.98048 64.39247 106.39914 63.74518 106.76825 curveto
63.01518 107.18446 62.2627 107.56148 61.48499 107.87949 curveto
60.62091 108.23277 59.73738 108.53802 58.8344 108.7761 curveto
57.84294 109.03757 56.8372 109.24278 55.8199 109.37291 curveto
54.7126 109.51459 53.5977 109.59242 52.4813 109.58878 curveto
51.27853 109.58482 50.07668 109.51064 48.88455 109.35011 curveto
47.60822 109.17802 46.34251 108.93115 45.09932 108.59428 curveto
43.77617 108.23582 42.4752 107.79922 41.20981 107.27142 curveto
39.869 106.71199 38.56258 106.07262 37.306 105.34323 curveto
35.98375 104.57585 34.70923 103.7288 33.49826 102.79573 curveto
32.2286 101.81703 31.01947 100.76204 29.88785 99.62616 curveto
28.70607 98.43982 27.59755 97.18202 26.58025 95.85156 curveto
25.5216 94.467 24.54869 93.01826 23.67976 91.50722 curveto
22.77739 89.93808 21.9729 88.31424 21.28275 86.64082 curveto
20.56978 84.91238 19.96536 83.14108 19.48378 81.3345 curveto
18.98729 79.47168 18.60785 77.57938 18.35823 75.66791 curveto
18.10162 73.70262 17.96877 71.72275 17.9709 69.74074 curveto
17.97333 67.70584 18.10437 65.67307 18.37192 63.65579 curveto
18.64525 61.59444 19.0484 59.55193 19.58836 57.54378 curveto
20.13957 55.49458 20.82092 53.48248 21.63452 51.52237 curveto
22.46301 49.52667 23.41737 47.58511 24.49913 45.71439 curveto
25.59822 43.81416 26.81831 41.98631 28.15576 40.24571 curveto
29.51358 38.47865 30.98268 36.80008 32.5591 35.22488 curveto
34.15224 33.63326 35.84663 32.14592 37.63405 30.77594 curveto
39.4388 29.39258 41.33112 28.12749 43.30066 26.9913 curveto
45.28539 25.84631 47.3425 24.83054 49.45949 23.9543 curveto
51.59138 23.07169 53.7783 22.32832 56.00719 21.7312 curveto
58.24184 21.13255 60.5136 20.68045 62.80722 20.37885 curveto
65.10512 20.07664 67.42065 19.92523 69.73831 19.92523 curveto
72.05597 19.92523 74.3715 20.07664 76.6694 20.37885 curveto
78.96303 20.68045 81.23479 21.13255 83.46944 21.7312 curveto
85.69832 22.32832 87.88524 23.07169 90.01714 23.9543 curveto
92.13412 24.83054 94.19124 25.84631 96.17596 26.9913 curveto
98.14551 28.12749 100.03783 29.39258 101.84258 30.77594 curveto
103.62999 32.14592 105.32439 33.63326 106.91753 35.22488 curveto
108.49394 36.80008 109.96304 38.47865 111.32086 40.24571 curveto
112.65831 41.98631 113.8784 43.81416 114.9775 45.71439 curveto
116.05925 47.58511 117.01361 49.52667 117.8421 51.52237 curveto
118.6557 53.48248 119.33705 55.49458 119.88826 57.54378 curveto
120.42822 59.55193 120.83138 61.59444 121.1047 63.65579 curveto
121.37225 65.67307 121.5033 67.70584 121.50572 69.74074 curveto
121.50786 71.72275 121.375 73.70262 121.1184 75.66791 curveto
120.86877 77.57938 120.48933 79.47168 119.99284 81.3345 curveto
119.51126 83.14108 118.90685 84.91238 118.19388 86.64082 curveto
117.50372 88.31424 116.69923 89.93808 115.79686 91.50722 curveto
114.92793 93.01826 113.95502 94.467 112.89638 95.85156 curveto
111.87907 97.18202 110.7742 98.44316 109.58878 99.62616 curveto stroke
 0 1.05 dtransform truncate idtransform setlinewidth pop
newpath 69.73831 99.62616 moveto
70.8979 99.62616 72.05536 99.7274 73.19731 99.92868 curveto
74.34018 100.13025 75.46329 100.43124 76.55356 100.828 curveto
77.64322 101.22447 78.69609 101.71548 79.70032 102.29529 curveto
80.70515 102.87538 81.6574 103.54213 82.54608 104.28793 curveto
83.43448 105.03342 84.25598 105.85492 85.00146 106.74332 curveto
85.74727 107.63231 86.41432 108.58455 86.99442 109.58939 curveto
87.57452 110.59392 88.06523 111.64679 88.46199 112.73676 curveto
88.85876 113.82703 89.15976 114.94983 89.36133 116.09239 curveto
89.5626 117.23434 89.66354 118.3918 89.66354 119.55139 curveto
89.66354 120.71129 89.5626 121.86874 89.36133 123.011 curveto
89.15976 124.15356 88.85876 125.27637 88.46199 126.36633 curveto
88.06523 127.456 87.57422 128.50887 86.99442 129.51309 curveto
86.41402 130.51793 85.74727 131.47047 85.00146 132.35947 curveto
84.25629 133.24786 83.43448 134.06906 82.54608 134.81425 curveto
81.65709 135.56004 80.70515 136.2271 79.70032 136.80719 curveto
78.69609 137.387 77.64322 137.8777 76.55356 138.27448 curveto
75.46329 138.67154 74.34018 138.97284 73.19731 139.17441 curveto
72.05536 139.37599 70.8979 139.47662 69.73831 139.47662 curveto
68.57872 139.47662 67.42126 139.37599 66.27931 139.17441 curveto
65.13644 138.97284 64.01334 138.67154 62.92307 138.27448 curveto
61.8334 137.8777 60.78053 137.387 59.7763 136.80719 curveto
58.77147 136.2271 57.81953 135.56004 56.93054 134.81425 curveto
56.04214 134.06906 55.22034 133.24786 54.47516 132.35947 curveto
53.72935 131.47047 53.0626 130.51793 52.48221 129.51309 curveto
51.9024 128.50887 51.41139 127.456 51.01463 126.36633 curveto
50.61786 125.27637 50.31686 124.15356 50.1153 123.011 curveto
49.91402 121.86874 49.81308 120.71129 49.81308 119.55139 curveto
49.81308 118.3918 49.91402 117.23434 50.1153 116.09239 curveto
50.31686 114.94983 50.61786 113.82703 51.01463 112.73676 curveto
51.41139 111.64679 51.9021 110.59392 52.48221 109.58939 curveto
53.0623 108.58455 53.72935 107.63231 54.47516 106.74332 curveto
55.22064 105.85492 56.04214 105.03342 56.93054 104.28793 curveto
57.81923 103.54213 58.77147 102.87538 59.7763 102.29529 curveto
60.78053 101.71548 61.8334 101.22447 62.92307 100.828 curveto
64.01334 100.43124 65.13644 100.13025 66.27931 99.92868 curveto
67.42126 99.7274 68.57872 99.62616 69.73831 99.62616 curveto stroke
showpage
%%EOF
