%!PS
%%BoundingBox: 24 24 150 128 
%%HiResBoundingBox: 24.28267 24.28267 149.68831 127.79802 
%%Creator: MetaPost 2.000
%%CreationDate: 2017.07.04:1542
%%Pages: 1
%%BeginProlog
%%EndProlog
%%Page: 1 1
 0 0 0 setrgbcolor 0 0.49814 dtransform truncate idtransform setlinewidth pop [] 0 setdash 1 setlinecap
 1 setlinejoin 10 setmiterlimit
newpath 74.71962 74.71962 moveto
149.43924 74.71962 lineto stroke
newpath 146.45045 76.21402 moveto
147.156 75.27327 148.2633 74.71962 149.43924 74.71962 curveto
148.2633 74.71962 147.156 74.16597 146.45045 73.22522 curveto stroke
 0.49814 0 dtransform exch truncate exch idtransform pop setlinewidth
newpath 89.66354 72.7271 moveto
89.66354 76.71214 lineto stroke
newpath 104.60747 72.7271 moveto
104.60747 76.71214 lineto stroke
newpath 119.55139 72.7271 moveto
119.55139 76.71214 lineto stroke
newpath 134.49532 72.7271 moveto
134.49532 76.71214 lineto stroke
 0 0.49814 dtransform truncate idtransform setlinewidth pop
newpath 74.71962 74.71962 moveto
76.18753 76.18753 lineto stroke
newpath 79.1218 79.1218 moveto
82.05684 82.05684 lineto stroke
newpath 84.99188 84.99188 moveto
87.92702 87.92702 lineto stroke
newpath 90.86195 90.86195 moveto
93.79695 93.79695 lineto stroke
newpath 96.73204 96.73204 moveto
99.66718 99.66718 lineto stroke
newpath 102.60213 102.60213 moveto
105.53699 105.53699 lineto stroke
newpath 108.47221 108.47221 moveto
111.40637 111.40637 lineto stroke
newpath 114.34154 114.34154 moveto
117.27661 117.27661 lineto stroke
newpath 120.21165 120.21165 moveto
123.14674 123.14674 lineto stroke
newpath 126.08182 126.08182 moveto
127.54895 127.54895 lineto stroke
newpath 86.87022 83.70065 moveto
83.70065 86.87022 lineto stroke
newpath 97.43605 94.26648 moveto
94.26648 97.43605 lineto stroke
newpath 108.00186 104.8323 moveto
104.8323 108.00186 lineto stroke
newpath 118.56792 115.39812 moveto
115.39812 118.56792 lineto stroke
newpath 24.7808 24.53174 moveto
24.7808 24.5978 24.75456 24.66115 24.70786 24.70786 curveto
24.66115 24.75456 24.5978 24.7808 24.53174 24.7808 curveto
24.46568 24.7808 24.40233 24.75456 24.35562 24.70786 curveto
24.30891 24.66115 24.28267 24.5978 24.28267 24.53174 curveto
24.28267 24.46568 24.30891 24.40233 24.35562 24.35562 curveto
24.40233 24.30891 24.46568 24.28267 24.53174 24.28267 curveto
24.5978 24.28267 24.66115 24.30891 24.70786 24.35562 curveto
24.75456 24.40233 24.7808 24.46568 24.7808 24.53174 curveto closepath fill
newpath 26.87224 26.62317 moveto
26.87224 26.68922 26.846 26.75258 26.79929 26.79929 curveto
26.75258 26.846 26.68922 26.87224 26.62317 26.87224 curveto
26.55711 26.87224 26.49376 26.846 26.44705 26.79929 curveto
26.40034 26.75258 26.3741 26.68922 26.3741 26.62317 curveto
26.3741 26.55711 26.40034 26.49376 26.44705 26.44705 curveto
26.49376 26.40034 26.55711 26.3741 26.62317 26.3741 curveto
26.68922 26.3741 26.75258 26.40034 26.79929 26.44705 curveto
26.846 26.49376 26.87224 26.55711 26.87224 26.62317 curveto closepath fill
newpath 28.96289 28.71382 moveto
28.96289 28.77988 28.93665 28.84323 28.88994 28.88994 curveto
28.84323 28.93665 28.77988 28.96289 28.71382 28.96289 curveto
28.64777 28.96289 28.58441 28.93665 28.5377 28.88994 curveto
28.491 28.84323 28.46475 28.77988 28.46475 28.71382 curveto
28.46475 28.64777 28.491 28.58441 28.5377 28.5377 curveto
28.58441 28.491 28.64777 28.46475 28.71382 28.46475 curveto
28.77988 28.46475 28.84323 28.491 28.88994 28.5377 curveto
28.93665 28.58441 28.96289 28.64777 28.96289 28.71382 curveto closepath fill
newpath 31.05432 30.80525 moveto
31.05432 30.8713 31.02808 30.93466 30.98137 30.98137 curveto
30.93466 31.02808 30.8713 31.05432 30.80525 31.05432 curveto
30.7392 31.05432 30.67584 31.02808 30.62914 30.98137 curveto
30.58243 30.93466 30.55618 30.8713 30.55618 30.80525 curveto
30.55618 30.7392 30.58243 30.67584 30.62914 30.62914 curveto
30.67584 30.58243 30.7392 30.55618 30.80525 30.55618 curveto
30.8713 30.55618 30.93466 30.58243 30.98137 30.62914 curveto
31.02808 30.67584 31.05432 30.7392 31.05432 30.80525 curveto closepath fill
newpath 33.14575 32.89668 moveto
33.14575 32.96274 33.1195 33.0261 33.0728 33.0728 curveto
33.0261 33.1195 32.96274 33.14575 32.89668 33.14575 curveto
32.83063 33.14575 32.76727 33.1195 32.72057 33.0728 curveto
32.67386 33.0261 32.64761 32.96274 32.64761 32.89668 curveto
32.64761 32.83063 32.67386 32.76727 32.72057 32.72057 curveto
32.76727 32.67386 32.83063 32.64761 32.89668 32.64761 curveto
32.96274 32.64761 33.0261 32.67386 33.0728 32.72057 curveto
33.1195 32.76727 33.14575 32.83063 33.14575 32.89668 curveto closepath fill
newpath 35.2364 34.98734 moveto
35.2364 35.05339 35.21016 35.11674 35.16345 35.16345 curveto
35.11674 35.21016 35.05339 35.2364 34.98734 35.2364 curveto
34.92128 35.2364 34.85793 35.21016 34.81122 35.16345 curveto
34.76451 35.11674 34.73827 35.05339 34.73827 34.98734 curveto
34.73827 34.92128 34.76451 34.85793 34.81122 34.81122 curveto
34.85793 34.76451 34.92128 34.73827 34.98734 34.73827 curveto
35.05339 34.73827 35.11674 34.76451 35.16345 34.81122 curveto
35.21016 34.85793 35.2364 34.92128 35.2364 34.98734 curveto closepath fill
newpath 37.32784 37.07877 moveto
37.32784 37.14482 37.30159 37.20818 37.25488 37.25488 curveto
37.20818 37.30159 37.14482 37.32784 37.07877 37.32784 curveto
37.01271 37.32784 36.94936 37.30159 36.90265 37.25488 curveto
36.85594 37.20818 36.8297 37.14482 36.8297 37.07877 curveto
36.8297 37.01271 36.85594 36.94936 36.90265 36.90265 curveto
36.94936 36.85594 37.01271 36.8297 37.07877 36.8297 curveto
37.14482 36.8297 37.20818 36.85594 37.25488 36.90265 curveto
37.30159 36.94936 37.32784 37.01271 37.32784 37.07877 curveto closepath fill
newpath 39.41927 39.1702 moveto
39.41927 39.23625 39.39302 39.2996 39.34631 39.34631 curveto
39.2996 39.39302 39.23625 39.41927 39.1702 39.41927 curveto
39.10414 39.41927 39.04079 39.39302 38.99408 39.34631 curveto
38.94737 39.2996 38.92113 39.23625 38.92113 39.1702 curveto
38.92113 39.10414 38.94737 39.04079 38.99408 38.99408 curveto
39.04079 38.94737 39.10414 38.92113 39.1702 38.92113 curveto
39.23625 38.92113 39.2996 38.94737 39.34631 38.99408 curveto
39.39302 39.04079 39.41927 39.10414 39.41927 39.1702 curveto closepath fill
newpath 41.5099 41.26083 moveto
41.5099 41.32689 41.48366 41.39024 41.43695 41.43695 curveto
41.39024 41.48366 41.32689 41.5099 41.26083 41.5099 curveto
41.19478 41.5099 41.13142 41.48366 41.08472 41.43695 curveto
41.03801 41.39024 41.01176 41.32689 41.01176 41.26083 curveto
41.01176 41.19478 41.03801 41.13142 41.08472 41.08472 curveto
41.13142 41.03801 41.19478 41.01176 41.26083 41.01176 curveto
41.32689 41.01176 41.39024 41.03801 41.43695 41.08472 curveto
41.48366 41.13142 41.5099 41.19478 41.5099 41.26083 curveto closepath fill
newpath 43.60133 43.35226 moveto
43.60133 43.41832 43.57509 43.48167 43.52838 43.52838 curveto
43.48167 43.57509 43.41832 43.60133 43.35226 43.60133 curveto
43.28621 43.60133 43.22285 43.57509 43.17615 43.52838 curveto
43.12944 43.48167 43.1032 43.41832 43.1032 43.35226 curveto
43.1032 43.28621 43.12944 43.22285 43.17615 43.17615 curveto
43.22285 43.12944 43.28621 43.1032 43.35226 43.1032 curveto
43.41832 43.1032 43.48167 43.12944 43.52838 43.17615 curveto
43.57509 43.22285 43.60133 43.28621 43.60133 43.35226 curveto closepath fill
newpath 45.69276 45.4437 moveto
45.69276 45.50975 45.66652 45.5731 45.61981 45.61981 curveto
45.5731 45.66652 45.50975 45.69276 45.4437 45.69276 curveto
45.37764 45.69276 45.31429 45.66652 45.26758 45.61981 curveto
45.22087 45.5731 45.19463 45.50975 45.19463 45.4437 curveto
45.19463 45.37764 45.22087 45.31429 45.26758 45.26758 curveto
45.31429 45.22087 45.37764 45.19463 45.4437 45.19463 curveto
45.50975 45.19463 45.5731 45.22087 45.61981 45.26758 curveto
45.66652 45.31429 45.69276 45.37764 45.69276 45.4437 curveto closepath fill
newpath 47.78342 47.53435 moveto
47.78342 47.6004 47.75717 47.66376 47.71046 47.71046 curveto
47.66376 47.75717 47.6004 47.78342 47.53435 47.78342 curveto
47.46829 47.78342 47.40494 47.75717 47.35823 47.71046 curveto
47.31152 47.66376 47.28528 47.6004 47.28528 47.53435 curveto
47.28528 47.46829 47.31152 47.40494 47.35823 47.35823 curveto
47.40494 47.31152 47.46829 47.28528 47.53435 47.28528 curveto
47.6004 47.28528 47.66376 47.31152 47.71046 47.35823 curveto
47.75717 47.40494 47.78342 47.46829 47.78342 47.53435 curveto closepath fill
newpath 49.87485 49.62578 moveto
49.87485 49.69183 49.8486 49.75519 49.8019 49.8019 curveto
49.75519 49.8486 49.69183 49.87485 49.62578 49.87485 curveto
49.55972 49.87485 49.49637 49.8486 49.44966 49.8019 curveto
49.40295 49.75519 49.37671 49.69183 49.37671 49.62578 curveto
49.37671 49.55972 49.40295 49.49637 49.44966 49.44966 curveto
49.49637 49.40295 49.55972 49.37671 49.62578 49.37671 curveto
49.69183 49.37671 49.75519 49.40295 49.8019 49.44966 curveto
49.8486 49.49637 49.87485 49.55972 49.87485 49.62578 curveto closepath fill
newpath 51.96626 51.7172 moveto
51.96626 51.78325 51.94002 51.8466 51.89331 51.89331 curveto
51.8466 51.94002 51.78325 51.96626 51.7172 51.96626 curveto
51.65114 51.96626 51.58778 51.94002 51.54108 51.89331 curveto
51.49437 51.8466 51.46812 51.78325 51.46812 51.7172 curveto
51.46812 51.65114 51.49437 51.58778 51.54108 51.54108 curveto
51.58778 51.49437 51.65114 51.46812 51.7172 51.46812 curveto
51.78325 51.46812 51.8466 51.49437 51.89331 51.54108 curveto
51.94002 51.58778 51.96626 51.65114 51.96626 51.7172 curveto closepath fill
newpath 54.0569 53.80783 moveto
54.0569 53.87389 54.03065 53.93724 53.98395 53.98395 curveto
53.93724 54.03065 53.87389 54.0569 53.80783 54.0569 curveto
53.74178 54.0569 53.67842 54.03065 53.63171 53.98395 curveto
53.585 53.93724 53.55876 53.87389 53.55876 53.80783 curveto
53.55876 53.74178 53.585 53.67842 53.63171 53.63171 curveto
53.67842 53.585 53.74178 53.55876 53.80783 53.55876 curveto
53.87389 53.55876 53.93724 53.585 53.98395 53.63171 curveto
54.03065 53.67842 54.0569 53.74178 54.0569 53.80783 curveto closepath fill
newpath 56.14832 55.89925 moveto
56.14832 55.9653 56.12207 56.02866 56.07536 56.07536 curveto
56.02866 56.12207 55.9653 56.14832 55.89925 56.14832 curveto
55.83319 56.14832 55.76984 56.12207 55.72313 56.07536 curveto
55.67642 56.02866 55.65018 55.9653 55.65018 55.89925 curveto
55.65018 55.83319 55.67642 55.76984 55.72313 55.72313 curveto
55.76984 55.67642 55.83319 55.65018 55.89925 55.65018 curveto
55.9653 55.65018 56.02866 55.67642 56.07536 55.72313 curveto
56.12207 55.76984 56.14832 55.83319 56.14832 55.89925 curveto closepath fill
newpath 58.23973 57.99066 moveto
58.23973 58.05672 58.21349 58.12007 58.16678 58.16678 curveto
58.12007 58.21349 58.05672 58.23973 57.99066 58.23973 curveto
57.9246 58.23973 57.86125 58.21349 57.81454 58.16678 curveto
57.76784 58.12007 57.7416 58.05672 57.7416 57.99066 curveto
57.7416 57.9246 57.76784 57.86125 57.81454 57.81454 curveto
57.86125 57.76784 57.9246 57.7416 57.99066 57.7416 curveto
58.05672 57.7416 58.12007 57.76784 58.16678 57.81454 curveto
58.21349 57.86125 58.23973 57.9246 58.23973 57.99066 curveto closepath fill
newpath 60.33115 60.08208 moveto
60.33115 60.14813 60.3049 60.21149 60.2582 60.2582 curveto
60.21149 60.3049 60.14813 60.33115 60.08208 60.33115 curveto
60.01602 60.33115 59.95267 60.3049 59.90596 60.2582 curveto
59.85925 60.21149 59.83301 60.14813 59.83301 60.08208 curveto
59.83301 60.01602 59.85925 59.95267 59.90596 59.90596 curveto
59.95267 59.85925 60.01602 59.83301 60.08208 59.83301 curveto
60.14813 59.83301 60.21149 59.85925 60.2582 59.90596 curveto
60.3049 59.95267 60.33115 60.01602 60.33115 60.08208 curveto closepath fill
newpath 62.4218 62.17273 moveto
62.4218 62.23878 62.39555 62.30214 62.34885 62.34885 curveto
62.30214 62.39555 62.23878 62.4218 62.17273 62.4218 curveto
62.10667 62.4218 62.04332 62.39555 61.99661 62.34885 curveto
61.9499 62.30214 61.92366 62.23878 61.92366 62.17273 curveto
61.92366 62.10667 61.9499 62.04332 61.99661 61.99661 curveto
62.04332 61.9499 62.10667 61.92366 62.17273 61.92366 curveto
62.23878 61.92366 62.30214 61.9499 62.34885 61.99661 curveto
62.39555 62.04332 62.4218 62.10667 62.4218 62.17273 curveto closepath fill
newpath 64.5132 64.26413 moveto
64.5132 64.33018 64.48695 64.39354 64.44025 64.44025 curveto
64.39354 64.48695 64.33018 64.5132 64.26413 64.5132 curveto
64.19807 64.5132 64.13472 64.48695 64.08801 64.44025 curveto
64.0413 64.39354 64.01506 64.33018 64.01506 64.26413 curveto
64.01506 64.19807 64.0413 64.13472 64.08801 64.08801 curveto
64.13472 64.0413 64.19807 64.01506 64.26413 64.01506 curveto
64.33018 64.01506 64.39354 64.0413 64.44025 64.08801 curveto
64.48695 64.13472 64.5132 64.19807 64.5132 64.26413 curveto closepath fill
newpath 66.60461 66.35555 moveto
66.60461 66.4216 66.57837 66.48495 66.53166 66.53166 curveto
66.48495 66.57837 66.4216 66.60461 66.35555 66.60461 curveto
66.28949 66.60461 66.22614 66.57837 66.17943 66.53166 curveto
66.13272 66.48495 66.10648 66.4216 66.10648 66.35555 curveto
66.10648 66.28949 66.13272 66.22614 66.17943 66.17943 curveto
66.22614 66.13272 66.28949 66.10648 66.35555 66.10648 curveto
66.4216 66.10648 66.48495 66.13272 66.53166 66.17943 curveto
66.57837 66.22614 66.60461 66.28949 66.60461 66.35555 curveto closepath fill
newpath 68.69525 68.44618 moveto
68.69525 68.51224 68.669 68.57559 68.6223 68.6223 curveto
68.57559 68.669 68.51224 68.69525 68.44618 68.69525 curveto
68.38013 68.69525 68.31677 68.669 68.27007 68.6223 curveto
68.22336 68.57559 68.19711 68.51224 68.19711 68.44618 curveto
68.19711 68.38013 68.22336 68.31677 68.27007 68.27007 curveto
68.31677 68.22336 68.38013 68.19711 68.44618 68.19711 curveto
68.51224 68.19711 68.57559 68.22336 68.6223 68.27007 curveto
68.669 68.31677 68.69525 68.38013 68.69525 68.44618 curveto closepath fill
newpath 70.78665 70.53758 moveto
70.78665 70.60364 70.7604 70.66699 70.7137 70.7137 curveto
70.66699 70.7604 70.60364 70.78665 70.53758 70.78665 curveto
70.47153 70.78665 70.40817 70.7604 70.36147 70.7137 curveto
70.31476 70.66699 70.28851 70.60364 70.28851 70.53758 curveto
70.28851 70.47153 70.31476 70.40817 70.36147 70.36147 curveto
70.40817 70.31476 70.47153 70.28851 70.53758 70.28851 curveto
70.60364 70.28851 70.66699 70.31476 70.7137 70.36147 curveto
70.7604 70.40817 70.78665 70.47153 70.78665 70.53758 curveto closepath fill
newpath 72.87804 72.62897 moveto
72.87804 72.69502 72.85179 72.75838 72.80508 72.80508 curveto
72.75838 72.85179 72.69502 72.87804 72.62897 72.87804 curveto
72.56291 72.87804 72.49956 72.85179 72.45285 72.80508 curveto
72.40614 72.75838 72.3799 72.69502 72.3799 72.62897 curveto
72.3799 72.56291 72.40614 72.49956 72.45285 72.45285 curveto
72.49956 72.40614 72.56291 72.3799 72.62897 72.3799 curveto
72.69502 72.3799 72.75838 72.40614 72.80508 72.45285 curveto
72.85179 72.49956 72.87804 72.56291 72.87804 72.62897 curveto closepath fill
newpath 74.96869 74.71962 moveto
74.96869 74.78568 74.94244 74.84903 74.89574 74.89574 curveto
74.84903 74.94244 74.78568 74.96869 74.71962 74.96869 curveto
74.65356 74.96869 74.59021 74.94244 74.5435 74.89574 curveto
74.4968 74.84903 74.47055 74.78568 74.47055 74.71962 curveto
74.47055 74.65356 74.4968 74.59021 74.5435 74.5435 curveto
74.59021 74.4968 74.65356 74.47055 74.71962 74.47055 curveto
74.78568 74.47055 74.84903 74.4968 74.89574 74.5435 curveto
74.94244 74.59021 74.96869 74.65356 74.96869 74.71962 curveto closepath fill
newpath 65.73859 62.56902 moveto
62.56902 65.73859 lineto stroke
newpath 55.17276 52.00319 moveto
52.00319 55.17276 lineto stroke
newpath 44.60693 41.43738 moveto
41.43738 44.60693 lineto stroke
newpath 34.04112 30.87132 moveto
30.87132 34.04112 lineto stroke
newpath 74.71962 76.21402 moveto
74.32326 76.21402 73.94319 76.05653 73.66295 75.77629 curveto
73.3827 75.49605 73.22522 75.11598 73.22522 74.71962 curveto
73.22522 74.32326 73.3827 73.94319 73.66295 73.66295 curveto
73.94319 73.3827 74.32326 73.22522 74.71962 73.22522 curveto
75.11598 73.22522 75.49605 73.3827 75.77629 73.66295 curveto
76.05653 73.94319 76.21402 74.32326 76.21402 74.71962 curveto
76.21402 75.11598 76.05653 75.49605 75.77629 75.77629 curveto
75.49605 76.05653 75.11598 76.21402 74.71962 76.21402 curveto closepath fill
newpath 37.65875 39.15315 moveto
37.26239 39.15315 36.88232 38.99567 36.60208 38.71542 curveto
36.32184 38.43518 36.16435 38.05511 36.16435 37.65875 curveto
36.16435 37.26239 36.32184 36.88232 36.60208 36.60208 curveto
36.88232 36.32184 37.26239 36.16435 37.65875 36.16435 curveto
38.05511 36.16435 38.43518 36.32184 38.71542 36.60208 curveto
38.99567 36.88232 39.15315 37.26239 39.15315 37.65875 curveto
39.15315 38.05511 38.99567 38.43518 38.71542 38.71542 curveto
38.43518 38.99567 38.05511 39.15315 37.65875 39.15315 curveto closepath fill
newpath 93.32861 76.34773 moveto
93.28117 76.88905 93.21004 77.42812 93.11563 77.96329 curveto
93.02122 78.49847 92.9038 79.02954 92.7631 79.55446 curveto
92.6224 80.07938 92.45892 80.5979 92.27307 81.10869 curveto
92.08723 81.61923 91.87904 82.12158 91.64943 82.61412 curveto
91.4198 83.10664 91.16875 83.58893 90.89694 84.05957 curveto
90.62514 84.53021 90.33302 84.98901 90.02132 85.43411 curveto
89.70961 85.87946 89.37851 86.31065 89.02917 86.72702 curveto stroke
newpath 89.80537 83.47684 moveto
90.07257 84.62202 89.785 85.82616 89.02917 86.72702 curveto
89.785 85.82616 90.92087 85.33372 92.09505 85.39789 curveto stroke
 0 1.05 dtransform truncate idtransform setlinewidth pop
newpath 74.71962 74.71962 moveto
37.65875 37.65875 lineto stroke
newpath 40.82884 38.71544 moveto
39.66473 38.88174 38.49026 38.49026 37.65875 37.65875 curveto
38.49026 38.49026 38.88174 39.66473 38.71544 40.82884 curveto stroke
showpage
%%EOF
