%!PS
%%BoundingBox: -1 -1 150 150 
%%HiResBoundingBox: -0.24907 -0.24907 149.68831 149.68831 
%%Creator: MetaPost 2.000
%%CreationDate: 2017.07.04:1542
%%Pages: 1
%%BeginProlog
%%EndProlog
%%Page: 1 1
 0 0 0 setrgbcolor 0 0.49814 dtransform truncate idtransform setlinewidth pop [] 0 setdash 1 setlinecap
 1 setlinejoin 10 setmiterlimit
newpath 0 74.71962 moveto
149.43924 74.71962 lineto stroke
newpath 144.45793 77.21028 moveto
145.63387 75.64236 147.47935 74.71962 149.43924 74.71962 curveto
147.47935 74.71962 145.63387 73.79688 144.45793 72.22896 curveto stroke
 0.49814 0 dtransform exch truncate exch idtransform pop setlinewidth
newpath 74.71962 0 moveto
74.71962 149.43924 lineto stroke
 0 0.49814 dtransform truncate idtransform setlinewidth pop
newpath 72.22896 144.45793 moveto
73.79688 145.63387 74.71962 147.47935 74.71962 149.43924 curveto
74.71962 147.47935 75.64236 145.63387 77.21028 144.45793 curveto stroke
 0.49814 0 dtransform exch truncate exch idtransform pop setlinewidth
newpath 14.94392 72.7271 moveto
14.94392 76.71214 lineto stroke
newpath 134.49532 72.7271 moveto
134.49532 76.71214 lineto stroke
 0 0.49814 dtransform truncate idtransform setlinewidth pop
newpath 76.71214 14.94392 moveto
72.7271 14.94392 lineto stroke
newpath 76.71214 134.49532 moveto
72.7271 134.49532 lineto stroke
 0 1.24533 dtransform truncate idtransform setlinewidth pop
newpath 74.71962 74.71962 moveto
78.18517 74.71962 81.64409 75.02222 85.05719 75.62375 curveto
88.3932 76.21182 91.6704 77.09612 94.84863 78.26793 curveto
97.88754 79.38823 100.8154 80.78967 103.59207 82.457 curveto
106.17924 84.01031 108.605 85.81879 110.8262 87.86168 curveto
112.85062 89.72351 114.6657 91.80174 116.21992 94.07106 curveto
117.60655 96.0957 118.73894 98.28499 119.55093 100.60081 curveto
120.26648 102.64188 120.68445 104.77826 120.73212 106.94086 curveto
120.77429 108.85536 120.4838 110.76578 119.81476 112.56056 curveto
119.19612 114.22014 118.24 115.73492 116.98747 116.98747 curveto
115.73492 118.24 114.22014 119.19612 112.56056 119.81476 curveto
110.76578 120.4838 108.85536 120.77429 106.94086 120.73212 curveto
104.77826 120.68445 102.64188 120.26648 100.60081 119.55093 curveto
98.28499 118.73894 96.0957 117.60655 94.07106 116.21992 curveto
91.80174 114.6657 89.72351 112.85062 87.86168 110.8262 curveto
85.81879 108.605 84.01031 106.17924 82.457 103.59207 curveto
80.78967 100.8154 79.38823 97.88754 78.26793 94.84863 curveto
77.09612 91.6704 76.21182 88.3932 75.62375 85.05719 curveto
75.02222 81.64409 74.71962 78.18517 74.71962 74.71962 curveto
74.71962 71.25407 75.02222 67.79515 75.62375 64.38205 curveto
76.21182 61.04604 77.09612 57.76884 78.26793 54.5906 curveto
79.38823 51.5517 80.78967 48.62384 82.457 45.84717 curveto
84.01031 43.26 85.81879 40.83424 87.86168 38.61304 curveto
89.72351 36.58862 91.80174 34.77354 94.07106 33.21931 curveto
96.0957 31.83269 98.28499 30.7003 100.60081 29.8883 curveto
102.64188 29.17276 104.77826 28.75479 106.94086 28.70712 curveto
108.85536 28.66495 110.76578 28.95544 112.56056 29.62448 curveto
114.22014 30.24312 115.73492 31.19923 116.98747 32.45177 curveto
118.24 33.70432 119.19612 35.2191 119.81476 36.87868 curveto
120.4838 38.67346 120.77429 40.58388 120.73212 42.49838 curveto
120.68445 44.66098 120.26648 46.79736 119.55093 48.83842 curveto
118.73894 51.15425 117.60655 53.34354 116.21992 55.36818 curveto
114.6657 57.6375 112.85062 59.71573 110.8262 61.57756 curveto
108.605 63.62045 106.17924 65.42892 103.59207 66.98224 curveto
100.8154 68.64957 97.88754 70.05101 94.84863 71.17131 curveto
91.6704 72.34312 88.3932 73.22742 85.05719 73.81549 curveto
81.64409 74.41702 78.18517 74.71962 74.71962 74.71962 curveto
71.25407 74.71962 67.79515 74.41702 64.38205 73.81549 curveto
61.04604 73.22742 57.76884 72.34312 54.5906 71.17131 curveto
51.5517 70.05101 48.62384 68.64957 45.84717 66.98224 curveto
43.26 65.42892 40.83424 63.62045 38.61304 61.57756 curveto
36.58862 59.71573 34.77354 57.6375 33.21931 55.36818 curveto
31.83269 53.34354 30.7003 51.15425 29.8883 48.83842 curveto
29.17276 46.79736 28.75479 44.66098 28.70712 42.49838 curveto
28.66495 40.58388 28.95544 38.67346 29.62448 36.87868 curveto
30.24312 35.2191 31.19923 33.70432 32.45177 32.45177 curveto
33.70432 31.19923 35.2191 30.24312 36.87868 29.62448 curveto
38.67346 28.95544 40.58388 28.66495 42.49838 28.70712 curveto
44.66098 28.75479 46.79736 29.17276 48.83842 29.8883 curveto
51.15425 30.7003 53.34354 31.83269 55.36818 33.21931 curveto
57.6375 34.77354 59.71573 36.58862 61.57756 38.61304 curveto
63.62045 40.83424 65.42892 43.26 66.98224 45.84717 curveto
68.64957 48.62384 70.05101 51.5517 71.17131 54.5906 curveto
72.34312 57.76884 73.22742 61.04604 73.81549 64.38205 curveto
74.41702 67.79515 74.71962 71.25407 74.71962 74.71962 curveto
74.71962 78.18517 74.41702 81.64409 73.81549 85.05719 curveto
73.22742 88.3932 72.34312 91.6704 71.17131 94.84863 curveto
70.05101 97.88754 68.64957 100.8154 66.98224 103.59207 curveto
65.42892 106.17924 63.62045 108.605 61.57756 110.8262 curveto
59.71573 112.85062 57.6375 114.6657 55.36818 116.21992 curveto
53.34354 117.60655 51.15425 118.73894 48.83842 119.55093 curveto
46.79736 120.26648 44.66098 120.68445 42.49838 120.73212 curveto
40.58388 120.77429 38.67346 120.4838 36.87868 119.81476 curveto
35.2191 119.19612 33.70432 118.24 32.45177 116.98747 curveto
31.19923 115.73492 30.24312 114.22014 29.62448 112.56056 curveto
28.95544 110.76578 28.66495 108.85536 28.70712 106.94086 curveto
28.75479 104.77826 29.17276 102.64188 29.8883 100.60081 curveto
30.7003 98.28499 31.83269 96.0957 33.21931 94.07106 curveto
34.77354 91.80174 36.58862 89.72351 38.61304 87.86168 curveto
40.83424 85.81879 43.26 84.01031 45.84717 82.457 curveto
48.62384 80.78967 51.5517 79.38823 54.5906 78.26793 curveto
57.76884 77.09612 61.04604 76.21182 64.38205 75.62375 curveto
67.79515 75.02222 71.25407 74.71962 74.71962 74.71962 curveto stroke
showpage
%%EOF
