%!PS
%%BoundingBox: -1 -1 120 120 
%%HiResBoundingBox: -0.24907 -0.24907 119.80046 119.80046 
%%Creator: MetaPost 2.000
%%CreationDate: 2017.07.04:1542
%%Pages: 1
%%BeginProlog
%%EndProlog
%%Page: 1 1
 0.7 setgray 0 0.49814 dtransform truncate idtransform setlinewidth pop [] 0 setdash 1 setlinecap
 1 setlinejoin 10 setmiterlimit
newpath 0 59.7757 moveto
119.55139 59.7757 lineto stroke
 0 0 0 setrgbcolor
newpath 114.57008 62.26636 moveto
115.74602 60.69844 117.5915 59.7757 119.55139 59.7757 curveto
117.5915 59.7757 115.74602 58.85295 114.57008 57.28503 curveto stroke
 0.7 setgray 0.49814 0 dtransform exch truncate exch idtransform pop setlinewidth
newpath 59.7757 0 moveto
59.7757 119.55139 lineto stroke
 0 0 0 setrgbcolor 0 0.49814 dtransform truncate idtransform setlinewidth pop
newpath 57.28503 114.57008 moveto
58.85295 115.74602 59.7757 117.5915 59.7757 119.55139 curveto
59.7757 117.5915 60.69844 115.74602 62.26636 114.57008 curveto stroke
 0.7 setgray 0.49814 0 dtransform exch truncate exch idtransform pop setlinewidth
newpath 14.94392 57.78317 moveto
14.94392 61.76822 lineto stroke
newpath 29.88785 57.78317 moveto
29.88785 61.76822 lineto stroke
newpath 44.83177 57.78317 moveto
44.83177 61.76822 lineto stroke
newpath 74.71962 57.78317 moveto
74.71962 61.76822 lineto stroke
newpath 89.66354 57.78317 moveto
89.66354 61.76822 lineto stroke
newpath 104.60747 57.78317 moveto
104.60747 61.76822 lineto stroke
 0 0.49814 dtransform truncate idtransform setlinewidth pop
newpath 61.76822 14.94392 moveto
57.78317 14.94392 lineto stroke
newpath 61.76822 29.88785 moveto
57.78317 29.88785 lineto stroke
newpath 61.76822 44.83177 moveto
57.78317 44.83177 lineto stroke
newpath 61.76822 74.71962 moveto
57.78317 74.71962 lineto stroke
newpath 61.76822 89.66354 moveto
57.78317 89.66354 lineto stroke
newpath 61.76822 104.60747 moveto
57.78317 104.60747 lineto stroke
 0.33 0.33 0.33 setrgbcolor
newpath 59.7757 59.7757 moveto
58.15659 58.84158 lineto stroke
newpath 54.91891 56.97372 moveto
51.68134 55.10588 lineto stroke
newpath 48.44298 53.23761 moveto
45.20522 51.36966 lineto stroke
newpath 41.96709 49.50151 moveto
38.72942 47.63365 lineto stroke
newpath 35.49174 45.76576 moveto
32.25357 43.89758 lineto stroke
newpath 29.01585 42.02968 moveto
25.77763 40.16145 lineto stroke
newpath 22.54051 38.29391 moveto
20.9214 37.3598 lineto stroke
 0 0 0 setrgbcolor
newpath 20.9214 38.8542 moveto
20.52504 38.8542 20.14497 38.69672 19.86473 38.41647 curveto
19.58449 38.13623 19.427 37.75616 19.427 37.3598 curveto
19.427 36.96344 19.58449 36.58337 19.86473 36.30313 curveto
20.14497 36.02289 20.52504 35.8654 20.9214 35.8654 curveto
21.31776 35.8654 21.69783 36.02289 21.97807 36.30313 curveto
22.25832 36.58337 22.4158 36.96344 22.4158 37.3598 curveto
22.4158 37.75616 22.25832 38.13623 21.97807 38.41647 curveto
21.69783 38.69672 21.31776 38.8542 20.9214 38.8542 curveto closepath fill
 0.33 0.33 0.33 setrgbcolor
newpath 37.44487 61.72943 moveto
37.50188 62.37907 37.58716 63.02599 37.70049 63.6681 curveto
37.81381 64.31046 37.95473 64.94733 38.12347 65.57736 curveto
38.2922 66.2074 38.48854 66.82968 38.71155 67.44263 curveto
38.93456 68.05533 39.18425 68.65823 39.45993 69.24927 curveto
39.73561 69.84032 40.03683 70.41882 40.36292 70.98364 curveto
40.689 71.54846 41.03947 72.0987 41.41367 72.63295 curveto
41.78763 73.16722 42.18507 73.68483 42.60419 74.18445 curveto
43.0233 74.68405 43.46407 75.16518 43.92514 75.62625 curveto
44.38622 76.08733 44.86734 76.52809 45.36694 76.9472 curveto
45.86656 77.36632 46.38417 77.76376 46.91844 78.13773 curveto
47.4527 78.51192 48.00293 78.8624 48.56775 79.18848 curveto
49.13257 79.51456 49.71107 79.81578 50.30212 80.09146 curveto
50.89316 80.36714 51.49606 80.61684 52.10876 80.83984 curveto
52.72171 81.06285 53.344 81.25919 53.97403 81.42792 curveto
54.60406 81.59666 55.24094 81.73758 55.88329 81.8509 curveto
56.5254 81.96423 57.17232 82.04974 57.82196 82.10652 curveto
58.47162 82.1633 59.12354 82.19159 59.7757 82.19159 curveto
60.42786 82.19159 61.07977 82.1633 61.72943 82.10652 curveto
62.37907 82.04974 63.02599 81.96423 63.6681 81.8509 curveto
64.31046 81.73758 64.94733 81.59666 65.57736 81.42792 curveto
66.2074 81.25919 66.82968 81.06285 67.44263 80.83984 curveto
68.05533 80.61684 68.65823 80.36714 69.24927 80.09146 curveto
69.84032 79.81578 70.41882 79.51456 70.98364 79.18848 curveto
71.54846 78.8624 72.0987 78.51192 72.63295 78.13773 curveto
73.16722 77.76376 73.68483 77.36632 74.18445 76.9472 curveto
74.68405 76.52809 75.16518 76.08733 75.62625 75.62625 curveto
76.08733 75.16518 76.52809 74.68405 76.9472 74.18445 curveto
77.36632 73.68483 77.76376 73.16722 78.13773 72.63295 curveto
78.51192 72.0987 78.8624 71.54846 79.18848 70.98364 curveto
79.51456 70.41882 79.81578 69.84032 80.09146 69.24927 curveto
80.36714 68.65823 80.61684 68.05533 80.83984 67.44263 curveto
81.06285 66.82968 81.25919 66.2074 81.42792 65.57736 curveto
81.59666 64.94733 81.73758 64.31046 81.8509 63.6681 curveto
81.96423 63.02599 82.04974 62.37907 82.10652 61.72943 curveto
82.1633 61.07977 82.19159 60.42786 82.19159 59.7757 curveto
82.19159 59.12354 82.1633 58.47162 82.10652 57.82196 curveto
82.04974 57.17232 81.96423 56.5254 81.8509 55.88329 curveto
81.73758 55.24094 81.59666 54.60406 81.42792 53.97403 curveto
81.25919 53.344 81.06285 52.72171 80.83984 52.10876 curveto
80.61684 51.49606 80.36714 50.89316 80.09146 50.30212 curveto
79.81578 49.71107 79.51456 49.13257 79.18848 48.56775 curveto
78.8624 48.00293 78.51192 47.4527 78.13773 46.91844 curveto
77.76376 46.38417 77.36632 45.86656 76.9472 45.36694 curveto
76.52809 44.86734 76.08733 44.38622 75.62625 43.92514 curveto
75.16518 43.46407 74.68405 43.0233 74.18445 42.60419 curveto
73.68483 42.18507 73.16722 41.78763 72.63295 41.41367 curveto
72.0987 41.03947 71.54846 40.689 70.98364 40.36292 curveto
70.41882 40.03683 69.84032 39.73561 69.24927 39.45993 curveto
68.65823 39.18425 68.05533 38.93456 67.44263 38.71155 curveto
66.82968 38.48854 66.2074 38.2922 65.57736 38.12347 curveto
64.94733 37.95473 64.31046 37.81381 63.6681 37.70049 curveto
63.02599 37.58716 62.37907 37.50165 61.72943 37.44487 curveto
61.07977 37.38809 60.42786 37.3598 59.7757 37.3598 curveto
59.12354 37.3598 58.47162 37.38809 57.82196 37.44487 curveto
57.17232 37.50165 56.5254 37.58716 55.88329 37.70049 curveto
55.24094 37.81381 54.60406 37.95473 53.97403 38.12347 curveto
53.344 38.2922 52.72171 38.48854 52.10876 38.71155 curveto
51.49606 38.93456 50.89316 39.18425 50.30212 39.45993 curveto
49.71107 39.73561 49.13257 40.03683 48.56775 40.36292 curveto
48.00293 40.689 47.4527 41.03947 46.91844 41.41367 curveto
46.38417 41.78763 45.86656 42.18507 45.36694 42.60419 curveto
44.86734 43.0233 44.38622 43.46407 43.92514 43.92514 curveto
43.46407 44.38622 43.0233 44.86734 42.60419 45.36694 curveto
42.18507 45.86656 41.78786 46.38417 41.41367 46.91844 curveto stroke
 0 0 0 setrgbcolor
newpath 41.9042 43.61311 moveto
42.27 44.73068 42.08826 45.95526 41.41367 46.91844 curveto
42.08826 45.95526 43.17696 45.3659 44.35226 45.32768 curveto stroke
showpage
%%EOF
