%!PS
%%BoundingBox: 60 -1 150 93 
%%HiResBoundingBox: 60.11566 -0.24907 149.68831 92.65646 
%%Creator: MetaPost 2.000
%%CreationDate: 2017.07.04:1542
%%Pages: 1
%%BeginProlog
%%EndProlog
%%Page: 1 1
 0 0 0 setrgbcolor 0 0.49814 dtransform truncate idtransform setlinewidth pop [] 0 setdash 1 setlinecap
 1 setlinejoin 10 setmiterlimit
newpath 74.71962 74.71962 moveto
149.43924 74.71962 lineto stroke
newpath 146.45045 76.21402 moveto
147.156 75.27327 148.2633 74.71962 149.43924 74.71962 curveto
148.2633 74.71962 147.156 74.16597 146.45045 73.22522 curveto stroke
 0.49814 0 dtransform exch truncate exch idtransform pop setlinewidth
newpath 74.71962 74.71962 moveto
74.71962 0 lineto stroke
 0 0.49814 dtransform truncate idtransform setlinewidth pop
newpath 76.21402 2.98878 moveto
75.27327 2.28323 74.71962 1.17593 74.71962 0 curveto
74.71962 1.17593 74.16597 2.28323 73.22522 2.98878 curveto stroke
newpath 74.71962 76.21402 moveto
74.32326 76.21402 73.94319 76.05653 73.66295 75.77629 curveto
73.3827 75.49605 73.22522 75.11598 73.22522 74.71962 curveto
73.22522 74.32326 73.3827 73.94319 73.66295 73.66295 curveto
73.94319 73.3827 74.32326 73.22522 74.71962 73.22522 curveto
75.11598 73.22522 75.49605 73.3827 75.77629 73.66295 curveto
76.05653 73.94319 76.21402 74.32326 76.21402 74.71962 curveto
76.21402 75.11598 76.05653 75.49605 75.77629 75.77629 curveto
75.49605 76.05653 75.11598 76.21402 74.71962 76.21402 curveto closepath fill
newpath 74.71962 8.96635 moveto
74.32326 8.96635 73.94319 8.80887 73.66295 8.52863 curveto
73.3827 8.24838 73.22522 7.86832 73.22522 7.47195 curveto
73.22522 7.07559 73.3827 6.69553 73.66295 6.41528 curveto
73.94319 6.13504 74.32326 5.97755 74.71962 5.97755 curveto
75.11598 5.97755 75.49605 6.13504 75.77629 6.41528 curveto
76.05653 6.69553 76.21402 7.07559 76.21402 7.47195 curveto
76.21402 7.86832 76.05653 8.24838 75.77629 8.52863 curveto
75.49605 8.80887 75.11598 8.96635 74.71962 8.96635 curveto closepath fill
newpath 82.19159 74.71962 moveto
82.25452 74.4998 82.30719 74.27725 82.34915 74.05241 curveto
82.39224 73.82211 82.42462 73.59021 82.44606 73.35693 curveto
82.46773 73.11888 82.47867 72.8799 82.47821 72.6407 curveto
82.47775 72.39626 82.46635 72.15227 82.4431 71.90897 curveto
82.41937 71.66019 82.38449 71.41255 82.33797 71.16698 curveto
82.29054 70.91637 82.23172 70.66827 82.16125 70.42339 curveto
82.0892 70.173 82.0062 69.92606 81.91133 69.68343 curveto
81.81465 69.43602 81.70703 69.1934 81.58823 68.95602 curveto
81.46692 68.71387 81.33488 68.47763 81.19191 68.24756 curveto
81.04597 68.01291 80.88956 67.78488 80.72287 67.56439 curveto
80.5532 67.34001 80.37354 67.12338 80.18404 66.91565 curveto
79.9909 66.70404 79.7882 66.50087 79.57658 66.30774 curveto
79.36064 66.11072 79.13626 65.92305 78.90321 65.74657 curveto
78.66629 65.56711 78.42186 65.39813 78.16966 65.2408 curveto
77.9129 65.08072 77.6493 64.93205 77.37909 64.79591 curveto
77.10387 64.65729 76.82248 64.53073 76.53584 64.41762 curveto
76.24466 64.3027 75.94846 64.20078 75.64792 64.11252 curveto
75.34236 64.02292 75.0327 63.94698 74.7203 63.8854 curveto
74.4022 63.82271 74.08138 63.77414 73.75894 63.74039 curveto
73.4315 63.70618 73.10269 63.68634 72.77365 63.68178 curveto
72.43867 63.67723 72.1037 63.68748 71.76987 63.71326 curveto
71.43103 63.73924 71.09332 63.78029 70.75835 63.83661 curveto
70.41791 63.89384 70.0802 63.96591 69.74637 64.0537 curveto
69.40706 64.14285 69.07164 64.24706 68.74168 64.36632 curveto
68.40694 64.4874 68.07767 64.62308 67.75525 64.77357 curveto
67.42802 64.92635 67.10742 65.09349 66.79526 65.27501 curveto
66.47807 65.45947 66.16887 65.65808 65.86946 65.87015 curveto
65.56596 66.08517 65.27226 66.31343 64.98929 66.55469 curveto
64.7022 66.79959 64.42606 67.05656 64.162 67.3261 curveto
63.89384 67.59973 63.63777 67.88522 63.39516 68.18188 curveto
63.14957 68.4822 62.91743 68.79321 62.69968 69.11427 curveto
62.47871 69.44035 62.2719 69.77579 62.08081 70.12033 curveto
61.88745 70.46898 61.70935 70.82607 61.54791 71.19046 curveto
61.38419 71.55986 61.2369 71.93633 61.10669 72.31895 curveto
60.97466 72.70706 60.85973 73.10086 60.76282 73.49922 curveto
60.66476 73.90237 60.5845 74.3094 60.52293 74.71962 curveto
60.46046 75.13509 60.41621 75.55328 60.39091 75.97263 curveto
60.36537 76.39812 60.3583 76.8243 60.37062 77.25026 curveto
60.38316 77.681 60.4144 78.11105 60.46524 78.53906 curveto
60.51656 78.9723 60.58679 79.40327 60.67662 79.83014 curveto
60.76761 80.26294 60.87752 80.69162 61.00658 81.11461 curveto
61.13701 81.54216 61.28636 81.96379 61.4542 82.37811 curveto
61.62407 82.79745 61.8122 83.20903 62.01878 83.61172 curveto
62.22812 84.01967 62.455 84.41803 62.69968 84.80591 curveto
62.94685 85.19765 63.21114 85.57846 63.49207 85.94672 curveto
63.77664 86.31976 64.07741 86.68028 64.3939 87.02664 curveto
64.71361 87.37643 65.0488 87.71187 65.39836 88.03201 curveto
65.7518 88.35582 66.11916 88.66411 66.49995 88.95529 curveto
66.88556 89.25014 67.28392 89.52809 67.69414 89.78758 curveto
68.10846 90.04959 68.53395 90.29335 68.96971 90.51773 curveto
69.41026 90.74438 69.86061 90.95212 70.31963 91.13887 curveto
70.78412 91.32791 71.25659 91.49687 71.7359 91.64418 curveto
72.22 91.79285 72.71025 91.92055 73.20552 92.0259 curveto
73.70604 92.13239 74.21089 92.21698 74.7187 92.27855 curveto
75.23268 92.34103 75.74939 92.38094 76.26678 92.39781 curveto
76.78896 92.4149 77.3116 92.40921 77.83331 92.38002 curveto
78.36029 92.3506 78.88588 92.29793 79.40807 92.222 curveto
79.93663 92.14516 80.46155 92.04504 80.98122 91.92169 curveto
81.50522 91.79741 82.02353 91.6501 82.53453 91.48 curveto
83.05147 91.30785 83.56088 91.11333 84.06049 90.89648 curveto
84.56442 90.67758 85.05833 90.43678 85.54106 90.17432 curveto
86.02858 89.90913 86.50424 89.62296 86.96645 89.31581 curveto
87.43367 89.00523 87.88722 88.67459 88.32526 88.32411 curveto
88.76694 87.97067 89.1929 87.59831 89.60152 87.20724 curveto
90.01425 86.8123 90.40942 86.39981 90.78566 85.9702 curveto
91.16602 85.53604 91.52744 85.08546 91.86787 84.61937 curveto
92.21106 84.14964 92.5337 83.66508 92.83424 83.16685 curveto
93.13753 82.66405 93.41913 82.14825 93.67703 81.6206 curveto
93.93767 81.08748 94.17459 80.54318 94.3871 79.98907 curveto
94.60123 79.43063 94.79094 78.86308 94.95512 78.288 curveto
95.1209 77.70699 95.26158 77.11891 95.3756 76.52559 curveto
95.49052 75.9277 95.57945 75.32503 95.64125 74.71939 curveto
95.70374 74.10828 95.7393 73.49489 95.74774 72.88058 curveto
95.75618 72.26013 95.73747 71.63966 95.6912 71.02081 curveto
95.64467 70.39738 95.57079 69.77647 95.46954 69.15965 curveto
95.36739 68.5376 95.23833 67.9201 95.08191 67.30945 curveto
94.92387 66.69264 94.73918 66.0829 94.52734 65.48228 curveto
94.31413 64.87755 94.07448 64.28218 93.80884 63.69843 curveto
93.54112 63.1099 93.2479 62.53345 92.92934 61.97067 curveto
92.60759 61.4022 92.26122 60.84833 91.89067 60.31042 curveto
91.51785 59.76909 91.12154 59.24394 90.70244 58.73749 curveto
90.27989 58.22672 89.83525 57.73463 89.36938 57.26285 curveto
88.89897 56.78673 88.40826 56.33113 87.89793 55.89812 curveto
87.3842 55.46213 86.85175 55.04916 86.30153 54.66016 curveto
85.74628 54.26773 85.1744 53.89923 84.58676 53.55696 curveto
83.99527 53.21242 83.38895 52.89363 82.7694 52.60222 curveto
82.14507 52.30852 81.5082 52.04242 80.86037 51.80481 curveto
80.20662 51.56493 79.5426 51.35378 78.87038 51.17227 curveto
78.19406 50.98962 77.50975 50.83684 76.81996 50.71416 curveto stroke
newpath 80.02423 49.76622 moveto
79.16486 50.56888 77.97772 50.92007 76.81996 50.71416 curveto
77.97772 50.92007 78.97095 51.65906 79.50085 52.70882 curveto stroke
 1.05 0 dtransform exch truncate exch idtransform pop setlinewidth
newpath 74.71962 74.71962 moveto
74.71962 7.47195 lineto stroke
 0 1.05 dtransform truncate idtransform setlinewidth pop
newpath 76.21402 10.46074 moveto
75.27327 9.75519 74.71962 8.64789 74.71962 7.47195 curveto
74.71962 8.64789 74.16597 9.75519 73.22522 10.46074 curveto stroke
showpage
%%EOF
