%!PS
%%BoundingBox: -1 -1 120 150 
%%HiResBoundingBox: -0.24907 -0.24907 119.80046 149.68831 
%%Creator: MetaPost 2.000
%%CreationDate: 2017.07.04:1542
%%Pages: 1
%%BeginProlog
%%EndProlog
%%Page: 1 1
 0 0 0 setrgbcolor 0 0.49814 dtransform truncate idtransform setlinewidth pop [] 0 setdash 1 setlinecap
 1 setlinejoin 10 setmiterlimit
newpath 0 44.83177 moveto
119.55139 44.83177 lineto stroke
newpath 114.57008 47.32243 moveto
115.74602 45.75452 117.5915 44.83177 119.55139 44.83177 curveto
117.5915 44.83177 115.74602 43.90903 114.57008 42.34111 curveto stroke
 0.49814 0 dtransform exch truncate exch idtransform pop setlinewidth
newpath 14.94392 0 moveto
14.94392 149.43924 lineto stroke
 0 0.49814 dtransform truncate idtransform setlinewidth pop
newpath 12.45326 144.45793 moveto
14.02118 145.63387 14.94392 147.47935 14.94392 149.43924 curveto
14.94392 147.47935 15.86667 145.63387 17.43459 144.45793 curveto stroke
 0.49814 0 dtransform exch truncate exch idtransform pop setlinewidth
newpath 26.6809 42.83925 moveto
26.6809 46.8243 lineto stroke
newpath 38.41785 42.83925 moveto
38.41785 46.8243 lineto stroke
newpath 46.24257 42.83925 moveto
46.24257 46.8243 lineto stroke
newpath 61.89178 42.83925 moveto
61.89178 46.8243 lineto stroke
newpath 77.54099 42.83925 moveto
77.54099 46.8243 lineto stroke
newpath 85.3657 42.83925 moveto
85.3657 46.8243 lineto stroke
newpath 97.10268 42.83925 moveto
97.10268 46.8243 lineto stroke
newpath 108.83963 42.83925 moveto
108.83963 46.8243 lineto stroke
 0 0.49814 dtransform truncate idtransform setlinewidth pop
newpath 16.93645 14.94392 moveto
12.9514 14.94392 lineto stroke
newpath 16.93645 74.71962 moveto
12.9514 74.71962 lineto stroke
newpath 16.93645 104.60747 moveto
12.9514 104.60747 lineto stroke
newpath 16.93645 134.49532 moveto
12.9514 134.49532 lineto stroke
newpath 14.94392 134.49532 moveto
15.45425 134.4878 15.95886 134.38747 16.43317 134.19888 curveto
16.97382 133.98386 17.46794 133.67123 17.924 133.31049 curveto
18.47217 132.87679 18.9606 132.37445 19.41324 131.84201 curveto
19.95845 131.20056 20.4462 130.51352 20.90248 129.80618 curveto
21.4413 128.9707 21.93042 128.10466 22.39171 127.22401 curveto
22.92484 126.20633 23.41579 125.16699 23.88255 124.11739 curveto
24.40974 122.93211 24.90068 121.73132 25.3718 120.52278 curveto
25.89397 119.18314 26.38605 117.83208 26.86102 116.47487 curveto
27.3791 114.99452 27.87164 113.50551 28.35027 112.01193 curveto
28.86516 110.4048 29.35883 108.79129 29.8411 107.17413 curveto
30.35234 105.46005 30.84578 103.74074 31.33034 102.01892 curveto
31.83861 100.21364 32.33229 98.40402 32.81958 96.5928 curveto
33.32512 94.7141 33.81902 92.83243 34.30882 90.94962 curveto
34.8123 89.01436 35.30688 87.07658 35.79965 85.1386 curveto
36.30017 83.1705 36.79431 81.20058 37.2889 79.2309 curveto
37.78712 77.24728 38.28127 75.26254 38.77814 73.27849 curveto
39.2741 71.29877 39.76799 69.31859 40.26736 67.33978 curveto
40.7615 65.38194 41.25586 63.42435 41.75821 61.46857 curveto
42.24937 59.55634 42.74329 57.64479 43.24745 55.73598 curveto
43.7361 53.88533 44.22978 52.03603 44.73668 50.19038 curveto
45.22284 48.42023 45.7165 46.65187 46.22615 44.88832 curveto
46.7098 43.21439 47.2037 41.54318 47.71677 39.87813 curveto
48.19698 38.31956 48.68997 36.76512 49.206 35.21819 curveto
49.6828 33.78915 50.17534 32.36536 50.69524 30.95135 curveto
51.16862 29.66415 51.66025 28.38402 52.18471 27.11687 curveto
52.65398 25.98335 53.14516 24.85919 53.67531 23.75304 curveto
54.13911 22.78506 54.62915 21.8294 55.16455 20.89906 curveto
55.62334 20.10165 56.112 19.32112 56.65402 18.57774 curveto
57.10802 17.95523 57.596 17.35713 58.14325 16.81465 curveto
58.59634 16.36566 59.08705 15.95386 59.63387 15.62526 curveto
60.09607 15.34753 60.59477 15.13182 61.12311 15.02327 curveto
61.61404 14.92226 62.12025 14.91861 62.61256 15.01324 curveto
63.14 15.11472 63.63914 15.3236 64.1018 15.59608 curveto
64.64839 15.91782 65.13933 16.32349 65.59242 16.76723 curveto
66.13991 17.30309 66.62766 17.89595 67.08165 18.51299 curveto
67.6239 19.24997 68.11256 20.02435 68.57112 20.81606 curveto
69.10698 21.74092 69.59656 22.69157 70.06036 23.65453 curveto
70.59052 24.7552 71.08192 25.8739 71.55096 27.00195 curveto
72.07565 28.26407 72.56728 29.53943 73.04044 30.82184 curveto
73.56033 32.2315 74.05287 33.6512 74.52968 35.0759 curveto
75.0457 36.6185 75.53893 38.16885 76.0189 39.72307 curveto
76.5322 41.38493 77.02588 43.05272 77.50952 44.72324 curveto
78.0194 46.48405 78.51283 48.24944 78.999 50.01709 curveto
79.50589 51.86046 79.99957 53.70723 80.48822 55.55539 curveto
80.99239 57.4626 81.4863 59.37277 81.97746 61.2834 curveto
82.47981 63.23782 82.9744 65.19427 83.4683 67.15097 curveto
83.96768 69.1291 84.4618 71.10883 84.95753 73.08786 curveto
85.45464 75.07214 85.94855 77.05711 86.44678 79.04117 curveto
86.94136 81.01155 87.4355 82.98192 87.93602 84.9507 curveto
88.42902 86.89006 88.92337 88.82874 89.42685 90.76537 curveto
89.91689 92.65024 90.41078 94.53418 90.91609 96.41495 curveto
91.40361 98.2289 91.8973 100.04102 92.40533 101.84926 curveto
92.89012 103.57405 93.38356 105.29634 93.89458 107.0136 curveto
94.37708 108.63464 94.87053 110.25226 95.3854 111.86327 curveto
95.86403 113.3607 96.3568 114.85359 96.87465 116.33804 curveto
97.34962 117.69981 97.8417 119.0559 98.36388 120.40056 curveto
98.83499 121.61389 99.32616 122.81946 99.85312 124.00977 curveto
100.32011 125.06483 100.81107 126.10942 101.34396 127.13281 curveto
101.80548 128.01892 102.2946 128.89088 102.83319 129.7323 curveto
103.28947 130.44511 103.77768 131.13763 104.32243 131.78545 curveto
104.7753 132.3236 105.26328 132.83255 105.81168 133.2731 curveto
106.26727 133.63908 106.76163 133.95786 107.3025 134.17973 curveto
107.7759 134.37401 108.28029 134.48073 108.79175 134.49532 curveto stroke
 0.49814 0 dtransform exch truncate exch idtransform pop setlinewidth
newpath 50.06224 44.83177 moveto
50.06224 35.86533 lineto stroke
 0 0.49814 dtransform truncate idtransform setlinewidth pop
newpath 51.55664 38.85411 moveto
50.61589 38.14856 50.06224 37.04126 50.06224 35.86533 curveto
50.06224 37.04126 49.50859 38.14856 48.56784 38.85411 curveto stroke
 0.49814 0 dtransform exch truncate exch idtransform pop setlinewidth
newpath 56.03972 44.83177 moveto
56.03972 22.41588 lineto stroke
 0 0.49814 dtransform truncate idtransform setlinewidth pop
newpath 57.53412 25.40466 moveto
56.59337 24.69911 56.03972 23.59181 56.03972 22.41588 curveto
56.03972 23.59181 55.48607 24.69911 54.54532 25.40466 curveto stroke
 0.49814 0 dtransform exch truncate exch idtransform pop setlinewidth
newpath 61.86784 44.83177 moveto
61.86784 16.4384 lineto stroke
 0 0.49814 dtransform truncate idtransform setlinewidth pop
newpath 63.36224 19.42719 moveto
62.4215 18.72163 61.86784 17.61433 61.86784 16.4384 curveto
61.86784 17.61433 61.3142 18.72163 60.37344 19.42719 curveto stroke
newpath 14.94392 135.49158 moveto
14.67969 135.49158 14.4263 135.3866 14.23947 135.19977 curveto
14.05264 135.01294 13.94766 134.75955 13.94766 134.49532 curveto
13.94766 134.23108 14.05264 133.97769 14.23947 133.79086 curveto
14.4263 133.60403 14.67969 133.49905 14.94392 133.49905 curveto
15.20816 133.49905 15.46155 133.60403 15.64838 133.79086 curveto
15.8352 133.97769 15.94019 134.23108 15.94019 134.49532 curveto
15.94019 134.75955 15.8352 135.01294 15.64838 135.19977 curveto
15.46155 135.3866 15.20816 135.49158 14.94392 135.49158 curveto closepath fill
newpath 38.40599 75.71588 moveto
38.14175 75.71588 37.88837 75.6109 37.70154 75.42407 curveto
37.51471 75.23724 37.40973 74.98386 37.40973 74.71962 curveto
37.40973 74.45538 37.51471 74.202 37.70154 74.01517 curveto
37.88837 73.82834 38.14175 73.72336 38.40599 73.72336 curveto
38.67023 73.72336 38.92361 73.82834 39.11044 74.01517 curveto
39.29727 74.202 39.40225 74.45538 39.40225 74.71962 curveto
39.40225 74.98386 39.29727 75.23724 39.11044 75.42407 curveto
38.92361 75.6109 38.67023 75.71588 38.40599 75.71588 curveto closepath fill
newpath 46.17667 45.82803 moveto
45.91243 45.82803 45.65904 45.72305 45.47221 45.53622 curveto
45.28539 45.3494 45.1804 45.09601 45.1804 44.83177 curveto
45.1804 44.56754 45.28539 44.31415 45.47221 44.12732 curveto
45.65904 43.94049 45.91243 43.83551 46.17667 43.83551 curveto
46.4409 43.83551 46.69429 43.94049 46.88112 44.12732 curveto
47.06795 44.31415 47.17293 44.56754 47.17293 44.83177 curveto
47.17293 45.09601 47.06795 45.3494 46.88112 45.53622 curveto
46.69429 45.72305 46.4409 45.82803 46.17667 45.82803 curveto closepath fill
newpath 61.86784 15.94019 moveto
61.6036 15.94019 61.35022 15.8352 61.16339 15.64838 curveto
60.97656 15.46155 60.87158 15.20816 60.87158 14.94392 curveto
60.87158 14.67969 60.97656 14.4263 61.16339 14.23947 curveto
61.35022 14.05264 61.6036 13.94766 61.86784 13.94766 curveto
62.13208 13.94766 62.38547 14.05264 62.5723 14.23947 curveto
62.75912 14.4263 62.8641 14.67969 62.8641 14.94392 curveto
62.8641 15.20816 62.75912 15.46155 62.5723 15.64838 curveto
62.38547 15.8352 62.13208 15.94019 61.86784 15.94019 curveto closepath fill
newpath 77.559 45.82803 moveto
77.29477 45.82803 77.04138 45.72305 76.85455 45.53622 curveto
76.66772 45.3494 76.56274 45.09601 76.56274 44.83177 curveto
76.56274 44.56754 76.66772 44.31415 76.85455 44.12732 curveto
77.04138 43.94049 77.29477 43.83551 77.559 43.83551 curveto
77.82324 43.83551 78.07663 43.94049 78.26346 44.12732 curveto
78.45029 44.31415 78.55527 44.56754 78.55527 44.83177 curveto
78.55527 45.09601 78.45029 45.3494 78.26346 45.53622 curveto
78.07663 45.72305 77.82324 45.82803 77.559 45.82803 curveto closepath fill
newpath 85.32991 75.71588 moveto
85.06567 75.71588 84.81229 75.6109 84.62546 75.42407 curveto
84.43863 75.23724 84.33365 74.98386 84.33365 74.71962 curveto
84.33365 74.45538 84.43863 74.202 84.62546 74.01517 curveto
84.81229 73.82834 85.06567 73.72336 85.32991 73.72336 curveto
85.59415 73.72336 85.84753 73.82834 86.03436 74.01517 curveto
86.22119 74.202 86.32617 74.45538 86.32617 74.71962 curveto
86.32617 74.98386 86.22119 75.23724 86.03436 75.42407 curveto
85.84753 75.6109 85.59415 75.71588 85.32991 75.71588 curveto closepath fill
newpath 108.79175 135.49158 moveto
108.52751 135.49158 108.27412 135.3866 108.0873 135.19977 curveto
107.90047 135.01294 107.79549 134.75955 107.79549 134.49532 curveto
107.79549 134.23108 107.90047 133.97769 108.0873 133.79086 curveto
108.27412 133.60403 108.52751 133.49905 108.79175 133.49905 curveto
109.05598 133.49905 109.30937 133.60403 109.4962 133.79086 curveto
109.68303 133.97769 109.78801 134.23108 109.78801 134.49532 curveto
109.78801 134.75955 109.68303 135.01294 109.4962 135.19977 curveto
109.30937 135.3866 109.05598 135.49158 108.79175 135.49158 curveto closepath fill
 0 1.025 dtransform truncate idtransform setlinewidth pop
newpath 46.17667 45.0598 moveto
46.67012 43.33638 47.18066 41.61797 47.70856 39.90459 curveto
48.202 38.30293 48.70891 36.70537 49.2402 35.11603 curveto
49.73 33.65097 50.23645 32.19138 50.77208 30.7425 curveto
51.25778 29.42883 51.76833 28.12476 52.30374 26.83047 curveto stroke
newpath 52.54214 30.16354 moveto
51.94254 29.15195 51.85423 27.9171 52.30374 26.83047 curveto
51.85423 27.9171 50.91934 28.72867 49.78033 29.02103 curveto stroke
newpath 52.30374 26.83047 moveto
52.7958 25.63448 53.32758 24.4549 53.89786 23.29424 curveto
54.39131 22.29024 54.91396 21.30061 55.49178 20.34267 curveto
55.97884 19.535 56.5001 18.74786 57.08589 18.00859 curveto
57.56795 17.40045 58.08899 16.82263 58.67981 16.31938 curveto
59.16345 15.90756 59.69019 15.54591 60.27371 15.29417 curveto
60.77788 15.07663 61.31897 14.95784 61.86784 14.94392 curveto stroke
showpage
%%EOF
