%!PS
%%BoundingBox: 7 36 150 77 
%%HiResBoundingBox: 7.22289 36.16435 149.68831 76.96121 
%%Creator: MetaPost 2.000
%%CreationDate: 2017.07.04:1542
%%Pages: 1
%%BeginProlog
%%EndProlog
%%Page: 1 1
 0 0 0 setrgbcolor 0 0.49814 dtransform truncate idtransform setlinewidth pop [] 0 setdash 1 setlinecap
 1 setlinejoin 10 setmiterlimit
newpath 74.71962 74.71962 moveto
149.43924 74.71962 lineto stroke
newpath 146.45045 76.21402 moveto
147.156 75.27327 148.2633 74.71962 149.43924 74.71962 curveto
148.2633 74.71962 147.156 74.16597 146.45045 73.22522 curveto stroke
newpath 74.96869 74.71962 moveto
74.96869 74.78568 74.94244 74.84903 74.89574 74.89574 curveto
74.84903 74.94244 74.78568 74.96869 74.71962 74.96869 curveto
74.65356 74.96869 74.59021 74.94244 74.5435 74.89574 curveto
74.4968 74.84903 74.47055 74.78568 74.47055 74.71962 curveto
74.47055 74.65356 74.4968 74.59021 74.5435 74.5435 curveto
74.59021 74.4968 74.65356 74.47055 74.71962 74.47055 curveto
74.78568 74.47055 74.84903 74.4968 74.89574 74.5435 curveto
74.94244 74.59021 74.96869 74.65356 74.96869 74.71962 curveto closepath fill
newpath 71.91188 74.71962 moveto
71.91188 74.78568 71.88564 74.84903 71.83893 74.89574 curveto
71.79222 74.94244 71.72887 74.96869 71.66281 74.96869 curveto
71.59676 74.96869 71.5334 74.94244 71.4867 74.89574 curveto
71.43999 74.84903 71.41374 74.78568 71.41374 74.71962 curveto
71.41374 74.65356 71.43999 74.59021 71.4867 74.5435 curveto
71.5334 74.4968 71.59676 74.47055 71.66281 74.47055 curveto
71.72887 74.47055 71.79222 74.4968 71.83893 74.5435 curveto
71.88564 74.59021 71.91188 74.65356 71.91188 74.71962 curveto closepath fill
newpath 68.85507 74.71962 moveto
68.85507 74.78568 68.82883 74.84903 68.78212 74.89574 curveto
68.73541 74.94244 68.67206 74.96869 68.606 74.96869 curveto
68.53995 74.96869 68.4766 74.94244 68.42989 74.89574 curveto
68.38318 74.84903 68.35693 74.78568 68.35693 74.71962 curveto
68.35693 74.65356 68.38318 74.59021 68.42989 74.5435 curveto
68.4766 74.4968 68.53995 74.47055 68.606 74.47055 curveto
68.67206 74.47055 68.73541 74.4968 68.78212 74.5435 curveto
68.82883 74.59021 68.85507 74.65356 68.85507 74.71962 curveto closepath fill
newpath 65.79826 74.71962 moveto
65.79826 74.78568 65.77202 74.84903 65.72531 74.89574 curveto
65.6786 74.94244 65.61525 74.96869 65.5492 74.96869 curveto
65.48314 74.96869 65.41978 74.94244 65.37308 74.89574 curveto
65.32637 74.84903 65.30013 74.78568 65.30013 74.71962 curveto
65.30013 74.65356 65.32637 74.59021 65.37308 74.5435 curveto
65.41978 74.4968 65.48314 74.47055 65.5492 74.47055 curveto
65.61525 74.47055 65.6786 74.4968 65.72531 74.5435 curveto
65.77202 74.59021 65.79826 74.65356 65.79826 74.71962 curveto closepath fill
newpath 62.74146 74.71962 moveto
62.74146 74.78568 62.71521 74.84903 62.6685 74.89574 curveto
62.6218 74.94244 62.55844 74.96869 62.49239 74.96869 curveto
62.42633 74.96869 62.36298 74.94244 62.31627 74.89574 curveto
62.26956 74.84903 62.24332 74.78568 62.24332 74.71962 curveto
62.24332 74.65356 62.26956 74.59021 62.31627 74.5435 curveto
62.36298 74.4968 62.42633 74.47055 62.49239 74.47055 curveto
62.55844 74.47055 62.6218 74.4968 62.6685 74.5435 curveto
62.71521 74.59021 62.74146 74.65356 62.74146 74.71962 curveto closepath fill
newpath 59.68465 74.71962 moveto
59.68465 74.78568 59.6584 74.84903 59.6117 74.89574 curveto
59.56499 74.94244 59.50163 74.96869 59.43558 74.96869 curveto
59.36952 74.96869 59.30617 74.94244 59.25946 74.89574 curveto
59.21275 74.84903 59.18651 74.78568 59.18651 74.71962 curveto
59.18651 74.65356 59.21275 74.59021 59.25946 74.5435 curveto
59.30617 74.4968 59.36952 74.47055 59.43558 74.47055 curveto
59.50163 74.47055 59.56499 74.4968 59.6117 74.5435 curveto
59.6584 74.59021 59.68465 74.65356 59.68465 74.71962 curveto closepath fill
newpath 56.62889 74.71962 moveto
56.62889 74.78568 56.60265 74.84903 56.55594 74.89574 curveto
56.50923 74.94244 56.44588 74.96869 56.37982 74.96869 curveto
56.31377 74.96869 56.25041 74.94244 56.2037 74.89574 curveto
56.157 74.84903 56.13075 74.78568 56.13075 74.71962 curveto
56.13075 74.65356 56.157 74.59021 56.2037 74.5435 curveto
56.25041 74.4968 56.31377 74.47055 56.37982 74.47055 curveto
56.44588 74.47055 56.50923 74.4968 56.55594 74.5435 curveto
56.60265 74.59021 56.62889 74.65356 56.62889 74.71962 curveto closepath fill
newpath 53.57208 74.71962 moveto
53.57208 74.78568 53.54584 74.84903 53.49913 74.89574 curveto
53.45242 74.94244 53.38907 74.96869 53.32301 74.96869 curveto
53.25696 74.96869 53.1936 74.94244 53.1469 74.89574 curveto
53.10019 74.84903 53.07394 74.78568 53.07394 74.71962 curveto
53.07394 74.65356 53.10019 74.59021 53.1469 74.5435 curveto
53.1936 74.4968 53.25696 74.47055 53.32301 74.47055 curveto
53.38907 74.47055 53.45242 74.4968 53.49913 74.5435 curveto
53.54584 74.59021 53.57208 74.65356 53.57208 74.71962 curveto closepath fill
newpath 50.51527 74.71962 moveto
50.51527 74.78568 50.48903 74.84903 50.44232 74.89574 curveto
50.39561 74.94244 50.33226 74.96869 50.2662 74.96869 curveto
50.20015 74.96869 50.1368 74.94244 50.09009 74.89574 curveto
50.04338 74.84903 50.01714 74.78568 50.01714 74.71962 curveto
50.01714 74.65356 50.04338 74.59021 50.09009 74.5435 curveto
50.1368 74.4968 50.20015 74.47055 50.2662 74.47055 curveto
50.33226 74.47055 50.39561 74.4968 50.44232 74.5435 curveto
50.48903 74.59021 50.51527 74.65356 50.51527 74.71962 curveto closepath fill
newpath 47.45847 74.71962 moveto
47.45847 74.78568 47.43222 74.84903 47.38551 74.89574 curveto
47.3388 74.94244 47.27545 74.96869 47.2094 74.96869 curveto
47.14334 74.96869 47.07999 74.94244 47.03328 74.89574 curveto
46.98657 74.84903 46.96033 74.78568 46.96033 74.71962 curveto
46.96033 74.65356 46.98657 74.59021 47.03328 74.5435 curveto
47.07999 74.4968 47.14334 74.47055 47.2094 74.47055 curveto
47.27545 74.47055 47.3388 74.4968 47.38551 74.5435 curveto
47.43222 74.59021 47.45847 74.65356 47.45847 74.71962 curveto closepath fill
newpath 44.40166 74.71962 moveto
44.40166 74.78568 44.37541 74.84903 44.3287 74.89574 curveto
44.282 74.94244 44.21864 74.96869 44.15259 74.96869 curveto
44.08653 74.96869 44.02318 74.94244 43.97647 74.89574 curveto
43.92976 74.84903 43.90352 74.78568 43.90352 74.71962 curveto
43.90352 74.65356 43.92976 74.59021 43.97647 74.5435 curveto
44.02318 74.4968 44.08653 74.47055 44.15259 74.47055 curveto
44.21864 74.47055 44.282 74.4968 44.3287 74.5435 curveto
44.37541 74.59021 44.40166 74.65356 44.40166 74.71962 curveto closepath fill
newpath 41.34485 74.71962 moveto
41.34485 74.78568 41.3186 74.84903 41.2719 74.89574 curveto
41.22519 74.94244 41.16183 74.96869 41.09578 74.96869 curveto
41.02972 74.96869 40.96637 74.94244 40.91966 74.89574 curveto
40.87296 74.84903 40.84671 74.78568 40.84671 74.71962 curveto
40.84671 74.65356 40.87296 74.59021 40.91966 74.5435 curveto
40.96637 74.4968 41.02972 74.47055 41.09578 74.47055 curveto
41.16183 74.47055 41.22519 74.4968 41.2719 74.5435 curveto
41.3186 74.59021 41.34485 74.65356 41.34485 74.71962 curveto closepath fill
newpath 38.28806 74.71962 moveto
38.28806 74.78568 38.26181 74.84903 38.2151 74.89574 curveto
38.1684 74.94244 38.10504 74.96869 38.03899 74.96869 curveto
37.97293 74.96869 37.90958 74.94244 37.86287 74.89574 curveto
37.81616 74.84903 37.78992 74.78568 37.78992 74.71962 curveto
37.78992 74.65356 37.81616 74.59021 37.86287 74.5435 curveto
37.90958 74.4968 37.97293 74.47055 38.03899 74.47055 curveto
38.10504 74.47055 38.1684 74.4968 38.2151 74.5435 curveto
38.26181 74.59021 38.28806 74.65356 38.28806 74.71962 curveto closepath fill
newpath 35.23125 74.71962 moveto
35.23125 74.78568 35.205 74.84903 35.1583 74.89574 curveto
35.11159 74.94244 35.04823 74.96869 34.98218 74.96869 curveto
34.91612 74.96869 34.85277 74.94244 34.80606 74.89574 curveto
34.75935 74.84903 34.73311 74.78568 34.73311 74.71962 curveto
34.73311 74.65356 34.75935 74.59021 34.80606 74.5435 curveto
34.85277 74.4968 34.91612 74.47055 34.98218 74.47055 curveto
35.04823 74.47055 35.11159 74.4968 35.1583 74.5435 curveto
35.205 74.59021 35.23125 74.65356 35.23125 74.71962 curveto closepath fill
newpath 32.17444 74.71962 moveto
32.17444 74.78568 32.1482 74.84903 32.10149 74.89574 curveto
32.05478 74.94244 31.99142 74.96869 31.92537 74.96869 curveto
31.85931 74.96869 31.79596 74.94244 31.74925 74.89574 curveto
31.70255 74.84903 31.6763 74.78568 31.6763 74.71962 curveto
31.6763 74.65356 31.70255 74.59021 31.74925 74.5435 curveto
31.79596 74.4968 31.85931 74.47055 31.92537 74.47055 curveto
31.99142 74.47055 32.05478 74.4968 32.10149 74.5435 curveto
32.1482 74.59021 32.17444 74.65356 32.17444 74.71962 curveto closepath fill
newpath 29.11763 74.71962 moveto
29.11763 74.78568 29.09138 74.84903 29.04468 74.89574 curveto
28.99797 74.94244 28.93462 74.96869 28.86856 74.96869 curveto
28.8025 74.96869 28.73915 74.94244 28.69244 74.89574 curveto
28.64574 74.84903 28.61949 74.78568 28.61949 74.71962 curveto
28.61949 74.65356 28.64574 74.59021 28.69244 74.5435 curveto
28.73915 74.4968 28.8025 74.47055 28.86856 74.47055 curveto
28.93462 74.47055 28.99797 74.4968 29.04468 74.5435 curveto
29.09138 74.59021 29.11763 74.65356 29.11763 74.71962 curveto closepath fill
newpath 26.06186 74.71962 moveto
26.06186 74.78568 26.03561 74.84903 25.9889 74.89574 curveto
25.9422 74.94244 25.87885 74.96869 25.81279 74.96869 curveto
25.74673 74.96869 25.68338 74.94244 25.63667 74.89574 curveto
25.58997 74.84903 25.56372 74.78568 25.56372 74.71962 curveto
25.56372 74.65356 25.58997 74.59021 25.63667 74.5435 curveto
25.68338 74.4968 25.74673 74.47055 25.81279 74.47055 curveto
25.87885 74.47055 25.9422 74.4968 25.9889 74.5435 curveto
26.03561 74.59021 26.06186 74.65356 26.06186 74.71962 curveto closepath fill
newpath 23.00507 74.71962 moveto
23.00507 74.78568 22.97882 74.84903 22.93211 74.89574 curveto
22.8854 74.94244 22.82205 74.96869 22.756 74.96869 curveto
22.68994 74.96869 22.62659 74.94244 22.57988 74.89574 curveto
22.53317 74.84903 22.50693 74.78568 22.50693 74.71962 curveto
22.50693 74.65356 22.53317 74.59021 22.57988 74.5435 curveto
22.62659 74.4968 22.68994 74.47055 22.756 74.47055 curveto
22.82205 74.47055 22.8854 74.4968 22.93211 74.5435 curveto
22.97882 74.59021 23.00507 74.65356 23.00507 74.71962 curveto closepath fill
newpath 19.94826 74.71962 moveto
19.94826 74.78568 19.92201 74.84903 19.8753 74.89574 curveto
19.8286 74.94244 19.76524 74.96869 19.69919 74.96869 curveto
19.63313 74.96869 19.56978 74.94244 19.52307 74.89574 curveto
19.47636 74.84903 19.45012 74.78568 19.45012 74.71962 curveto
19.45012 74.65356 19.47636 74.59021 19.52307 74.5435 curveto
19.56978 74.4968 19.63313 74.47055 19.69919 74.47055 curveto
19.76524 74.47055 19.8286 74.4968 19.8753 74.5435 curveto
19.92201 74.59021 19.94826 74.65356 19.94826 74.71962 curveto closepath fill
newpath 16.89145 74.71962 moveto
16.89145 74.78568 16.8652 74.84903 16.8185 74.89574 curveto
16.77179 74.94244 16.70844 74.96869 16.64238 74.96869 curveto
16.57632 74.96869 16.51297 74.94244 16.46626 74.89574 curveto
16.41956 74.84903 16.39331 74.78568 16.39331 74.71962 curveto
16.39331 74.65356 16.41956 74.59021 16.46626 74.5435 curveto
16.51297 74.4968 16.57632 74.47055 16.64238 74.47055 curveto
16.70844 74.47055 16.77179 74.4968 16.8185 74.5435 curveto
16.8652 74.59021 16.89145 74.65356 16.89145 74.71962 curveto closepath fill
newpath 13.83464 74.71962 moveto
13.83464 74.78568 13.8084 74.84903 13.76169 74.89574 curveto
13.71498 74.94244 13.65163 74.96869 13.58557 74.96869 curveto
13.51952 74.96869 13.45616 74.94244 13.40945 74.89574 curveto
13.36275 74.84903 13.3365 74.78568 13.3365 74.71962 curveto
13.3365 74.65356 13.36275 74.59021 13.40945 74.5435 curveto
13.45616 74.4968 13.51952 74.47055 13.58557 74.47055 curveto
13.65163 74.47055 13.71498 74.4968 13.76169 74.5435 curveto
13.8084 74.59021 13.83464 74.65356 13.83464 74.71962 curveto closepath fill
newpath 10.77783 74.71962 moveto
10.77783 74.78568 10.75159 74.84903 10.70488 74.89574 curveto
10.65817 74.94244 10.59482 74.96869 10.52876 74.96869 curveto
10.4627 74.96869 10.39935 74.94244 10.35265 74.89574 curveto
10.30594 74.84903 10.2797 74.78568 10.2797 74.71962 curveto
10.2797 74.65356 10.30594 74.59021 10.35265 74.5435 curveto
10.39935 74.4968 10.4627 74.47055 10.52876 74.47055 curveto
10.59482 74.47055 10.65817 74.4968 10.70488 74.5435 curveto
10.75159 74.59021 10.77783 74.65356 10.77783 74.71962 curveto closepath fill
newpath 7.72102 74.71962 moveto
7.72102 74.78568 7.69478 74.84903 7.64807 74.89574 curveto
7.60136 74.94244 7.53801 74.96869 7.47195 74.96869 curveto
7.4059 74.96869 7.34254 74.94244 7.29584 74.89574 curveto
7.24913 74.84903 7.22289 74.78568 7.22289 74.71962 curveto
7.22289 74.65356 7.24913 74.59021 7.29584 74.5435 curveto
7.34254 74.4968 7.4059 74.47055 7.47195 74.47055 curveto
7.53801 74.47055 7.60136 74.4968 7.64807 74.5435 curveto
7.69478 74.59021 7.72102 74.65356 7.72102 74.71962 curveto closepath fill
 0.49814 0 dtransform exch truncate exch idtransform pop setlinewidth
newpath 14.94392 72.7271 moveto
14.94392 76.71214 lineto stroke
newpath 29.88785 72.7271 moveto
29.88785 76.71214 lineto stroke
newpath 44.83177 72.7271 moveto
44.83177 76.71214 lineto stroke
newpath 59.7757 72.7271 moveto
59.7757 76.71214 lineto stroke
newpath 89.66354 72.7271 moveto
89.66354 76.71214 lineto stroke
newpath 104.60747 72.7271 moveto
104.60747 76.71214 lineto stroke
newpath 119.55139 72.7271 moveto
119.55139 76.71214 lineto stroke
newpath 134.49532 72.7271 moveto
134.49532 76.71214 lineto stroke
newpath 74.71962 76.21402 moveto
74.32326 76.21402 73.94319 76.05653 73.66295 75.77629 curveto
73.3827 75.49605 73.22522 75.11598 73.22522 74.71962 curveto
73.22522 74.32326 73.3827 73.94319 73.66295 73.66295 curveto
73.94319 73.3827 74.32326 73.22522 74.71962 73.22522 curveto
75.11598 73.22522 75.49605 73.3827 75.77629 73.66295 curveto
76.05653 73.94319 76.21402 74.32326 76.21402 74.71962 curveto
76.21402 75.11598 76.05653 75.49605 75.77629 75.77629 curveto
75.49605 76.05653 75.11598 76.21402 74.71962 76.21402 curveto closepath fill
 0 0.49814 dtransform truncate idtransform setlinewidth pop
newpath 56.11063 73.0915 moveto
56.15807 72.55019 56.2292 72.01112 56.32361 71.47595 curveto
56.41801 70.94077 56.53545 70.4097 56.67613 69.88478 curveto
56.81683 69.35986 56.98032 68.84134 57.16617 68.33055 curveto
57.352 67.82 57.5602 67.31766 57.78981 66.82512 curveto
58.01944 66.3326 58.2705 65.85031 58.5423 65.37967 curveto
58.8141 64.90903 59.10622 64.45023 59.41792 64.00513 curveto
59.72963 63.55978 60.06073 63.12859 60.41006 62.71222 curveto stroke
newpath 59.63387 65.9624 moveto
59.36667 64.81721 59.65424 63.61308 60.41006 62.71222 curveto
59.65424 63.61308 58.51837 64.10551 57.3442 64.04135 curveto stroke
newpath 37.65875 39.15315 moveto
37.26239 39.15315 36.88232 38.99567 36.60208 38.71542 curveto
36.32184 38.43518 36.16435 38.05511 36.16435 37.65875 curveto
36.16435 37.26239 36.32184 36.88232 36.60208 36.60208 curveto
36.88232 36.32184 37.26239 36.16435 37.65875 36.16435 curveto
38.05511 36.16435 38.43518 36.32184 38.71542 36.60208 curveto
38.99567 36.88232 39.15315 37.26239 39.15315 37.65875 curveto
39.15315 38.05511 38.99567 38.43518 38.71542 38.71542 curveto
38.43518 38.99567 38.05511 39.15315 37.65875 39.15315 curveto closepath fill
 0 1.05 dtransform truncate idtransform setlinewidth pop
newpath 74.71962 74.71962 moveto
37.65875 37.65875 lineto stroke
newpath 40.82884 38.71544 moveto
39.66473 38.88174 38.49026 38.49026 37.65875 37.65875 curveto
38.49026 38.49026 38.88174 39.66473 38.71544 40.82884 curveto stroke
showpage
%%EOF
