%!PS
%%BoundingBox: -1 -1 152 152 
%%HiResBoundingBox: -0.24907 -0.24907 151.68083 151.68083 
%%Creator: MetaPost 2.000
%%CreationDate: 2017.07.04:1542
%%Pages: 1
%%BeginProlog
%%EndProlog
%%Page: 1 1
 0 0 0 setrgbcolor 0 0.49814 dtransform truncate idtransform setlinewidth pop [] 0 setdash 1 setlinecap
 1 setlinejoin 10 setmiterlimit
newpath 0 75.71588 moveto
151.43176 75.71588 lineto stroke
newpath 146.45045 78.20654 moveto
147.62639 76.63863 149.47188 75.71588 151.43176 75.71588 curveto
149.47188 75.71588 147.62639 74.79314 146.45045 73.22522 curveto stroke
 0.49814 0 dtransform exch truncate exch idtransform pop setlinewidth
newpath 75.71588 0 moveto
75.71588 151.43176 lineto stroke
 0 0.49814 dtransform truncate idtransform setlinewidth pop
newpath 73.22522 146.45045 moveto
74.79314 147.62639 75.71588 149.47188 75.71588 151.43176 curveto
75.71588 149.47188 76.63863 147.62639 78.20654 146.45045 curveto stroke
 0.49814 0 dtransform exch truncate exch idtransform pop setlinewidth
newpath 18.92897 73.72336 moveto
18.92897 77.7084 lineto stroke
newpath 37.85794 73.72336 moveto
37.85794 77.7084 lineto stroke
newpath 56.78691 73.72336 moveto
56.78691 77.7084 lineto stroke
newpath 94.64485 73.72336 moveto
94.64485 77.7084 lineto stroke
newpath 113.57382 73.72336 moveto
113.57382 77.7084 lineto stroke
newpath 132.50279 73.72336 moveto
132.50279 77.7084 lineto stroke
 0 0.49814 dtransform truncate idtransform setlinewidth pop
newpath 77.7084 18.92897 moveto
73.72336 18.92897 lineto stroke
newpath 77.7084 37.85794 moveto
73.72336 37.85794 lineto stroke
newpath 77.7084 56.78691 moveto
73.72336 56.78691 lineto stroke
newpath 77.7084 94.64485 moveto
73.72336 94.64485 lineto stroke
newpath 77.7084 113.57382 moveto
73.72336 113.57382 lineto stroke
newpath 77.7084 132.50279 moveto
73.72336 132.50279 lineto stroke
 0 1.24533 dtransform truncate idtransform setlinewidth pop
newpath 75.71588 75.71588 moveto
76.2667 75.71588 76.81633 75.76382 77.35876 75.85944 curveto
77.9012 75.95503 78.43437 76.098 78.95197 76.28633 curveto
79.47014 76.47493 79.97127 76.70831 80.4487 76.98415 curveto
80.92557 77.2594 81.3776 77.57625 81.79958 77.93036 curveto
82.22156 78.28447 82.61177 78.67468 82.96588 79.09668 curveto
83.31999 79.51866 83.63684 79.97069 83.9121 80.44754 curveto
84.18765 80.92499 84.42102 81.42583 84.60963 81.94398 curveto
84.79796 82.46158 84.94121 82.99477 85.03682 83.53749 curveto
85.13242 84.07991 85.18037 84.62956 85.18037 85.18037 curveto
85.18037 85.73117 85.13242 86.28111 85.03682 86.82353 curveto
84.94121 87.36597 84.79796 87.89886 84.60963 88.41646 curveto
84.42102 88.93462 84.18765 89.43575 83.9121 89.9132 curveto
83.63684 90.39005 83.31999 90.84207 82.96588 91.26405 curveto
82.61177 91.68605 82.22156 92.07597 81.79958 92.43008 curveto
81.3776 92.7842 80.92557 93.10075 80.4487 93.3763 curveto
79.97127 93.65213 79.47014 93.8858 78.95197 94.0744 curveto
78.43437 94.26273 77.9012 94.4057 77.35876 94.5013 curveto
76.81633 94.59691 76.2667 94.64485 75.71588 94.64485 curveto
75.16507 94.64485 74.61543 94.59691 74.073 94.5013 curveto
73.53056 94.4057 72.99739 94.26273 72.4798 94.0744 curveto
71.96162 93.8858 71.4605 93.65213 70.98306 93.3763 curveto
70.5062 93.10075 70.05417 92.7842 69.63219 92.43008 curveto
69.2102 92.07597 68.81999 91.68605 68.46588 91.26405 curveto
68.11177 90.84207 67.79492 90.39005 67.51967 89.9132 curveto
67.24411 89.43575 67.01074 88.93462 66.82213 88.41646 curveto
66.6338 87.89886 66.49055 87.36597 66.39494 86.82353 curveto
66.29935 86.28111 66.25139 85.73117 66.25139 85.18037 curveto
66.25139 84.62956 66.29935 84.07991 66.39494 83.53749 curveto
66.49055 82.99477 66.6338 82.46158 66.82213 81.94398 curveto
67.01074 81.42583 67.24411 80.92499 67.51967 80.44754 curveto
67.79492 79.97069 68.11177 79.51866 68.46588 79.09668 curveto
68.81999 78.67468 69.2102 78.28447 69.63219 77.93036 curveto
70.05417 77.57625 70.5062 77.2594 70.98306 76.98415 curveto
71.4605 76.70831 71.96162 76.47493 72.4798 76.28633 curveto
72.99739 76.098 73.53056 75.95503 74.073 75.85944 curveto
74.61543 75.76382 75.16507 75.71588 75.71588 75.71588 curveto
76.2667 75.71588 76.81633 75.76382 77.35876 75.85944 curveto
77.9012 75.95503 78.43437 76.098 78.95197 76.28633 curveto
79.47014 76.47493 79.97127 76.70831 80.4487 76.98415 curveto
80.92557 77.2594 81.3776 77.57625 81.79958 77.93036 curveto
82.22156 78.28447 82.61177 78.67468 82.96588 79.09668 curveto
83.31999 79.51866 83.63684 79.97069 83.9121 80.44754 curveto
84.18765 80.92499 84.42102 81.42583 84.60963 81.94398 curveto
84.79796 82.46158 84.94121 82.99477 85.03682 83.53749 curveto
85.13242 84.07991 85.18037 84.62956 85.18037 85.18037 curveto
85.18037 85.73117 85.13242 86.28111 85.03682 86.82353 curveto
84.94121 87.36597 84.79796 87.89886 84.60963 88.41646 curveto
84.42102 88.93462 84.18765 89.43575 83.9121 89.9132 curveto
83.63684 90.39005 83.31999 90.84207 82.96588 91.26405 curveto
82.61177 91.68605 82.22156 92.07597 81.79958 92.43008 curveto
81.3776 92.7842 80.92557 93.10075 80.4487 93.3763 curveto
79.97127 93.65213 79.47014 93.8858 78.95197 94.0744 curveto
78.43437 94.26273 77.9012 94.4057 77.35876 94.5013 curveto
76.81633 94.59691 76.2667 94.64485 75.71588 94.64485 curveto
75.16507 94.64485 74.61543 94.59691 74.073 94.5013 curveto
73.53056 94.4057 72.99739 94.26273 72.4798 94.0744 curveto
71.96162 93.8858 71.4605 93.65213 70.98306 93.3763 curveto
70.5062 93.10075 70.05417 92.7842 69.63219 92.43008 curveto
69.2102 92.07597 68.81999 91.68605 68.46588 91.26405 curveto
68.11177 90.84207 67.79492 90.39005 67.51967 89.9132 curveto
67.24411 89.43575 67.01074 88.93462 66.82213 88.41646 curveto
66.6338 87.89886 66.49055 87.36597 66.39494 86.82353 curveto
66.29935 86.28111 66.25139 85.73117 66.25139 85.18037 curveto
66.25139 84.62956 66.29935 84.07991 66.39494 83.53749 curveto
66.49055 82.99477 66.6338 82.46158 66.82213 81.94398 curveto
67.01074 81.42583 67.24411 80.92499 67.51967 80.44754 curveto
67.79492 79.97069 68.11177 79.51866 68.46588 79.09668 curveto
68.81999 78.67468 69.2102 78.28447 69.63219 77.93036 curveto
70.05417 77.57625 70.5062 77.2594 70.98306 76.98415 curveto
71.4605 76.70831 71.96162 76.47493 72.4798 76.28633 curveto
72.99739 76.098 73.53056 75.95503 74.073 75.85944 curveto
74.61543 75.76382 75.16507 75.71588 75.71588 75.71588 curveto stroke
newpath 132.50279 75.71588 moveto
132.50308 77.3683 132.35895 79.01753 132.07214 80.64482 curveto
131.78532 82.2724 131.3567 83.87166 130.79146 85.42442 curveto
130.22534 86.97922 129.52434 88.48116 128.69713 89.91405 curveto
127.87077 91.34521 126.9208 92.701 125.85876 93.96696 curveto
124.79672 95.23291 123.62637 96.40384 122.3607 97.46617 curveto
121.09503 98.5285 119.73897 99.47818 118.3078 100.30424 curveto
116.8749 101.13118 115.37239 101.83131 113.8176 102.39742 curveto
112.26512 102.96266 110.66614 103.39188 109.03914 103.67868 curveto
107.41156 103.96579 105.76204 104.10934 104.10934 104.10934 curveto
102.45692 104.10934 100.80768 103.9655 99.1804 103.67868 curveto
97.55283 103.39159 95.95326 102.96266 94.4002 102.39742 curveto
92.8457 101.8316 91.34349 101.13118 89.91087 100.30424 curveto
88.48 99.47818 87.12393 98.5285 85.85797 97.46617 curveto
84.59201 96.40384 83.42137 95.23291 82.35904 93.96696 curveto
81.29672 92.701 80.34703 91.34494 79.52068 89.91405 curveto
78.69347 88.48145 77.99304 86.97922 77.42722 85.42442 curveto
76.86197 83.87166 76.43362 82.27211 76.14682 80.64482 curveto
75.86002 79.01753 75.71588 77.3683 75.71588 75.71588 curveto
75.71588 74.06346 75.86002 72.41423 76.14682 70.78694 curveto
76.43362 69.15965 76.86197 67.5601 77.42722 66.00734 curveto
77.99304 64.45255 78.69347 62.95032 79.52068 61.51772 curveto
80.34703 60.08682 81.29672 58.73076 82.35904 57.4648 curveto
83.42137 56.19885 84.59201 55.02792 85.85797 53.96559 curveto
87.12393 52.90326 88.48 51.95358 89.91087 51.12752 curveto
91.34349 50.30058 92.8457 49.60016 94.4002 49.03435 curveto
95.95326 48.4691 97.55283 48.04018 99.1804 47.75308 curveto
100.80768 47.46626 102.45692 47.32242 104.10934 47.32242 curveto
105.76204 47.32242 107.41156 47.46597 109.03914 47.75308 curveto
110.66614 48.03989 112.26512 48.4691 113.8176 49.03435 curveto
115.37239 49.60045 116.8749 50.30058 118.3078 51.12752 curveto
119.73897 51.95358 121.09503 52.90326 122.3607 53.96559 curveto
123.62637 55.02792 124.79672 56.19885 125.85876 57.4648 curveto
126.9208 58.73076 127.87077 60.08655 128.69713 61.51772 curveto
129.52434 62.9506 130.22534 64.45255 130.79146 66.00734 curveto
131.3567 67.5601 131.78532 69.15936 132.07214 70.78694 curveto
132.35895 72.41423 132.50279 74.06346 132.50279 75.71588 curveto
132.50279 77.3683 132.35895 79.01753 132.07214 80.64482 curveto
131.78532 82.2724 131.3567 83.87166 130.79146 85.42442 curveto
130.22534 86.97922 129.52434 88.48116 128.69713 89.91405 curveto
127.87077 91.34521 126.9208 92.701 125.85876 93.96696 curveto
124.79672 95.23291 123.62637 96.40384 122.3607 97.46617 curveto
121.09503 98.5285 119.73897 99.47818 118.3078 100.30424 curveto
116.8749 101.13118 115.37239 101.83131 113.8176 102.39742 curveto
112.26512 102.96266 110.66614 103.39188 109.03914 103.67868 curveto
107.41156 103.96579 105.76204 104.10934 104.10934 104.10934 curveto
102.45692 104.10934 100.80768 103.9655 99.1804 103.67868 curveto
97.55283 103.39159 95.95326 102.96266 94.4002 102.39742 curveto
92.8457 101.8316 91.34349 101.13118 89.91087 100.30424 curveto
88.48 99.47818 87.12393 98.5285 85.85797 97.46617 curveto
84.59201 96.40384 83.42137 95.23291 82.35904 93.96696 curveto
81.29672 92.701 80.34703 91.34494 79.52068 89.91405 curveto
78.69347 88.48145 77.99304 86.97922 77.42722 85.42442 curveto
76.86197 83.87166 76.43362 82.27211 76.14682 80.64482 curveto
75.86002 79.01753 75.71588 77.3683 75.71588 75.71588 curveto
75.71588 74.06346 75.86002 72.41423 76.14682 70.78694 curveto
76.43362 69.15965 76.86197 67.5601 77.42722 66.00734 curveto
77.99304 64.45255 78.69347 62.95032 79.52068 61.51772 curveto
80.34703 60.08682 81.29672 58.73076 82.35904 57.4648 curveto
83.42137 56.19885 84.59201 55.02792 85.85797 53.96559 curveto
87.12393 52.90326 88.48 51.95358 89.91087 51.12752 curveto
91.34349 50.30058 92.8457 49.60016 94.4002 49.03435 curveto
95.95326 48.4691 97.55283 48.04018 99.1804 47.75308 curveto
100.80768 47.46626 102.45692 47.32242 104.10934 47.32242 curveto
105.76204 47.32242 107.41156 47.46597 109.03914 47.75308 curveto
110.66614 48.03989 112.26512 48.4691 113.8176 49.03435 curveto
115.37239 49.60045 116.8749 50.30058 118.3078 51.12752 curveto
119.73897 51.95358 121.09503 52.90326 122.3607 53.96559 curveto
123.62637 55.02792 124.79672 56.19885 125.85876 57.4648 curveto
126.9208 58.73076 127.87077 60.08655 128.69713 61.51772 curveto
129.52434 62.9506 130.22534 64.45255 130.79146 66.00734 curveto
131.3567 67.5601 131.78532 69.15936 132.07214 70.78694 curveto
132.35895 72.41423 132.50308 74.06346 132.50279 75.71588 curveto stroke
showpage
%%EOF
