%!PS
%%BoundingBox: -1 -1 150 150 
%%HiResBoundingBox: -0.24907 -0.24907 149.68831 149.68831 
%%Creator: MetaPost 2.000
%%CreationDate: 2017.07.04:1542
%%Pages: 1
%%BeginProlog
%%EndProlog
%%Page: 1 1
 0.7 setgray
newpath 74.71962 74.71962 moveto
74.71962 74.71962 lineto
82.6718 68.04712 lineto
91.467 62.99292 lineto
100.60402 59.77524 lineto
109.544 58.48119 lineto
117.74794 59.05809 lineto
124.72234 61.32149 lineto
130.03604 64.96512 lineto
133.36316 69.5888 lineto
134.49532 74.71962 lineto
133.36316 79.85043 lineto
130.03604 84.47412 lineto
124.72234 88.11775 lineto
117.74794 90.38115 lineto
109.544 90.95805 lineto
100.60402 89.664 lineto
91.467 86.44632 lineto
82.6718 81.39212 lineto
74.71962 74.71962 lineto
 closepath fill
 0 0 0 setrgbcolor 0 0.49814 dtransform truncate idtransform setlinewidth pop [] 0 setdash 1 setlinecap
 1 setlinejoin 10 setmiterlimit
newpath 0 74.71962 moveto
149.43924 74.71962 lineto stroke
newpath 144.45793 77.21028 moveto
145.63387 75.64236 147.47935 74.71962 149.43924 74.71962 curveto
147.47935 74.71962 145.63387 73.79688 144.45793 72.22896 curveto stroke
 0.49814 0 dtransform exch truncate exch idtransform pop setlinewidth
newpath 74.71962 0 moveto
74.71962 149.43924 lineto stroke
 0 0.49814 dtransform truncate idtransform setlinewidth pop
newpath 72.22896 144.45793 moveto
73.79688 145.63387 74.71962 147.47935 74.71962 149.43924 curveto
74.71962 147.47935 75.64236 145.63387 77.21028 144.45793 curveto stroke
 0.49814 0 dtransform exch truncate exch idtransform pop setlinewidth
newpath 14.94392 72.7271 moveto
14.94392 76.71214 lineto stroke
newpath 134.49532 72.7271 moveto
134.49532 76.71214 lineto stroke
 0 0.49814 dtransform truncate idtransform setlinewidth pop
newpath 76.71214 14.94392 moveto
72.7271 14.94392 lineto stroke
newpath 76.71214 134.49532 moveto
72.7271 134.49532 lineto stroke
 0 1.24533 dtransform truncate idtransform setlinewidth pop
newpath 134.49532 74.71962 moveto
134.4855 76.49002 134.09991 78.2383 133.36407 79.84862 curveto
132.56804 81.5905 131.42334 83.14723 130.03969 84.47116 curveto
128.47656 85.96678 126.67014 87.1817 124.72052 88.11913 curveto
122.50867 89.18263 120.15999 89.92989 117.74794 90.38115 curveto
115.04445 90.88667 112.29172 91.07297 109.544 90.95805 curveto
106.52882 90.83195 103.53506 90.39551 100.60698 89.66446 curveto
97.46455 88.87982 94.40306 87.80034 91.46199 86.44382 curveto
88.38591 85.02504 85.44347 83.33308 82.66884 81.39008 curveto
79.83014 79.40213 77.17021 77.17021 74.71962 74.71962 curveto
72.26903 72.26903 70.03711 69.6091 68.04916 66.7704 curveto
66.10616 63.99577 64.4142 61.05333 62.99542 57.97725 curveto
61.6389 55.03618 60.55942 51.97469 59.77478 48.83226 curveto
59.04373 45.90417 58.60728 42.91042 58.48119 39.89523 curveto
58.36627 37.14752 58.55257 34.39479 59.05809 31.6913 curveto
59.50935 29.27925 60.2566 26.93057 61.32011 24.71872 curveto
62.25754 22.7691 63.47246 20.96268 64.96808 19.39955 curveto
66.292 18.0159 67.84874 16.8712 69.59062 16.07516 curveto
71.2014 15.33932 72.94855 14.94392 74.71962 14.94392 curveto
76.49069 14.94392 78.23784 15.33932 79.84862 16.07516 curveto
81.5905 16.8712 83.14723 18.0159 84.47116 19.39955 curveto
85.96678 20.96268 87.1817 22.7691 88.11913 24.71872 curveto
89.18263 26.93057 89.92989 29.27925 90.38115 31.6913 curveto
90.88667 34.39479 91.07297 37.14752 90.95805 39.89523 curveto
90.83195 42.91042 90.39551 45.90417 89.66446 48.83226 curveto
88.87982 51.97469 87.80034 55.03618 86.44382 57.97725 curveto
85.02504 61.05333 83.33308 63.99577 81.39008 66.7704 curveto
79.40213 69.6091 77.17021 72.26903 74.71962 74.71962 curveto
72.26903 77.17021 69.6091 79.40213 66.7704 81.39008 curveto
63.99577 83.33308 61.05333 85.02504 57.97725 86.44382 curveto
55.03618 87.80034 51.97469 88.87982 48.83226 89.66446 curveto
45.90417 90.39551 42.91042 90.83195 39.89523 90.95805 curveto
37.14752 91.07297 34.39479 90.88667 31.6913 90.38115 curveto
29.27925 89.92989 26.93057 89.18263 24.71872 88.11913 curveto
22.7691 87.1817 20.96268 85.96678 19.39955 84.47116 curveto
18.0159 83.14723 16.8712 81.5905 16.07516 79.84862 curveto
15.33932 78.23784 14.94392 76.49069 14.94392 74.71962 curveto
14.94392 72.94855 15.33932 71.2014 16.07516 69.59062 curveto
16.8712 67.84874 18.0159 66.292 19.39955 64.96808 curveto
20.96268 63.47246 22.7691 62.25754 24.71872 61.32011 curveto
26.93057 60.2566 29.27925 59.50935 31.6913 59.05809 curveto
34.39479 58.55257 37.14752 58.36627 39.89523 58.48119 curveto
42.91042 58.60728 45.90417 59.04373 48.83226 59.77478 curveto
51.97469 60.55942 55.03618 61.6389 57.97725 62.99542 curveto
61.05333 64.4142 63.99577 66.10616 66.7704 68.04916 curveto
69.6091 70.03711 72.26903 72.26903 74.71962 74.71962 curveto
77.17021 77.17021 79.40213 79.83014 81.39008 82.66884 curveto
83.33308 85.44347 85.02504 88.38591 86.44382 91.46199 curveto
87.80034 94.40306 88.87982 97.46455 89.66446 100.60698 curveto
90.39551 103.53506 90.83195 106.52882 90.95805 109.544 curveto
91.07297 112.29172 90.88667 115.04445 90.38115 117.74794 curveto
89.92989 120.15999 89.18263 122.50867 88.11913 124.72052 curveto
87.1817 126.67014 85.96678 128.47656 84.47116 130.03969 curveto
83.14723 131.42334 81.5905 132.56804 79.84862 133.36407 curveto
78.23784 134.09991 76.49069 134.49532 74.71962 134.49532 curveto
72.94855 134.49532 71.2014 134.09991 69.59062 133.36407 curveto
67.84874 132.56804 66.292 131.42334 64.96808 130.03969 curveto
63.47246 128.47656 62.25754 126.67014 61.32011 124.72052 curveto
60.2566 122.50867 59.50935 120.15999 59.05809 117.74794 curveto
58.55257 115.04445 58.36627 112.29172 58.48119 109.544 curveto
58.60728 106.52882 59.04373 103.53506 59.77478 100.60698 curveto
60.55942 97.46455 61.6389 94.40306 62.99542 91.46199 curveto
64.4142 88.38591 66.10616 85.44347 68.04916 82.66884 curveto
70.03711 79.83014 72.26903 77.17021 74.71962 74.71962 curveto
77.17021 72.26903 79.83014 70.03711 82.66884 68.04916 curveto
85.44347 66.10616 88.38591 64.4142 91.46199 62.99542 curveto
94.40306 61.6389 97.46455 60.55942 100.60698 59.77478 curveto
103.53506 59.04373 106.52882 58.60728 109.544 58.48119 curveto
112.29172 58.36627 115.04445 58.55257 117.74794 59.05809 curveto
120.15999 59.50935 122.50867 60.2566 124.72052 61.32011 curveto
126.67014 62.25754 128.47656 63.47246 130.03969 64.96808 curveto
131.42334 66.292 132.56804 67.84874 133.36407 69.59062 curveto
134.09991 71.20094 134.4855 72.94922 134.49532 74.71962 curveto stroke
showpage
%%EOF
