%!PS
%%BoundingBox: -1 -1 120 120 
%%HiResBoundingBox: -0.24907 -0.24907 119.80046 119.80046 
%%Creator: MetaPost 2.000
%%CreationDate: 2017.07.04:1542
%%Pages: 1
%%BeginProlog
%%EndProlog
%%Page: 1 1
 0 0 0 setrgbcolor 0 0.49814 dtransform truncate idtransform setlinewidth pop [] 0 setdash 1 setlinecap
 1 setlinejoin 10 setmiterlimit
newpath 0 14.94392 moveto
119.55139 14.94392 lineto stroke
newpath 114.57008 17.43459 moveto
115.74602 15.86667 117.5915 14.94392 119.55139 14.94392 curveto
117.5915 14.94392 115.74602 14.02118 114.57008 12.45326 curveto stroke
 0.49814 0 dtransform exch truncate exch idtransform pop setlinewidth
newpath 14.94392 0 moveto
14.94392 119.55139 lineto stroke
 0 0.49814 dtransform truncate idtransform setlinewidth pop
newpath 12.45326 114.57008 moveto
14.02118 115.74602 14.94392 117.5915 14.94392 119.55139 curveto
14.94392 117.5915 15.86667 115.74602 17.43459 114.57008 curveto stroke
 0.49814 0 dtransform exch truncate exch idtransform pop setlinewidth
newpath 26.6809 12.9514 moveto
26.6809 16.93645 lineto stroke
newpath 38.41785 12.9514 moveto
38.41785 16.93645 lineto stroke
newpath 50.15482 12.9514 moveto
50.15482 16.93645 lineto stroke
newpath 61.89178 12.9514 moveto
61.89178 16.93645 lineto stroke
newpath 73.62874 12.9514 moveto
73.62874 16.93645 lineto stroke
newpath 85.3657 12.9514 moveto
85.3657 16.93645 lineto stroke
newpath 97.10268 12.9514 moveto
97.10268 16.93645 lineto stroke
newpath 108.83963 12.9514 moveto
108.83963 16.93645 lineto stroke
 0 0.49814 dtransform truncate idtransform setlinewidth pop
newpath 16.93645 44.83177 moveto
12.9514 44.83177 lineto stroke
newpath 16.93645 74.71962 moveto
12.9514 74.71962 lineto stroke
newpath 16.93645 104.60747 moveto
12.9514 104.60747 lineto stroke
newpath 14.94392 76.71214 moveto
14.41545 76.71214 13.90869 76.50218 13.53502 76.12852 curveto
13.16136 75.75485 12.9514 75.2481 12.9514 74.71962 curveto
12.9514 74.19115 13.16136 73.68439 13.53502 73.31071 curveto
13.90869 72.93706 14.41545 72.7271 14.94392 72.7271 curveto
15.4724 72.7271 15.97916 72.93706 16.35283 73.31071 curveto
16.72649 73.68439 16.93645 74.19115 16.93645 74.71962 curveto
16.93645 75.2481 16.72649 75.75485 16.35283 76.12852 curveto
15.97916 76.50218 15.4724 76.71214 14.94392 76.71214 curveto closepath fill
newpath 38.40599 46.8243 moveto
37.87752 46.8243 37.37076 46.61433 36.99709 46.24068 curveto
36.62343 45.867 36.41347 45.36024 36.41347 44.83177 curveto
36.41347 44.3033 36.62343 43.79654 36.99709 43.42287 curveto
37.37076 43.04921 37.87752 42.83925 38.40599 42.83925 curveto
38.93446 42.83925 39.44122 43.04921 39.8149 43.42287 curveto
40.18855 43.79654 40.39851 44.3033 40.39851 44.83177 curveto
40.39851 45.36024 40.18855 45.867 39.8149 46.24068 curveto
39.44122 46.61433 38.93446 46.8243 38.40599 46.8243 curveto closepath fill
newpath 61.86784 76.71214 moveto
61.33937 76.71214 60.83261 76.50218 60.45894 76.12852 curveto
60.08528 75.75485 59.87532 75.2481 59.87532 74.71962 curveto
59.87532 74.19115 60.08528 73.68439 60.45894 73.31071 curveto
60.83261 72.93706 61.33937 72.7271 61.86784 72.7271 curveto
62.39632 72.7271 62.90308 72.93706 63.27675 73.31071 curveto
63.6504 73.68439 63.86037 74.19115 63.86037 74.71962 curveto
63.86037 75.2481 63.6504 75.75485 63.27675 76.12852 curveto
62.90308 76.50218 62.39632 76.71214 61.86784 76.71214 curveto closepath fill
newpath 85.32991 106.59999 moveto
84.80144 106.59999 84.29468 106.39003 83.921 106.01637 curveto
83.54735 105.6427 83.33739 105.13594 83.33739 104.60747 curveto
83.33739 104.079 83.54735 103.57224 83.921 103.19856 curveto
84.29468 102.8249 84.80144 102.61494 85.32991 102.61494 curveto
85.85838 102.61494 86.36514 102.8249 86.73882 103.19856 curveto
87.11247 103.57224 87.32243 104.079 87.32243 104.60747 curveto
87.32243 105.13594 87.11247 105.6427 86.73882 106.01637 curveto
86.36514 106.39003 85.85838 106.59999 85.32991 106.59999 curveto closepath fill
newpath 108.79175 76.71214 moveto
108.26328 76.71214 107.75652 76.50218 107.38284 76.12852 curveto
107.00919 75.75485 106.79922 75.2481 106.79922 74.71962 curveto
106.79922 74.19115 107.00919 73.68439 107.38284 73.31071 curveto
107.75652 72.93706 108.26328 72.7271 108.79175 72.7271 curveto
109.32022 72.7271 109.82698 72.93706 110.20065 73.31071 curveto
110.57431 73.68439 110.78427 74.19115 110.78427 74.71962 curveto
110.78427 75.2481 110.57431 75.75485 110.20065 76.12852 curveto
109.82698 76.50218 109.32022 76.71214 108.79175 76.71214 curveto closepath fill
 0 1.24533 dtransform truncate idtransform setlinewidth pop
newpath 14.94392 74.71962 moveto
15.43828 73.72748 15.9347 72.73625 16.43317 71.74615 curveto
16.9282 70.76268 17.42302 69.7792 17.924 68.79869 curveto
18.4163 67.83505 18.91089 66.87233 19.41324 65.91371 curveto
19.90372 64.97789 20.39809 64.04411 20.90248 63.11583 curveto
21.39091 62.21718 21.88504 61.32149 22.39171 60.43286 curveto
22.87856 59.57913 23.37314 58.72997 23.88255 57.88947 curveto
24.36665 57.09045 24.86055 56.2976 25.3718 55.51572 curveto
25.85384 54.77827 26.34775 54.04858 26.86102 53.33258 curveto
27.34102 52.66333 27.8347 52.00388 28.35027 51.36153 curveto
28.82866 50.76547 29.3228 50.18217 29.8411 49.62032 curveto
30.31744 49.10384 30.81113 48.60378 31.33034 48.1304 curveto
31.80577 47.69691 32.30014 47.2842 32.81958 46.90453 curveto
33.29547 46.5568 33.79051 46.2355 34.30882 45.95457 curveto
34.78813 45.69485 35.28477 45.46841 35.79965 45.2892 curveto
36.28398 45.12068 36.78177 44.99344 37.2889 44.91705 curveto
37.78166 44.84294 38.28035 44.8165 38.77814 44.84044 curveto
39.28047 44.86461 39.77917 44.93985 40.26736 45.06026 curveto
40.77884 45.18636 41.27661 45.36194 41.75821 45.57513 curveto
42.27492 45.80385 42.77042 46.07657 43.24745 46.37915 curveto
43.76643 46.70842 44.26125 47.0744 44.73668 47.46411 curveto
45.25636 47.88983 45.75026 48.34566 46.22615 48.81995 curveto
46.74513 49.33711 47.23927 49.87822 47.71677 50.43391 curveto
48.23346 51.03522 48.72714 51.65546 49.206 52.28732 curveto
49.72066 52.96616 50.21432 53.66049 50.69524 54.36372 curveto
51.20761 55.1128 51.70152 55.87439 52.18471 56.64261 curveto
52.69502 57.45439 53.18962 58.27574 53.67531 59.10257 curveto
54.18312 59.96701 54.67726 60.8392 55.16455 61.71529 curveto
55.67032 62.62419 56.16444 63.53972 56.65402 64.45753 curveto
57.1575 65.40155 57.65186 66.3506 58.14325 67.30101 curveto
58.64514 68.27173 59.13995 69.2463 59.63387 70.22112 curveto
60.13324 71.20688 60.6276 72.19537 61.12311 73.18318 curveto
61.62065 74.1751 62.11525 75.16861 62.61256 76.16075 curveto
63.10808 77.14879 63.60243 78.1375 64.1018 79.12372 curveto
64.59572 80.09921 65.09053 81.07425 65.59242 82.04564 curveto
66.08382 82.9972 66.57817 83.94716 67.08165 84.89232 curveto
67.57123 85.8115 68.06558 86.72794 68.57112 87.63821 curveto
69.05841 88.51566 69.55278 89.38968 70.06036 90.2555 curveto
70.54605 91.08392 71.04065 91.90732 71.55096 92.72092 curveto
72.03415 93.4912 72.52806 94.25462 73.04044 95.00574 curveto
73.52135 95.71103 74.01524 96.40742 74.52968 97.08853 curveto
75.00853 97.72267 75.50221 98.34564 76.0189 98.94968 curveto
76.4964 99.50789 76.99054 100.05173 77.50952 100.57185 curveto
77.98541 101.04866 78.47931 101.50722 78.999 101.93591 curveto
79.47443 102.32813 79.96901 102.69707 80.48822 103.02953 curveto
80.96526 103.33485 81.46075 103.61076 81.97746 103.84267 curveto
82.45906 104.05884 82.9566 104.23761 83.4683 104.36713 curveto
83.9565 104.4905 84.45474 104.56915 84.95753 104.59653 curveto
85.45486 104.62366 85.95378 104.60063 86.44678 104.52948 curveto
86.95367 104.45628 87.45146 104.33224 87.93602 104.16646 curveto
88.45044 103.99043 88.94754 103.76743 89.42685 103.51067 curveto
89.94516 103.23293 90.43997 102.91437 90.91609 102.56937 curveto
91.43553 102.1929 91.9299 101.78291 92.40533 101.35217 curveto
92.92455 100.88174 93.41823 100.3842 93.89458 99.87045 curveto
94.41287 99.31133 94.90701 98.73055 95.3854 98.137 curveto
95.90097 97.49716 96.39488 96.84021 96.87465 96.17323 curveto
97.38815 95.45952 97.88184 94.73189 98.36388 93.99649 curveto
98.87512 93.21642 99.36902 92.4254 99.85312 91.62822 curveto
100.36253 90.78954 100.85712 89.94197 101.34396 89.08983 curveto
101.85063 88.2028 102.34476 87.30849 102.83319 86.41098 curveto
103.33781 85.48383 103.83218 84.55142 104.32243 83.61674 curveto
104.82501 82.65881 105.31937 81.69676 105.81168 80.73358 curveto
106.31265 79.75375 106.8077 78.77097 107.3025 77.78793 curveto
107.80098 76.79785 108.2974 75.80685 108.79175 74.81494 curveto stroke
showpage
%%EOF
