%!PS
%%BoundingBox: -1 -1 150 150 
%%HiResBoundingBox: -0.24907 -0.24907 149.68831 149.68831 
%%Creator: MetaPost 2.000
%%CreationDate: 2017.07.04:1542
%%Pages: 1
%%BeginProlog
%%EndProlog
%%Page: 1 1
 0 0 0 setrgbcolor 0 0.49814 dtransform truncate idtransform setlinewidth pop [] 0 setdash 1 setlinecap
 1 setlinejoin 10 setmiterlimit
newpath 0 74.71962 moveto
149.43924 74.71962 lineto stroke
newpath 144.45793 77.21028 moveto
145.63387 75.64236 147.47935 74.71962 149.43924 74.71962 curveto
147.47935 74.71962 145.63387 73.79688 144.45793 72.22896 curveto stroke
 0.49814 0 dtransform exch truncate exch idtransform pop setlinewidth
newpath 74.71962 0 moveto
74.71962 149.43924 lineto stroke
 0 0.49814 dtransform truncate idtransform setlinewidth pop
newpath 72.22896 144.45793 moveto
73.79688 145.63387 74.71962 147.47935 74.71962 149.43924 curveto
74.71962 147.47935 75.64236 145.63387 77.21028 144.45793 curveto stroke
 0.49814 0 dtransform exch truncate exch idtransform pop setlinewidth
newpath 14.94392 72.7271 moveto
14.94392 76.71214 lineto stroke
newpath 44.83177 72.7271 moveto
44.83177 76.71214 lineto stroke
newpath 104.60747 72.7271 moveto
104.60747 76.71214 lineto stroke
newpath 134.49532 72.7271 moveto
134.49532 76.71214 lineto stroke
 0 0.49814 dtransform truncate idtransform setlinewidth pop
newpath 76.71214 14.94392 moveto
72.7271 14.94392 lineto stroke
newpath 76.71214 44.83177 moveto
72.7271 44.83177 lineto stroke
newpath 76.71214 104.60747 moveto
72.7271 104.60747 lineto stroke
newpath 76.71214 134.49532 moveto
72.7271 134.49532 lineto stroke
 0 1.24533 dtransform truncate idtransform setlinewidth pop
newpath 104.60747 74.71962 moveto
103.75647 75.56879 102.8519 76.36278 101.89966 77.09679 curveto
100.99142 77.7966 100.03554 78.43188 99.04385 79.00743 curveto
98.10143 79.55446 97.1216 80.034 96.116 80.45357 curveto
95.16696 80.84943 94.19124 81.17686 93.19887 81.44571 curveto
92.26646 81.69836 91.31718 81.88351 90.35994 82.01259 curveto
89.46585 82.13298 88.56445 82.18861 87.66238 82.19159 curveto
86.82507 82.19432 85.9889 82.13594 85.15843 82.02968 curveto
84.39546 81.93208 83.64114 81.77817 82.89755 81.58206 curveto
82.2203 81.40352 81.55766 81.17459 80.90962 80.90962 curveto
80.32632 80.6711 79.76196 80.38835 79.21448 80.07619 curveto
78.729 79.79936 78.26588 79.48537 77.82054 79.14789 curveto
77.43222 78.85373 77.06805 78.52902 76.72124 78.18698 curveto
76.42708 77.89694 76.15732 77.58295 75.90308 77.25732 curveto
75.6942 76.98985 75.50905 76.7055 75.3362 76.41362 curveto
75.20145 76.18605 75.0881 75.94662 74.98344 75.70378 curveto
74.90843 75.52957 74.85143 75.34851 74.7983 75.16655 curveto
74.76659 75.05733 74.74904 74.94469 74.72943 74.83272 curveto
74.72235 74.7919 74.77754 74.71962 74.71962 74.71962 curveto
74.6617 74.71962 74.71689 74.7919 74.70981 74.83272 curveto
74.6902 74.94469 74.67265 75.05733 74.64095 75.16655 curveto
74.58781 75.34851 74.5308 75.52957 74.4558 75.70378 curveto
74.35114 75.94662 74.2378 76.18605 74.10304 76.41362 curveto
73.93019 76.7055 73.74504 76.98985 73.53616 77.25732 curveto
73.28192 77.58295 73.01216 77.89694 72.718 78.18698 curveto
72.37119 78.52902 72.00702 78.85373 71.6187 79.14789 curveto
71.17336 79.48537 70.71024 79.79936 70.22476 80.07619 curveto
69.67728 80.38835 69.11292 80.6711 68.52962 80.90962 curveto
67.88158 81.17459 67.21893 81.40352 66.54169 81.58206 curveto
65.7981 81.77817 65.04378 81.93208 64.2808 82.02968 curveto
63.45033 82.13594 62.61417 82.19432 61.77686 82.19159 curveto
60.87479 82.18861 59.97339 82.13298 59.0793 82.01259 curveto
58.12206 81.88351 57.17278 81.69836 56.24037 81.44571 curveto
55.248 81.17686 54.27228 80.84943 53.32324 80.45357 curveto
52.31764 80.034 51.33781 79.55446 50.39539 79.00743 curveto
49.4037 78.43188 48.44781 77.7966 47.53958 77.09679 curveto
46.58734 76.36278 45.68048 75.57152 44.83177 74.71962 curveto
43.94543 73.82986 43.11404 72.88652 42.35107 71.88867 curveto
41.55708 70.85025 40.82741 69.7637 40.1757 68.6304 curveto
39.49892 67.45357 38.89557 66.23567 38.37794 64.98062 curveto
37.84323 63.6843 37.38991 62.3558 37.02872 61.00089 curveto
36.65634 59.60376 36.37177 58.18452 36.18457 56.75093 curveto
35.99211 55.27696 35.89246 53.79205 35.89406 52.30556 curveto
35.89589 50.77937 35.99416 49.25479 36.19482 47.74184 curveto
36.39983 46.19583 36.70218 44.66394 37.10716 43.15784 curveto
37.52057 41.62094 38.03157 40.11186 38.64177 38.64177 curveto
39.26314 37.145 39.97891 35.68883 40.79024 34.28578 curveto
41.61455 32.86063 42.52962 31.48973 43.5327 30.18428 curveto
44.55107 28.859 45.6529 27.60007 46.8352 26.41866 curveto
48.03006 25.22495 49.30086 24.10944 50.64142 23.08195 curveto
51.99498 22.04443 53.41422 21.09561 54.89137 20.24348 curveto
56.37993 19.38474 57.92276 18.6229 59.5105 17.96573 curveto
61.10942 17.30377 62.74962 16.74625 64.42128 16.2984 curveto
66.09726 15.84941 67.80107 15.51035 69.5213 15.28413 curveto
71.24474 15.05748 72.98137 14.94392 74.71962 14.94392 curveto
76.45787 14.94392 78.1945 15.05748 79.91794 15.28413 curveto
81.63817 15.51035 83.34198 15.84941 85.01796 16.2984 curveto
86.68962 16.74625 88.32982 17.30377 89.92874 17.96573 curveto
91.51648 18.6229 93.05931 19.38474 94.54787 20.24348 curveto
96.02502 21.09561 97.44426 22.04443 98.79782 23.08195 curveto
100.13838 24.10944 101.40918 25.22495 102.60403 26.41866 curveto
103.78635 27.60007 104.88817 28.859 105.90654 30.18428 curveto
106.90962 31.48973 107.82469 32.86063 108.649 34.28578 curveto
109.46033 35.68883 110.1761 37.145 110.79747 38.64177 curveto
111.40767 40.11186 111.91867 41.62094 112.33208 43.15784 curveto
112.73706 44.66394 113.03941 46.19583 113.24442 47.74184 curveto
113.44508 49.25479 113.54335 50.77937 113.54518 52.30556 curveto
113.54678 53.79205 113.44713 55.27696 113.25467 56.75093 curveto
113.06747 58.18452 112.7829 59.60376 112.41052 61.00089 curveto
112.04933 62.3558 111.59601 63.6843 111.0613 64.98062 curveto
110.54367 66.23567 109.94032 67.45357 109.26353 68.6304 curveto
108.61183 69.7637 107.88216 70.85025 107.08817 71.88867 curveto
106.3252 72.88652 105.49654 73.83237 104.60747 74.71962 curveto stroke
showpage
%%EOF
