%!PS
%%BoundingBox: -1 84 200 150 
%%HiResBoundingBox: -0.24907 84.43317 199.50139 149.68678 
%%Creator: MetaPost 2.000
%%CreationDate: 2017.07.04:1542
%%Pages: 1
%%BeginProlog
%%EndProlog
%%Page: 1 1
 0 0 0 setrgbcolor 0 0.49814 dtransform truncate idtransform setlinewidth pop [] 0 setdash 1 setlinecap
 1 setlinejoin 10 setmiterlimit
newpath 99.62616 99.62616 moveto
199.25232 99.62616 lineto stroke
newpath 196.26353 101.12056 moveto
196.96909 100.17981 198.07639 99.62616 199.25232 99.62616 curveto
198.07639 99.62616 196.96909 99.07251 196.26353 98.13176 curveto stroke
newpath 99.87523 99.62616 moveto
99.87523 99.69221 99.84898 99.75557 99.80228 99.80228 curveto
99.75557 99.84898 99.69221 99.87523 99.62616 99.87523 curveto
99.5601 99.87523 99.49675 99.84898 99.45004 99.80228 curveto
99.40334 99.75557 99.37709 99.69221 99.37709 99.62616 curveto
99.37709 99.5601 99.40334 99.49675 99.45004 99.45004 curveto
99.49675 99.40334 99.5601 99.37709 99.62616 99.37709 curveto
99.69221 99.37709 99.75557 99.40334 99.80228 99.45004 curveto
99.84898 99.49675 99.87523 99.5601 99.87523 99.62616 curveto closepath fill
newpath 96.85614 99.62616 moveto
96.85614 99.69221 96.8299 99.75557 96.78319 99.80228 curveto
96.73648 99.84898 96.67313 99.87523 96.60707 99.87523 curveto
96.54102 99.87523 96.47766 99.84898 96.43095 99.80228 curveto
96.38425 99.75557 96.358 99.69221 96.358 99.62616 curveto
96.358 99.5601 96.38425 99.49675 96.43095 99.45004 curveto
96.47766 99.40334 96.54102 99.37709 96.60707 99.37709 curveto
96.67313 99.37709 96.73648 99.40334 96.78319 99.45004 curveto
96.8299 99.49675 96.85614 99.5601 96.85614 99.62616 curveto closepath fill
newpath 93.8371 99.62616 moveto
93.8371 99.69221 93.81085 99.75557 93.76414 99.80228 curveto
93.71744 99.84898 93.65408 99.87523 93.58803 99.87523 curveto
93.52197 99.87523 93.45862 99.84898 93.41191 99.80228 curveto
93.3652 99.75557 93.33896 99.69221 93.33896 99.62616 curveto
93.33896 99.5601 93.3652 99.49675 93.41191 99.45004 curveto
93.45862 99.40334 93.52197 99.37709 93.58803 99.37709 curveto
93.65408 99.37709 93.71744 99.40334 93.76414 99.45004 curveto
93.81085 99.49675 93.8371 99.5601 93.8371 99.62616 curveto closepath fill
newpath 90.81801 99.62616 moveto
90.81801 99.69221 90.79176 99.75557 90.74506 99.80228 curveto
90.69835 99.84898 90.635 99.87523 90.56894 99.87523 curveto
90.50288 99.87523 90.43953 99.84898 90.39282 99.80228 curveto
90.34612 99.75557 90.31987 99.69221 90.31987 99.62616 curveto
90.31987 99.5601 90.34612 99.49675 90.39282 99.45004 curveto
90.43953 99.40334 90.50288 99.37709 90.56894 99.37709 curveto
90.635 99.37709 90.69835 99.40334 90.74506 99.45004 curveto
90.79176 99.49675 90.81801 99.5601 90.81801 99.62616 curveto closepath fill
newpath 87.79893 99.62616 moveto
87.79893 99.69221 87.77269 99.75557 87.72598 99.80228 curveto
87.67928 99.84898 87.61592 99.87523 87.54987 99.87523 curveto
87.48381 99.87523 87.42046 99.84898 87.37375 99.80228 curveto
87.32704 99.75557 87.3008 99.69221 87.3008 99.62616 curveto
87.3008 99.5601 87.32704 99.49675 87.37375 99.45004 curveto
87.42046 99.40334 87.48381 99.37709 87.54987 99.37709 curveto
87.61592 99.37709 87.67928 99.40334 87.72598 99.45004 curveto
87.77269 99.49675 87.79893 99.5601 87.79893 99.62616 curveto closepath fill
newpath 84.77986 99.62616 moveto
84.77986 99.69221 84.75362 99.75557 84.70691 99.80228 curveto
84.6602 99.84898 84.59685 99.87523 84.53079 99.87523 curveto
84.46474 99.87523 84.40138 99.84898 84.35468 99.80228 curveto
84.30797 99.75557 84.28172 99.69221 84.28172 99.62616 curveto
84.28172 99.5601 84.30797 99.49675 84.35468 99.45004 curveto
84.40138 99.40334 84.46474 99.37709 84.53079 99.37709 curveto
84.59685 99.37709 84.6602 99.40334 84.70691 99.45004 curveto
84.75362 99.49675 84.77986 99.5601 84.77986 99.62616 curveto closepath fill
newpath 81.7608 99.62616 moveto
81.7608 99.69221 81.73456 99.75557 81.68785 99.80228 curveto
81.64114 99.84898 81.57779 99.87523 81.51173 99.87523 curveto
81.44568 99.87523 81.38232 99.84898 81.33562 99.80228 curveto
81.28891 99.75557 81.26266 99.69221 81.26266 99.62616 curveto
81.26266 99.5601 81.28891 99.49675 81.33562 99.45004 curveto
81.38232 99.40334 81.44568 99.37709 81.51173 99.37709 curveto
81.57779 99.37709 81.64114 99.40334 81.68785 99.45004 curveto
81.73456 99.49675 81.7608 99.5601 81.7608 99.62616 curveto closepath fill
newpath 78.74173 99.62616 moveto
78.74173 99.69221 78.71548 99.75557 78.66878 99.80228 curveto
78.62207 99.84898 78.55872 99.87523 78.49266 99.87523 curveto
78.4266 99.87523 78.36325 99.84898 78.31654 99.80228 curveto
78.26984 99.75557 78.24359 99.69221 78.24359 99.62616 curveto
78.24359 99.5601 78.26984 99.49675 78.31654 99.45004 curveto
78.36325 99.40334 78.4266 99.37709 78.49266 99.37709 curveto
78.55872 99.37709 78.62207 99.40334 78.66878 99.45004 curveto
78.71548 99.49675 78.74173 99.5601 78.74173 99.62616 curveto closepath fill
newpath 75.72267 99.62616 moveto
75.72267 99.69221 75.69643 99.75557 75.64972 99.80228 curveto
75.60301 99.84898 75.53966 99.87523 75.4736 99.87523 curveto
75.40755 99.87523 75.3442 99.84898 75.29749 99.80228 curveto
75.25078 99.75557 75.22453 99.69221 75.22453 99.62616 curveto
75.22453 99.5601 75.25078 99.49675 75.29749 99.45004 curveto
75.3442 99.40334 75.40755 99.37709 75.4736 99.37709 curveto
75.53966 99.37709 75.60301 99.40334 75.64972 99.45004 curveto
75.69643 99.49675 75.72267 99.5601 75.72267 99.62616 curveto closepath fill
newpath 72.70361 99.62616 moveto
72.70361 99.69221 72.67737 99.75557 72.63066 99.80228 curveto
72.58395 99.84898 72.5206 99.87523 72.45454 99.87523 curveto
72.38849 99.87523 72.32513 99.84898 72.27843 99.80228 curveto
72.23172 99.75557 72.20547 99.69221 72.20547 99.62616 curveto
72.20547 99.5601 72.23172 99.49675 72.27843 99.45004 curveto
72.32513 99.40334 72.38849 99.37709 72.45454 99.37709 curveto
72.5206 99.37709 72.58395 99.40334 72.63066 99.45004 curveto
72.67737 99.49675 72.70361 99.5601 72.70361 99.62616 curveto closepath fill
newpath 69.68454 99.62616 moveto
69.68454 99.69221 69.6583 99.75557 69.61159 99.80228 curveto
69.56488 99.84898 69.50153 99.87523 69.43547 99.87523 curveto
69.36942 99.87523 69.30606 99.84898 69.25935 99.80228 curveto
69.21265 99.75557 69.1864 99.69221 69.1864 99.62616 curveto
69.1864 99.5601 69.21265 99.49675 69.25935 99.45004 curveto
69.30606 99.40334 69.36942 99.37709 69.43547 99.37709 curveto
69.50153 99.37709 69.56488 99.40334 69.61159 99.45004 curveto
69.6583 99.49675 69.68454 99.5601 69.68454 99.62616 curveto closepath fill
newpath 66.66548 99.62616 moveto
66.66548 99.69221 66.63924 99.75557 66.59253 99.80228 curveto
66.54582 99.84898 66.48247 99.87523 66.41641 99.87523 curveto
66.35036 99.87523 66.287 99.84898 66.2403 99.80228 curveto
66.19359 99.75557 66.16734 99.69221 66.16734 99.62616 curveto
66.16734 99.5601 66.19359 99.49675 66.2403 99.45004 curveto
66.287 99.40334 66.35036 99.37709 66.41641 99.37709 curveto
66.48247 99.37709 66.54582 99.40334 66.59253 99.45004 curveto
66.63924 99.49675 66.66548 99.5601 66.66548 99.62616 curveto closepath fill
newpath 63.64641 99.62616 moveto
63.64641 99.69221 63.62016 99.75557 63.57346 99.80228 curveto
63.52675 99.84898 63.4634 99.87523 63.39734 99.87523 curveto
63.33128 99.87523 63.26793 99.84898 63.22122 99.80228 curveto
63.17451 99.75557 63.14827 99.69221 63.14827 99.62616 curveto
63.14827 99.5601 63.17451 99.49675 63.22122 99.45004 curveto
63.26793 99.40334 63.33128 99.37709 63.39734 99.37709 curveto
63.4634 99.37709 63.52675 99.40334 63.57346 99.45004 curveto
63.62016 99.49675 63.64641 99.5601 63.64641 99.62616 curveto closepath fill
newpath 60.62735 99.62616 moveto
60.62735 99.69221 60.6011 99.75557 60.5544 99.80228 curveto
60.50769 99.84898 60.44434 99.87523 60.37828 99.87523 curveto
60.31223 99.87523 60.24887 99.84898 60.20216 99.80228 curveto
60.15546 99.75557 60.12921 99.69221 60.12921 99.62616 curveto
60.12921 99.5601 60.15546 99.49675 60.20216 99.45004 curveto
60.24887 99.40334 60.31223 99.37709 60.37828 99.37709 curveto
60.44434 99.37709 60.50769 99.40334 60.5544 99.45004 curveto
60.6011 99.49675 60.62735 99.5601 60.62735 99.62616 curveto closepath fill
newpath 57.6098 99.62616 moveto
57.6098 99.69221 57.58356 99.75557 57.53685 99.80228 curveto
57.49014 99.84898 57.42679 99.87523 57.36073 99.87523 curveto
57.29468 99.87523 57.23132 99.84898 57.18462 99.80228 curveto
57.13791 99.75557 57.11166 99.69221 57.11166 99.62616 curveto
57.11166 99.5601 57.13791 99.49675 57.18462 99.45004 curveto
57.23132 99.40334 57.29468 99.37709 57.36073 99.37709 curveto
57.42679 99.37709 57.49014 99.40334 57.53685 99.45004 curveto
57.58356 99.49675 57.6098 99.5601 57.6098 99.62616 curveto closepath fill
newpath 54.59074 99.62616 moveto
54.59074 99.69221 54.5645 99.75557 54.51779 99.80228 curveto
54.47108 99.84898 54.40773 99.87523 54.34167 99.87523 curveto
54.27562 99.87523 54.21227 99.84898 54.16556 99.80228 curveto
54.11885 99.75557 54.0926 99.69221 54.0926 99.62616 curveto
54.0926 99.5601 54.11885 99.49675 54.16556 99.45004 curveto
54.21227 99.40334 54.27562 99.37709 54.34167 99.37709 curveto
54.40773 99.37709 54.47108 99.40334 54.51779 99.45004 curveto
54.5645 99.49675 54.59074 99.5601 54.59074 99.62616 curveto closepath fill
newpath 51.57169 99.62616 moveto
51.57169 99.69221 51.54544 99.75557 51.49873 99.80228 curveto
51.45203 99.84898 51.38867 99.87523 51.32262 99.87523 curveto
51.25656 99.87523 51.1932 99.84898 51.1465 99.80228 curveto
51.0998 99.75557 51.07355 99.69221 51.07355 99.62616 curveto
51.07355 99.5601 51.0998 99.49675 51.1465 99.45004 curveto
51.1932 99.40334 51.25656 99.37709 51.32262 99.37709 curveto
51.38867 99.37709 51.45203 99.40334 51.49873 99.45004 curveto
51.54544 99.49675 51.57169 99.5601 51.57169 99.62616 curveto closepath fill
newpath 48.55261 99.62616 moveto
48.55261 99.69221 48.52637 99.75557 48.47966 99.80228 curveto
48.43295 99.84898 48.3696 99.87523 48.30354 99.87523 curveto
48.23749 99.87523 48.17413 99.84898 48.12743 99.80228 curveto
48.08072 99.75557 48.05447 99.69221 48.05447 99.62616 curveto
48.05447 99.5601 48.08072 99.49675 48.12743 99.45004 curveto
48.17413 99.40334 48.23749 99.37709 48.30354 99.37709 curveto
48.3696 99.37709 48.43295 99.40334 48.47966 99.45004 curveto
48.52637 99.49675 48.55261 99.5601 48.55261 99.62616 curveto closepath fill
newpath 45.53355 99.62616 moveto
45.53355 99.69221 45.50731 99.75557 45.4606 99.80228 curveto
45.4139 99.84898 45.35054 99.87523 45.28448 99.87523 curveto
45.21843 99.87523 45.15508 99.84898 45.10837 99.80228 curveto
45.06166 99.75557 45.03542 99.69221 45.03542 99.62616 curveto
45.03542 99.5601 45.06166 99.49675 45.10837 99.45004 curveto
45.15508 99.40334 45.21843 99.37709 45.28448 99.37709 curveto
45.35054 99.37709 45.4139 99.40334 45.4606 99.45004 curveto
45.50731 99.49675 45.53355 99.5601 45.53355 99.62616 curveto closepath fill
newpath 42.5145 99.62616 moveto
42.5145 99.69221 42.48825 99.75557 42.44154 99.80228 curveto
42.39484 99.84898 42.33148 99.87523 42.26543 99.87523 curveto
42.19937 99.87523 42.13602 99.84898 42.08931 99.80228 curveto
42.0426 99.75557 42.01636 99.69221 42.01636 99.62616 curveto
42.01636 99.5601 42.0426 99.49675 42.08931 99.45004 curveto
42.13602 99.40334 42.19937 99.37709 42.26543 99.37709 curveto
42.33148 99.37709 42.39484 99.40334 42.44154 99.45004 curveto
42.48825 99.49675 42.5145 99.5601 42.5145 99.62616 curveto closepath fill
newpath 39.49542 99.62616 moveto
39.49542 99.69221 39.46918 99.75557 39.42247 99.80228 curveto
39.37576 99.84898 39.31241 99.87523 39.24635 99.87523 curveto
39.1803 99.87523 39.11694 99.84898 39.07024 99.80228 curveto
39.02353 99.75557 38.99728 99.69221 38.99728 99.62616 curveto
38.99728 99.5601 39.02353 99.49675 39.07024 99.45004 curveto
39.11694 99.40334 39.1803 99.37709 39.24635 99.37709 curveto
39.31241 99.37709 39.37576 99.40334 39.42247 99.45004 curveto
39.46918 99.49675 39.49542 99.5601 39.49542 99.62616 curveto closepath fill
newpath 36.47636 99.62616 moveto
36.47636 99.69221 36.45012 99.75557 36.40341 99.80228 curveto
36.3567 99.84898 36.29335 99.87523 36.2273 99.87523 curveto
36.16124 99.87523 36.09789 99.84898 36.05118 99.80228 curveto
36.00447 99.75557 35.97823 99.69221 35.97823 99.62616 curveto
35.97823 99.5601 36.00447 99.49675 36.05118 99.45004 curveto
36.09789 99.40334 36.16124 99.37709 36.2273 99.37709 curveto
36.29335 99.37709 36.3567 99.40334 36.40341 99.45004 curveto
36.45012 99.49675 36.47636 99.5601 36.47636 99.62616 curveto closepath fill
newpath 33.4573 99.62616 moveto
33.4573 99.69221 33.43106 99.75557 33.38435 99.80228 curveto
33.33765 99.84898 33.27429 99.87523 33.20824 99.87523 curveto
33.14218 99.87523 33.07883 99.84898 33.03212 99.80228 curveto
32.98541 99.75557 32.95917 99.69221 32.95917 99.62616 curveto
32.95917 99.5601 32.98541 99.49675 33.03212 99.45004 curveto
33.07883 99.40334 33.14218 99.37709 33.20824 99.37709 curveto
33.27429 99.37709 33.33765 99.40334 33.38435 99.45004 curveto
33.43106 99.49675 33.4573 99.5601 33.4573 99.62616 curveto closepath fill
newpath 30.43823 99.62616 moveto
30.43823 99.69221 30.41199 99.75557 30.36528 99.80228 curveto
30.31857 99.84898 30.25522 99.87523 30.18916 99.87523 curveto
30.12311 99.87523 30.05975 99.84898 30.01305 99.80228 curveto
29.96634 99.75557 29.9401 99.69221 29.9401 99.62616 curveto
29.9401 99.5601 29.96634 99.49675 30.01305 99.45004 curveto
30.05975 99.40334 30.12311 99.37709 30.18916 99.37709 curveto
30.25522 99.37709 30.31857 99.40334 30.36528 99.45004 curveto
30.41199 99.49675 30.43823 99.5601 30.43823 99.62616 curveto closepath fill
newpath 27.41917 99.62616 moveto
27.41917 99.69221 27.39293 99.75557 27.34622 99.80228 curveto
27.29951 99.84898 27.23616 99.87523 27.1701 99.87523 curveto
27.10405 99.87523 27.0407 99.84898 26.99399 99.80228 curveto
26.94728 99.75557 26.92104 99.69221 26.92104 99.62616 curveto
26.92104 99.5601 26.94728 99.49675 26.99399 99.45004 curveto
27.0407 99.40334 27.10405 99.37709 27.1701 99.37709 curveto
27.23616 99.37709 27.29951 99.40334 27.34622 99.45004 curveto
27.39293 99.49675 27.41917 99.5601 27.41917 99.62616 curveto closepath fill
newpath 24.4001 99.62616 moveto
24.4001 99.69221 24.37386 99.75557 24.32715 99.80228 curveto
24.28044 99.84898 24.21709 99.87523 24.15103 99.87523 curveto
24.08498 99.87523 24.02162 99.84898 23.97491 99.80228 curveto
23.9282 99.75557 23.90196 99.69221 23.90196 99.62616 curveto
23.90196 99.5601 23.9282 99.49675 23.97491 99.45004 curveto
24.02162 99.40334 24.08498 99.37709 24.15103 99.37709 curveto
24.21709 99.37709 24.28044 99.40334 24.32715 99.45004 curveto
24.37386 99.49675 24.4001 99.5601 24.4001 99.62616 curveto closepath fill
newpath 21.38104 99.62616 moveto
21.38104 99.69221 21.3548 99.75557 21.30809 99.80228 curveto
21.26138 99.84898 21.19803 99.87523 21.13197 99.87523 curveto
21.06592 99.87523 21.00256 99.84898 20.95586 99.80228 curveto
20.90915 99.75557 20.8829 99.69221 20.8829 99.62616 curveto
20.8829 99.5601 20.90915 99.49675 20.95586 99.45004 curveto
21.00256 99.40334 21.06592 99.37709 21.13197 99.37709 curveto
21.19803 99.37709 21.26138 99.40334 21.30809 99.45004 curveto
21.3548 99.49675 21.38104 99.5601 21.38104 99.62616 curveto closepath fill
newpath 18.36198 99.62616 moveto
18.36198 99.69221 18.33574 99.75557 18.28903 99.80228 curveto
18.24232 99.84898 18.17897 99.87523 18.11292 99.87523 curveto
18.04686 99.87523 17.9835 99.84898 17.9368 99.80228 curveto
17.89009 99.75557 17.86385 99.69221 17.86385 99.62616 curveto
17.86385 99.5601 17.89009 99.49675 17.9368 99.45004 curveto
17.9835 99.40334 18.04686 99.37709 18.11292 99.37709 curveto
18.17897 99.37709 18.24232 99.40334 18.28903 99.45004 curveto
18.33574 99.49675 18.36198 99.5601 18.36198 99.62616 curveto closepath fill
newpath 15.34291 99.62616 moveto
15.34291 99.69221 15.31667 99.75557 15.26996 99.80228 curveto
15.22325 99.84898 15.1599 99.87523 15.09384 99.87523 curveto
15.02779 99.87523 14.96443 99.84898 14.91772 99.80228 curveto
14.87102 99.75557 14.84477 99.69221 14.84477 99.62616 curveto
14.84477 99.5601 14.87102 99.49675 14.91772 99.45004 curveto
14.96443 99.40334 15.02779 99.37709 15.09384 99.37709 curveto
15.1599 99.37709 15.22325 99.40334 15.26996 99.45004 curveto
15.31667 99.49675 15.34291 99.5601 15.34291 99.62616 curveto closepath fill
newpath 12.32384 99.62616 moveto
12.32384 99.69221 12.29759 99.75557 12.25089 99.80228 curveto
12.20418 99.84898 12.14082 99.87523 12.07477 99.87523 curveto
12.00871 99.87523 11.94536 99.84898 11.89865 99.80228 curveto
11.85194 99.75557 11.8257 99.69221 11.8257 99.62616 curveto
11.8257 99.5601 11.85194 99.49675 11.89865 99.45004 curveto
11.94536 99.40334 12.00871 99.37709 12.07477 99.37709 curveto
12.14082 99.37709 12.20418 99.40334 12.25089 99.45004 curveto
12.29759 99.49675 12.32384 99.5601 12.32384 99.62616 curveto closepath fill
newpath 9.30478 99.62616 moveto
9.30478 99.69221 9.27853 99.75557 9.23183 99.80228 curveto
9.18512 99.84898 9.12177 99.87523 9.05571 99.87523 curveto
8.98965 99.87523 8.9263 99.84898 8.8796 99.80228 curveto
8.83289 99.75557 8.80664 99.69221 8.80664 99.62616 curveto
8.80664 99.5601 8.83289 99.49675 8.8796 99.45004 curveto
8.9263 99.40334 8.98965 99.37709 9.05571 99.37709 curveto
9.12177 99.37709 9.18512 99.40334 9.23183 99.45004 curveto
9.27853 99.49675 9.30478 99.5601 9.30478 99.62616 curveto closepath fill
newpath 6.28569 99.62616 moveto
6.28569 99.69221 6.25945 99.75557 6.21274 99.80228 curveto
6.16603 99.84898 6.10268 99.87523 6.03662 99.87523 curveto
5.97057 99.87523 5.90721 99.84898 5.8605 99.80228 curveto
5.8138 99.75557 5.78755 99.69221 5.78755 99.62616 curveto
5.78755 99.5601 5.8138 99.49675 5.8605 99.45004 curveto
5.90721 99.40334 5.97057 99.37709 6.03662 99.37709 curveto
6.10268 99.37709 6.16603 99.40334 6.21274 99.45004 curveto
6.25945 99.49675 6.28569 99.5601 6.28569 99.62616 curveto closepath fill
newpath 3.26662 99.62616 moveto
3.26662 99.69221 3.24037 99.75557 3.19366 99.80228 curveto
3.14696 99.84898 3.0836 99.87523 3.01755 99.87523 curveto
2.95149 99.87523 2.88814 99.84898 2.84143 99.80228 curveto
2.79472 99.75557 2.76848 99.69221 2.76848 99.62616 curveto
2.76848 99.5601 2.79472 99.49675 2.84143 99.45004 curveto
2.88814 99.40334 2.95149 99.37709 3.01755 99.37709 curveto
3.0836 99.37709 3.14696 99.40334 3.19366 99.45004 curveto
3.24037 99.49675 3.26662 99.5601 3.26662 99.62616 curveto closepath fill
newpath 0.24907 99.62616 moveto
0.24907 99.69221 0.22282 99.75557 0.17612 99.80228 curveto
0.12941 99.84898 0.06606 99.87523 0 99.87523 curveto
-0.06606 99.87523 -0.12941 99.84898 -0.17612 99.80228 curveto
-0.22282 99.75557 -0.24907 99.69221 -0.24907 99.62616 curveto
-0.24907 99.5601 -0.22282 99.49675 -0.17612 99.45004 curveto
-0.12941 99.40334 -0.06606 99.37709 0 99.37709 curveto
0.06606 99.37709 0.12941 99.40334 0.17612 99.45004 curveto
0.22282 99.49675 0.24907 99.5601 0.24907 99.62616 curveto closepath fill
 0.49814 0 dtransform exch truncate exch idtransform pop setlinewidth
newpath 19.92523 97.63364 moveto
19.92523 101.61868 lineto stroke
newpath 39.85046 97.63364 moveto
39.85046 101.61868 lineto stroke
newpath 59.7757 97.63364 moveto
59.7757 101.61868 lineto stroke
newpath 79.70093 97.63364 moveto
79.70093 101.61868 lineto stroke
newpath 119.55139 97.63364 moveto
119.55139 101.61868 lineto stroke
newpath 139.47662 97.63364 moveto
139.47662 101.61868 lineto stroke
newpath 159.40186 97.63364 moveto
159.40186 101.61868 lineto stroke
newpath 179.32709 97.63364 moveto
179.32709 101.61868 lineto stroke
newpath 99.87523 99.62616 moveto
99.87523 99.69221 99.84898 99.75557 99.80228 99.80228 curveto
99.75557 99.84898 99.69221 99.87523 99.62616 99.87523 curveto
99.5601 99.87523 99.49675 99.84898 99.45004 99.80228 curveto
99.40334 99.75557 99.37709 99.69221 99.37709 99.62616 curveto
99.37709 99.5601 99.40334 99.49675 99.45004 99.45004 curveto
99.49675 99.40334 99.5601 99.37709 99.62616 99.37709 curveto
99.69221 99.37709 99.75557 99.40334 99.80228 99.45004 curveto
99.84898 99.49675 99.87523 99.5601 99.87523 99.62616 curveto closepath fill
newpath 102.48975 101.13564 moveto
102.48975 101.20169 102.4635 101.26505 102.4168 101.31175 curveto
102.37009 101.35846 102.30673 101.3847 102.24068 101.3847 curveto
102.17462 101.3847 102.11127 101.35846 102.06456 101.31175 curveto
102.01785 101.26505 101.99161 101.20169 101.99161 101.13564 curveto
101.99161 101.06958 102.01785 101.00623 102.06456 100.95952 curveto
102.11127 100.91281 102.17462 100.88657 102.24068 100.88657 curveto
102.30673 100.88657 102.37009 100.91281 102.4168 100.95952 curveto
102.4635 101.00623 102.48975 101.06958 102.48975 101.13564 curveto closepath fill
newpath 105.1043 102.64516 moveto
105.1043 102.71121 105.07805 102.77457 105.03134 102.82127 curveto
104.98463 102.86798 104.92128 102.89423 104.85522 102.89423 curveto
104.78917 102.89423 104.72581 102.86798 104.67911 102.82127 curveto
104.6324 102.77457 104.60616 102.71121 104.60616 102.64516 curveto
104.60616 102.5791 104.6324 102.51575 104.67911 102.46904 curveto
104.72581 102.42233 104.78917 102.39609 104.85522 102.39609 curveto
104.92128 102.39609 104.98463 102.42233 105.03134 102.46904 curveto
105.07805 102.51575 105.1043 102.5791 105.1043 102.64516 curveto closepath fill
newpath 107.71883 104.15463 moveto
107.71883 104.22069 107.69258 104.28404 107.64587 104.33075 curveto
107.59917 104.37746 107.53581 104.4037 107.46976 104.4037 curveto
107.4037 104.4037 107.34035 104.37746 107.29364 104.33075 curveto
107.24693 104.28404 107.22069 104.22069 107.22069 104.15463 curveto
107.22069 104.08858 107.24693 104.02522 107.29364 103.97852 curveto
107.34035 103.93181 107.4037 103.90556 107.46976 103.90556 curveto
107.53581 103.90556 107.59917 103.93181 107.64587 103.97852 curveto
107.69258 104.02522 107.71883 104.08858 107.71883 104.15463 curveto closepath fill
newpath 110.33334 105.66412 moveto
110.33334 105.73018 110.3071 105.79353 110.26039 105.84024 curveto
110.21368 105.88695 110.15033 105.9132 110.08427 105.9132 curveto
110.01822 105.9132 109.95486 105.88695 109.90816 105.84024 curveto
109.86145 105.79353 109.8352 105.73018 109.8352 105.66412 curveto
109.8352 105.59807 109.86145 105.53471 109.90816 105.488 curveto
109.95486 105.4413 110.01822 105.41505 110.08427 105.41505 curveto
110.15033 105.41505 110.21368 105.4413 110.26039 105.488 curveto
110.3071 105.53471 110.33334 105.59807 110.33334 105.66412 curveto closepath fill
newpath 112.94788 107.17363 moveto
112.94788 107.23969 112.92163 107.30304 112.87492 107.34975 curveto
112.82822 107.39645 112.76486 107.4227 112.6988 107.4227 curveto
112.63275 107.4227 112.5694 107.39645 112.52269 107.34975 curveto
112.47598 107.30304 112.44974 107.23969 112.44974 107.17363 curveto
112.44974 107.10757 112.47598 107.04422 112.52269 106.99751 curveto
112.5694 106.9508 112.63275 106.92456 112.6988 106.92456 curveto
112.76486 106.92456 112.82822 106.9508 112.87492 106.99751 curveto
112.92163 107.04422 112.94788 107.10757 112.94788 107.17363 curveto closepath fill
newpath 115.5624 108.68312 moveto
115.5624 108.74918 115.53615 108.81253 115.48944 108.85924 curveto
115.44273 108.90594 115.37938 108.93219 115.31332 108.93219 curveto
115.24727 108.93219 115.18391 108.90594 115.1372 108.85924 curveto
115.0905 108.81253 115.06425 108.74918 115.06425 108.68312 curveto
115.06425 108.61707 115.0905 108.55371 115.1372 108.507 curveto
115.18391 108.4603 115.24727 108.43405 115.31332 108.43405 curveto
115.37938 108.43405 115.44273 108.4603 115.48944 108.507 curveto
115.53615 108.55371 115.5624 108.61707 115.5624 108.68312 curveto closepath fill
newpath 118.17691 110.1926 moveto
118.17691 110.25865 118.15067 110.322 118.10396 110.36871 curveto
118.05725 110.41542 117.9939 110.44167 117.92784 110.44167 curveto
117.86179 110.44167 117.79843 110.41542 117.75172 110.36871 curveto
117.70502 110.322 117.67877 110.25865 117.67877 110.1926 curveto
117.67877 110.12654 117.70502 110.06319 117.75172 110.01648 curveto
117.79843 109.96977 117.86179 109.94353 117.92784 109.94353 curveto
117.9939 109.94353 118.05725 109.96977 118.10396 110.01648 curveto
118.15067 110.06319 118.17691 110.12654 118.17691 110.1926 curveto closepath fill
newpath 120.79144 111.70209 moveto
120.79144 111.76814 120.7652 111.8315 120.71849 111.8782 curveto
120.67178 111.92491 120.60843 111.95116 120.54237 111.95116 curveto
120.47632 111.95116 120.41296 111.92491 120.36626 111.8782 curveto
120.31955 111.8315 120.2933 111.76814 120.2933 111.70209 curveto
120.2933 111.63603 120.31955 111.57268 120.36626 111.52597 curveto
120.41296 111.47926 120.47632 111.45302 120.54237 111.45302 curveto
120.60843 111.45302 120.67178 111.47926 120.71849 111.52597 curveto
120.7652 111.57268 120.79144 111.63603 120.79144 111.70209 curveto closepath fill
newpath 123.40463 113.21082 moveto
123.40463 113.27687 123.37839 113.34023 123.33168 113.38693 curveto
123.28497 113.43364 123.22162 113.45988 123.15556 113.45988 curveto
123.08951 113.45988 123.02615 113.43364 122.97945 113.38693 curveto
122.93274 113.34023 122.9065 113.27687 122.9065 113.21082 curveto
122.9065 113.14476 122.93274 113.0814 122.97945 113.0347 curveto
123.02615 112.98799 123.08951 112.96175 123.15556 112.96175 curveto
123.22162 112.96175 123.28497 112.98799 123.33168 113.0347 curveto
123.37839 113.0814 123.40463 113.14476 123.40463 113.21082 curveto closepath fill
newpath 126.01917 114.7203 moveto
126.01917 114.78636 125.99292 114.84972 125.94621 114.89642 curveto
125.8995 114.94313 125.83615 114.96938 125.7701 114.96938 curveto
125.70404 114.96938 125.64069 114.94313 125.59398 114.89642 curveto
125.54727 114.84972 125.52103 114.78636 125.52103 114.7203 curveto
125.52103 114.65425 125.54727 114.5909 125.59398 114.54419 curveto
125.64069 114.49748 125.70404 114.47124 125.7701 114.47124 curveto
125.83615 114.47124 125.8995 114.49748 125.94621 114.54419 curveto
125.99292 114.5909 126.01917 114.65425 126.01917 114.7203 curveto closepath fill
newpath 128.63368 116.22978 moveto
128.63368 116.29584 128.60744 116.35919 128.56073 116.4059 curveto
128.51402 116.4526 128.45067 116.47885 128.38461 116.47885 curveto
128.31856 116.47885 128.2552 116.4526 128.2085 116.4059 curveto
128.16179 116.35919 128.13554 116.29584 128.13554 116.22978 curveto
128.13554 116.16373 128.16179 116.10037 128.2085 116.05367 curveto
128.2552 116.00696 128.31856 115.98071 128.38461 115.98071 curveto
128.45067 115.98071 128.51402 116.00696 128.56073 116.05367 curveto
128.60744 116.10037 128.63368 116.16373 128.63368 116.22978 curveto closepath fill
newpath 131.24818 117.73927 moveto
131.24818 117.80533 131.22194 117.86868 131.17523 117.91539 curveto
131.12852 117.9621 131.06517 117.98834 130.99911 117.98834 curveto
130.93306 117.98834 130.8697 117.9621 130.823 117.91539 curveto
130.77629 117.86868 130.75005 117.80533 130.75005 117.73927 curveto
130.75005 117.67322 130.77629 117.60986 130.823 117.56316 curveto
130.8697 117.51645 130.93306 117.4902 130.99911 117.4902 curveto
131.06517 117.4902 131.12852 117.51645 131.17523 117.56316 curveto
131.22194 117.60986 131.24818 117.67322 131.24818 117.73927 curveto closepath fill
newpath 133.8627 119.24875 moveto
133.8627 119.3148 133.83646 119.37816 133.78975 119.42487 curveto
133.74304 119.47157 133.67969 119.49782 133.61363 119.49782 curveto
133.54758 119.49782 133.48422 119.47157 133.43752 119.42487 curveto
133.39081 119.37816 133.36456 119.3148 133.36456 119.24875 curveto
133.36456 119.1827 133.39081 119.11934 133.43752 119.07263 curveto
133.48422 119.02592 133.54758 118.99968 133.61363 118.99968 curveto
133.67969 118.99968 133.74304 119.02592 133.78975 119.07263 curveto
133.83646 119.11934 133.8627 119.1827 133.8627 119.24875 curveto closepath fill
newpath 136.47723 120.75824 moveto
136.47723 120.8243 136.45099 120.88765 136.40428 120.93436 curveto
136.35757 120.98106 136.29422 121.00731 136.22816 121.00731 curveto
136.16211 121.00731 136.09875 120.98106 136.05205 120.93436 curveto
136.00534 120.88765 135.9791 120.8243 135.9791 120.75824 curveto
135.9791 120.69218 136.00534 120.62883 136.05205 120.58212 curveto
136.09875 120.53542 136.16211 120.50917 136.22816 120.50917 curveto
136.29422 120.50917 136.35757 120.53542 136.40428 120.58212 curveto
136.45099 120.62883 136.47723 120.69218 136.47723 120.75824 curveto closepath fill
newpath 139.09174 122.26772 moveto
139.09174 122.33377 139.06549 122.39713 139.01878 122.44383 curveto
138.97208 122.49054 138.90872 122.51678 138.84267 122.51678 curveto
138.77661 122.51678 138.71326 122.49054 138.66655 122.44383 curveto
138.61984 122.39713 138.5936 122.33377 138.5936 122.26772 curveto
138.5936 122.20166 138.61984 122.1383 138.66655 122.0916 curveto
138.71326 122.04489 138.77661 122.01865 138.84267 122.01865 curveto
138.90872 122.01865 138.97208 122.04489 139.01878 122.0916 curveto
139.06549 122.1383 139.09174 122.20166 139.09174 122.26772 curveto closepath fill
newpath 141.70625 123.77719 moveto
141.70625 123.84325 141.68001 123.9066 141.6333 123.95331 curveto
141.5866 124.00002 141.52324 124.02626 141.45718 124.02626 curveto
141.39113 124.02626 141.32777 124.00002 141.28107 123.95331 curveto
141.23436 123.9066 141.20811 123.84325 141.20811 123.77719 curveto
141.20811 123.71114 141.23436 123.64778 141.28107 123.60107 curveto
141.32777 123.55437 141.39113 123.52812 141.45718 123.52812 curveto
141.52324 123.52812 141.5866 123.55437 141.6333 123.60107 curveto
141.68001 123.64778 141.70625 123.71114 141.70625 123.77719 curveto closepath fill
newpath 144.3208 125.28668 moveto
144.3208 125.35274 144.29456 125.41609 144.24785 125.4628 curveto
144.20114 125.5095 144.13779 125.53575 144.07173 125.53575 curveto
144.00568 125.53575 143.94232 125.5095 143.89561 125.4628 curveto
143.8489 125.41609 143.82266 125.35274 143.82266 125.28668 curveto
143.82266 125.22063 143.8489 125.15727 143.89561 125.11057 curveto
143.94232 125.06386 144.00568 125.03761 144.07173 125.03761 curveto
144.13779 125.03761 144.20114 125.06386 144.24785 125.11057 curveto
144.29456 125.15727 144.3208 125.22063 144.3208 125.28668 curveto closepath fill
newpath 146.93532 126.79617 moveto
146.93532 126.86223 146.90907 126.92558 146.86237 126.97229 curveto
146.81566 127.019 146.7523 127.04524 146.68625 127.04524 curveto
146.6202 127.04524 146.55684 127.019 146.51013 126.97229 curveto
146.46342 126.92558 146.43718 126.86223 146.43718 126.79617 curveto
146.43718 126.73012 146.46342 126.66676 146.51013 126.62006 curveto
146.55684 126.57335 146.6202 126.5471 146.68625 126.5471 curveto
146.7523 126.5471 146.81566 126.57335 146.86237 126.62006 curveto
146.90907 126.66676 146.93532 126.73012 146.93532 126.79617 curveto closepath fill
newpath 149.54982 128.30565 moveto
149.54982 128.3717 149.52357 128.43506 149.47687 128.48177 curveto
149.43016 128.52847 149.3668 128.55472 149.30075 128.55472 curveto
149.2347 128.55472 149.17134 128.52847 149.12463 128.48177 curveto
149.07793 128.43506 149.05168 128.3717 149.05168 128.30565 curveto
149.05168 128.2396 149.07793 128.17624 149.12463 128.12953 curveto
149.17134 128.08282 149.2347 128.05658 149.30075 128.05658 curveto
149.3668 128.05658 149.43016 128.08282 149.47687 128.12953 curveto
149.52357 128.17624 149.54982 128.2396 149.54982 128.30565 curveto closepath fill
newpath 152.16435 129.81514 moveto
152.16435 129.8812 152.1381 129.94455 152.0914 129.99126 curveto
152.0447 130.03796 151.98134 130.06421 151.91528 130.06421 curveto
151.84923 130.06421 151.78587 130.03796 151.73917 129.99126 curveto
151.69246 129.94455 151.66621 129.8812 151.66621 129.81514 curveto
151.66621 129.74908 151.69246 129.68573 151.73917 129.63902 curveto
151.78587 129.59232 151.84923 129.56607 151.91528 129.56607 curveto
151.98134 129.56607 152.0447 129.59232 152.0914 129.63902 curveto
152.1381 129.68573 152.16435 129.74908 152.16435 129.81514 curveto closepath fill
newpath 154.77887 131.32462 moveto
154.77887 131.39067 154.75262 131.45403 154.70592 131.50073 curveto
154.65921 131.54744 154.59586 131.57368 154.5298 131.57368 curveto
154.46375 131.57368 154.40039 131.54744 154.35368 131.50073 curveto
154.30698 131.45403 154.28073 131.39067 154.28073 131.32462 curveto
154.28073 131.25856 154.30698 131.1952 154.35368 131.1485 curveto
154.40039 131.10179 154.46375 131.07555 154.5298 131.07555 curveto
154.59586 131.07555 154.65921 131.10179 154.70592 131.1485 curveto
154.75262 131.1952 154.77887 131.25856 154.77887 131.32462 curveto closepath fill
newpath 157.39337 132.8341 moveto
157.39337 132.90016 157.36713 132.96352 157.32042 133.01022 curveto
157.27371 133.05693 157.21036 133.08318 157.1443 133.08318 curveto
157.07825 133.08318 157.0149 133.05693 156.96819 133.01022 curveto
156.92148 132.96352 156.89523 132.90016 156.89523 132.8341 curveto
156.89523 132.76805 156.92148 132.7047 156.96819 132.65799 curveto
157.0149 132.61128 157.07825 132.58504 157.1443 132.58504 curveto
157.21036 132.58504 157.27371 132.61128 157.32042 132.65799 curveto
157.36713 132.7047 157.39337 132.76805 157.39337 132.8341 curveto closepath fill
newpath 160.00789 134.34358 moveto
160.00789 134.40964 159.98164 134.47299 159.93494 134.5197 curveto
159.88823 134.5664 159.82487 134.59265 159.75882 134.59265 curveto
159.69276 134.59265 159.62941 134.5664 159.5827 134.5197 curveto
159.536 134.47299 159.50975 134.40964 159.50975 134.34358 curveto
159.50975 134.27753 159.536 134.21417 159.5827 134.16747 curveto
159.62941 134.12076 159.69276 134.09451 159.75882 134.09451 curveto
159.82487 134.09451 159.88823 134.12076 159.93494 134.16747 curveto
159.98164 134.21417 160.00789 134.27753 160.00789 134.34358 curveto closepath fill
newpath 162.62242 135.85307 moveto
162.62242 135.91913 162.59618 135.98248 162.54947 136.02919 curveto
162.50276 136.0759 162.4394 136.10214 162.37335 136.10214 curveto
162.3073 136.10214 162.24394 136.0759 162.19724 136.02919 curveto
162.15053 135.98248 162.12428 135.91913 162.12428 135.85307 curveto
162.12428 135.78702 162.15053 135.72366 162.19724 135.67696 curveto
162.24394 135.63025 162.3073 135.604 162.37335 135.604 curveto
162.4394 135.604 162.50276 135.63025 162.54947 135.67696 curveto
162.59618 135.72366 162.62242 135.78702 162.62242 135.85307 curveto closepath fill
newpath 165.23692 137.36255 moveto
165.23692 137.4286 165.21068 137.49196 165.16397 137.53867 curveto
165.11726 137.58537 165.05391 137.61162 164.98785 137.61162 curveto
164.9218 137.61162 164.85844 137.58537 164.81174 137.53867 curveto
164.76503 137.49196 164.73878 137.4286 164.73878 137.36255 curveto
164.73878 137.2965 164.76503 137.23314 164.81174 137.18643 curveto
164.85844 137.13972 164.9218 137.11348 164.98785 137.11348 curveto
165.05391 137.11348 165.11726 137.13972 165.16397 137.18643 curveto
165.21068 137.23314 165.23692 137.2965 165.23692 137.36255 curveto closepath fill
newpath 167.85146 138.87204 moveto
167.85146 138.9381 167.82521 139.00145 167.7785 139.04816 curveto
167.7318 139.09486 167.66844 139.12111 167.60239 139.12111 curveto
167.53633 139.12111 167.47298 139.09486 167.42627 139.04816 curveto
167.37956 139.00145 167.35332 138.9381 167.35332 138.87204 curveto
167.35332 138.80598 167.37956 138.74263 167.42627 138.69592 curveto
167.47298 138.64922 167.53633 138.62297 167.60239 138.62297 curveto
167.66844 138.62297 167.7318 138.64922 167.7785 138.69592 curveto
167.82521 138.74263 167.85146 138.80598 167.85146 138.87204 curveto closepath fill
newpath 170.46599 140.38153 moveto
170.46599 140.44759 170.43974 140.51094 170.39304 140.55765 curveto
170.34633 140.60435 170.28297 140.6306 170.21692 140.6306 curveto
170.15086 140.6306 170.08751 140.60435 170.0408 140.55765 curveto
169.9941 140.51094 169.96785 140.44759 169.96785 140.38153 curveto
169.96785 140.31548 169.9941 140.25212 170.0408 140.20541 curveto
170.08751 140.1587 170.15086 140.13246 170.21692 140.13246 curveto
170.28297 140.13246 170.34633 140.1587 170.39304 140.20541 curveto
170.43974 140.25212 170.46599 140.31548 170.46599 140.38153 curveto closepath fill
newpath 173.07918 141.89026 moveto
173.07918 141.95631 173.05293 142.01967 173.00623 142.06638 curveto
172.95952 142.11308 172.89616 142.13933 172.83011 142.13933 curveto
172.76405 142.13933 172.7007 142.11308 172.65399 142.06638 curveto
172.60728 142.01967 172.58104 141.95631 172.58104 141.89026 curveto
172.58104 141.8242 172.60728 141.76085 172.65399 141.71414 curveto
172.7007 141.66743 172.76405 141.64119 172.83011 141.64119 curveto
172.89616 141.64119 172.95952 141.66743 173.00623 141.71414 curveto
173.05293 141.76085 173.07918 141.8242 173.07918 141.89026 curveto closepath fill
newpath 175.69371 143.39975 moveto
175.69371 143.4658 175.66747 143.52916 175.62076 143.57587 curveto
175.57405 143.62257 175.5107 143.64882 175.44464 143.64882 curveto
175.37859 143.64882 175.31523 143.62257 175.26852 143.57587 curveto
175.22182 143.52916 175.19557 143.4658 175.19557 143.39975 curveto
175.19557 143.3337 175.22182 143.27034 175.26852 143.22363 curveto
175.31523 143.17693 175.37859 143.15068 175.44464 143.15068 curveto
175.5107 143.15068 175.57405 143.17693 175.62076 143.22363 curveto
175.66747 143.27034 175.69371 143.3337 175.69371 143.39975 curveto closepath fill
newpath 178.30823 144.90924 moveto
178.30823 144.9753 178.28198 145.03865 178.23528 145.08536 curveto
178.18857 145.13206 178.12521 145.15831 178.05916 145.15831 curveto
177.9931 145.15831 177.92975 145.13206 177.88304 145.08536 curveto
177.83633 145.03865 177.81009 144.9753 177.81009 144.90924 curveto
177.81009 144.84319 177.83633 144.77983 177.88304 144.73312 curveto
177.92975 144.68642 177.9931 144.66017 178.05916 144.66017 curveto
178.12521 144.66017 178.18857 144.68642 178.23528 144.73312 curveto
178.28198 144.77983 178.30823 144.84319 178.30823 144.90924 curveto closepath fill
newpath 180.92276 146.41872 moveto
180.92276 146.48477 180.89651 146.54813 180.84981 146.59483 curveto
180.8031 146.64154 180.73975 146.66779 180.67369 146.66779 curveto
180.60764 146.66779 180.54428 146.64154 180.49757 146.59483 curveto
180.45087 146.54813 180.42462 146.48477 180.42462 146.41872 curveto
180.42462 146.35266 180.45087 146.2893 180.49757 146.2426 curveto
180.54428 146.19589 180.60764 146.16965 180.67369 146.16965 curveto
180.73975 146.16965 180.8031 146.19589 180.84981 146.2426 curveto
180.89651 146.2893 180.92276 146.35266 180.92276 146.41872 curveto closepath fill
newpath 183.53731 147.92824 moveto
183.53731 147.9943 183.51106 148.05765 183.46436 148.10435 curveto
183.41765 148.15106 183.3543 148.1773 183.28824 148.1773 curveto
183.22218 148.1773 183.15883 148.15106 183.11212 148.10435 curveto
183.06541 148.05765 183.03917 147.9943 183.03917 147.92824 curveto
183.03917 147.86218 183.06541 147.79883 183.11212 147.75212 curveto
183.15883 147.70541 183.22218 147.67917 183.28824 147.67917 curveto
183.3543 147.67917 183.41765 147.70541 183.46436 147.75212 curveto
183.51106 147.79883 183.53731 147.86218 183.53731 147.92824 curveto closepath fill
newpath 186.15182 149.43771 moveto
186.15182 149.50377 186.12558 149.56712 186.07887 149.61383 curveto
186.03217 149.66054 185.96881 149.68678 185.90276 149.68678 curveto
185.8367 149.68678 185.77335 149.66054 185.72664 149.61383 curveto
185.67993 149.56712 185.65369 149.50377 185.65369 149.43771 curveto
185.65369 149.37166 185.67993 149.3083 185.72664 149.2616 curveto
185.77335 149.21489 185.8367 149.18864 185.90276 149.18864 curveto
185.96881 149.18864 186.03217 149.21489 186.07887 149.2616 curveto
186.12558 149.3083 186.15182 149.37166 186.15182 149.43771 curveto closepath fill
 0 0.49814 dtransform truncate idtransform setlinewidth pop
newpath 118.37569 107.00023 moveto
115.38702 112.17673 lineto stroke
newpath 135.6312 116.96254 moveto
132.64253 122.13904 lineto stroke
newpath 152.88638 126.92485 moveto
149.89772 132.10135 lineto stroke
newpath 170.14159 136.88716 moveto
167.15323 142.06366 lineto stroke
newpath 99.62616 101.12056 moveto
99.2298 101.12056 98.84973 100.96307 98.56949 100.68283 curveto
98.28925 100.40259 98.13176 100.02252 98.13176 99.62616 curveto
98.13176 99.2298 98.28925 98.84973 98.56949 98.56949 curveto
98.84973 98.28925 99.2298 98.13176 99.62616 98.13176 curveto
100.02252 98.13176 100.40259 98.28925 100.68283 98.56949 curveto
100.96307 98.84973 101.12056 99.2298 101.12056 99.62616 curveto
101.12056 100.02252 100.96307 100.40259 100.68283 100.68283 curveto
100.40259 100.96307 100.02252 101.12056 99.62616 101.12056 curveto closepath fill
newpath 168.5676 140.97102 moveto
168.17123 140.97102 167.79117 140.81354 167.51093 140.5333 curveto
167.23068 140.25305 167.0732 139.87299 167.0732 139.47662 curveto
167.0732 139.08026 167.23068 138.7002 167.51093 138.41995 curveto
167.79117 138.13971 168.17123 137.98222 168.5676 137.98222 curveto
168.96396 137.98222 169.34402 138.13971 169.62427 138.41995 curveto
169.90451 138.7002 170.062 139.08026 170.062 139.47662 curveto
170.062 139.87299 169.90451 140.25305 169.62427 140.5333 curveto
169.34402 140.81354 168.96396 140.97102 168.5676 140.97102 curveto closepath fill
newpath 84.73909 98.32367 moveto
84.7768 97.89073 84.83365 97.45961 84.90904 97.03152 curveto
84.98445 96.60313 85.079 96.1784 85.1915 95.75822 curveto
85.30399 95.33835 85.43472 94.92365 85.58339 94.51503 curveto
85.73207 94.1064 85.89868 93.70447 86.08263 93.31013 curveto
86.26625 92.91641 86.46692 92.5306 86.68431 92.15419 curveto
86.90169 91.7778 87.1352 91.41083 87.38449 91.05481 curveto
87.63411 90.69847 87.89893 90.3534 88.17863 90.02017 curveto
88.45804 89.68726 88.75174 89.3668 89.05913 89.05943 curveto
89.3665 88.75204 89.68726 88.45775 90.02048 88.17833 curveto
90.3534 87.89893 90.69847 87.63411 91.0545 87.3848 curveto
91.41052 87.1355 91.7775 86.902 92.1539 86.68462 curveto
92.5306 86.46722 92.91641 86.26625 93.31075 86.08232 curveto
93.70477 85.89868 94.1067 85.73238 94.51503 85.5837 curveto
94.92365 85.43503 95.33865 85.30399 95.75853 85.1915 curveto
96.1784 85.079 96.60313 84.98476 97.03122 84.90935 curveto
97.4593 84.83395 97.89043 84.7768 98.32336 84.73909 curveto
98.75662 84.70108 99.19139 84.68224 99.62646 84.68224 curveto
100.06093 84.68224 100.49539 84.70108 100.92834 84.73909 curveto
101.36159 84.7771 101.79332 84.83395 102.22171 84.90935 curveto
102.64978 84.98476 103.07422 85.079 103.4941 85.1915 curveto
103.91397 85.30399 104.32867 85.43472 104.73698 85.58339 curveto
105.14561 85.73207 105.54755 85.89868 105.94188 86.08263 curveto
106.3356 86.26625 106.72142 86.46692 107.09782 86.68431 curveto
107.47452 86.90169 107.84149 87.1355 108.19781 87.3851 curveto
108.55414 87.63441 108.89893 87.89923 109.23215 88.17863 curveto
109.56506 88.45775 109.88582 88.75174 110.19289 89.05882 curveto
110.50027 89.3662 110.79457 89.68726 111.07399 90.02048 curveto
111.3534 90.3534 111.61821 90.69847 111.86752 91.0545 curveto
112.11713 91.41083 112.35094 91.7778 112.56831 92.1545 curveto
112.7857 92.5309 112.98636 92.91672 113.17 93.31044 curveto
113.35364 93.70447 113.51994 94.1064 113.66862 94.51472 curveto
113.81729 94.92336 113.94803 95.33835 114.06082 95.75853 curveto
114.17332 96.1784 114.26756 96.60283 114.34297 97.03091 curveto
114.41837 97.4593 114.47522 97.89073 114.51323 98.32397 curveto
114.55124 98.75693 114.57008 99.19139 114.57008 99.62616 curveto
114.57008 100.06093 114.55124 100.49539 114.51323 100.92834 curveto
114.47522 101.36159 114.41837 101.79301 114.34297 102.2214 curveto
114.26756 102.64949 114.17332 103.07391 114.06082 103.49379 curveto
113.94803 103.91397 113.81729 104.32896 113.66862 104.7376 curveto
113.51994 105.14592 113.35364 105.54785 113.17 105.94188 curveto stroke
newpath 113.07802 102.60156 moveto
113.63266 103.63847 113.66675 104.876 113.17 105.94188 curveto
113.66675 104.876 114.63632 104.10622 115.78706 103.8641 curveto stroke
 0 1.05 dtransform truncate idtransform setlinewidth pop
newpath 99.62616 99.62616 moveto
168.5676 139.47662 lineto stroke
newpath 165.23213 139.27472 moveto
166.31378 138.81334 167.54951 138.88814 168.5676 139.47662 curveto
167.54951 138.88814 166.86792 137.85466 166.72786 136.6871 curveto stroke
showpage
%%EOF
