%!PS
%%BoundingBox: -1 -1 136 136 
%%HiResBoundingBox: -0.24907 -0.24907 135.74065 135.74065 
%%Creator: MetaPost 2.000
%%CreationDate: 2017.07.04:1542
%%Pages: 1
%%BeginProlog
%%EndProlog
%%Page: 1 1
 0 0 0 setrgbcolor 0 0.49814 dtransform truncate idtransform setlinewidth pop [] 0 setdash 1 setlinecap
 1 setlinejoin 10 setmiterlimit
newpath 0 67.74579 moveto
135.49158 67.74579 lineto stroke
newpath 130.51027 70.23645 moveto
131.6862 68.66853 133.5317 67.74579 135.49158 67.74579 curveto
133.5317 67.74579 131.6862 66.82304 130.51027 65.25513 curveto stroke
 0.49814 0 dtransform exch truncate exch idtransform pop setlinewidth
newpath 67.74579 0 moveto
67.74579 135.49158 lineto stroke
 0 0.49814 dtransform truncate idtransform setlinewidth pop
newpath 65.25513 130.51027 moveto
66.82304 131.6862 67.74579 133.5317 67.74579 135.49158 curveto
67.74579 133.5317 68.66853 131.6862 70.23645 130.51027 curveto stroke
 0.49814 0 dtransform exch truncate exch idtransform pop setlinewidth
newpath 16.93645 65.75327 moveto
16.93645 69.73831 lineto stroke
newpath 33.8729 65.75327 moveto
33.8729 69.73831 lineto stroke
newpath 50.80934 65.75327 moveto
50.80934 69.73831 lineto stroke
newpath 84.68224 65.75327 moveto
84.68224 69.73831 lineto stroke
newpath 101.61868 65.75327 moveto
101.61868 69.73831 lineto stroke
newpath 118.55513 65.75327 moveto
118.55513 69.73831 lineto stroke
 0 0.49814 dtransform truncate idtransform setlinewidth pop
newpath 69.73831 16.93645 moveto
65.75327 16.93645 lineto stroke
newpath 69.73831 33.8729 moveto
65.75327 33.8729 lineto stroke
newpath 69.73831 50.80934 moveto
65.75327 50.80934 lineto stroke
newpath 69.73831 84.68224 moveto
65.75327 84.68224 lineto stroke
newpath 69.73831 101.61868 moveto
65.75327 101.61868 lineto stroke
newpath 69.73831 118.55513 moveto
65.75327 118.55513 lineto stroke
 0 1.24533 dtransform truncate idtransform setlinewidth pop
newpath 101.61868 67.74579 moveto
101.61868 68.73093 101.55434 69.71477 101.42589 70.69138 curveto
101.29771 71.66617 101.10544 72.63165 100.85115 73.58139 curveto
100.59737 74.5288 100.28157 75.45836 99.90633 76.36443 curveto
99.53394 77.26427 99.1021 78.13828 98.61548 78.9818 curveto
98.13246 79.81885 97.59494 80.62308 97.007 81.3901 curveto
96.42476 82.14963 95.79265 82.86987 95.11633 83.54695 curveto
94.447 84.2168 93.73347 84.84117 92.98248 85.41824 curveto
92.2426 85.98679 91.46576 86.50546 90.65816 86.97244 curveto
89.86324 87.43219 89.03807 87.83792 88.1899 88.1899 curveto
87.35698 88.53568 86.50185 88.82538 85.63094 89.05952 curveto
84.77734 89.289 83.90927 89.46034 83.0332 89.57637 curveto
82.17598 89.69008 81.31206 89.74591 80.4471 89.74693 curveto
79.60461 89.74797 78.76343 89.69138 77.92818 89.58232 curveto
77.11568 89.47636 76.31169 89.31485 75.51987 89.10397 curveto
74.75208 88.89929 73.99927 88.64267 73.26456 88.33954 curveto
72.55336 88.04622 71.86334 87.70406 71.19633 87.32054 curveto
70.55414 86.95125 69.93831 86.53777 69.34987 86.08783 curveto
68.78442 85.65549 68.24998 85.18437 67.74579 84.68224 curveto
67.26305 84.2013 66.8144 83.68755 66.39859 83.14793 curveto
66.0019 82.6334 65.64217 82.09148 65.31604 81.52965 curveto
65.00592 80.99548 64.73431 80.44011 64.49655 79.87027 curveto
64.27223 79.33249 64.08669 78.77971 63.93446 78.21736 curveto
63.79129 77.68887 63.68637 77.15108 63.61324 76.60863 curveto
63.54501 76.10211 63.51349 75.5912 63.51167 75.08002 curveto
63.51013 74.60555 63.5432 74.13185 63.60342 73.66124 curveto
63.65872 73.2289 63.74608 72.80145 63.8572 72.37994 curveto
63.95824 71.99619 64.08798 71.62068 64.23813 71.25345 curveto
64.37328 70.92293 64.53325 70.60324 64.71027 70.29288 curveto
64.86714 70.0179 65.0452 69.75534 65.23643 69.50311 curveto
65.40312 69.28293 65.58713 69.0767 65.78094 68.88004 curveto
65.94531 68.71335 66.12311 68.56062 66.30763 68.41641 curveto
66.45906 68.29805 66.62033 68.19313 66.78572 68.09518 curveto
66.91467 68.01869 67.05035 67.9546 67.1881 67.89516 curveto
67.28682 67.85252 67.38942 67.82048 67.49252 67.7905 curveto
67.55455 67.7724 67.61812 67.76259 67.6817 67.75148 curveto
67.70496 67.74734 67.74579 67.77861 67.74579 67.74579 curveto
67.74579 67.71297 67.70496 67.74423 67.6817 67.7401 curveto
67.61812 67.72899 67.55455 67.71918 67.49252 67.70108 curveto
67.38942 67.6711 67.28682 67.63905 67.1881 67.59642 curveto
67.05035 67.53697 66.91467 67.47289 66.78572 67.3964 curveto
66.62033 67.29845 66.45906 67.19353 66.30763 67.07516 curveto
66.12311 66.93095 65.94531 66.77823 65.78094 66.61154 curveto
65.58713 66.41487 65.40312 66.20865 65.23643 65.98846 curveto
65.0452 65.73624 64.86714 65.47368 64.71027 65.1987 curveto
64.53325 64.88834 64.37328 64.56865 64.23813 64.23813 curveto
64.08798 63.8709 63.95824 63.49539 63.8572 63.11163 curveto
63.74608 62.69012 63.65872 62.26268 63.60342 61.83034 curveto
63.5432 61.35973 63.51013 60.88603 63.51167 60.41156 curveto
63.51349 59.90038 63.54501 59.38947 63.61324 58.88295 curveto
63.68637 58.3405 63.79129 57.8027 63.93446 57.27422 curveto
64.08669 56.71187 64.27223 56.15909 64.49655 55.6213 curveto
64.73431 55.05147 65.00592 54.4961 65.31604 53.96193 curveto
65.64217 53.4001 66.0019 52.85817 66.39859 52.34364 curveto
66.8144 51.80403 67.26305 51.29028 67.74579 50.80934 curveto
68.24998 50.3072 68.78442 49.83609 69.34987 49.40375 curveto
69.93831 48.95381 70.55414 48.54033 71.19633 48.17104 curveto
71.86334 47.78752 72.55336 47.44536 73.26456 47.15204 curveto
73.99927 46.8489 74.75208 46.59229 75.51987 46.3876 curveto
76.31169 46.17673 77.11568 46.01521 77.92818 45.90926 curveto
78.76343 45.8002 79.60461 45.7436 80.4471 45.74464 curveto
81.31206 45.74567 82.17598 45.8015 83.0332 45.9152 curveto
83.90927 46.03123 84.77734 46.20258 85.63094 46.43205 curveto
86.50185 46.6662 87.35698 46.9559 88.1899 47.30168 curveto
89.03807 47.65366 89.86324 48.05939 90.65816 48.51913 curveto
91.46576 48.98611 92.2426 49.50479 92.98248 50.07333 curveto
93.73347 50.6504 94.447 51.27478 95.11633 51.94463 curveto
95.79265 52.6217 96.42476 53.34195 97.007 54.10147 curveto
97.59494 54.8685 98.13246 55.67273 98.61548 56.50978 curveto
99.1021 57.3533 99.53394 58.22731 99.90633 59.12715 curveto
100.28157 60.03322 100.59737 60.96278 100.85115 61.91019 curveto
101.10544 62.85992 101.29771 63.82541 101.42589 64.8002 curveto
101.55434 65.77681 101.61868 66.76065 101.61868 67.74579 curveto stroke
newpath 118.55513 67.74579 moveto
118.55539 69.22426 118.42644 70.6999 118.16982 72.15588 curveto
117.9132 73.61214 117.52968 75.04306 117.02394 76.43239 curveto
116.51741 77.82352 115.8902 79.16734 115.15005 80.44942 curveto
114.41069 81.72993 113.56071 82.94301 112.61047 84.0757 curveto
111.66023 85.2084 110.61307 86.25607 109.48064 87.20657 curveto
108.34819 88.15707 107.13486 89.0068 105.85434 89.74591 curveto
104.57228 90.4858 103.22792 91.11223 101.83679 91.61874 curveto
100.44774 92.1245 99.01707 92.50851 97.56134 92.76514 curveto
96.10509 93.02202 94.6292 93.15047 93.15047 93.15047 curveto
91.67198 93.15047 90.19635 93.02176 88.74036 92.76514 curveto
87.2841 92.50826 85.85292 92.1245 84.46335 91.61874 curveto
83.07248 91.11249 81.72838 90.4858 80.44658 89.74591 curveto
79.1663 89.0068 77.95299 88.15707 76.82028 87.20657 curveto
75.68759 86.25607 74.64018 85.2084 73.68967 84.0757 curveto
72.73917 82.94301 71.88945 81.72968 71.15009 80.44942 curveto
70.40994 79.1676 69.78325 77.82352 69.27698 76.43239 curveto
68.77124 75.04306 68.38799 73.61188 68.13136 72.15588 curveto
67.87474 70.6999 67.74579 69.22426 67.74579 67.74579 curveto
67.74579 66.26732 67.87474 64.79167 68.13136 63.3357 curveto
68.38799 61.8797 68.77124 60.44852 69.27698 59.05919 curveto
69.78325 57.66806 70.40994 56.32397 71.15009 55.04216 curveto
71.88945 53.7619 72.73917 52.54857 73.68967 51.41588 curveto
74.64018 50.28317 75.68759 49.2355 76.82028 48.285 curveto
77.95299 47.3345 79.1663 46.48477 80.44658 45.74567 curveto
81.72838 45.00578 83.07248 44.37909 84.46335 43.87283 curveto
85.85292 43.36708 87.2841 42.98332 88.74036 42.72644 curveto
90.19635 42.46982 91.67198 42.34111 93.15047 42.34111 curveto
94.6292 42.34111 96.10509 42.46956 97.56134 42.72644 curveto
99.01707 42.98306 100.44774 43.36708 101.83679 43.87283 curveto
103.22792 44.37935 104.57228 45.00578 105.85434 45.74567 curveto
107.13486 46.48477 108.34819 47.3345 109.48064 48.285 curveto
110.61307 49.2355 111.66023 50.28317 112.61047 51.41588 curveto
113.56071 52.54857 114.41069 53.76164 115.15005 55.04216 curveto
115.8902 56.32423 116.51741 57.66806 117.02394 59.05919 curveto
117.52968 60.44852 117.9132 61.87944 118.16982 63.3357 curveto
118.42644 64.79167 118.55513 66.26732 118.55513 67.74579 curveto
118.55513 69.22426 118.42644 70.6999 118.16982 72.15588 curveto
117.9132 73.61214 117.52968 75.04306 117.02394 76.43239 curveto
116.51741 77.82352 115.8902 79.16734 115.15005 80.44942 curveto
114.41069 81.72993 113.56071 82.94301 112.61047 84.0757 curveto
111.66023 85.2084 110.61307 86.25607 109.48064 87.20657 curveto
108.34819 88.15707 107.13486 89.0068 105.85434 89.74591 curveto
104.57228 90.4858 103.22792 91.11223 101.83679 91.61874 curveto
100.44774 92.1245 99.01707 92.50851 97.56134 92.76514 curveto
96.10509 93.02202 94.6292 93.15047 93.15047 93.15047 curveto
91.67198 93.15047 90.19635 93.02176 88.74036 92.76514 curveto
87.2841 92.50826 85.85292 92.1245 84.46335 91.61874 curveto
83.07248 91.11249 81.72838 90.4858 80.44658 89.74591 curveto
79.1663 89.0068 77.95299 88.15707 76.82028 87.20657 curveto
75.68759 86.25607 74.64018 85.2084 73.68967 84.0757 curveto
72.73917 82.94301 71.88945 81.72968 71.15009 80.44942 curveto
70.40994 79.1676 69.78325 77.82352 69.27698 76.43239 curveto
68.77124 75.04306 68.38799 73.61188 68.13136 72.15588 curveto
67.87474 70.6999 67.74579 69.22426 67.74579 67.74579 curveto
67.74579 66.26732 67.87474 64.79167 68.13136 63.3357 curveto
68.38799 61.8797 68.77124 60.44852 69.27698 59.05919 curveto
69.78325 57.66806 70.40994 56.32397 71.15009 55.04216 curveto
71.88945 53.7619 72.73917 52.54857 73.68967 51.41588 curveto
74.64018 50.28317 75.68759 49.2355 76.82028 48.285 curveto
77.95299 47.3345 79.1663 46.48477 80.44658 45.74567 curveto
81.72838 45.00578 83.07248 44.37909 84.46335 43.87283 curveto
85.85292 43.36708 87.2841 42.98332 88.74036 42.72644 curveto
90.19635 42.46982 91.67198 42.34111 93.15047 42.34111 curveto
94.6292 42.34111 96.10509 42.46956 97.56134 42.72644 curveto
99.01707 42.98306 100.44774 43.36708 101.83679 43.87283 curveto
103.22792 44.37935 104.57228 45.00578 105.85434 45.74567 curveto
107.13486 46.48477 108.34819 47.3345 109.48064 48.285 curveto
110.61307 49.2355 111.66023 50.28317 112.61047 51.41588 curveto
113.56071 52.54857 114.41069 53.76164 115.15005 55.04216 curveto
115.8902 56.32423 116.51741 57.66806 117.02394 59.05919 curveto
117.52968 60.44852 117.9132 61.87944 118.16982 63.3357 curveto
118.42644 64.79167 118.55539 66.26732 118.55513 67.74579 curveto stroke
showpage
%%EOF
