%!PS
%%BoundingBox: -1 -1 120 120 
%%HiResBoundingBox: -0.24907 -0.24907 119.80046 119.80046 
%%Creator: MetaPost 2.000
%%CreationDate: 2017.07.04:1542
%%Pages: 1
%%BeginProlog
%%EndProlog
%%Page: 1 1
 0 0 0 setrgbcolor 0 0.49814 dtransform truncate idtransform setlinewidth pop [] 0 setdash 1 setlinecap
 1 setlinejoin 10 setmiterlimit
newpath 0 14.94392 moveto
119.55139 14.94392 lineto stroke
newpath 114.57008 17.43459 moveto
115.74602 15.86667 117.5915 14.94392 119.55139 14.94392 curveto
117.5915 14.94392 115.74602 14.02118 114.57008 12.45326 curveto stroke
 0.49814 0 dtransform exch truncate exch idtransform pop setlinewidth
newpath 14.94392 0 moveto
14.94392 119.55139 lineto stroke
 0 0.49814 dtransform truncate idtransform setlinewidth pop
newpath 12.45326 114.57008 moveto
14.02118 115.74602 14.94392 117.5915 14.94392 119.55139 curveto
14.94392 117.5915 15.86667 115.74602 17.43459 114.57008 curveto stroke
 0.49814 0 dtransform exch truncate exch idtransform pop setlinewidth
newpath 26.6809 12.9514 moveto
26.6809 16.93645 lineto stroke
newpath 38.41785 12.9514 moveto
38.41785 16.93645 lineto stroke
newpath 50.15482 12.9514 moveto
50.15482 16.93645 lineto stroke
newpath 61.89178 12.9514 moveto
61.89178 16.93645 lineto stroke
newpath 73.62874 12.9514 moveto
73.62874 16.93645 lineto stroke
newpath 85.3657 12.9514 moveto
85.3657 16.93645 lineto stroke
newpath 97.10268 12.9514 moveto
97.10268 16.93645 lineto stroke
newpath 108.83963 12.9514 moveto
108.83963 16.93645 lineto stroke
 0 0.49814 dtransform truncate idtransform setlinewidth pop
newpath 16.93645 44.83177 moveto
12.9514 44.83177 lineto stroke
newpath 16.93645 74.71962 moveto
12.9514 74.71962 lineto stroke
newpath 16.93645 104.60747 moveto
12.9514 104.60747 lineto stroke
newpath 14.94392 74.71962 moveto
15.43828 73.72748 15.9347 72.73625 16.43317 71.74615 curveto
16.9282 70.76268 17.42302 69.7792 17.924 68.79869 curveto
18.4163 67.83505 18.91089 66.87233 19.41324 65.91371 curveto
19.90372 64.97789 20.39809 64.04411 20.90248 63.11583 curveto
21.39091 62.21718 21.88504 61.32149 22.39171 60.43286 curveto
22.87856 59.57913 23.37314 58.72997 23.88255 57.88947 curveto
24.36665 57.09045 24.86055 56.2976 25.3718 55.51572 curveto
25.85384 54.77827 26.34775 54.04858 26.86102 53.33258 curveto
27.34102 52.66333 27.8347 52.00388 28.35027 51.36153 curveto
28.82866 50.76547 29.3228 50.18217 29.8411 49.62032 curveto
30.31744 49.10384 30.81113 48.60378 31.33034 48.1304 curveto
31.80577 47.69691 32.30014 47.2842 32.81958 46.90453 curveto
33.29547 46.5568 33.79051 46.2355 34.30882 45.95457 curveto
34.78813 45.69485 35.28477 45.46841 35.79965 45.2892 curveto
36.28398 45.12068 36.78177 44.99344 37.2889 44.91705 curveto
37.78166 44.84294 38.28035 44.8165 38.77814 44.84044 curveto
39.28047 44.86461 39.77917 44.93985 40.26736 45.06026 curveto
40.77884 45.18636 41.27661 45.36194 41.75821 45.57513 curveto
42.27492 45.80385 42.77042 46.07657 43.24745 46.37915 curveto
43.76643 46.70842 44.26125 47.0744 44.73668 47.46411 curveto
45.25636 47.88983 45.75026 48.34566 46.22615 48.81995 curveto
46.74513 49.33711 47.23927 49.87822 47.71677 50.43391 curveto
48.23346 51.03522 48.72714 51.65546 49.206 52.28732 curveto
49.72066 52.96616 50.21432 53.66049 50.69524 54.36372 curveto
51.20761 55.1128 51.70152 55.87439 52.18471 56.64261 curveto
52.69502 57.45439 53.18962 58.27574 53.67531 59.10257 curveto
54.18312 59.96701 54.67726 60.8392 55.16455 61.71529 curveto
55.67032 62.62419 56.16444 63.53972 56.65402 64.45753 curveto
57.1575 65.40155 57.65186 66.3506 58.14325 67.30101 curveto
58.64514 68.27173 59.13995 69.2463 59.63387 70.22112 curveto
60.13324 71.20688 60.6276 72.19537 61.12311 73.18318 curveto
61.62065 74.1751 62.11525 75.16861 62.61256 76.16075 curveto
63.10808 77.14879 63.60243 78.1375 64.1018 79.12372 curveto
64.59572 80.09921 65.09053 81.07425 65.59242 82.04564 curveto
66.08382 82.9972 66.57817 83.94716 67.08165 84.89232 curveto
67.57123 85.8115 68.06558 86.72794 68.57112 87.63821 curveto
69.05841 88.51566 69.55278 89.38968 70.06036 90.2555 curveto
70.54605 91.08392 71.04065 91.90732 71.55096 92.72092 curveto
72.03415 93.4912 72.52806 94.25462 73.04044 95.00574 curveto
73.52135 95.71103 74.01524 96.40742 74.52968 97.08853 curveto
75.00853 97.72267 75.50221 98.34564 76.0189 98.94968 curveto
76.4964 99.50789 76.99054 100.05173 77.50952 100.57185 curveto
77.98541 101.04866 78.47931 101.50722 78.999 101.93591 curveto
79.47443 102.32813 79.96901 102.69707 80.48822 103.02953 curveto
80.96526 103.33485 81.46075 103.61076 81.97746 103.84267 curveto
82.45906 104.05884 82.9566 104.23761 83.4683 104.36713 curveto
83.9565 104.4905 84.45474 104.56915 84.95753 104.59653 curveto
85.45486 104.62366 85.95378 104.60063 86.44678 104.52948 curveto
86.95367 104.45628 87.45146 104.33224 87.93602 104.16646 curveto
88.45044 103.99043 88.94754 103.76743 89.42685 103.51067 curveto
89.94516 103.23293 90.43997 102.91437 90.91609 102.56937 curveto
91.43553 102.1929 91.9299 101.78291 92.40533 101.35217 curveto
92.92455 100.88174 93.41823 100.3842 93.89458 99.87045 curveto
94.41287 99.31133 94.90701 98.73055 95.3854 98.137 curveto
95.90097 97.49716 96.39488 96.84021 96.87465 96.17323 curveto
97.38815 95.45952 97.88184 94.73189 98.36388 93.99649 curveto
98.87512 93.21642 99.36902 92.4254 99.85312 91.62822 curveto
100.36253 90.78954 100.85712 89.94197 101.34396 89.08983 curveto
101.85063 88.2028 102.34476 87.30849 102.83319 86.41098 curveto
103.33781 85.48383 103.83218 84.55142 104.32243 83.61674 curveto
104.82501 82.65881 105.31937 81.69676 105.81168 80.73358 curveto
106.31265 79.75375 106.8077 78.77097 107.3025 77.78793 curveto
107.80098 76.79785 108.2974 75.80685 108.79175 74.81494 curveto stroke
 0.49814 0 dtransform exch truncate exch idtransform pop setlinewidth
newpath 85.32991 14.94392 moveto
85.32991 103.11299 lineto stroke
 0 0.49814 dtransform truncate idtransform setlinewidth pop
newpath 83.83551 100.1242 moveto
84.77626 100.82976 85.32991 101.93706 85.32991 103.11299 curveto
85.32991 101.93706 85.88356 100.82976 86.82431 100.1242 curveto stroke
 0.49814 0 dtransform exch truncate exch idtransform pop setlinewidth
newpath 91.15802 14.94392 moveto
91.15802 100.87149 lineto stroke
 0 0.49814 dtransform truncate idtransform setlinewidth pop
newpath 89.66362 97.8827 moveto
90.60437 98.58826 91.15802 99.69556 91.15802 100.87149 curveto
91.15802 99.69556 91.71167 98.58826 92.65242 97.8827 curveto stroke
 0.49814 0 dtransform exch truncate exch idtransform pop setlinewidth
newpath 103.11299 14.94392 moveto
103.11299 84.58266 lineto stroke
 0 0.49814 dtransform truncate idtransform setlinewidth pop
newpath 101.61859 81.59387 moveto
102.55934 82.29942 103.11299 83.40672 103.11299 84.58266 curveto
103.11299 83.40672 103.66664 82.29942 104.60739 81.59387 curveto stroke
 0.49814 0 dtransform exch truncate exch idtransform pop setlinewidth
newpath 108.79175 14.94392 moveto
108.79175 73.22514 lineto stroke
 0 0.49814 dtransform truncate idtransform setlinewidth pop
newpath 107.29735 70.23636 moveto
108.2381 70.94191 108.79175 72.04921 108.79175 73.22514 curveto
108.79175 72.04921 109.3454 70.94191 110.28615 70.23636 curveto stroke
newpath 14.94392 75.71588 moveto
14.67969 75.71588 14.4263 75.6109 14.23947 75.42407 curveto
14.05264 75.23724 13.94766 74.98386 13.94766 74.71962 curveto
13.94766 74.45538 14.05264 74.202 14.23947 74.01517 curveto
14.4263 73.82834 14.67969 73.72336 14.94392 73.72336 curveto
15.20816 73.72336 15.46155 73.82834 15.64838 74.01517 curveto
15.8352 74.202 15.94019 74.45538 15.94019 74.71962 curveto
15.94019 74.98386 15.8352 75.23724 15.64838 75.42407 curveto
15.46155 75.6109 15.20816 75.71588 14.94392 75.71588 curveto closepath fill
newpath 38.40599 45.82803 moveto
38.14175 45.82803 37.88837 45.72305 37.70154 45.53622 curveto
37.51471 45.3494 37.40973 45.09601 37.40973 44.83177 curveto
37.40973 44.56754 37.51471 44.31415 37.70154 44.12732 curveto
37.88837 43.94049 38.14175 43.83551 38.40599 43.83551 curveto
38.67023 43.83551 38.92361 43.94049 39.11044 44.12732 curveto
39.29727 44.31415 39.40225 44.56754 39.40225 44.83177 curveto
39.40225 45.09601 39.29727 45.3494 39.11044 45.53622 curveto
38.92361 45.72305 38.67023 45.82803 38.40599 45.82803 curveto closepath fill
newpath 61.86784 75.71588 moveto
61.6036 75.71588 61.35022 75.6109 61.16339 75.42407 curveto
60.97656 75.23724 60.87158 74.98386 60.87158 74.71962 curveto
60.87158 74.45538 60.97656 74.202 61.16339 74.01517 curveto
61.35022 73.82834 61.6036 73.72336 61.86784 73.72336 curveto
62.13208 73.72336 62.38547 73.82834 62.5723 74.01517 curveto
62.75912 74.202 62.8641 74.45538 62.8641 74.71962 curveto
62.8641 74.98386 62.75912 75.23724 62.5723 75.42407 curveto
62.38547 75.6109 62.13208 75.71588 61.86784 75.71588 curveto closepath fill
newpath 85.32991 105.60373 moveto
85.06567 105.60373 84.81229 105.49875 84.62546 105.31192 curveto
84.43863 105.12509 84.33365 104.8717 84.33365 104.60747 curveto
84.33365 104.34323 84.43863 104.08984 84.62546 103.90302 curveto
84.81229 103.71619 85.06567 103.6112 85.32991 103.6112 curveto
85.59415 103.6112 85.84753 103.71619 86.03436 103.90302 curveto
86.22119 104.08984 86.32617 104.34323 86.32617 104.60747 curveto
86.32617 104.8717 86.22119 105.12509 86.03436 105.31192 curveto
85.84753 105.49875 85.59415 105.60373 85.32991 105.60373 curveto closepath fill
newpath 108.79175 75.71588 moveto
108.52751 75.71588 108.27412 75.6109 108.0873 75.42407 curveto
107.90047 75.23724 107.79549 74.98386 107.79549 74.71962 curveto
107.79549 74.45538 107.90047 74.202 108.0873 74.01517 curveto
108.27412 73.82834 108.52751 73.72336 108.79175 73.72336 curveto
109.05598 73.72336 109.30937 73.82834 109.4962 74.01517 curveto
109.68303 74.202 109.78801 74.45538 109.78801 74.71962 curveto
109.78801 74.98386 109.68303 75.23724 109.4962 75.42407 curveto
109.30937 75.6109 109.05598 75.71588 108.79175 75.71588 curveto closepath fill
 0 1.025 dtransform truncate idtransform setlinewidth pop
newpath 85.32991 104.60747 moveto
85.85185 104.60861 86.37267 104.55684 86.88414 104.45332 curveto
87.41635 104.34569 87.93556 104.1831 88.43813 103.97812 curveto
88.97742 103.7583 89.4948 103.489 89.99236 103.1864 curveto
90.53506 102.85623 91.05109 102.48477 91.54636 102.08733 curveto
92.08974 101.65134 92.60532 101.18182 93.10081 100.69226 curveto
93.64305 100.15663 94.15794 99.59409 94.65503 99.01627 curveto
95.195 98.38828 95.71011 97.73955 96.20903 97.0785 curveto
96.74672 96.36615 97.26183 95.63692 97.76326 94.89857 curveto
98.29822 94.1105 98.81355 93.30945 99.31726 92.5011 curveto
99.8497 91.64668 100.36801 90.78316 100.87149 89.91118 curveto stroke
newpath 100.67119 93.24673 moveto
100.20926 92.16533 100.2835 90.92955 100.87149 89.91118 curveto
100.2835 90.92955 99.25034 91.61165 98.08284 91.75226 curveto stroke
newpath 100.87149 89.91118 moveto
101.40918 88.98038 101.93729 88.0441 102.45558 87.10236 curveto
102.99327 86.12526 103.51888 85.14156 104.03946 84.15535 curveto
104.57486 83.14108 105.10046 82.12181 105.62378 81.10117 curveto
106.15645 80.06204 106.68228 79.01952 107.20766 77.97675 curveto
107.73827 76.92395 108.26614 75.87001 108.79175 74.81494 curveto stroke
showpage
%%EOF
