%!PS
%%BoundingBox: -1 -1 136 138 
%%HiResBoundingBox: -0.24907 -0.24907 135.44164 137.73317 
%%Creator: MetaPost 2.000
%%CreationDate: 2017.07.04:1542
%%Pages: 1
%%BeginProlog
%%EndProlog
%%Page: 1 1
 0 0 0 setrgbcolor 0 0.49814 dtransform truncate idtransform setlinewidth pop [] 0 setdash 1 setlinecap
 1 setlinejoin 10 setmiterlimit
newpath 0 68.74205 moveto
135.19257 68.74205 lineto stroke
newpath 130.21126 71.23271 moveto
131.38719 69.6648 133.23268 68.74205 135.19257 68.74205 curveto
133.23268 68.74205 131.38719 67.8193 130.21126 66.25139 curveto stroke
 0.49814 0 dtransform exch truncate exch idtransform pop setlinewidth
newpath 66.45052 0 moveto
66.45052 137.4841 lineto stroke
 0 0.49814 dtransform truncate idtransform setlinewidth pop
newpath 63.95985 132.50279 moveto
65.52777 133.67873 66.45052 135.52422 66.45052 137.4841 curveto
66.45052 135.52422 67.37326 133.67873 68.94118 132.50279 curveto stroke
 0.49814 0 dtransform exch truncate exch idtransform pop setlinewidth
newpath 20.62248 66.74953 moveto
20.62248 70.73457 lineto stroke
newpath 43.5365 66.74953 moveto
43.5365 70.73457 lineto stroke
newpath 89.36453 66.74953 moveto
89.36453 70.73457 lineto stroke
newpath 112.27855 66.74953 moveto
112.27855 70.73457 lineto stroke
 0 0.49814 dtransform truncate idtransform setlinewidth pop
newpath 68.44304 22.91402 moveto
64.458 22.91402 lineto stroke
newpath 68.44304 45.82803 moveto
64.458 45.82803 lineto stroke
newpath 68.44304 91.65607 moveto
64.458 91.65607 lineto stroke
newpath 68.44304 114.57008 moveto
64.458 114.57008 lineto stroke
 0 1.24533 dtransform truncate idtransform setlinewidth pop
newpath 66.45052 68.74205 moveto
66.47954 68.74205 66.50856 68.74484 66.53723 68.74974 curveto
66.62325 68.76477 66.70924 68.77806 66.79317 68.80254 curveto
66.93266 68.8431 67.07147 68.88644 67.20503 68.94414 curveto
67.3914 69.02457 67.57495 69.11127 67.74944 69.21477 curveto
67.9732 69.34727 68.19138 69.48923 68.39627 69.64937 curveto
68.6459 69.84447 68.88646 70.0511 69.10883 70.27663 curveto
69.37106 70.5427 69.62001 70.82172 69.84552 71.1196 curveto
70.10425 71.46085 70.34515 71.81609 70.55739 72.18811 curveto
70.79689 72.60802 71.01332 73.04053 71.19618 73.48772 curveto
71.39932 73.98456 71.57484 74.49258 71.71155 75.0118 curveto
71.8619 75.58206 71.98007 76.16037 72.0549 76.74532 curveto
72.13637 77.382 72.18112 78.0229 72.17902 78.66484 curveto
72.17657 79.35643 72.13391 80.04767 72.04161 80.73296 curveto
71.94266 81.46686 71.8007 82.19446 71.60701 82.90947 curveto
71.40108 83.67029 71.15002 84.41817 70.84654 85.14577 curveto
70.52487 85.91672 70.1574 86.6681 69.73784 87.39081 curveto
69.29659 88.15092 68.80989 88.88412 68.2732 89.58025 curveto
67.71062 90.3103 67.10364 91.00539 66.45052 91.65607 curveto
65.76837 92.33542 65.04532 92.97281 64.2803 93.55775 curveto
63.48416 94.16649 62.65097 94.7259 61.78212 95.22554 curveto
60.8797 95.74442 59.94617 96.20734 58.98395 96.60417 curveto
57.98993 97.0143 56.97142 97.3615 55.93265 97.63841 curveto
54.86134 97.92372 53.7736 98.14224 52.67435 98.2856 curveto
51.54431 98.43314 50.40623 98.50972 49.2664 98.50832 curveto
48.09616 98.50691 46.9273 98.4314 45.76755 98.27756 curveto
44.58228 98.12056 43.40784 97.88875 42.25298 97.57828 curveto
41.07468 97.2615 39.91772 96.86955 38.79083 96.40173 curveto
37.64331 95.92552 36.52692 95.37659 35.45142 94.75458 curveto
34.3588 94.12277 33.30777 93.42105 32.30676 92.65184 curveto
31.2907 91.8711 30.32535 91.02637 29.41978 90.1201 curveto
28.50478 89.20404 27.64955 88.2296 26.86182 87.202 curveto
26.06638 86.16428 25.33913 85.07619 24.68565 83.94371 curveto
24.02728 82.80247 23.44302 81.62 22.9392 80.40254 curveto
22.43152 79.17671 22.00426 77.91905 21.66092 76.63727 curveto
21.31686 75.35234 21.05673 74.0461 20.88332 72.72725 curveto
20.70955 71.40596 20.62248 70.07487 20.62248 68.74205 curveto
20.62248 67.40923 20.70955 66.07814 20.88332 64.75685 curveto
21.05673 63.438 21.31686 62.13176 21.66092 60.84683 curveto
22.00426 59.56505 22.43152 58.30739 22.9392 57.08156 curveto
23.44302 55.8641 24.02728 54.68163 24.68565 53.54039 curveto
25.33913 52.40791 26.06638 51.31982 26.86182 50.2821 curveto
27.64955 49.2545 28.50478 48.28006 29.41978 47.364 curveto
30.32535 46.45773 31.2907 45.613 32.30676 44.83226 curveto
33.30777 44.06305 34.3588 43.36133 35.45142 42.72952 curveto
36.52692 42.10751 37.64331 41.55858 38.79083 41.08237 curveto
39.91772 40.61455 41.07468 40.2226 42.25298 39.90582 curveto
43.40784 39.59535 44.58228 39.36354 45.76755 39.20654 curveto
46.9273 39.0527 48.09616 38.97719 49.2664 38.97578 curveto
50.40623 38.97438 51.54431 39.05096 52.67435 39.1985 curveto
53.7736 39.34186 54.86134 39.56038 55.93265 39.84569 curveto
56.97142 40.1226 57.98993 40.4698 58.98395 40.87993 curveto
59.94617 41.27676 60.8797 41.73969 61.78212 42.25856 curveto
62.65097 42.7582 63.48416 43.31761 64.2803 43.92635 curveto
65.04532 44.51129 65.76837 45.14868 66.45052 45.82803 curveto
67.10364 46.47871 67.71062 47.1738 68.2732 47.90385 curveto
68.80989 48.59998 69.29659 49.33318 69.73784 50.09329 curveto
70.1574 50.816 70.52487 51.56738 70.84654 52.33833 curveto
71.15002 53.06593 71.40108 53.81381 71.60701 54.57463 curveto
71.8007 55.28964 71.94266 56.01724 72.04161 56.75114 curveto
72.13391 57.43643 72.17657 58.12767 72.17902 58.81926 curveto
72.18112 59.4612 72.13637 60.1021 72.0549 60.73878 curveto
71.98007 61.32373 71.8619 61.90204 71.71155 62.4723 curveto
71.57484 62.99152 71.39932 63.49954 71.19618 63.99638 curveto
71.01332 64.44357 70.79689 64.87608 70.55739 65.29599 curveto
70.34515 65.66801 70.10425 66.02325 69.84552 66.3645 curveto
69.62001 66.66238 69.37106 66.9414 69.10883 67.20747 curveto
68.88646 67.433 68.6459 67.63963 68.39627 67.83473 curveto
68.19138 67.99487 67.9732 68.13683 67.74944 68.26933 curveto
67.57495 68.37283 67.3914 68.45953 67.20503 68.53996 curveto
67.07147 68.59766 66.93266 68.641 66.79317 68.68156 curveto
66.70924 68.70604 66.62325 68.71933 66.53723 68.73436 curveto
66.50856 68.73926 66.47954 68.74205 66.45052 68.74205 curveto stroke
newpath 89.36453 68.74205 moveto
90.04597 69.42245 90.68127 70.14725 91.26622 70.91226 curveto
91.87495 71.7084 92.43437 72.5416 92.934 73.41045 curveto
93.45288 74.31287 93.9158 75.2464 94.31264 76.20862 curveto
94.72276 77.20264 95.06996 78.22115 95.34688 79.25992 curveto
95.63219 80.33122 95.85071 81.41896 95.99406 82.51822 curveto
96.1416 83.64825 96.21819 84.78633 96.21678 85.92616 curveto
96.21538 87.0964 96.13986 88.26526 95.98602 89.42502 curveto
95.82903 90.61029 95.59721 91.78473 95.28674 92.93959 curveto
94.96997 94.11789 94.57802 95.27484 94.1102 96.40173 curveto
93.63399 97.54926 93.08505 98.66565 92.46304 99.74115 curveto
91.83124 100.83377 91.12952 101.8848 90.3603 102.8858 curveto
89.57956 103.90187 88.73483 104.86722 87.82857 105.77278 curveto
86.9125 106.68779 85.93806 107.54301 84.91046 108.33075 curveto
83.87274 109.12619 82.78465 109.85344 81.65218 110.50691 curveto
80.51094 111.16528 79.32846 111.74954 78.11101 112.25337 curveto
76.88518 112.76105 75.62752 113.18831 74.34573 113.53165 curveto
73.0608 113.8757 71.75456 114.13583 70.43571 114.30925 curveto
69.11443 114.48302 67.78334 114.57008 66.45052 114.57008 curveto
65.11769 114.57008 63.7866 114.48302 62.46532 114.30925 curveto
61.14647 114.13583 59.84023 113.8757 58.5553 113.53165 curveto
57.27351 113.18831 56.01585 112.76105 54.79002 112.25337 curveto
53.57257 111.74954 52.39009 111.16528 51.24886 110.50691 curveto
50.11638 109.85344 49.02829 109.12619 47.99057 108.33075 curveto
46.96297 107.54301 45.98853 106.68779 45.07246 105.77278 curveto
44.1662 104.86722 43.32147 103.90187 42.54073 102.8858 curveto
41.77151 101.8848 41.0698 100.83377 40.43799 99.74115 curveto
39.81598 98.66565 39.26704 97.54926 38.79083 96.40173 curveto
38.32301 95.27484 37.93106 94.11789 37.61429 92.93959 curveto
37.30382 91.78473 37.072 90.61029 36.91501 89.42502 curveto
36.76117 88.26526 36.68565 87.0964 36.68425 85.92616 curveto
36.68285 84.78633 36.75943 83.64825 36.90697 82.51822 curveto
37.05032 81.41896 37.26884 80.33122 37.55415 79.25992 curveto
37.83107 78.22115 38.17827 77.20264 38.5884 76.20862 curveto
38.98523 75.2464 39.44815 74.31287 39.96703 73.41045 curveto
40.46666 72.5416 41.02608 71.7084 41.63481 70.91226 curveto
42.21976 70.14725 42.85715 69.4242 43.5365 68.74205 curveto
44.18718 68.08893 44.88226 67.48195 45.61232 66.91937 curveto
46.30844 66.38268 47.04164 65.89598 47.80176 65.45473 curveto
48.52446 65.03517 49.27585 64.6677 50.0468 64.34602 curveto
50.7744 64.04254 51.52228 63.79149 52.2831 63.58556 curveto
52.99811 63.39186 53.72571 63.24991 54.45961 63.15096 curveto
55.1449 63.05865 55.83614 63.01599 56.52773 63.01355 curveto
57.16966 63.01144 57.81056 63.0562 58.44725 63.13766 curveto
59.0322 63.2125 59.6105 63.33067 60.18077 63.48102 curveto
60.69998 63.61772 61.20801 63.79324 61.70485 63.99638 curveto
62.15204 64.17924 62.58455 64.39568 63.00446 64.63518 curveto
63.37648 64.84741 63.73172 65.08832 64.07297 65.34705 curveto
64.37085 65.57256 64.64987 65.8215 64.91594 66.08374 curveto
65.14146 66.3061 65.3481 66.54666 65.5432 66.7963 curveto
65.70334 67.00119 65.84529 67.21936 65.9778 67.44313 curveto
66.0813 67.61761 66.168 67.80116 66.24843 67.98753 curveto
66.30612 68.1211 66.34947 68.2599 66.39003 68.3994 curveto
66.4145 68.48332 66.4278 68.56932 66.44283 68.65533 curveto
66.44843 68.68681 66.40611 68.74205 66.45052 68.74205 curveto
66.49492 68.74205 66.4526 68.68681 66.4582 68.65533 curveto
66.47324 68.56932 66.48653 68.48332 66.511 68.3994 curveto
66.55156 68.2599 66.59491 68.1211 66.6526 67.98753 curveto
66.73303 67.80116 66.81973 67.61761 66.92323 67.44313 curveto
67.05574 67.21936 67.1977 67.00119 67.35783 66.7963 curveto
67.55293 66.54666 67.75957 66.3061 67.98509 66.08374 curveto
68.25116 65.8215 68.53018 65.57256 68.82806 65.34705 curveto
69.16931 65.08832 69.52455 64.84741 69.89658 64.63518 curveto
70.31648 64.39568 70.749 64.17924 71.19618 63.99638 curveto
71.69302 63.79324 72.20105 63.61772 72.72026 63.48102 curveto
73.29053 63.33067 73.86884 63.2125 74.45378 63.13766 curveto
75.09047 63.0562 75.73137 63.01144 76.3733 63.01355 curveto
77.0649 63.01599 77.75613 63.05865 78.44142 63.15096 curveto
79.17532 63.24991 79.90292 63.39186 80.61794 63.58556 curveto
81.37875 63.79149 82.12663 64.04254 82.85423 64.34602 curveto
83.62518 64.6677 84.37657 65.03517 85.09927 65.45473 curveto
85.85939 65.89598 86.59259 66.38268 87.28871 66.91937 curveto
88.01877 67.48195 88.7121 68.09102 89.36453 68.74205 curveto stroke
showpage
%%EOF
