%!PS
%%BoundingBox: -1 -1 150 150 
%%HiResBoundingBox: -0.24907 -0.24907 149.68831 149.68831 
%%Creator: MetaPost 2.000
%%CreationDate: 2017.07.04:1542
%%Pages: 1
%%BeginProlog
%%EndProlog
%%Page: 1 1
 0 0 0 setrgbcolor 0 0.49814 dtransform truncate idtransform setlinewidth pop [] 0 setdash 1 setlinecap
 1 setlinejoin 10 setmiterlimit
newpath 0 74.71962 moveto
149.43924 74.71962 lineto stroke
newpath 144.45793 77.21028 moveto
145.63387 75.64236 147.47935 74.71962 149.43924 74.71962 curveto
147.47935 74.71962 145.63387 73.79688 144.45793 72.22896 curveto stroke
 0.49814 0 dtransform exch truncate exch idtransform pop setlinewidth
newpath 74.71962 0 moveto
74.71962 149.43924 lineto stroke
 0 0.49814 dtransform truncate idtransform setlinewidth pop
newpath 72.22896 144.45793 moveto
73.79688 145.63387 74.71962 147.47935 74.71962 149.43924 curveto
74.71962 147.47935 75.64236 145.63387 77.21028 144.45793 curveto stroke
 0.49814 0 dtransform exch truncate exch idtransform pop setlinewidth
newpath 14.94392 72.7271 moveto
14.94392 76.71214 lineto stroke
newpath 44.83177 72.7271 moveto
44.83177 76.71214 lineto stroke
newpath 104.60747 72.7271 moveto
104.60747 76.71214 lineto stroke
newpath 134.49532 72.7271 moveto
134.49532 76.71214 lineto stroke
 0 0.49814 dtransform truncate idtransform setlinewidth pop
newpath 76.71214 14.94392 moveto
72.7271 14.94392 lineto stroke
newpath 76.71214 44.83177 moveto
72.7271 44.83177 lineto stroke
newpath 76.71214 104.60747 moveto
72.7271 104.60747 lineto stroke
newpath 76.71214 134.49532 moveto
72.7271 134.49532 lineto stroke
 0 1.24533 dtransform truncate idtransform setlinewidth pop
newpath 134.49532 74.71962 moveto
134.49532 76.45787 134.38176 78.1945 134.1551 79.91794 curveto
133.9289 81.63817 133.58983 83.34198 133.14084 85.01796 curveto
132.693 86.68962 132.13547 88.32982 131.47351 89.92874 curveto
130.81635 91.51648 130.0545 93.05931 129.19576 94.54787 curveto
128.34363 96.02502 127.3948 97.44426 126.35728 98.79782 curveto
125.3298 100.13838 124.2143 101.40918 123.02058 102.60403 curveto
121.83917 103.78635 120.58025 104.88817 119.25496 105.90654 curveto
117.94951 106.90962 116.57861 107.82469 115.15346 108.649 curveto
113.75041 109.46033 112.29424 110.1761 110.79747 110.79747 curveto
109.32738 111.40767 107.8183 111.91867 106.2814 112.33208 curveto
104.7753 112.73706 103.24341 113.03941 101.6974 113.24442 curveto
100.18445 113.44508 98.65987 113.54335 97.13368 113.54518 curveto
95.64719 113.54678 94.16228 113.44713 92.68831 113.25467 curveto
91.25471 113.06747 89.83548 112.7829 88.43835 112.41052 curveto
87.08344 112.04933 85.75494 111.59601 84.45862 111.0613 curveto
83.20357 110.54367 81.98567 109.94032 80.80884 109.26353 curveto
79.67554 108.61183 78.58899 107.88216 77.55057 107.08817 curveto
76.55272 106.3252 75.60938 105.4938 74.71962 104.60747 curveto
73.86772 103.75876 73.07646 102.8519 72.34245 101.89966 curveto
71.64264 100.99142 71.00735 100.03554 70.43181 99.04385 curveto
69.88478 98.10143 69.40524 97.1216 68.98567 96.116 curveto
68.58981 95.16696 68.26237 94.19124 67.99353 93.19887 curveto
67.74088 92.26646 67.55573 91.31718 67.42665 90.35994 curveto
67.30626 89.46585 67.25063 88.56445 67.24765 87.66238 curveto
67.24492 86.82507 67.3033 85.9889 67.40956 85.15843 curveto
67.50716 84.39546 67.66107 83.64114 67.85718 82.89755 curveto
68.03572 82.2203 68.26465 81.55766 68.52962 80.90962 curveto
68.76814 80.32632 69.05089 79.76196 69.36305 79.21448 curveto
69.63988 78.729 69.95387 78.26588 70.29135 77.82054 curveto
70.58551 77.43222 70.91022 77.06805 71.25226 76.72124 curveto
71.5423 76.42708 71.8563 76.15732 72.18192 75.90308 curveto
72.44939 75.6942 72.73373 75.50905 73.02562 75.3362 curveto
73.25319 75.20145 73.49261 75.0881 73.73546 74.98344 curveto
73.90967 74.90843 74.09073 74.85143 74.27269 74.7983 curveto
74.38191 74.76659 74.49455 74.74904 74.60652 74.72943 curveto
74.64734 74.72235 74.71962 74.77754 74.71962 74.71962 curveto
74.71962 74.6617 74.64734 74.71689 74.60652 74.70981 curveto
74.49455 74.6902 74.38191 74.67265 74.27269 74.64095 curveto
74.09073 74.58781 73.90967 74.5308 73.73546 74.4558 curveto
73.49261 74.35114 73.25319 74.2378 73.02562 74.10304 curveto
72.73373 73.93019 72.44939 73.74504 72.18192 73.53616 curveto
71.8563 73.28192 71.5423 73.01216 71.25226 72.718 curveto
70.91022 72.37119 70.58551 72.00702 70.29135 71.6187 curveto
69.95387 71.17336 69.63988 70.71024 69.36305 70.22476 curveto
69.05089 69.67728 68.76814 69.11292 68.52962 68.52962 curveto
68.26465 67.88158 68.03572 67.21893 67.85718 66.54169 curveto
67.66107 65.7981 67.50716 65.04378 67.40956 64.2808 curveto
67.3033 63.45033 67.24492 62.61417 67.24765 61.77686 curveto
67.25063 60.87479 67.30626 59.97339 67.42665 59.0793 curveto
67.55573 58.12206 67.74088 57.17278 67.99353 56.24037 curveto
68.26237 55.248 68.58981 54.27228 68.98567 53.32324 curveto
69.40524 52.31764 69.88478 51.33781 70.43181 50.39539 curveto
71.00735 49.4037 71.64264 48.44781 72.34245 47.53958 curveto
73.07646 46.58734 73.86772 45.68048 74.71962 44.83177 curveto
75.60938 43.94543 76.55272 43.11404 77.55057 42.35107 curveto
78.58899 41.55708 79.67554 40.82741 80.80884 40.1757 curveto
81.98567 39.49892 83.20357 38.89557 84.45862 38.37794 curveto
85.75494 37.84323 87.08344 37.38991 88.43835 37.02872 curveto
89.83548 36.65634 91.25471 36.37177 92.68831 36.18457 curveto
94.16228 35.99211 95.64719 35.89246 97.13368 35.89406 curveto
98.65987 35.89589 100.18445 35.99416 101.6974 36.19482 curveto
103.24341 36.39983 104.7753 36.70218 106.2814 37.10716 curveto
107.8183 37.52057 109.32738 38.03157 110.79747 38.64177 curveto
112.29424 39.26314 113.75041 39.97891 115.15346 40.79024 curveto
116.57861 41.61455 117.94951 42.52962 119.25496 43.5327 curveto
120.58025 44.55107 121.83917 45.6529 123.02058 46.8352 curveto
124.2143 48.03006 125.3298 49.30086 126.35728 50.64142 curveto
127.3948 51.99498 128.34363 53.41422 129.19576 54.89137 curveto
130.0545 56.37993 130.81635 57.92276 131.47351 59.5105 curveto
132.13547 61.10942 132.693 62.74962 133.14084 64.42128 curveto
133.58983 66.09726 133.9289 67.80107 134.1551 69.5213 curveto
134.38176 71.24474 134.49532 72.98137 134.49532 74.71962 curveto stroke
showpage
%%EOF
