%!PS
%%BoundingBox: -1 82 200 171 
%%HiResBoundingBox: -0.24907 82.44052 199.50139 170.3195 
%%Creator: MetaPost 2.000
%%CreationDate: 2017.07.04:1542
%%Pages: 1
%%BeginProlog
%%EndProlog
%%Page: 1 1
 0 0 0 setrgbcolor 0 0.49814 dtransform truncate idtransform setlinewidth pop [] 0 setdash 1 setlinecap
 1 setlinejoin 10 setmiterlimit
newpath 99.62616 99.62616 moveto
199.25232 99.62616 lineto stroke
newpath 196.26353 101.12056 moveto
196.96909 100.17981 198.07639 99.62616 199.25232 99.62616 curveto
198.07639 99.62616 196.96909 99.07251 196.26353 98.13176 curveto stroke
newpath 99.87523 99.62616 moveto
99.87523 99.69221 99.84898 99.75557 99.80228 99.80228 curveto
99.75557 99.84898 99.69221 99.87523 99.62616 99.87523 curveto
99.5601 99.87523 99.49675 99.84898 99.45004 99.80228 curveto
99.40334 99.75557 99.37709 99.69221 99.37709 99.62616 curveto
99.37709 99.5601 99.40334 99.49675 99.45004 99.45004 curveto
99.49675 99.40334 99.5601 99.37709 99.62616 99.37709 curveto
99.69221 99.37709 99.75557 99.40334 99.80228 99.45004 curveto
99.84898 99.49675 99.87523 99.5601 99.87523 99.62616 curveto closepath fill
newpath 96.85614 99.62616 moveto
96.85614 99.69221 96.8299 99.75557 96.78319 99.80228 curveto
96.73648 99.84898 96.67313 99.87523 96.60707 99.87523 curveto
96.54102 99.87523 96.47766 99.84898 96.43095 99.80228 curveto
96.38425 99.75557 96.358 99.69221 96.358 99.62616 curveto
96.358 99.5601 96.38425 99.49675 96.43095 99.45004 curveto
96.47766 99.40334 96.54102 99.37709 96.60707 99.37709 curveto
96.67313 99.37709 96.73648 99.40334 96.78319 99.45004 curveto
96.8299 99.49675 96.85614 99.5601 96.85614 99.62616 curveto closepath fill
newpath 93.8371 99.62616 moveto
93.8371 99.69221 93.81085 99.75557 93.76414 99.80228 curveto
93.71744 99.84898 93.65408 99.87523 93.58803 99.87523 curveto
93.52197 99.87523 93.45862 99.84898 93.41191 99.80228 curveto
93.3652 99.75557 93.33896 99.69221 93.33896 99.62616 curveto
93.33896 99.5601 93.3652 99.49675 93.41191 99.45004 curveto
93.45862 99.40334 93.52197 99.37709 93.58803 99.37709 curveto
93.65408 99.37709 93.71744 99.40334 93.76414 99.45004 curveto
93.81085 99.49675 93.8371 99.5601 93.8371 99.62616 curveto closepath fill
newpath 90.81801 99.62616 moveto
90.81801 99.69221 90.79176 99.75557 90.74506 99.80228 curveto
90.69835 99.84898 90.635 99.87523 90.56894 99.87523 curveto
90.50288 99.87523 90.43953 99.84898 90.39282 99.80228 curveto
90.34612 99.75557 90.31987 99.69221 90.31987 99.62616 curveto
90.31987 99.5601 90.34612 99.49675 90.39282 99.45004 curveto
90.43953 99.40334 90.50288 99.37709 90.56894 99.37709 curveto
90.635 99.37709 90.69835 99.40334 90.74506 99.45004 curveto
90.79176 99.49675 90.81801 99.5601 90.81801 99.62616 curveto closepath fill
newpath 87.79893 99.62616 moveto
87.79893 99.69221 87.77269 99.75557 87.72598 99.80228 curveto
87.67928 99.84898 87.61592 99.87523 87.54987 99.87523 curveto
87.48381 99.87523 87.42046 99.84898 87.37375 99.80228 curveto
87.32704 99.75557 87.3008 99.69221 87.3008 99.62616 curveto
87.3008 99.5601 87.32704 99.49675 87.37375 99.45004 curveto
87.42046 99.40334 87.48381 99.37709 87.54987 99.37709 curveto
87.61592 99.37709 87.67928 99.40334 87.72598 99.45004 curveto
87.77269 99.49675 87.79893 99.5601 87.79893 99.62616 curveto closepath fill
newpath 84.77986 99.62616 moveto
84.77986 99.69221 84.75362 99.75557 84.70691 99.80228 curveto
84.6602 99.84898 84.59685 99.87523 84.53079 99.87523 curveto
84.46474 99.87523 84.40138 99.84898 84.35468 99.80228 curveto
84.30797 99.75557 84.28172 99.69221 84.28172 99.62616 curveto
84.28172 99.5601 84.30797 99.49675 84.35468 99.45004 curveto
84.40138 99.40334 84.46474 99.37709 84.53079 99.37709 curveto
84.59685 99.37709 84.6602 99.40334 84.70691 99.45004 curveto
84.75362 99.49675 84.77986 99.5601 84.77986 99.62616 curveto closepath fill
newpath 81.7608 99.62616 moveto
81.7608 99.69221 81.73456 99.75557 81.68785 99.80228 curveto
81.64114 99.84898 81.57779 99.87523 81.51173 99.87523 curveto
81.44568 99.87523 81.38232 99.84898 81.33562 99.80228 curveto
81.28891 99.75557 81.26266 99.69221 81.26266 99.62616 curveto
81.26266 99.5601 81.28891 99.49675 81.33562 99.45004 curveto
81.38232 99.40334 81.44568 99.37709 81.51173 99.37709 curveto
81.57779 99.37709 81.64114 99.40334 81.68785 99.45004 curveto
81.73456 99.49675 81.7608 99.5601 81.7608 99.62616 curveto closepath fill
newpath 78.74173 99.62616 moveto
78.74173 99.69221 78.71548 99.75557 78.66878 99.80228 curveto
78.62207 99.84898 78.55872 99.87523 78.49266 99.87523 curveto
78.4266 99.87523 78.36325 99.84898 78.31654 99.80228 curveto
78.26984 99.75557 78.24359 99.69221 78.24359 99.62616 curveto
78.24359 99.5601 78.26984 99.49675 78.31654 99.45004 curveto
78.36325 99.40334 78.4266 99.37709 78.49266 99.37709 curveto
78.55872 99.37709 78.62207 99.40334 78.66878 99.45004 curveto
78.71548 99.49675 78.74173 99.5601 78.74173 99.62616 curveto closepath fill
newpath 75.72267 99.62616 moveto
75.72267 99.69221 75.69643 99.75557 75.64972 99.80228 curveto
75.60301 99.84898 75.53966 99.87523 75.4736 99.87523 curveto
75.40755 99.87523 75.3442 99.84898 75.29749 99.80228 curveto
75.25078 99.75557 75.22453 99.69221 75.22453 99.62616 curveto
75.22453 99.5601 75.25078 99.49675 75.29749 99.45004 curveto
75.3442 99.40334 75.40755 99.37709 75.4736 99.37709 curveto
75.53966 99.37709 75.60301 99.40334 75.64972 99.45004 curveto
75.69643 99.49675 75.72267 99.5601 75.72267 99.62616 curveto closepath fill
newpath 72.70361 99.62616 moveto
72.70361 99.69221 72.67737 99.75557 72.63066 99.80228 curveto
72.58395 99.84898 72.5206 99.87523 72.45454 99.87523 curveto
72.38849 99.87523 72.32513 99.84898 72.27843 99.80228 curveto
72.23172 99.75557 72.20547 99.69221 72.20547 99.62616 curveto
72.20547 99.5601 72.23172 99.49675 72.27843 99.45004 curveto
72.32513 99.40334 72.38849 99.37709 72.45454 99.37709 curveto
72.5206 99.37709 72.58395 99.40334 72.63066 99.45004 curveto
72.67737 99.49675 72.70361 99.5601 72.70361 99.62616 curveto closepath fill
newpath 69.68454 99.62616 moveto
69.68454 99.69221 69.6583 99.75557 69.61159 99.80228 curveto
69.56488 99.84898 69.50153 99.87523 69.43547 99.87523 curveto
69.36942 99.87523 69.30606 99.84898 69.25935 99.80228 curveto
69.21265 99.75557 69.1864 99.69221 69.1864 99.62616 curveto
69.1864 99.5601 69.21265 99.49675 69.25935 99.45004 curveto
69.30606 99.40334 69.36942 99.37709 69.43547 99.37709 curveto
69.50153 99.37709 69.56488 99.40334 69.61159 99.45004 curveto
69.6583 99.49675 69.68454 99.5601 69.68454 99.62616 curveto closepath fill
newpath 66.66548 99.62616 moveto
66.66548 99.69221 66.63924 99.75557 66.59253 99.80228 curveto
66.54582 99.84898 66.48247 99.87523 66.41641 99.87523 curveto
66.35036 99.87523 66.287 99.84898 66.2403 99.80228 curveto
66.19359 99.75557 66.16734 99.69221 66.16734 99.62616 curveto
66.16734 99.5601 66.19359 99.49675 66.2403 99.45004 curveto
66.287 99.40334 66.35036 99.37709 66.41641 99.37709 curveto
66.48247 99.37709 66.54582 99.40334 66.59253 99.45004 curveto
66.63924 99.49675 66.66548 99.5601 66.66548 99.62616 curveto closepath fill
newpath 63.64641 99.62616 moveto
63.64641 99.69221 63.62016 99.75557 63.57346 99.80228 curveto
63.52675 99.84898 63.4634 99.87523 63.39734 99.87523 curveto
63.33128 99.87523 63.26793 99.84898 63.22122 99.80228 curveto
63.17451 99.75557 63.14827 99.69221 63.14827 99.62616 curveto
63.14827 99.5601 63.17451 99.49675 63.22122 99.45004 curveto
63.26793 99.40334 63.33128 99.37709 63.39734 99.37709 curveto
63.4634 99.37709 63.52675 99.40334 63.57346 99.45004 curveto
63.62016 99.49675 63.64641 99.5601 63.64641 99.62616 curveto closepath fill
newpath 60.62735 99.62616 moveto
60.62735 99.69221 60.6011 99.75557 60.5544 99.80228 curveto
60.50769 99.84898 60.44434 99.87523 60.37828 99.87523 curveto
60.31223 99.87523 60.24887 99.84898 60.20216 99.80228 curveto
60.15546 99.75557 60.12921 99.69221 60.12921 99.62616 curveto
60.12921 99.5601 60.15546 99.49675 60.20216 99.45004 curveto
60.24887 99.40334 60.31223 99.37709 60.37828 99.37709 curveto
60.44434 99.37709 60.50769 99.40334 60.5544 99.45004 curveto
60.6011 99.49675 60.62735 99.5601 60.62735 99.62616 curveto closepath fill
newpath 57.6098 99.62616 moveto
57.6098 99.69221 57.58356 99.75557 57.53685 99.80228 curveto
57.49014 99.84898 57.42679 99.87523 57.36073 99.87523 curveto
57.29468 99.87523 57.23132 99.84898 57.18462 99.80228 curveto
57.13791 99.75557 57.11166 99.69221 57.11166 99.62616 curveto
57.11166 99.5601 57.13791 99.49675 57.18462 99.45004 curveto
57.23132 99.40334 57.29468 99.37709 57.36073 99.37709 curveto
57.42679 99.37709 57.49014 99.40334 57.53685 99.45004 curveto
57.58356 99.49675 57.6098 99.5601 57.6098 99.62616 curveto closepath fill
newpath 54.59074 99.62616 moveto
54.59074 99.69221 54.5645 99.75557 54.51779 99.80228 curveto
54.47108 99.84898 54.40773 99.87523 54.34167 99.87523 curveto
54.27562 99.87523 54.21227 99.84898 54.16556 99.80228 curveto
54.11885 99.75557 54.0926 99.69221 54.0926 99.62616 curveto
54.0926 99.5601 54.11885 99.49675 54.16556 99.45004 curveto
54.21227 99.40334 54.27562 99.37709 54.34167 99.37709 curveto
54.40773 99.37709 54.47108 99.40334 54.51779 99.45004 curveto
54.5645 99.49675 54.59074 99.5601 54.59074 99.62616 curveto closepath fill
newpath 51.57169 99.62616 moveto
51.57169 99.69221 51.54544 99.75557 51.49873 99.80228 curveto
51.45203 99.84898 51.38867 99.87523 51.32262 99.87523 curveto
51.25656 99.87523 51.1932 99.84898 51.1465 99.80228 curveto
51.0998 99.75557 51.07355 99.69221 51.07355 99.62616 curveto
51.07355 99.5601 51.0998 99.49675 51.1465 99.45004 curveto
51.1932 99.40334 51.25656 99.37709 51.32262 99.37709 curveto
51.38867 99.37709 51.45203 99.40334 51.49873 99.45004 curveto
51.54544 99.49675 51.57169 99.5601 51.57169 99.62616 curveto closepath fill
newpath 48.55261 99.62616 moveto
48.55261 99.69221 48.52637 99.75557 48.47966 99.80228 curveto
48.43295 99.84898 48.3696 99.87523 48.30354 99.87523 curveto
48.23749 99.87523 48.17413 99.84898 48.12743 99.80228 curveto
48.08072 99.75557 48.05447 99.69221 48.05447 99.62616 curveto
48.05447 99.5601 48.08072 99.49675 48.12743 99.45004 curveto
48.17413 99.40334 48.23749 99.37709 48.30354 99.37709 curveto
48.3696 99.37709 48.43295 99.40334 48.47966 99.45004 curveto
48.52637 99.49675 48.55261 99.5601 48.55261 99.62616 curveto closepath fill
newpath 45.53355 99.62616 moveto
45.53355 99.69221 45.50731 99.75557 45.4606 99.80228 curveto
45.4139 99.84898 45.35054 99.87523 45.28448 99.87523 curveto
45.21843 99.87523 45.15508 99.84898 45.10837 99.80228 curveto
45.06166 99.75557 45.03542 99.69221 45.03542 99.62616 curveto
45.03542 99.5601 45.06166 99.49675 45.10837 99.45004 curveto
45.15508 99.40334 45.21843 99.37709 45.28448 99.37709 curveto
45.35054 99.37709 45.4139 99.40334 45.4606 99.45004 curveto
45.50731 99.49675 45.53355 99.5601 45.53355 99.62616 curveto closepath fill
newpath 42.5145 99.62616 moveto
42.5145 99.69221 42.48825 99.75557 42.44154 99.80228 curveto
42.39484 99.84898 42.33148 99.87523 42.26543 99.87523 curveto
42.19937 99.87523 42.13602 99.84898 42.08931 99.80228 curveto
42.0426 99.75557 42.01636 99.69221 42.01636 99.62616 curveto
42.01636 99.5601 42.0426 99.49675 42.08931 99.45004 curveto
42.13602 99.40334 42.19937 99.37709 42.26543 99.37709 curveto
42.33148 99.37709 42.39484 99.40334 42.44154 99.45004 curveto
42.48825 99.49675 42.5145 99.5601 42.5145 99.62616 curveto closepath fill
newpath 39.49542 99.62616 moveto
39.49542 99.69221 39.46918 99.75557 39.42247 99.80228 curveto
39.37576 99.84898 39.31241 99.87523 39.24635 99.87523 curveto
39.1803 99.87523 39.11694 99.84898 39.07024 99.80228 curveto
39.02353 99.75557 38.99728 99.69221 38.99728 99.62616 curveto
38.99728 99.5601 39.02353 99.49675 39.07024 99.45004 curveto
39.11694 99.40334 39.1803 99.37709 39.24635 99.37709 curveto
39.31241 99.37709 39.37576 99.40334 39.42247 99.45004 curveto
39.46918 99.49675 39.49542 99.5601 39.49542 99.62616 curveto closepath fill
newpath 36.47636 99.62616 moveto
36.47636 99.69221 36.45012 99.75557 36.40341 99.80228 curveto
36.3567 99.84898 36.29335 99.87523 36.2273 99.87523 curveto
36.16124 99.87523 36.09789 99.84898 36.05118 99.80228 curveto
36.00447 99.75557 35.97823 99.69221 35.97823 99.62616 curveto
35.97823 99.5601 36.00447 99.49675 36.05118 99.45004 curveto
36.09789 99.40334 36.16124 99.37709 36.2273 99.37709 curveto
36.29335 99.37709 36.3567 99.40334 36.40341 99.45004 curveto
36.45012 99.49675 36.47636 99.5601 36.47636 99.62616 curveto closepath fill
newpath 33.4573 99.62616 moveto
33.4573 99.69221 33.43106 99.75557 33.38435 99.80228 curveto
33.33765 99.84898 33.27429 99.87523 33.20824 99.87523 curveto
33.14218 99.87523 33.07883 99.84898 33.03212 99.80228 curveto
32.98541 99.75557 32.95917 99.69221 32.95917 99.62616 curveto
32.95917 99.5601 32.98541 99.49675 33.03212 99.45004 curveto
33.07883 99.40334 33.14218 99.37709 33.20824 99.37709 curveto
33.27429 99.37709 33.33765 99.40334 33.38435 99.45004 curveto
33.43106 99.49675 33.4573 99.5601 33.4573 99.62616 curveto closepath fill
newpath 30.43823 99.62616 moveto
30.43823 99.69221 30.41199 99.75557 30.36528 99.80228 curveto
30.31857 99.84898 30.25522 99.87523 30.18916 99.87523 curveto
30.12311 99.87523 30.05975 99.84898 30.01305 99.80228 curveto
29.96634 99.75557 29.9401 99.69221 29.9401 99.62616 curveto
29.9401 99.5601 29.96634 99.49675 30.01305 99.45004 curveto
30.05975 99.40334 30.12311 99.37709 30.18916 99.37709 curveto
30.25522 99.37709 30.31857 99.40334 30.36528 99.45004 curveto
30.41199 99.49675 30.43823 99.5601 30.43823 99.62616 curveto closepath fill
newpath 27.41917 99.62616 moveto
27.41917 99.69221 27.39293 99.75557 27.34622 99.80228 curveto
27.29951 99.84898 27.23616 99.87523 27.1701 99.87523 curveto
27.10405 99.87523 27.0407 99.84898 26.99399 99.80228 curveto
26.94728 99.75557 26.92104 99.69221 26.92104 99.62616 curveto
26.92104 99.5601 26.94728 99.49675 26.99399 99.45004 curveto
27.0407 99.40334 27.10405 99.37709 27.1701 99.37709 curveto
27.23616 99.37709 27.29951 99.40334 27.34622 99.45004 curveto
27.39293 99.49675 27.41917 99.5601 27.41917 99.62616 curveto closepath fill
newpath 24.4001 99.62616 moveto
24.4001 99.69221 24.37386 99.75557 24.32715 99.80228 curveto
24.28044 99.84898 24.21709 99.87523 24.15103 99.87523 curveto
24.08498 99.87523 24.02162 99.84898 23.97491 99.80228 curveto
23.9282 99.75557 23.90196 99.69221 23.90196 99.62616 curveto
23.90196 99.5601 23.9282 99.49675 23.97491 99.45004 curveto
24.02162 99.40334 24.08498 99.37709 24.15103 99.37709 curveto
24.21709 99.37709 24.28044 99.40334 24.32715 99.45004 curveto
24.37386 99.49675 24.4001 99.5601 24.4001 99.62616 curveto closepath fill
newpath 21.38104 99.62616 moveto
21.38104 99.69221 21.3548 99.75557 21.30809 99.80228 curveto
21.26138 99.84898 21.19803 99.87523 21.13197 99.87523 curveto
21.06592 99.87523 21.00256 99.84898 20.95586 99.80228 curveto
20.90915 99.75557 20.8829 99.69221 20.8829 99.62616 curveto
20.8829 99.5601 20.90915 99.49675 20.95586 99.45004 curveto
21.00256 99.40334 21.06592 99.37709 21.13197 99.37709 curveto
21.19803 99.37709 21.26138 99.40334 21.30809 99.45004 curveto
21.3548 99.49675 21.38104 99.5601 21.38104 99.62616 curveto closepath fill
newpath 18.36198 99.62616 moveto
18.36198 99.69221 18.33574 99.75557 18.28903 99.80228 curveto
18.24232 99.84898 18.17897 99.87523 18.11292 99.87523 curveto
18.04686 99.87523 17.9835 99.84898 17.9368 99.80228 curveto
17.89009 99.75557 17.86385 99.69221 17.86385 99.62616 curveto
17.86385 99.5601 17.89009 99.49675 17.9368 99.45004 curveto
17.9835 99.40334 18.04686 99.37709 18.11292 99.37709 curveto
18.17897 99.37709 18.24232 99.40334 18.28903 99.45004 curveto
18.33574 99.49675 18.36198 99.5601 18.36198 99.62616 curveto closepath fill
newpath 15.34291 99.62616 moveto
15.34291 99.69221 15.31667 99.75557 15.26996 99.80228 curveto
15.22325 99.84898 15.1599 99.87523 15.09384 99.87523 curveto
15.02779 99.87523 14.96443 99.84898 14.91772 99.80228 curveto
14.87102 99.75557 14.84477 99.69221 14.84477 99.62616 curveto
14.84477 99.5601 14.87102 99.49675 14.91772 99.45004 curveto
14.96443 99.40334 15.02779 99.37709 15.09384 99.37709 curveto
15.1599 99.37709 15.22325 99.40334 15.26996 99.45004 curveto
15.31667 99.49675 15.34291 99.5601 15.34291 99.62616 curveto closepath fill
newpath 12.32384 99.62616 moveto
12.32384 99.69221 12.29759 99.75557 12.25089 99.80228 curveto
12.20418 99.84898 12.14082 99.87523 12.07477 99.87523 curveto
12.00871 99.87523 11.94536 99.84898 11.89865 99.80228 curveto
11.85194 99.75557 11.8257 99.69221 11.8257 99.62616 curveto
11.8257 99.5601 11.85194 99.49675 11.89865 99.45004 curveto
11.94536 99.40334 12.00871 99.37709 12.07477 99.37709 curveto
12.14082 99.37709 12.20418 99.40334 12.25089 99.45004 curveto
12.29759 99.49675 12.32384 99.5601 12.32384 99.62616 curveto closepath fill
newpath 9.30478 99.62616 moveto
9.30478 99.69221 9.27853 99.75557 9.23183 99.80228 curveto
9.18512 99.84898 9.12177 99.87523 9.05571 99.87523 curveto
8.98965 99.87523 8.9263 99.84898 8.8796 99.80228 curveto
8.83289 99.75557 8.80664 99.69221 8.80664 99.62616 curveto
8.80664 99.5601 8.83289 99.49675 8.8796 99.45004 curveto
8.9263 99.40334 8.98965 99.37709 9.05571 99.37709 curveto
9.12177 99.37709 9.18512 99.40334 9.23183 99.45004 curveto
9.27853 99.49675 9.30478 99.5601 9.30478 99.62616 curveto closepath fill
newpath 6.28569 99.62616 moveto
6.28569 99.69221 6.25945 99.75557 6.21274 99.80228 curveto
6.16603 99.84898 6.10268 99.87523 6.03662 99.87523 curveto
5.97057 99.87523 5.90721 99.84898 5.8605 99.80228 curveto
5.8138 99.75557 5.78755 99.69221 5.78755 99.62616 curveto
5.78755 99.5601 5.8138 99.49675 5.8605 99.45004 curveto
5.90721 99.40334 5.97057 99.37709 6.03662 99.37709 curveto
6.10268 99.37709 6.16603 99.40334 6.21274 99.45004 curveto
6.25945 99.49675 6.28569 99.5601 6.28569 99.62616 curveto closepath fill
newpath 3.26662 99.62616 moveto
3.26662 99.69221 3.24037 99.75557 3.19366 99.80228 curveto
3.14696 99.84898 3.0836 99.87523 3.01755 99.87523 curveto
2.95149 99.87523 2.88814 99.84898 2.84143 99.80228 curveto
2.79472 99.75557 2.76848 99.69221 2.76848 99.62616 curveto
2.76848 99.5601 2.79472 99.49675 2.84143 99.45004 curveto
2.88814 99.40334 2.95149 99.37709 3.01755 99.37709 curveto
3.0836 99.37709 3.14696 99.40334 3.19366 99.45004 curveto
3.24037 99.49675 3.26662 99.5601 3.26662 99.62616 curveto closepath fill
newpath 0.24907 99.62616 moveto
0.24907 99.69221 0.22282 99.75557 0.17612 99.80228 curveto
0.12941 99.84898 0.06606 99.87523 0 99.87523 curveto
-0.06606 99.87523 -0.12941 99.84898 -0.17612 99.80228 curveto
-0.22282 99.75557 -0.24907 99.69221 -0.24907 99.62616 curveto
-0.24907 99.5601 -0.22282 99.49675 -0.17612 99.45004 curveto
-0.12941 99.40334 -0.06606 99.37709 0 99.37709 curveto
0.06606 99.37709 0.12941 99.40334 0.17612 99.45004 curveto
0.22282 99.49675 0.24907 99.5601 0.24907 99.62616 curveto closepath fill
newpath 99.87523 99.62616 moveto
99.87523 99.69221 99.84898 99.75557 99.80228 99.80228 curveto
99.75557 99.84898 99.69221 99.87523 99.62616 99.87523 curveto
99.5601 99.87523 99.49675 99.84898 99.45004 99.80228 curveto
99.40334 99.75557 99.37709 99.69221 99.37709 99.62616 curveto
99.37709 99.5601 99.40334 99.49675 99.45004 99.45004 curveto
99.49675 99.40334 99.5601 99.37709 99.62616 99.37709 curveto
99.69221 99.37709 99.75557 99.40334 99.80228 99.45004 curveto
99.84898 99.49675 99.87523 99.5601 99.87523 99.62616 curveto closepath fill
newpath 97.7405 101.7609 moveto
97.7405 101.82695 97.71425 101.8903 97.66754 101.93701 curveto
97.62083 101.98372 97.55748 102.00996 97.49142 102.00996 curveto
97.42537 102.00996 97.36201 101.98372 97.3153 101.93701 curveto
97.2686 101.8903 97.24236 101.82695 97.24236 101.7609 curveto
97.24236 101.69484 97.2686 101.63148 97.3153 101.58478 curveto
97.36201 101.53807 97.42537 101.51183 97.49142 101.51183 curveto
97.55748 101.51183 97.62083 101.53807 97.66754 101.58478 curveto
97.71425 101.63148 97.7405 101.69484 97.7405 101.7609 curveto closepath fill
newpath 95.60574 103.89565 moveto
95.60574 103.9617 95.5795 104.02505 95.53279 104.07176 curveto
95.48608 104.11847 95.42273 104.14471 95.35667 104.14471 curveto
95.29062 104.14471 95.22726 104.11847 95.18056 104.07176 curveto
95.13385 104.02505 95.1076 103.9617 95.1076 103.89565 curveto
95.1076 103.82959 95.13385 103.76624 95.18056 103.71953 curveto
95.22726 103.67282 95.29062 103.64658 95.35667 103.64658 curveto
95.42273 103.64658 95.48608 103.67282 95.53279 103.71953 curveto
95.5795 103.76624 95.60574 103.82959 95.60574 103.89565 curveto closepath fill
newpath 93.47098 106.03041 moveto
93.47098 106.09647 93.44473 106.15982 93.39803 106.20653 curveto
93.35132 106.25323 93.28796 106.27948 93.22191 106.27948 curveto
93.15585 106.27948 93.0925 106.25323 93.04579 106.20653 curveto
92.99908 106.15982 92.97284 106.09647 92.97284 106.03041 curveto
92.97284 105.96436 92.99908 105.901 93.04579 105.8543 curveto
93.0925 105.80759 93.15585 105.78134 93.22191 105.78134 curveto
93.28796 105.78134 93.35132 105.80759 93.39803 105.8543 curveto
93.44473 105.901 93.47098 105.96436 93.47098 106.03041 curveto closepath fill
newpath 91.33624 108.16515 moveto
91.33624 108.2312 91.31 108.29456 91.26329 108.34126 curveto
91.21658 108.38797 91.15323 108.41422 91.08717 108.41422 curveto
91.02112 108.41422 90.95776 108.38797 90.91106 108.34126 curveto
90.86435 108.29456 90.8381 108.2312 90.8381 108.16515 curveto
90.8381 108.09909 90.86435 108.03574 90.91106 107.98903 curveto
90.95776 107.94232 91.02112 107.91608 91.08717 107.91608 curveto
91.15323 107.91608 91.21658 107.94232 91.26329 107.98903 curveto
91.31 108.03574 91.33624 108.09909 91.33624 108.16515 curveto closepath fill
newpath 89.20149 110.2999 moveto
89.20149 110.36595 89.17525 110.4293 89.12854 110.47601 curveto
89.08183 110.52272 89.01848 110.54897 88.95242 110.54897 curveto
88.88637 110.54897 88.82301 110.52272 88.7763 110.47601 curveto
88.7296 110.4293 88.70335 110.36595 88.70335 110.2999 curveto
88.70335 110.23384 88.7296 110.17049 88.7763 110.12378 curveto
88.82301 110.07707 88.88637 110.05083 88.95242 110.05083 curveto
89.01848 110.05083 89.08183 110.07707 89.12854 110.12378 curveto
89.17525 110.17049 89.20149 110.23384 89.20149 110.2999 curveto closepath fill
newpath 87.06676 112.43463 moveto
87.06676 112.50069 87.04051 112.56404 86.9938 112.61075 curveto
86.9471 112.65746 86.88374 112.6837 86.81769 112.6837 curveto
86.75163 112.6837 86.68828 112.65746 86.64157 112.61075 curveto
86.59486 112.56404 86.56862 112.50069 86.56862 112.43463 curveto
86.56862 112.36858 86.59486 112.30522 86.64157 112.25851 curveto
86.68828 112.2118 86.75163 112.18556 86.81769 112.18556 curveto
86.88374 112.18556 86.9471 112.2118 86.9938 112.25851 curveto
87.04051 112.30522 87.06676 112.36858 87.06676 112.43463 curveto closepath fill
newpath 84.93202 114.56937 moveto
84.93202 114.63542 84.90578 114.69878 84.85907 114.74548 curveto
84.81236 114.79219 84.74901 114.81844 84.68295 114.81844 curveto
84.6169 114.81844 84.55354 114.79219 84.50684 114.74548 curveto
84.46013 114.69878 84.43388 114.63542 84.43388 114.56937 curveto
84.43388 114.50331 84.46013 114.43996 84.50684 114.39325 curveto
84.55354 114.34654 84.6169 114.3203 84.68295 114.3203 curveto
84.74901 114.3203 84.81236 114.34654 84.85907 114.39325 curveto
84.90578 114.43996 84.93202 114.50331 84.93202 114.56937 curveto closepath fill
newpath 82.79729 116.7041 moveto
82.79729 116.77016 82.77104 116.83351 82.72433 116.88022 curveto
82.67763 116.92693 82.61427 116.95317 82.54822 116.95317 curveto
82.48216 116.95317 82.41881 116.92693 82.3721 116.88022 curveto
82.3254 116.83351 82.29915 116.77016 82.29915 116.7041 curveto
82.29915 116.63805 82.3254 116.57469 82.3721 116.52798 curveto
82.41881 116.48128 82.48216 116.45503 82.54822 116.45503 curveto
82.61427 116.45503 82.67763 116.48128 82.72433 116.52798 curveto
82.77104 116.57469 82.79729 116.63805 82.79729 116.7041 curveto closepath fill
newpath 80.66254 118.83885 moveto
80.66254 118.9049 80.63629 118.96826 80.58958 119.01497 curveto
80.54288 119.06168 80.47952 119.08792 80.41347 119.08792 curveto
80.34741 119.08792 80.28406 119.06168 80.23735 119.01497 curveto
80.19064 118.96826 80.1644 118.9049 80.1644 118.83885 curveto
80.1644 118.7728 80.19064 118.70944 80.23735 118.66273 curveto
80.28406 118.61603 80.34741 118.58978 80.41347 118.58978 curveto
80.47952 118.58978 80.54288 118.61603 80.58958 118.66273 curveto
80.63629 118.70944 80.66254 118.7728 80.66254 118.83885 curveto closepath fill
newpath 78.5278 120.97359 moveto
78.5278 121.03964 78.50156 121.103 78.45485 121.1497 curveto
78.40814 121.19641 78.34479 121.22266 78.27873 121.22266 curveto
78.21268 121.22266 78.14932 121.19641 78.10262 121.1497 curveto
78.05591 121.103 78.02966 121.03964 78.02966 120.97359 curveto
78.02966 120.90753 78.05591 120.84418 78.10262 120.79747 curveto
78.14932 120.75076 78.21268 120.72452 78.27873 120.72452 curveto
78.34479 120.72452 78.40814 120.75076 78.45485 120.79747 curveto
78.50156 120.84418 78.5278 120.90753 78.5278 120.97359 curveto closepath fill
newpath 76.39307 123.10832 moveto
76.39307 123.17438 76.36682 123.23773 76.32011 123.28444 curveto
76.2734 123.33115 76.21005 123.35739 76.144 123.35739 curveto
76.07794 123.35739 76.01459 123.33115 75.96788 123.28444 curveto
75.92117 123.23773 75.89493 123.17438 75.89493 123.10832 curveto
75.89493 123.04227 75.92117 122.97891 75.96788 122.9322 curveto
76.01459 122.8855 76.07794 122.85925 76.144 122.85925 curveto
76.21005 122.85925 76.2734 122.8855 76.32011 122.9322 curveto
76.36682 122.97891 76.39307 123.04227 76.39307 123.10832 curveto closepath fill
newpath 74.2594 125.24199 moveto
74.2594 125.30804 74.23315 125.3714 74.18645 125.4181 curveto
74.13974 125.46481 74.07639 125.49106 74.01033 125.49106 curveto
73.94427 125.49106 73.88092 125.46481 73.83421 125.4181 curveto
73.7875 125.3714 73.76126 125.30804 73.76126 125.24199 curveto
73.76126 125.17593 73.7875 125.11258 73.83421 125.06587 curveto
73.88092 125.01917 73.94427 124.99292 74.01033 124.99292 curveto
74.07639 124.99292 74.13974 125.01917 74.18645 125.06587 curveto
74.23315 125.11258 74.2594 125.17593 74.2594 125.24199 curveto closepath fill
newpath 72.12466 127.37672 moveto
72.12466 127.44278 72.09842 127.50613 72.05171 127.55284 curveto
72.005 127.59955 71.94165 127.6258 71.8756 127.6258 curveto
71.80954 127.6258 71.74619 127.59955 71.69948 127.55284 curveto
71.65277 127.50613 71.62653 127.44278 71.62653 127.37672 curveto
71.62653 127.31067 71.65277 127.24731 71.69948 127.2006 curveto
71.74619 127.1539 71.80954 127.12766 71.8756 127.12766 curveto
71.94165 127.12766 72.005 127.1539 72.05171 127.2006 curveto
72.09842 127.24731 72.12466 127.31067 72.12466 127.37672 curveto closepath fill
newpath 69.98993 129.51146 moveto
69.98993 129.57751 69.96368 129.64087 69.91698 129.68758 curveto
69.87027 129.73428 69.80692 129.76053 69.74086 129.76053 curveto
69.6748 129.76053 69.61145 129.73428 69.56474 129.68758 curveto
69.51804 129.64087 69.49179 129.57751 69.49179 129.51146 curveto
69.49179 129.4454 69.51804 129.38205 69.56474 129.33534 curveto
69.61145 129.28864 69.6748 129.26239 69.74086 129.26239 curveto
69.80692 129.26239 69.87027 129.28864 69.91698 129.33534 curveto
69.96368 129.38205 69.98993 129.4454 69.98993 129.51146 curveto closepath fill
newpath 67.8552 131.6462 moveto
67.8552 131.71225 67.82895 131.7756 67.78224 131.82231 curveto
67.73553 131.86902 67.67218 131.89526 67.60612 131.89526 curveto
67.54007 131.89526 67.47672 131.86902 67.43001 131.82231 curveto
67.3833 131.7756 67.35706 131.71225 67.35706 131.6462 curveto
67.35706 131.58014 67.3833 131.51678 67.43001 131.47008 curveto
67.47672 131.42337 67.54007 131.39713 67.60612 131.39713 curveto
67.67218 131.39713 67.73553 131.42337 67.78224 131.47008 curveto
67.82895 131.51678 67.8552 131.58014 67.8552 131.6462 curveto closepath fill
newpath 65.72046 133.78093 moveto
65.72046 133.84698 65.69421 133.91034 65.6475 133.95705 curveto
65.6008 134.00375 65.53745 134.03 65.47139 134.03 curveto
65.40533 134.03 65.34198 134.00375 65.29527 133.95705 curveto
65.24857 133.91034 65.22232 133.84698 65.22232 133.78093 curveto
65.22232 133.71487 65.24857 133.65152 65.29527 133.60481 curveto
65.34198 133.5581 65.40533 133.53186 65.47139 133.53186 curveto
65.53745 133.53186 65.6008 133.5581 65.6475 133.60481 curveto
65.69421 133.65152 65.72046 133.71487 65.72046 133.78093 curveto closepath fill
newpath 63.58572 135.91566 moveto
63.58572 135.98172 63.55948 136.04507 63.51277 136.09178 curveto
63.46606 136.13849 63.40271 136.16473 63.33665 136.16473 curveto
63.2706 136.16473 63.20724 136.13849 63.16054 136.09178 curveto
63.11383 136.04507 63.08759 135.98172 63.08759 135.91566 curveto
63.08759 135.84961 63.11383 135.78625 63.16054 135.73955 curveto
63.20724 135.69284 63.2706 135.6666 63.33665 135.6666 curveto
63.40271 135.6666 63.46606 135.69284 63.51277 135.73955 curveto
63.55948 135.78625 63.58572 135.84961 63.58572 135.91566 curveto closepath fill
newpath 61.45099 138.0504 moveto
61.45099 138.11646 61.42474 138.17981 61.37804 138.22652 curveto
61.33133 138.27322 61.26797 138.29947 61.20192 138.29947 curveto
61.13586 138.29947 61.07251 138.27322 61.0258 138.22652 curveto
60.9791 138.17981 60.95285 138.11646 60.95285 138.0504 curveto
60.95285 137.98434 60.9791 137.92099 61.0258 137.87428 curveto
61.07251 137.82758 61.13586 137.80133 61.20192 137.80133 curveto
61.26797 137.80133 61.33133 137.82758 61.37804 137.87428 curveto
61.42474 137.92099 61.45099 137.98434 61.45099 138.0504 curveto closepath fill
newpath 59.31625 140.18513 moveto
59.31625 140.25119 59.29001 140.31454 59.2433 140.36125 curveto
59.1966 140.40796 59.13324 140.4342 59.06718 140.4342 curveto
59.00113 140.4342 58.93777 140.40796 58.89107 140.36125 curveto
58.84436 140.31454 58.81812 140.25119 58.81812 140.18513 curveto
58.81812 140.11908 58.84436 140.05573 58.89107 140.00902 curveto
58.93777 139.96231 59.00113 139.93607 59.06718 139.93607 curveto
59.13324 139.93607 59.1966 139.96231 59.2433 140.00902 curveto
59.29001 140.05573 59.31625 140.11908 59.31625 140.18513 curveto closepath fill
newpath 57.18152 142.31987 moveto
57.18152 142.38593 57.15527 142.44928 57.10857 142.49599 curveto
57.06186 142.5427 56.9985 142.56894 56.93245 142.56894 curveto
56.8664 142.56894 56.80304 142.5427 56.75633 142.49599 curveto
56.70963 142.44928 56.68338 142.38593 56.68338 142.31987 curveto
56.68338 142.25381 56.70963 142.19046 56.75633 142.14375 curveto
56.80304 142.09705 56.8664 142.0708 56.93245 142.0708 curveto
56.9985 142.0708 57.06186 142.09705 57.10857 142.14375 curveto
57.15527 142.19046 57.18152 142.25381 57.18152 142.31987 curveto closepath fill
newpath 55.04678 144.4546 moveto
55.04678 144.52066 55.02054 144.58401 54.97383 144.63072 curveto
54.92712 144.67743 54.86377 144.70367 54.79771 144.70367 curveto
54.73166 144.70367 54.6683 144.67743 54.6216 144.63072 curveto
54.57489 144.58401 54.54865 144.52066 54.54865 144.4546 curveto
54.54865 144.38855 54.57489 144.3252 54.6216 144.27849 curveto
54.6683 144.23178 54.73166 144.20554 54.79771 144.20554 curveto
54.86377 144.20554 54.92712 144.23178 54.97383 144.27849 curveto
55.02054 144.3252 55.04678 144.38855 55.04678 144.4546 curveto closepath fill
newpath 52.91205 146.58934 moveto
52.91205 146.6554 52.8858 146.71875 52.8391 146.76546 curveto
52.79239 146.81216 52.72903 146.83841 52.66298 146.83841 curveto
52.59692 146.83841 52.53357 146.81216 52.48686 146.76546 curveto
52.44016 146.71875 52.41391 146.6554 52.41391 146.58934 curveto
52.41391 146.52328 52.44016 146.45993 52.48686 146.41322 curveto
52.53357 146.36652 52.59692 146.34027 52.66298 146.34027 curveto
52.72903 146.34027 52.79239 146.36652 52.8391 146.41322 curveto
52.8858 146.45993 52.91205 146.52328 52.91205 146.58934 curveto closepath fill
newpath 50.77731 148.72408 moveto
50.77731 148.79013 50.75107 148.85349 50.70436 148.90019 curveto
50.65765 148.9469 50.5943 148.97314 50.52824 148.97314 curveto
50.46219 148.97314 50.39883 148.9469 50.35213 148.90019 curveto
50.30542 148.85349 50.27917 148.79013 50.27917 148.72408 curveto
50.27917 148.65802 50.30542 148.59467 50.35213 148.54796 curveto
50.39883 148.50125 50.46219 148.475 50.52824 148.475 curveto
50.5943 148.475 50.65765 148.50125 50.70436 148.54796 curveto
50.75107 148.59467 50.77731 148.65802 50.77731 148.72408 curveto closepath fill
newpath 48.64256 150.85883 moveto
48.64256 150.92488 48.61632 150.98824 48.56961 151.03494 curveto
48.5229 151.08165 48.45955 151.1079 48.3935 151.1079 curveto
48.32744 151.1079 48.26408 151.08165 48.21738 151.03494 curveto
48.17067 150.98824 48.14442 150.92488 48.14442 150.85883 curveto
48.14442 150.79277 48.17067 150.72942 48.21738 150.68271 curveto
48.26408 150.636 48.32744 150.60976 48.3935 150.60976 curveto
48.45955 150.60976 48.5229 150.636 48.56961 150.68271 curveto
48.61632 150.72942 48.64256 150.79277 48.64256 150.85883 curveto closepath fill
newpath 46.50783 152.99356 moveto
46.50783 153.05962 46.48158 153.12297 46.43488 153.16968 curveto
46.38817 153.21638 46.32481 153.24263 46.25876 153.24263 curveto
46.1927 153.24263 46.12935 153.21638 46.08264 153.16968 curveto
46.03593 153.12297 46.00969 153.05962 46.00969 152.99356 curveto
46.00969 152.9275 46.03593 152.86415 46.08264 152.81744 curveto
46.12935 152.77074 46.1927 152.74449 46.25876 152.74449 curveto
46.32481 152.74449 46.38817 152.77074 46.43488 152.81744 curveto
46.48158 152.86415 46.50783 152.9275 46.50783 152.99356 curveto closepath fill
newpath 44.3731 155.1283 moveto
44.3731 155.19435 44.34685 155.2577 44.30014 155.30441 curveto
44.25343 155.35112 44.19008 155.37737 44.12402 155.37737 curveto
44.05797 155.37737 43.99461 155.35112 43.9479 155.30441 curveto
43.9012 155.2577 43.87495 155.19435 43.87495 155.1283 curveto
43.87495 155.06224 43.9012 154.99889 43.9479 154.95218 curveto
43.99461 154.90547 44.05797 154.87923 44.12402 154.87923 curveto
44.19008 154.87923 44.25343 154.90547 44.30014 154.95218 curveto
44.34685 154.99889 44.3731 155.06224 44.3731 155.1283 curveto closepath fill
newpath 42.23834 157.26305 moveto
42.23834 157.3291 42.2121 157.39246 42.16539 157.43916 curveto
42.11868 157.48587 42.05533 157.51212 41.98927 157.51212 curveto
41.92322 157.51212 41.85986 157.48587 41.81316 157.43916 curveto
41.76645 157.39246 41.7402 157.3291 41.7402 157.26305 curveto
41.7402 157.19699 41.76645 157.13364 41.81316 157.08693 curveto
41.85986 157.04022 41.92322 157.01398 41.98927 157.01398 curveto
42.05533 157.01398 42.11868 157.04022 42.16539 157.08693 curveto
42.2121 157.13364 42.23834 157.19699 42.23834 157.26305 curveto closepath fill
newpath 40.1036 159.39778 moveto
40.1036 159.46384 40.07736 159.52719 40.03065 159.5739 curveto
39.98395 159.6206 39.9206 159.64685 39.85454 159.64685 curveto
39.78848 159.64685 39.72513 159.6206 39.67842 159.5739 curveto
39.63171 159.52719 39.60547 159.46384 39.60547 159.39778 curveto
39.60547 159.33173 39.63171 159.26837 39.67842 159.22166 curveto
39.72513 159.17496 39.78848 159.14871 39.85454 159.14871 curveto
39.9206 159.14871 39.98395 159.17496 40.03065 159.22166 curveto
40.07736 159.26837 40.1036 159.33173 40.1036 159.39778 curveto closepath fill
newpath 37.96886 161.53253 moveto
37.96886 161.59859 37.94261 161.66194 37.8959 161.70865 curveto
37.8492 161.75536 37.78584 161.7816 37.71979 161.7816 curveto
37.65373 161.7816 37.59038 161.75536 37.54367 161.70865 curveto
37.49696 161.66194 37.47072 161.59859 37.47072 161.53253 curveto
37.47072 161.46648 37.49696 161.40312 37.54367 161.35641 curveto
37.59038 161.30971 37.65373 161.28346 37.71979 161.28346 curveto
37.78584 161.28346 37.8492 161.30971 37.8959 161.35641 curveto
37.94261 161.40312 37.96886 161.46648 37.96886 161.53253 curveto closepath fill
newpath 35.8341 163.66728 moveto
35.8341 163.73334 35.80786 163.79669 35.76115 163.8434 curveto
35.71445 163.8901 35.6511 163.91635 35.58504 163.91635 curveto
35.51898 163.91635 35.45563 163.8901 35.40892 163.8434 curveto
35.36221 163.79669 35.33597 163.73334 35.33597 163.66728 curveto
35.33597 163.60123 35.36221 163.53787 35.40892 163.49117 curveto
35.45563 163.44446 35.51898 163.41821 35.58504 163.41821 curveto
35.6511 163.41821 35.71445 163.44446 35.76115 163.49117 curveto
35.80786 163.53787 35.8341 163.60123 35.8341 163.66728 curveto closepath fill
newpath 33.69937 165.80202 moveto
33.69937 165.86807 33.67313 165.93143 33.62642 165.97813 curveto
33.57971 166.02484 33.51636 166.05109 33.4503 166.05109 curveto
33.38425 166.05109 33.32089 166.02484 33.27419 165.97813 curveto
33.22748 165.93143 33.20123 165.86807 33.20123 165.80202 curveto
33.20123 165.73596 33.22748 165.6726 33.27419 165.6259 curveto
33.32089 165.5792 33.38425 165.55295 33.4503 165.55295 curveto
33.51636 165.55295 33.57971 165.5792 33.62642 165.6259 curveto
33.67313 165.6726 33.69937 165.73596 33.69937 165.80202 curveto closepath fill
newpath 31.56569 167.9357 moveto
31.56569 168.00175 31.53944 168.06511 31.49274 168.11182 curveto
31.44603 168.15852 31.38268 168.18477 31.31662 168.18477 curveto
31.25056 168.18477 31.18721 168.15852 31.1405 168.11182 curveto
31.0938 168.06511 31.06755 168.00175 31.06755 167.9357 curveto
31.06755 167.86964 31.0938 167.80629 31.1405 167.75958 curveto
31.18721 167.71288 31.25056 167.68663 31.31662 167.68663 curveto
31.38268 167.68663 31.44603 167.71288 31.49274 167.75958 curveto
31.53944 167.80629 31.56569 167.86964 31.56569 167.9357 curveto closepath fill
newpath 29.43095 170.07043 moveto
29.43095 170.13649 29.40471 170.19984 29.358 170.24655 curveto
29.3113 170.29326 29.24794 170.3195 29.18188 170.3195 curveto
29.11583 170.3195 29.05247 170.29326 29.00577 170.24655 curveto
28.95906 170.19984 28.93282 170.13649 28.93282 170.07043 curveto
28.93282 170.00438 28.95906 169.94102 29.00577 169.89432 curveto
29.05247 169.84761 29.11583 169.82137 29.18188 169.82137 curveto
29.24794 169.82137 29.3113 169.84761 29.358 169.89432 curveto
29.40471 169.94102 29.43095 170.00438 29.43095 170.07043 curveto closepath fill
newpath 87.65053 115.82819 moveto
83.42413 111.60179 lineto stroke
newpath 73.56155 129.91716 moveto
69.33516 125.69077 lineto stroke
newpath 59.47287 144.00613 moveto
55.24619 139.77945 lineto stroke
newpath 45.3839 158.0948 moveto
41.15752 153.86842 lineto stroke
 0.49814 0 dtransform exch truncate exch idtransform pop setlinewidth
newpath 19.92523 97.63364 moveto
19.92523 101.61868 lineto stroke
newpath 39.85046 97.63364 moveto
39.85046 101.61868 lineto stroke
newpath 59.7757 97.63364 moveto
59.7757 101.61868 lineto stroke
newpath 79.70093 97.63364 moveto
79.70093 101.61868 lineto stroke
newpath 119.55139 97.63364 moveto
119.55139 101.61868 lineto stroke
newpath 139.47662 97.63364 moveto
139.47662 101.61868 lineto stroke
newpath 159.40186 97.63364 moveto
159.40186 101.61868 lineto stroke
newpath 179.32709 97.63364 moveto
179.32709 101.61868 lineto stroke
newpath 99.62616 101.12056 moveto
99.2298 101.12056 98.84973 100.96307 98.56949 100.68283 curveto
98.28925 100.40259 98.13176 100.02252 98.13176 99.62616 curveto
98.13176 99.2298 98.28925 98.84973 98.56949 98.56949 curveto
98.84973 98.28925 99.2298 98.13176 99.62616 98.13176 curveto
100.02252 98.13176 100.40259 98.28925 100.68283 98.56949 curveto
100.96307 98.84973 101.12056 99.2298 101.12056 99.62616 curveto
101.12056 100.02252 100.96307 100.40259 100.68283 100.68283 curveto
100.40259 100.96307 100.02252 101.12056 99.62616 101.12056 curveto closepath fill
newpath 57.38477 143.36195 moveto
56.9884 143.36195 56.60834 143.20447 56.3281 142.92422 curveto
56.04785 142.64398 55.89037 142.26392 55.89037 141.86755 curveto
55.89037 141.47119 56.04785 141.09113 56.3281 140.81088 curveto
56.60834 140.53064 56.9884 140.37315 57.38477 140.37315 curveto
57.78113 140.37315 58.1612 140.53064 58.44144 140.81088 curveto
58.72168 141.09113 58.87917 141.47119 58.87917 141.86755 curveto
58.87917 142.26392 58.72168 142.64398 58.44144 142.92422 curveto
58.1612 143.20447 57.78113 143.36195 57.38477 143.36195 curveto closepath fill
newpath 70.10078 102.23112 moveto
70.10078 102.29718 70.07454 102.36053 70.02783 102.40724 curveto
69.98112 102.45395 69.91777 102.4802 69.85172 102.4802 curveto
69.78566 102.4802 69.7223 102.45395 69.6756 102.40724 curveto
69.62889 102.36053 69.60265 102.29718 69.60265 102.23112 curveto
69.60265 102.16507 69.62889 102.10172 69.6756 102.05501 curveto
69.7223 102.0083 69.78566 101.98206 69.85172 101.98206 curveto
69.91777 101.98206 69.98112 102.0083 70.02783 102.05501 curveto
70.07454 102.10172 70.10078 102.16507 70.10078 102.23112 curveto closepath fill
newpath 70.52025 105.24374 moveto
70.52025 105.3098 70.494 105.37315 70.4473 105.41986 curveto
70.40059 105.46657 70.33723 105.49281 70.27118 105.49281 curveto
70.20512 105.49281 70.14177 105.46657 70.09506 105.41986 curveto
70.04836 105.37315 70.02211 105.3098 70.02211 105.24374 curveto
70.02211 105.17769 70.04836 105.11433 70.09506 105.06763 curveto
70.14177 105.02092 70.20512 104.99467 70.27118 104.99467 curveto
70.33723 104.99467 70.40059 105.02092 70.4473 105.06763 curveto
70.494 105.11433 70.52025 105.17769 70.52025 105.24374 curveto closepath fill
newpath 71.24281 108.19823 moveto
71.24281 108.26428 71.21657 108.32764 71.16986 108.37434 curveto
71.12315 108.42105 71.0598 108.4473 70.99374 108.4473 curveto
70.92769 108.4473 70.86433 108.42105 70.81763 108.37434 curveto
70.77092 108.32764 70.74467 108.26428 70.74467 108.19823 curveto
70.74467 108.13217 70.77092 108.06882 70.81763 108.02211 curveto
70.86433 107.9754 70.92769 107.94916 70.99374 107.94916 curveto
71.0598 107.94916 71.12315 107.9754 71.16986 108.02211 curveto
71.21657 108.06882 71.24281 108.13217 71.24281 108.19823 curveto closepath fill
newpath 72.26224 111.06389 moveto
72.26224 111.12994 72.236 111.1933 72.18929 111.24 curveto
72.14258 111.28671 72.07922 111.31296 72.01317 111.31296 curveto
71.94711 111.31296 71.88376 111.28671 71.83705 111.24 curveto
71.79034 111.1933 71.7641 111.12994 71.7641 111.06389 curveto
71.7641 110.99783 71.79034 110.93448 71.83705 110.88777 curveto
71.88376 110.84106 71.94711 110.81482 72.01317 110.81482 curveto
72.07922 110.81482 72.14258 110.84106 72.18929 110.88777 curveto
72.236 110.93448 72.26224 110.99783 72.26224 111.06389 curveto closepath fill
newpath 73.56783 113.81099 moveto
73.56783 113.87704 73.54158 113.9404 73.49487 113.9871 curveto
73.44817 114.03381 73.38481 114.06006 73.31876 114.06006 curveto
73.2527 114.06006 73.18935 114.03381 73.14264 113.9871 curveto
73.09593 113.9404 73.06969 113.87704 73.06969 113.81099 curveto
73.06969 113.74493 73.09593 113.68158 73.14264 113.63487 curveto
73.18935 113.58817 73.2527 113.56192 73.31876 113.56192 curveto
73.38481 113.56192 73.44817 113.58817 73.49487 113.63487 curveto
73.54158 113.68158 73.56783 113.74493 73.56783 113.81099 curveto closepath fill
newpath 75.14575 116.4113 moveto
75.14575 116.47736 75.1195 116.54071 75.0728 116.58742 curveto
75.0261 116.63412 74.96274 116.66037 74.89668 116.66037 curveto
74.83063 116.66037 74.76727 116.63412 74.72057 116.58742 curveto
74.67386 116.54071 74.64761 116.47736 74.64761 116.4113 curveto
74.64761 116.34525 74.67386 116.28189 74.72057 116.23518 curveto
74.76727 116.18848 74.83063 116.16223 74.89668 116.16223 curveto
74.96274 116.16223 75.0261 116.18848 75.0728 116.23518 curveto
75.1195 116.28189 75.14575 116.34525 75.14575 116.4113 curveto closepath fill
newpath 76.97987 118.83781 moveto
76.97987 118.90387 76.95363 118.96722 76.90692 119.01393 curveto
76.86021 119.06064 76.79686 119.08688 76.7308 119.08688 curveto
76.66475 119.08688 76.6014 119.06064 76.55469 119.01393 curveto
76.50798 118.96722 76.48174 118.90387 76.48174 118.83781 curveto
76.48174 118.77176 76.50798 118.7084 76.55469 118.6617 curveto
76.6014 118.61499 76.66475 118.58875 76.7308 118.58875 curveto
76.79686 118.58875 76.86021 118.61499 76.90692 118.6617 curveto
76.95363 118.7084 76.97987 118.77176 76.97987 118.83781 curveto closepath fill
 0 0.49814 dtransform truncate idtransform setlinewidth pop
newpath 82.75404 98.15007 moveto
82.79692 97.65936 82.86137 97.17078 82.94681 96.68584 curveto
83.03224 96.20029 83.13896 95.7184 83.26665 95.24228 curveto
83.39404 94.76646 83.5424 94.29643 83.71085 93.83368 curveto
83.87927 93.37064 84.06778 92.9155 84.27605 92.46887 curveto
84.48431 92.02194 84.71234 91.58444 84.95891 91.15758 curveto
85.20517 90.731 85.46999 90.3154 85.75244 89.91194 curveto
86.03519 89.50818 86.33557 89.1166 86.65239 88.73897 curveto
86.96889 88.36166 87.3018 87.99864 87.65022 87.65022 curveto
87.99864 87.3018 88.36166 86.96858 88.73927 86.65208 curveto
89.11688 86.33527 89.50848 86.03488 89.91225 85.75214 curveto
90.3157 85.46968 90.73131 85.20486 91.15788 84.9586 curveto
91.58444 84.71234 92.02164 84.48492 92.46826 84.27666 curveto
92.91519 84.06839 93.37064 83.87958 93.83398 83.71085 curveto
94.29674 83.5424 94.76677 83.39435 95.24258 83.26665 curveto
95.7184 83.13925 96.19969 83.03255 96.68462 82.94711 curveto
97.17017 82.86168 97.65936 82.79692 98.15038 82.75404 curveto
98.64108 82.71118 99.13332 82.68959 99.62585 82.68959 curveto
100.1184 82.68959 100.61093 82.71118 101.10164 82.75404 curveto
101.59265 82.79692 102.08185 82.86168 102.5674 82.94711 curveto
103.05232 83.03255 103.53362 83.13925 104.00943 83.26665 curveto
104.48586 83.39435 104.95619 83.5424 105.41954 83.71115 curveto
105.88228 83.87958 106.33772 84.06808 106.78406 84.27635 curveto
107.23038 84.48462 107.66757 84.71204 108.09415 84.9583 curveto
108.52101 85.20486 108.93723 85.46999 109.34099 85.75275 curveto
109.74445 86.03519 110.13544 86.33527 110.51274 86.65178 curveto
110.89005 86.96858 111.25337 87.3015 111.60179 87.64992 curveto
111.95052 87.99864 112.28374 88.36197 112.60054 88.73958 curveto
112.91705 89.11688 113.21744 89.50818 113.49988 89.91164 curveto
113.78233 90.3151 114.04715 90.73071 114.29341 91.15727 curveto
114.53998 91.58414 114.7677 92.02164 114.97597 92.46857 curveto
115.18423 92.91489 115.37274 93.37033 115.54117 93.83308 curveto
115.70992 94.29643 115.85828 94.76677 115.98598 95.2432 curveto
116.11336 95.71901 116.21977 96.2 116.3052 96.68523 curveto
116.39064 97.17017 116.4551 97.65906 116.49797 98.14977 curveto
116.54083 98.64078 116.56273 99.13393 116.56273 99.62677 curveto
116.56273 100.11931 116.54114 100.61154 116.49828 101.10225 curveto
116.4554 101.59296 116.39095 102.08154 116.30551 102.56648 curveto
116.22008 103.05203 116.11336 103.53392 115.98567 104.01004 curveto
115.85828 104.48586 115.70992 104.95589 115.54147 105.41864 curveto
115.37305 105.88168 115.18454 106.33682 114.97627 106.78345 curveto
114.768 107.23038 114.53998 107.66788 114.29341 108.09474 curveto
114.04715 108.52132 113.78233 108.93692 113.49988 109.34038 curveto
113.21713 109.74414 112.91675 110.13573 112.59993 110.51335 curveto
112.28343 110.89066 111.95021 111.25368 111.60179 111.6021 curveto
111.25337 111.95052 110.89035 112.28374 110.51305 112.60023 curveto
110.13544 112.91705 109.74384 113.21744 109.34007 113.50018 curveto
108.93661 113.78264 108.52101 114.04745 108.09444 114.29372 curveto
107.66788 114.53998 107.23068 114.7674 106.78406 114.97566 curveto
106.33713 115.18393 105.88168 115.37274 105.41833 115.54147 curveto
104.95558 115.70992 104.48555 115.85797 104.00974 115.98567 curveto
103.53392 116.11307 103.05263 116.21977 102.5677 116.3052 curveto
102.08215 116.39064 101.59296 116.4554 101.10194 116.49828 curveto
100.61124 116.54114 100.119 116.56273 99.62646 116.56273 curveto
99.13393 116.56273 98.64139 116.54114 98.15068 116.49828 curveto
97.65967 116.4554 97.17047 116.39064 96.68492 116.3052 curveto
96.2 116.21977 95.7187 116.11307 95.24289 115.98567 curveto
94.76646 115.85797 94.29613 115.70992 93.83278 115.54117 curveto
93.37004 115.37274 92.9146 115.18423 92.46826 114.97597 curveto
92.02194 114.7677 91.58475 114.54028 91.15817 114.29402 curveto
90.73131 114.04745 90.3151 113.78233 89.91133 113.49957 curveto
89.50787 113.21713 89.11688 112.91675 88.73958 112.60023 curveto stroke
newpath 91.9898 113.37619 moveto
90.84465 113.64348 89.64049 113.35599 88.73958 112.60023 curveto
89.64049 113.35599 90.13301 114.4918 90.06894 115.66599 curveto stroke
showpage
%%EOF
