%!PS
%%BoundingBox: -1 -1 160 140 
%%HiResBoundingBox: -0.24907 -0.24907 159.65092 139.7257 
%%Creator: MetaPost 2.000
%%CreationDate: 2017.07.04:1542
%%Pages: 1
%%BeginProlog
%%EndProlog
%%Page: 1 1
 0 0 0 setrgbcolor 0 0.49814 dtransform truncate idtransform setlinewidth pop [] 0 setdash 1 setlinecap
 1 setlinejoin 10 setmiterlimit
newpath 0 69.73831 moveto
159.40186 69.73831 lineto stroke
newpath 154.42055 72.22897 moveto
155.59648 70.66106 157.44197 69.73831 159.40186 69.73831 curveto
157.44197 69.73831 155.59648 68.81557 154.42055 67.24765 curveto stroke
 0.49814 0 dtransform exch truncate exch idtransform pop setlinewidth
newpath 79.70093 0 moveto
79.70093 139.47662 lineto stroke
 0 0.49814 dtransform truncate idtransform setlinewidth pop
newpath 77.21027 134.49532 moveto
78.77818 135.67125 79.70093 137.51674 79.70093 139.47662 curveto
79.70093 137.51674 80.62367 135.67125 82.19159 134.49532 curveto stroke
 0.49814 0 dtransform exch truncate exch idtransform pop setlinewidth
newpath 19.92523 67.74579 moveto
19.92523 71.73083 lineto stroke
newpath 39.85046 67.74579 moveto
39.85046 71.73083 lineto stroke
newpath 59.7757 67.74579 moveto
59.7757 71.73083 lineto stroke
newpath 99.62616 67.74579 moveto
99.62616 71.73083 lineto stroke
newpath 119.55139 67.74579 moveto
119.55139 71.73083 lineto stroke
newpath 139.47662 67.74579 moveto
139.47662 71.73083 lineto stroke
 0 0.49814 dtransform truncate idtransform setlinewidth pop
newpath 81.69345 9.96262 moveto
77.7084 9.96262 lineto stroke
newpath 81.69345 29.88785 moveto
77.7084 29.88785 lineto stroke
newpath 81.69345 49.81308 moveto
77.7084 49.81308 lineto stroke
newpath 81.69345 89.66354 moveto
77.7084 89.66354 lineto stroke
newpath 81.69345 109.58878 moveto
77.7084 109.58878 lineto stroke
newpath 81.69345 129.514 moveto
77.7084 129.514 lineto stroke
newpath 139.47662 69.73831 moveto
139.47693 71.47649 139.38237 73.21373 139.19327 74.94156 curveto
139.00446 76.66727 138.7211 78.38112 138.3453 80.0758 curveto
137.97073 81.76593 137.50374 83.43417 136.94736 85.07353 curveto
136.3934 86.70528 135.75006 88.30573 135.021 89.86725 curveto
134.29404 91.4236 133.48166 92.93861 132.58902 94.40619 curveto
131.70457 95.85977 130.74078 97.2635 129.7019 98.611 curveto
128.67213 99.94691 127.56848 101.22417 126.39764 102.43878 curveto
125.23897 103.64095 124.01431 104.77803 122.72946 105.8449 curveto
121.45952 106.89958 120.13058 107.88162 118.75117 108.78856 curveto
117.3894 109.68364 115.97838 110.5015 114.52509 111.23877 curveto
113.09277 111.96542 111.62003 112.60936 110.11507 113.1703 curveto
108.6338 113.72243 107.12245 114.18883 105.58829 114.56947 curveto
104.08058 114.94344 102.55219 115.22954 101.01164 115.42838 curveto
99.49634 115.62418 97.971 115.7309 96.44322 115.75066 curveto
94.9498 115.7698 93.45699 115.70049 91.97177 115.54543 curveto
90.5185 115.3937 89.07555 115.15535 87.65022 114.83337 curveto
86.25775 114.51901 84.88594 114.12012 83.5409 113.64186 curveto
82.22867 113.17517 80.94687 112.62791 79.70093 112.00616 curveto
78.48721 111.40022 77.31273 110.71918 76.18233 109.96912 curveto
75.08264 109.23944 74.03036 108.44043 73.0304 107.5791 curveto
72.0587 106.7421 71.14235 105.84306 70.28467 104.88931 curveto
69.45251 103.96382 68.6821 102.98514 67.97673 101.95963 curveto
67.29114 100.963 66.67365 99.92168 66.12576 98.84328 curveto
65.59645 97.80104 65.13948 96.72385 64.75609 95.61958 curveto
64.38487 94.5503 64.08934 93.45638 63.86922 92.34634 curveto
63.6564 91.27188 63.5211 90.18344 63.46242 89.08952 curveto
63.40587 88.03088 63.42746 86.9695 63.52536 85.91388 curveto
63.62022 84.89142 63.79291 83.87746 64.03947 82.88052 curveto
64.27846 81.9143 64.59222 80.96783 64.97652 80.04935 curveto
65.34956 79.15793 65.79285 78.2975 66.3015 77.4757 curveto
66.79677 76.67578 67.3559 75.9172 67.9737 75.2079 curveto
68.57811 74.5141 69.23878 73.87137 69.94931 73.2867 curveto
70.64372 72.71512 71.38557 72.20343 72.16634 71.7568 curveto
72.93494 71.31717 73.73972 70.94441 74.57185 70.64252 curveto
75.39488 70.34395 76.24193 70.11745 77.10417 69.96542 curveto
77.96155 69.81432 78.83047 69.73831 79.70093 69.73831 curveto
80.57138 69.73831 81.4403 69.81432 82.29768 69.96542 curveto
83.15993 70.11745 84.00697 70.34395 84.83 70.64252 curveto
85.66214 70.94441 86.46692 71.31717 87.23552 71.7568 curveto
88.01628 72.20343 88.75813 72.71512 89.45255 73.2867 curveto
90.16307 73.87137 90.82375 74.5141 91.42816 75.2079 curveto
92.04596 75.9172 92.60509 76.67578 93.10036 77.4757 curveto
93.60901 78.2975 94.05229 79.15793 94.42534 80.04935 curveto
94.80963 80.96783 95.1234 81.9143 95.36238 82.88052 curveto
95.60895 83.87746 95.78163 84.89142 95.8765 85.91388 curveto
95.9744 86.9695 95.99599 88.03088 95.93944 89.08952 curveto
95.88075 90.18344 95.74545 91.27188 95.53264 92.34634 curveto
95.31252 93.45638 95.01698 94.5503 94.64577 95.61958 curveto
94.26237 96.72385 93.8054 97.80104 93.2761 98.84328 curveto
92.72821 99.92168 92.11072 100.963 91.42513 101.95963 curveto
90.71976 102.98514 89.94934 103.96382 89.11719 104.88931 curveto
88.2595 105.84306 87.34315 106.7421 86.37146 107.5791 curveto
85.37149 108.44043 84.31921 109.23944 83.21953 109.96912 curveto
82.08913 110.71918 80.91464 111.40022 79.70093 112.00616 curveto
78.45499 112.62791 77.17319 113.17517 75.86096 113.64186 curveto
74.51591 114.12012 73.1441 114.51901 71.75163 114.83337 curveto
70.32631 115.15535 68.88336 115.3937 67.43008 115.54543 curveto
65.94487 115.70049 64.45206 115.7698 62.95863 115.75066 curveto
61.43086 115.7309 59.90552 115.62418 58.39021 115.42838 curveto
56.84967 115.22954 55.32127 114.94344 53.81357 114.56947 curveto
52.2794 114.18883 50.76805 113.72243 49.28679 113.1703 curveto
47.78183 112.60936 46.30908 111.96542 44.87677 111.23877 curveto
43.42348 110.5015 42.01245 109.68364 40.65068 108.78856 curveto
39.27127 107.88162 37.94234 106.89958 36.6724 105.8449 curveto
35.38754 104.77803 34.16289 103.64095 33.00421 102.43878 curveto
31.83337 101.22417 30.72972 99.94691 29.69995 98.611 curveto
28.66107 97.2635 27.69728 95.85977 26.81284 94.40619 curveto
25.9202 92.93861 25.10782 91.4236 24.38086 89.86725 curveto
23.6518 88.30573 23.00845 86.70528 22.4545 85.07353 curveto
21.89812 83.43417 21.43112 81.76593 21.05655 80.0758 curveto
20.68076 78.38112 20.3974 76.66727 20.20859 74.94156 curveto
20.01949 73.21373 19.92523 71.47678 19.92523 69.73831 curveto
19.92523 67.99985 20.01949 66.2629 20.20859 64.53506 curveto
20.3974 62.80936 20.68076 61.0955 21.05655 59.40082 curveto
21.43112 57.7107 21.89812 56.04245 22.4545 54.40309 curveto
23.00845 52.77135 23.6518 51.1709 24.38086 49.60938 curveto
25.10782 48.05302 25.9202 46.53801 26.81284 45.07043 curveto
27.69728 43.61685 28.66107 42.21312 29.69995 40.86563 curveto
30.72972 39.52971 31.83337 38.25246 33.00421 37.03784 curveto
34.16289 35.83568 35.38754 34.6986 36.6724 33.63173 curveto
37.94234 32.57704 39.27127 31.595 40.65068 30.68806 curveto
42.01245 29.79298 43.42348 28.97513 44.87677 28.23785 curveto
46.30908 27.5112 47.78183 26.86726 49.28679 26.30632 curveto
50.76805 25.7542 52.2794 25.2878 53.81357 24.90715 curveto
55.32127 24.53319 56.84967 24.24709 58.39021 24.04825 curveto
59.90552 23.85245 61.43086 23.74573 62.95863 23.72597 curveto
64.45206 23.70682 65.94487 23.77614 67.43008 23.9312 curveto
68.88336 24.08292 70.32631 24.32127 71.75163 24.64325 curveto
73.1441 24.95761 74.51591 25.3565 75.86096 25.83476 curveto
77.17319 26.30145 78.45499 26.84871 79.70093 27.47046 curveto
80.91464 28.0764 82.08913 28.75745 83.21953 29.5075 curveto
84.31921 30.23718 85.37149 31.0362 86.37146 31.89752 curveto
87.34315 32.73453 88.2595 33.63356 89.11719 34.58731 curveto
89.94934 35.5128 90.71976 36.49149 91.42513 37.517 curveto
92.11072 38.51363 92.72821 39.55495 93.2761 40.63335 curveto
93.8054 41.67558 94.26237 42.75278 94.64577 43.85704 curveto
95.01698 44.92633 95.31252 46.02025 95.53264 47.13028 curveto
95.74545 48.20474 95.88075 49.29318 95.93944 50.3871 curveto
95.99599 51.44574 95.9744 52.50713 95.8765 53.56274 curveto
95.78163 54.5852 95.60895 55.59917 95.36238 56.5961 curveto
95.1234 57.56232 94.80963 58.50879 94.42534 59.42728 curveto
94.05229 60.3187 93.60901 61.17912 93.10036 62.00093 curveto
92.60509 62.80084 92.04596 63.55942 91.42816 64.26872 curveto
90.82375 64.96252 90.16307 65.60526 89.45255 66.18993 curveto
88.75813 66.7615 88.01628 67.2732 87.23552 67.71982 curveto
86.46692 68.15945 85.66214 68.53221 84.83 68.8341 curveto
84.00697 69.13268 83.15993 69.35918 82.29768 69.5112 curveto
81.4403 69.66231 80.57138 69.73831 79.70093 69.73831 curveto
78.83047 69.73831 77.96155 69.66231 77.10417 69.5112 curveto
76.24193 69.35918 75.39488 69.13268 74.57185 68.8341 curveto
73.73972 68.53221 72.93494 68.15945 72.16634 67.71982 curveto
71.38557 67.2732 70.64372 66.7615 69.94931 66.18993 curveto
69.23878 65.60526 68.57811 64.96252 67.9737 64.26872 curveto
67.3559 63.55942 66.79677 62.80084 66.3015 62.00093 curveto
65.79285 61.17912 65.34956 60.3187 64.97652 59.42728 curveto
64.59222 58.50879 64.27846 57.56232 64.03947 56.5961 curveto
63.79291 55.59917 63.62022 54.5852 63.52536 53.56274 curveto
63.42746 52.50713 63.40587 51.44574 63.46242 50.3871 curveto
63.5211 49.29318 63.6564 48.20474 63.86922 47.13028 curveto
64.08934 46.02025 64.38487 44.92633 64.75609 43.85704 curveto
65.13948 42.75278 65.59645 41.67558 66.12576 40.63335 curveto
66.67365 39.55495 67.29114 38.51363 67.97673 37.517 curveto
68.6821 36.49149 69.45251 35.5128 70.28467 34.58731 curveto
71.14235 33.63356 72.0587 32.73453 73.0304 31.89752 curveto
74.03036 31.0362 75.08264 30.23718 76.18233 29.5075 curveto
77.31273 28.75745 78.48721 28.0764 79.70093 27.47046 curveto
80.94687 26.84871 82.22867 26.30145 83.5409 25.83476 curveto
84.88594 25.3565 86.25775 24.95761 87.65022 24.64325 curveto
89.07555 24.32127 90.5185 24.08292 91.97177 23.9312 curveto
93.45699 23.77614 94.9498 23.70682 96.44322 23.72597 curveto
97.971 23.74573 99.49634 23.85245 101.01164 24.04825 curveto
102.55219 24.24709 104.08058 24.53319 105.58829 24.90715 curveto
107.12245 25.2878 108.6338 25.7542 110.11507 26.30632 curveto
111.62003 26.86726 113.09277 27.5112 114.52509 28.23785 curveto
115.97838 28.97513 117.3894 29.79298 118.75117 30.68806 curveto
120.13058 31.595 121.45952 32.57704 122.72946 33.63173 curveto
124.01431 34.6986 125.23897 35.83568 126.39764 37.03784 curveto
127.56848 38.25246 128.67213 39.52971 129.7019 40.86563 curveto
130.74078 42.21312 131.70457 43.61685 132.58902 45.07043 curveto
133.48166 46.53801 134.29404 48.05302 135.021 49.60938 curveto
135.75006 51.1709 136.3934 52.77135 136.94736 54.40309 curveto
137.50374 56.04245 137.97073 57.7107 138.3453 59.40082 curveto
138.7211 61.0955 139.00446 62.80936 139.19327 64.53506 curveto
139.38237 66.2629 139.47693 68.00014 139.47662 69.73831 curveto stroke
 0 1.025 dtransform truncate idtransform setlinewidth pop
newpath 79.70093 69.73831 moveto
80.57138 69.73831 81.4403 69.81432 82.29768 69.96542 curveto
83.15993 70.11745 84.00697 70.34395 84.83 70.64252 curveto
85.66214 70.94441 86.46692 71.31717 87.23552 71.7568 curveto
88.01628 72.20343 88.75813 72.71512 89.45255 73.2867 curveto
90.16307 73.87137 90.82375 74.5141 91.42816 75.2079 curveto
92.04596 75.9172 92.60509 76.67578 93.10036 77.4757 curveto
93.60901 78.2975 94.05229 79.15793 94.42534 80.04935 curveto
94.80963 80.96783 95.1234 81.9143 95.36238 82.88052 curveto
95.60895 83.87746 95.78163 84.89142 95.8765 85.91388 curveto
95.9744 86.9695 95.99599 88.03088 95.93944 89.08952 curveto
95.88075 90.18344 95.74545 91.27188 95.53264 92.34634 curveto
95.31252 93.45638 95.01698 94.5503 94.64577 95.61958 curveto
94.26237 96.72385 93.8054 97.80104 93.2761 98.84328 curveto
92.72821 99.92168 92.11072 100.963 91.42513 101.95963 curveto
90.71976 102.98514 89.94934 103.96382 89.11719 104.88931 curveto
88.2595 105.84306 87.34315 106.7421 86.37146 107.5791 curveto
85.37149 108.44043 84.31921 109.23944 83.21953 109.96912 curveto
82.08913 110.71918 80.91464 111.40022 79.70093 112.00616 curveto
78.45499 112.62791 77.17319 113.17517 75.86096 113.64186 curveto
74.51591 114.12012 73.1441 114.51901 71.75163 114.83337 curveto
70.32631 115.15535 68.88336 115.3937 67.43008 115.54543 curveto
65.94487 115.70049 64.45206 115.7698 62.95863 115.75066 curveto
61.43086 115.7309 59.90552 115.62418 58.39021 115.42838 curveto
56.84967 115.22954 55.32127 114.94344 53.81357 114.56947 curveto
52.2794 114.18883 50.76805 113.72243 49.28679 113.1703 curveto
47.78183 112.60936 46.30908 111.96542 44.87677 111.23877 curveto
43.42348 110.5015 42.01245 109.68364 40.65068 108.78856 curveto
39.27127 107.88162 37.94234 106.89958 36.6724 105.8449 curveto
35.38754 104.77803 34.16289 103.64095 33.00421 102.43878 curveto
31.83337 101.22417 30.72972 99.94691 29.69995 98.611 curveto
28.66107 97.2635 27.69728 95.85977 26.81284 94.40619 curveto
25.9202 92.93861 25.10782 91.4236 24.38086 89.86725 curveto
23.6518 88.30573 23.00845 86.70528 22.4545 85.07353 curveto
21.89812 83.43417 21.43112 81.76593 21.05655 80.0758 curveto
20.68076 78.38112 20.3974 76.66727 20.20859 74.94156 curveto
20.01949 73.21373 19.92523 71.47678 19.92523 69.73831 curveto
19.92523 67.99985 20.01949 66.2629 20.20859 64.53506 curveto
20.3974 62.80936 20.68076 61.0955 21.05655 59.40082 curveto
21.43112 57.7107 21.89812 56.04245 22.4545 54.40309 curveto
23.00845 52.77135 23.6518 51.1709 24.38086 49.60938 curveto
25.10782 48.05302 25.9202 46.53801 26.81284 45.07043 curveto
27.69728 43.61685 28.66107 42.21312 29.69995 40.86563 curveto
30.72972 39.52971 31.83337 38.25246 33.00421 37.03784 curveto
34.16289 35.83568 35.38754 34.6986 36.6724 33.63173 curveto
37.94234 32.57704 39.27127 31.595 40.65068 30.68806 curveto
42.01245 29.79298 43.42348 28.97513 44.87677 28.23785 curveto
46.30908 27.5112 47.78183 26.86726 49.28679 26.30632 curveto
50.76805 25.7542 52.2794 25.2878 53.81357 24.90715 curveto
55.32127 24.53319 56.84967 24.24709 58.39021 24.04825 curveto
59.90552 23.85245 61.43086 23.74573 62.95863 23.72597 curveto
64.45206 23.70682 65.94487 23.77614 67.43008 23.9312 curveto
68.88336 24.08292 70.32631 24.32127 71.75163 24.64325 curveto
73.1441 24.95761 74.51591 25.3565 75.86096 25.83476 curveto
77.17319 26.30145 78.45499 26.84871 79.70093 27.47046 curveto
80.91464 28.0764 82.08913 28.75745 83.21953 29.5075 curveto
84.31921 30.23718 85.37149 31.0362 86.37146 31.89752 curveto
87.34315 32.73453 88.2595 33.63356 89.11719 34.58731 curveto
89.94934 35.5128 90.71976 36.49149 91.42513 37.517 curveto
92.11072 38.51363 92.72821 39.55495 93.2761 40.63335 curveto
93.8054 41.67558 94.26237 42.75278 94.64577 43.85704 curveto
95.01698 44.92633 95.31252 46.02025 95.53264 47.13028 curveto
95.74545 48.20474 95.88075 49.29318 95.93944 50.3871 curveto
95.99599 51.44574 95.9744 52.50713 95.8765 53.56274 curveto
95.78163 54.5852 95.60895 55.59917 95.36238 56.5961 curveto
95.1234 57.56232 94.80963 58.50879 94.42534 59.42728 curveto
94.05229 60.3187 93.60901 61.17912 93.10036 62.00093 curveto
92.60509 62.80084 92.04596 63.55942 91.42816 64.26872 curveto
90.82375 64.96252 90.16307 65.60526 89.45255 66.18993 curveto
88.75813 66.7615 88.01628 67.2732 87.23552 67.71982 curveto
86.46692 68.15945 85.66214 68.53221 84.83 68.8341 curveto
84.00697 69.13268 83.15993 69.35918 82.29768 69.5112 curveto
81.4403 69.66231 80.57138 69.73831 79.70093 69.73831 curveto
78.83047 69.73831 77.96155 69.66231 77.10417 69.5112 curveto
76.24193 69.35918 75.39488 69.13268 74.57185 68.8341 curveto
73.73972 68.53221 72.93494 68.15945 72.16634 67.71982 curveto
71.38557 67.2732 70.64372 66.7615 69.94931 66.18993 curveto
69.23878 65.60526 68.57811 64.96252 67.9737 64.26872 curveto
67.3559 63.55942 66.79677 62.80084 66.3015 62.00093 curveto
65.79285 61.17912 65.34956 60.3187 64.97652 59.42728 curveto
64.59222 58.50879 64.27846 57.56232 64.03947 56.5961 curveto
63.79291 55.59917 63.62022 54.5852 63.52536 53.56274 curveto
63.42746 52.50713 63.40587 51.44574 63.46242 50.3871 curveto
63.5211 49.29318 63.6564 48.20474 63.86922 47.13028 curveto
64.08934 46.02025 64.38487 44.92633 64.75609 43.85704 curveto
65.13948 42.75278 65.59645 41.67558 66.12576 40.63335 curveto
66.67365 39.55495 67.29114 38.51363 67.97673 37.517 curveto
68.6821 36.49149 69.45251 35.5128 70.28467 34.58731 curveto
71.14235 33.63356 72.0587 32.73453 73.0304 31.89752 curveto
74.03036 31.0362 75.08264 30.23718 76.18233 29.5075 curveto
77.31273 28.75745 78.48721 28.0764 79.70093 27.47046 curveto
80.94687 26.84871 82.22867 26.30145 83.5409 25.83476 curveto
84.88594 25.3565 86.25775 24.95761 87.65022 24.64325 curveto
89.07555 24.32127 90.5185 24.08292 91.97177 23.9312 curveto
93.45699 23.77614 94.9498 23.70682 96.44322 23.72597 curveto
97.971 23.74573 99.49634 23.85245 101.01164 24.04825 curveto
102.55219 24.24709 104.08058 24.53319 105.58829 24.90715 curveto
107.12245 25.2878 108.6338 25.7542 110.11507 26.30632 curveto
111.62003 26.86726 113.09277 27.5112 114.52509 28.23785 curveto
115.97838 28.97513 117.3894 29.79298 118.75117 30.68806 curveto
120.13058 31.595 121.45952 32.57704 122.72946 33.63173 curveto
124.01431 34.6986 125.23897 35.83568 126.39764 37.03784 curveto
127.56848 38.25246 128.67213 39.52971 129.7019 40.86563 curveto
130.74078 42.21312 131.70457 43.61685 132.58902 45.07043 curveto
133.48166 46.53801 134.29404 48.05302 135.021 49.60938 curveto
135.75006 51.1709 136.3934 52.77135 136.94736 54.40309 curveto
137.50374 56.04245 137.97073 57.7107 138.3453 59.40082 curveto
138.7211 61.0955 139.00446 62.80936 139.19327 64.53506 curveto
139.38237 66.2629 139.47662 67.99985 139.47662 69.73831 curveto
139.47662 71.47678 139.38237 73.21373 139.19327 74.94156 curveto
139.00446 76.66727 138.7211 78.38112 138.3453 80.0758 curveto
137.97073 81.76593 137.50374 83.43417 136.94736 85.07353 curveto
136.3934 86.70528 135.75006 88.30573 135.021 89.86725 curveto
134.29404 91.4236 133.48166 92.93861 132.58902 94.40619 curveto
131.70457 95.85977 130.74078 97.2635 129.7019 98.611 curveto
128.67213 99.94691 127.56848 101.22417 126.39764 102.43878 curveto
125.23897 103.64095 124.01431 104.77803 122.72946 105.8449 curveto
121.45952 106.89958 120.13058 107.88162 118.75117 108.78856 curveto
117.3894 109.68364 115.97838 110.5015 114.52509 111.23877 curveto
113.09277 111.96542 111.62003 112.60936 110.11507 113.1703 curveto
108.6338 113.72243 107.12245 114.18883 105.58829 114.56947 curveto
104.08058 114.94344 102.55219 115.22954 101.01164 115.42838 curveto
99.49634 115.62418 97.971 115.7309 96.44322 115.75066 curveto
94.9498 115.7698 93.45699 115.70049 91.97177 115.54543 curveto
90.5185 115.3937 89.07555 115.15535 87.65022 114.83337 curveto
86.25775 114.51901 84.88594 114.12012 83.5409 113.64186 curveto
82.22867 113.17517 80.94687 112.62791 79.70093 112.00616 curveto
78.48721 111.40022 77.31273 110.71918 76.18233 109.96912 curveto
75.08264 109.23944 74.03036 108.44043 73.0304 107.5791 curveto
72.0587 106.7421 71.14235 105.84306 70.28467 104.88931 curveto
69.45251 103.96382 68.6821 102.98514 67.97673 101.95963 curveto
67.29114 100.963 66.67365 99.92168 66.12576 98.84328 curveto
65.59645 97.80104 65.13948 96.72385 64.75609 95.61958 curveto
64.38487 94.5503 64.08934 93.45638 63.86922 92.34634 curveto
63.6564 91.27188 63.5211 90.18344 63.46242 89.08952 curveto
63.40587 88.03088 63.42746 86.9695 63.52536 85.91388 curveto
63.62022 84.89142 63.79291 83.87746 64.03947 82.88052 curveto
64.27846 81.9143 64.59222 80.96783 64.97652 80.04935 curveto
65.34956 79.15793 65.79285 78.2975 66.3015 77.4757 curveto
66.79677 76.67578 67.3559 75.9172 67.9737 75.2079 curveto
68.57811 74.5141 69.23878 73.87137 69.94931 73.2867 curveto
70.64372 72.71512 71.38557 72.20343 72.16634 71.7568 curveto
72.93494 71.31717 73.73972 70.94441 74.57185 70.64252 curveto
75.39488 70.34395 76.24193 70.11745 77.10417 69.96542 curveto
77.96155 69.81432 78.83047 69.73831 79.70093 69.73831 curveto stroke
showpage
%%EOF
