%!PS
%%BoundingBox: -1 -1 150 61 
%%HiResBoundingBox: -0.24907 -0.24907 149.68831 60.02477 
%%Creator: MetaPost 2.000
%%CreationDate: 2017.07.04:1542
%%Pages: 1
%%BeginProlog
%%EndProlog
%%Page: 1 1
 0.7 setgray 0 0.49814 dtransform truncate idtransform setlinewidth pop [] 0 setdash 1 setlinecap
 1 setlinejoin 10 setmiterlimit
newpath 0 29.88785 moveto
149.43924 29.88785 lineto stroke
 0 0 0 setrgbcolor
newpath 144.45793 32.37851 moveto
145.63387 30.8106 147.47935 29.88785 149.43924 29.88785 curveto
147.47935 29.88785 145.63387 28.9651 144.45793 27.39719 curveto stroke
 0.7 setgray 0.49814 0 dtransform exch truncate exch idtransform pop setlinewidth
newpath 74.71962 0 moveto
74.71962 59.7757 lineto stroke
 0 0 0 setrgbcolor 0 0.49814 dtransform truncate idtransform setlinewidth pop
newpath 72.22896 54.79439 moveto
73.79688 55.97032 74.71962 57.81581 74.71962 59.7757 curveto
74.71962 57.81581 75.64236 55.97032 77.21028 54.79439 curveto stroke
 0.7 setgray 0.49814 0 dtransform exch truncate exch idtransform pop setlinewidth
newpath 14.94392 27.89532 moveto
14.94392 31.88037 lineto stroke
newpath 44.83177 27.89532 moveto
44.83177 31.88037 lineto stroke
newpath 104.60747 27.89532 moveto
104.60747 31.88037 lineto stroke
newpath 134.49532 27.89532 moveto
134.49532 31.88037 lineto stroke
 0 0.49814 dtransform truncate idtransform setlinewidth pop
newpath 76.71214 14.94392 moveto
72.7271 14.94392 lineto stroke
newpath 76.71214 44.83177 moveto
72.7271 44.83177 lineto stroke
 0.33 0.33 0.33 setrgbcolor
newpath 74.71962 29.88785 moveto
76.85486 29.88785 lineto stroke
newpath 81.1244 29.88785 moveto
85.39417 29.88785 lineto stroke
newpath 89.66353 29.88785 moveto
93.93286 29.88785 lineto stroke
newpath 98.20265 29.88785 moveto
102.4723 29.88785 lineto stroke
newpath 106.74179 29.88785 moveto
111.01135 29.88785 lineto stroke
newpath 115.28185 29.88785 moveto
119.55136 29.88785 lineto stroke
newpath 123.82097 29.88785 moveto
128.09048 29.88785 lineto stroke
newpath 132.361 29.88785 moveto
134.49532 29.88785 lineto stroke
 0 0 0 setrgbcolor
newpath 134.49532 31.38225 moveto
134.09895 31.38225 133.71889 31.22476 133.43864 30.94452 curveto
133.1584 30.66428 133.00092 30.28421 133.00092 29.88785 curveto
133.00092 29.49149 133.1584 29.11142 133.43864 28.83118 curveto
133.71889 28.55093 134.09895 28.39345 134.49532 28.39345 curveto
134.89168 28.39345 135.27174 28.55093 135.55199 28.83118 curveto
135.83223 29.11142 135.98972 29.49149 135.98972 29.88785 curveto
135.98972 30.28421 135.83223 30.66428 135.55199 30.94452 curveto
135.27174 31.22476 134.89168 31.38225 134.49532 31.38225 curveto closepath fill
 0.33 0.33 0.33 setrgbcolor
newpath 70.45166 29.13536 moveto
70.44914 29.00584 70.45233 28.87633 70.46146 28.74704 curveto
70.47081 28.61569 70.48586 28.48457 70.50684 28.3546 curveto
70.52827 28.22258 70.5554 28.09146 70.5887 27.96194 curveto
70.62245 27.83014 70.66212 27.6997 70.70773 27.57133 curveto
70.75401 27.44113 70.806 27.31297 70.8637 27.18756 curveto
70.9223 27.06032 70.9866 26.9356 71.05638 26.81406 curveto
71.12729 26.69046 71.20346 26.57007 71.28532 26.45355 curveto
71.36832 26.3352 71.45634 26.2205 71.5496 26.11014 curveto
71.64423 25.99818 71.74365 25.89032 71.84785 25.78725 curveto
71.95389 25.68236 72.06448 25.58226 72.17941 25.4874 curveto
72.2957 25.39117 72.41632 25.30042 72.54083 25.21513 curveto
72.66716 25.12871 72.79736 25.04776 72.93076 24.97298 curveto
73.06621 24.89703 73.20485 24.82681 73.34645 24.76341 curveto
73.4901 24.69911 73.63649 24.64119 73.7854 24.58989 curveto
73.93613 24.5379 74.08913 24.49252 74.24396 24.45421 curveto
74.40083 24.41545 74.55954 24.3833 74.71939 24.35867 curveto
74.88152 24.33359 75.04478 24.3158 75.20851 24.30531 curveto
75.37405 24.29482 75.54005 24.2914 75.70605 24.2955 curveto
75.87411 24.29984 76.04195 24.31123 76.20886 24.3304 curveto
76.37805 24.34978 76.54611 24.37668 76.7128 24.41112 curveto
76.88176 24.446 77.0489 24.48819 77.214 24.5379 curveto
77.38113 24.58829 77.546 24.64598 77.70813 24.71097 curveto
77.87254 24.77687 78.03375 24.85007 78.19154 24.93033 curveto
78.35094 25.0115 78.50668 25.0993 78.65831 25.19438 curveto
78.81178 25.29062 78.96068 25.39322 79.10503 25.50267 curveto
79.25096 25.6135 79.3921 25.73024 79.52779 25.85338 curveto
79.66483 25.97789 79.7964 26.10854 79.92204 26.2449 curveto
80.04904 26.38286 80.17036 26.52606 80.28459 26.67473 curveto
80.4002 26.825 80.50897 26.98051 80.6109 27.14037 curveto
80.7142 27.30249 80.8102 27.46872 80.89867 27.63928 curveto
80.98805 27.81145 81.06946 27.98747 81.14311 28.16693 curveto
81.21745 28.34845 81.28427 28.53291 81.3424 28.72012 curveto
81.40125 28.90962 81.45163 29.10138 81.49336 29.29521 curveto
81.53555 29.49109 81.56908 29.68878 81.5937 29.88762 curveto
81.61855 30.08875 81.63496 30.29077 81.64204 30.49326 curveto
81.64934 30.6978 81.6475 30.90279 81.63657 31.1071 curveto
81.6254 31.31392 81.60556 31.5203 81.57614 31.72528 curveto
81.5465 31.9321 81.50774 32.13802 81.46007 32.34142 curveto
81.41196 32.54686 81.35449 32.75049 81.28838 32.95093 curveto
81.22156 33.15341 81.14563 33.35316 81.06104 33.54904 curveto
80.97552 33.74696 80.8818 33.94101 80.77919 34.13051 curveto
80.67566 34.32205 80.56393 34.5088 80.44376 34.6903 curveto
80.32222 34.8741 80.19293 35.05241 80.05566 35.22458 curveto
79.91725 35.39833 79.77155 35.5657 79.6183 35.72646 curveto
79.4637 35.88881 79.30203 36.04433 79.13374 36.19232 curveto
78.96387 36.34167 78.78738 36.48373 78.60497 36.61758 curveto
78.42072 36.7528 78.23077 36.87982 78.03535 36.99815 curveto
77.8381 37.11765 77.63585 37.2287 77.4288 37.3304 curveto
77.21992 37.433 77.0065 37.52628 76.78941 37.61018 curveto
76.56982 37.695 76.34682 37.77003 76.1206 37.83502 curveto
75.8928 37.90047 75.66205 37.95633 75.42923 38.00148 curveto
75.19414 38.04707 74.95746 38.08243 74.71939 38.10706 curveto
74.47928 38.13191 74.23825 38.1465 73.99678 38.15015 curveto
73.75325 38.1538 73.50972 38.14719 73.26663 38.1294 curveto
73.02151 38.11162 72.7773 38.08311 72.53467 38.04366 curveto
72.28955 38.00398 72.04646 37.95314 71.80568 37.89203 curveto
71.56328 37.83046 71.32385 37.75818 71.08784 37.6754 curveto
70.8498 37.59193 70.61537 37.49821 70.38576 37.39401 curveto
70.15408 37.2889 69.92697 37.17397 69.70532 37.04901 curveto
69.48186 36.92291 69.26387 36.78723 69.05226 36.64198 curveto
68.83905 36.49559 68.632 36.34007 68.43248 36.17545 curveto
68.23114 36.00945 68.03731 35.83478 67.85147 35.65167 curveto
67.6638 35.46674 67.48412 35.27382 67.31332 35.07317 curveto
67.1414 34.87114 66.97836 34.6618 66.82489 34.4454 curveto
66.67029 34.22742 66.52504 34.00258 66.39005 33.77182 curveto
66.25392 33.53923 66.12828 33.30049 66.01312 33.05673 curveto
65.89706 32.81091 65.79193 32.56032 65.698 32.30537 curveto
65.60336 32.0484 65.51967 31.78754 65.44807 31.52303 curveto
65.3758 31.25623 65.31491 30.98648 65.26634 30.71422 curveto
65.21732 30.44035 65.18037 30.16444 65.15552 29.88739 curveto
65.13066 29.60806 65.11766 29.32782 65.11743 29.04758 curveto
65.1172 28.76505 65.12907 28.48253 65.15369 28.20114 curveto
65.17854 27.91748 65.21548 27.63518 65.26497 27.3547 curveto
65.31468 27.07217 65.37694 26.79193 65.45126 26.51488 curveto
65.52629 26.23578 65.61339 25.95987 65.71281 25.68852 curveto
65.81314 25.41466 65.92511 25.14513 66.04892 24.88107 curveto
66.17343 24.61543 66.30956 24.35548 66.45686 24.10168 curveto
66.6053 23.84607 66.76492 23.59729 66.93526 23.3558 curveto
67.10696 23.1125 67.28893 22.87672 67.48116 22.64938 curveto
67.67474 22.42044 67.87837 22.20018 68.09135 21.98924 curveto
68.30592 21.77673 68.52985 21.57333 68.7622 21.38042 curveto
68.99617 21.18614 69.23856 21.00189 69.4887 20.82883 curveto
69.74112 20.65439 70.00084 20.49089 70.26764 20.33925 curveto
70.5358 20.1867 70.81056 20.04578 71.09103 19.9174 curveto
71.37357 19.78812 71.66133 19.67113 71.95412 19.56693 curveto
72.24896 19.46204 72.54836 19.37015 72.85117 19.2917 curveto
73.15605 19.2128 73.46434 19.1469 73.7749 19.09491 curveto
74.08775 19.04247 74.40266 19.00371 74.71893 18.97885 curveto
75.03795 18.954 75.35764 18.94305 75.67755 18.94601 curveto
75.99907 18.9492 76.32036 18.96608 76.64029 18.99731 curveto
76.96248 19.02878 77.2831 19.07439 77.60118 19.13391 curveto
77.92157 19.19388 78.23898 19.26776 78.55273 19.35577 curveto
78.86879 19.44424 79.18073 19.5464 79.48764 19.66225 curveto
79.79662 19.77876 80.10013 19.90874 80.3977 20.05194 curveto
80.6971 20.19604 80.99034 20.35294 81.27606 20.52281 curveto
81.56406 20.69406 81.84453 20.87762 82.11656 21.0735 curveto
82.38974 21.27005 82.65425 21.4787 82.90918 21.69852 curveto
83.16594 21.91992 83.41266 22.15228 83.6489 22.39537 curveto
83.8865 22.64003 84.11362 22.89452 84.32887 23.15903 curveto
84.5455 23.42513 84.75072 23.70059 84.9434 23.98471 curveto
85.13722 24.27065 85.31851 24.5648 85.48656 24.86649 curveto
85.65599 25.17067 85.81195 25.48193 85.95401 25.79956 curveto
86.09676 26.1188 86.22559 26.4442 86.33983 26.77484 curveto
86.45476 27.1073 86.55508 27.44478 86.64037 27.78613 curveto
86.72633 28.12953 86.79703 28.4766 86.85266 28.82639 curveto stroke
 0 0 0 setrgbcolor
newpath 84.90733 26.1094 moveto
85.94724 26.65843 86.66795 27.66504 86.85266 28.82639 curveto
86.66795 27.66504 87.0408 26.48451 87.85905 25.63995 curveto stroke
showpage
%%EOF
