%!PS
%%BoundingBox: -1 -1 152 190 
%%HiResBoundingBox: -0.24907 -0.24907 151.68083 189.53877 
%%Creator: MetaPost 2.000
%%CreationDate: 2017.07.04:1542
%%Pages: 1
%%BeginProlog
%%EndProlog
%%Page: 1 1
 0 0 0 setrgbcolor 0 0.49814 dtransform truncate idtransform setlinewidth pop [] 0 setdash 1 setlinecap
 1 setlinejoin 10 setmiterlimit
newpath 0 94.64485 moveto
151.43176 94.64485 lineto stroke
newpath 146.45045 97.13551 moveto
147.62639 95.5676 149.47188 94.64485 151.43176 94.64485 curveto
149.47188 94.64485 147.62639 93.7221 146.45045 92.15419 curveto stroke
 0.49814 0 dtransform exch truncate exch idtransform pop setlinewidth
newpath 75.71588 0 moveto
75.71588 189.2897 lineto stroke
 0 0.49814 dtransform truncate idtransform setlinewidth pop
newpath 73.22522 184.3084 moveto
74.79314 185.48433 75.71588 187.32982 75.71588 189.2897 curveto
75.71588 187.32982 76.63863 185.48433 78.20654 184.3084 curveto stroke
 0.49814 0 dtransform exch truncate exch idtransform pop setlinewidth
newpath 18.92897 92.65233 moveto
18.92897 96.63737 lineto stroke
newpath 37.85794 92.65233 moveto
37.85794 96.63737 lineto stroke
newpath 56.78691 92.65233 moveto
56.78691 96.63737 lineto stroke
newpath 94.64485 92.65233 moveto
94.64485 96.63737 lineto stroke
newpath 113.57382 92.65233 moveto
113.57382 96.63737 lineto stroke
newpath 132.50279 92.65233 moveto
132.50279 96.63737 lineto stroke
 0 0.49814 dtransform truncate idtransform setlinewidth pop
newpath 77.7084 18.92897 moveto
73.72336 18.92897 lineto stroke
newpath 77.7084 37.85794 moveto
73.72336 37.85794 lineto stroke
newpath 77.7084 56.78691 moveto
73.72336 56.78691 lineto stroke
newpath 77.7084 75.71588 moveto
73.72336 75.71588 lineto stroke
newpath 77.7084 113.57382 moveto
73.72336 113.57382 lineto stroke
newpath 77.7084 132.50279 moveto
73.72336 132.50279 lineto stroke
newpath 77.7084 151.43176 moveto
73.72336 151.43176 lineto stroke
newpath 77.7084 170.36073 moveto
73.72336 170.36073 lineto stroke
 0 1.24533 dtransform truncate idtransform setlinewidth pop
newpath 75.71588 94.64485 moveto
77.6216 94.64456 79.52386 94.81093 81.4007 95.14194 curveto
83.27753 95.47293 85.12202 95.96684 86.91278 96.61874 curveto
88.70587 97.2715 90.43857 98.07907 92.09128 99.0331 curveto
93.74167 99.98596 95.3057 101.0815 96.76547 102.30644 curveto
98.22551 103.53168 99.5758 104.88196 100.80104 106.34201 curveto
102.02628 107.80206 103.12181 109.36581 104.07468 111.0165 curveto
105.02869 112.66891 105.83598 114.40161 106.48874 116.19441 curveto
107.14093 117.98546 107.6354 119.83023 107.96642 121.70737 curveto
108.29742 123.5842 108.46321 125.48645 108.46321 127.39218 curveto
108.46321 129.29819 108.29742 131.20073 107.96642 133.07787 curveto
107.6354 134.9544 107.14064 136.79832 106.48874 138.58908 curveto
105.83598 140.38216 105.02869 142.11516 104.07468 143.76787 curveto
103.12181 145.41855 102.02628 146.98228 100.80104 148.44205 curveto
99.5758 149.90181 98.22551 151.25182 96.76547 152.47676 curveto
95.30542 153.7017 93.74167 154.79724 92.09128 155.7501 curveto
90.43857 156.7044 88.70615 157.51286 86.91307 158.16562 curveto
85.12231 158.81752 83.27753 159.31142 81.4007 159.64243 curveto
79.52386 159.97314 77.6216 160.13922 75.71588 160.13922 curveto
73.81017 160.13922 71.9079 159.97314 70.03107 159.64243 curveto
68.15424 159.31142 66.30945 158.81752 64.51869 158.16562 curveto
62.72562 157.51286 60.9932 156.7044 59.34048 155.7501 curveto
57.6901 154.79724 56.12634 153.7017 54.66629 152.47676 curveto
53.20625 151.25182 51.85596 149.90181 50.63072 148.44205 curveto
49.40549 146.98228 48.30995 145.41855 47.35709 143.76787 curveto
46.40308 142.11516 45.59578 140.38216 44.94302 138.58908 curveto
44.29112 136.79832 43.79636 134.9544 43.46535 133.07787 curveto
43.13434 131.20073 42.96855 129.29819 42.96855 127.39218 curveto
42.96855 125.48645 43.13434 123.5842 43.46535 121.70737 curveto
43.79636 119.83023 44.29083 117.98546 44.94302 116.19441 curveto
45.59578 114.40161 46.40308 112.66891 47.35709 111.0165 curveto
48.30995 109.36581 49.40549 107.80206 50.63072 106.34201 curveto
51.85596 104.88196 53.20625 103.53168 54.66629 102.30644 curveto
56.12607 101.0815 57.6901 99.98596 59.34048 99.0331 curveto
60.9932 98.07907 62.72589 97.2715 64.51898 96.61874 curveto
66.30974 95.96684 68.15424 95.47293 70.03107 95.14194 curveto
71.9079 94.81093 73.81017 94.64485 75.71588 94.64485 curveto
77.6216 94.64485 79.52386 94.81093 81.4007 95.14194 curveto
83.27753 95.47293 85.12202 95.96684 86.91278 96.61874 curveto
88.70587 97.2715 90.43857 98.07907 92.09128 99.0331 curveto
93.74167 99.98596 95.3057 101.0815 96.76547 102.30644 curveto
98.22551 103.53168 99.5758 104.88196 100.80104 106.34201 curveto
102.02628 107.80206 103.12181 109.36581 104.07468 111.0165 curveto
105.02869 112.66891 105.83598 114.40161 106.48874 116.19441 curveto
107.14093 117.98546 107.6354 119.83023 107.96642 121.70737 curveto
108.29742 123.5842 108.46321 125.48645 108.46321 127.39218 curveto
108.46321 129.29819 108.29742 131.20073 107.96642 133.07787 curveto
107.6354 134.9544 107.14064 136.79832 106.48874 138.58908 curveto
105.83598 140.38216 105.02869 142.11516 104.07468 143.76787 curveto
103.12181 145.41855 102.02628 146.98228 100.80104 148.44205 curveto
99.5758 149.90181 98.22551 151.25182 96.76547 152.47676 curveto
95.30542 153.7017 93.74167 154.79724 92.09128 155.7501 curveto
90.43857 156.7044 88.70615 157.51286 86.91307 158.16562 curveto
85.12231 158.81752 83.27753 159.31142 81.4007 159.64243 curveto
79.52386 159.97314 77.6216 160.13922 75.71588 160.13922 curveto
73.81017 160.13922 71.9079 159.97314 70.03107 159.64243 curveto
68.15424 159.31142 66.30945 158.81752 64.51869 158.16562 curveto
62.72562 157.51286 60.9932 156.7044 59.34048 155.7501 curveto
57.6901 154.79724 56.12634 153.7017 54.66629 152.47676 curveto
53.20625 151.25182 51.85596 149.90181 50.63072 148.44205 curveto
49.40549 146.98228 48.30995 145.41855 47.35709 143.76787 curveto
46.40308 142.11516 45.59578 140.38216 44.94302 138.58908 curveto
44.29112 136.79832 43.79636 134.9544 43.46535 133.07787 curveto
43.13434 131.20073 42.96855 129.29819 42.96855 127.39218 curveto
42.96855 125.48645 43.13434 123.5842 43.46535 121.70737 curveto
43.79636 119.83023 44.29083 117.98546 44.94302 116.19441 curveto
45.59578 114.40161 46.40308 112.66891 47.35709 111.0165 curveto
48.30995 109.36581 49.40549 107.80206 50.63072 106.34201 curveto
51.85596 104.88196 53.20625 103.53168 54.66629 102.30644 curveto
56.12607 101.0815 57.6901 99.98596 59.34048 99.0331 curveto
60.9932 98.07907 62.72589 97.2715 64.51898 96.61874 curveto
66.30974 95.96684 68.15424 95.47293 70.03107 95.14194 curveto
71.9079 94.81093 73.81017 94.64456 75.71588 94.64485 curveto stroke
newpath 113.57382 94.64485 moveto
113.57411 95.74646 113.47794 96.84605 113.28673 97.93091 curveto
113.09552 99.01576 112.80986 100.08214 112.43294 101.11731 curveto
112.05542 102.15364 111.58838 103.15503 111.03671 104.1102 curveto
110.4859 105.06422 109.85278 105.96826 109.14456 106.81224 curveto
108.43663 107.6562 107.6562 108.43663 106.81253 109.14485 curveto
105.96855 109.85307 105.06451 110.48648 104.11049 111.0373 curveto
103.15532 111.58867 102.15337 112.05542 101.11702 112.43265 curveto
100.08214 112.80928 99.01605 113.09552 97.93149 113.28673 curveto
96.84634 113.47794 95.74675 113.57382 94.64485 113.57382 curveto
93.54324 113.57382 92.44365 113.47794 91.3588 113.28673 curveto
90.27365 113.09523 89.20728 112.80957 88.1721 112.43265 curveto
87.13577 112.05542 86.13438 111.58867 85.17921 111.0373 curveto
84.22519 110.48648 83.32115 109.85307 82.47717 109.14485 curveto
81.63321 108.43663 80.85278 107.6562 80.14456 106.81224 curveto
79.43634 105.96826 78.80322 105.06422 78.25241 104.1102 curveto
77.70103 103.15503 77.234 102.15364 76.85677 101.11731 curveto
76.47984 100.08214 76.19447 99.01576 76.00327 97.93091 curveto
75.81206 96.84605 75.71588 95.74646 75.71588 94.64485 curveto
75.71588 93.54324 75.81206 92.44365 76.00327 91.3588 curveto
76.19447 90.27394 76.47984 89.20757 76.85677 88.1724 curveto
77.234 87.13606 77.70103 86.13467 78.25241 85.1795 curveto
78.80322 84.22548 79.43634 83.32144 80.14456 82.47746 curveto
80.85278 81.6335 81.63321 80.85307 82.47717 80.14485 curveto
83.32115 79.43663 84.22519 78.80322 85.17921 78.25241 curveto
86.13438 77.70103 87.13577 77.23428 88.1721 76.85706 curveto
89.20728 76.48013 90.27365 76.19447 91.3588 76.00298 curveto
92.44365 75.81177 93.54324 75.71588 94.64485 75.71588 curveto
95.74675 75.71588 96.84634 75.81177 97.93149 76.00298 curveto
99.01605 76.19418 100.08214 76.48042 101.11702 76.85706 curveto
102.15337 77.23428 103.15532 77.70103 104.11049 78.25241 curveto
105.06451 78.80322 105.96855 79.43663 106.81253 80.14485 curveto
107.6562 80.85307 108.43663 81.6335 109.14456 82.47746 curveto
109.85278 83.32144 110.4859 84.22548 111.03671 85.1795 curveto
111.58838 86.13467 112.05542 87.13606 112.43294 88.1724 curveto
112.80986 89.20757 113.09552 90.27394 113.28673 91.3588 curveto
113.47794 92.44365 113.57382 93.54324 113.57382 94.64485 curveto
113.57382 95.74646 113.47794 96.84605 113.28673 97.93091 curveto
113.09552 99.01576 112.80986 100.08214 112.43294 101.11731 curveto
112.05542 102.15364 111.58838 103.15503 111.03671 104.1102 curveto
110.4859 105.06422 109.85278 105.96826 109.14456 106.81224 curveto
108.43663 107.6562 107.6562 108.43663 106.81253 109.14485 curveto
105.96855 109.85307 105.06451 110.48648 104.11049 111.0373 curveto
103.15532 111.58867 102.15337 112.05542 101.11702 112.43265 curveto
100.08214 112.80928 99.01605 113.09552 97.93149 113.28673 curveto
96.84634 113.47794 95.74675 113.57382 94.64485 113.57382 curveto
93.54324 113.57382 92.44365 113.47794 91.3588 113.28673 curveto
90.27365 113.09523 89.20728 112.80957 88.1721 112.43265 curveto
87.13577 112.05542 86.13438 111.58867 85.17921 111.0373 curveto
84.22519 110.48648 83.32115 109.85307 82.47717 109.14485 curveto
81.63321 108.43663 80.85278 107.6562 80.14456 106.81224 curveto
79.43634 105.96826 78.80322 105.06422 78.25241 104.1102 curveto
77.70103 103.15503 77.234 102.15364 76.85677 101.11731 curveto
76.47984 100.08214 76.19447 99.01576 76.00327 97.93091 curveto
75.81206 96.84605 75.71588 95.74646 75.71588 94.64485 curveto
75.71588 93.54324 75.81206 92.44365 76.00327 91.3588 curveto
76.19447 90.27394 76.47984 89.20757 76.85677 88.1724 curveto
77.234 87.13606 77.70103 86.13467 78.25241 85.1795 curveto
78.80322 84.22548 79.43634 83.32144 80.14456 82.47746 curveto
80.85278 81.6335 81.63321 80.85307 82.47717 80.14485 curveto
83.32115 79.43663 84.22519 78.80322 85.17921 78.25241 curveto
86.13438 77.70103 87.13577 77.23428 88.1721 76.85706 curveto
89.20728 76.48013 90.27365 76.19447 91.3588 76.00298 curveto
92.44365 75.81177 93.54324 75.71588 94.64485 75.71588 curveto
95.74675 75.71588 96.84634 75.81177 97.93149 76.00298 curveto
99.01605 76.19418 100.08214 76.48042 101.11702 76.85706 curveto
102.15337 77.23428 103.15532 77.70103 104.11049 78.25241 curveto
105.06451 78.80322 105.96855 79.43663 106.81253 80.14485 curveto
107.6562 80.85307 108.43663 81.6335 109.14456 82.47746 curveto
109.85278 83.32144 110.4859 84.22548 111.03671 85.1795 curveto
111.58838 86.13467 112.05542 87.13606 112.43294 88.1724 curveto
112.80986 89.20757 113.09552 90.27394 113.28673 91.3588 curveto
113.47794 92.44365 113.57411 93.54324 113.57382 94.64485 curveto stroke
showpage
%%EOF
