%!PS
%%BoundingBox: 52 5 150 98 
%%HiResBoundingBox: 52.05466 5.97755 149.68831 97.38458 
%%Creator: MetaPost 2.000
%%CreationDate: 2017.07.04:1542
%%Pages: 1
%%BeginProlog
%%EndProlog
%%Page: 1 1
 0 0 0 setrgbcolor 0 0.49814 dtransform truncate idtransform setlinewidth pop [] 0 setdash 1 setlinecap
 1 setlinejoin 10 setmiterlimit
newpath 74.71962 74.71962 moveto
149.43924 74.71962 lineto stroke
newpath 146.45045 76.21402 moveto
147.156 75.27327 148.2633 74.71962 149.43924 74.71962 curveto
148.2633 74.71962 147.156 74.16597 146.45045 73.22522 curveto stroke
newpath 74.71962 76.21402 moveto
74.32326 76.21402 73.94319 76.05653 73.66295 75.77629 curveto
73.3827 75.49605 73.22522 75.11598 73.22522 74.71962 curveto
73.22522 74.32326 73.3827 73.94319 73.66295 73.66295 curveto
73.94319 73.3827 74.32326 73.22522 74.71962 73.22522 curveto
75.11598 73.22522 75.49605 73.3827 75.77629 73.66295 curveto
76.05653 73.94319 76.21402 74.32326 76.21402 74.71962 curveto
76.21402 75.11598 76.05653 75.49605 75.77629 75.77629 curveto
75.49605 76.05653 75.11598 76.21402 74.71962 76.21402 curveto closepath fill
newpath 74.71962 8.96635 moveto
74.32326 8.96635 73.94319 8.80887 73.66295 8.52863 curveto
73.3827 8.24838 73.22522 7.86832 73.22522 7.47195 curveto
73.22522 7.07559 73.3827 6.69553 73.66295 6.41528 curveto
73.94319 6.13504 74.32326 5.97755 74.71962 5.97755 curveto
75.11598 5.97755 75.49605 6.13504 75.77629 6.41528 curveto
76.05653 6.69553 76.21402 7.07559 76.21402 7.47195 curveto
76.21402 7.86832 76.05653 8.24838 75.77629 8.52863 curveto
75.49605 8.80887 75.11598 8.96635 74.71962 8.96635 curveto closepath fill
newpath 82.44066 74.71962 moveto
82.44066 74.78568 82.41441 74.84903 82.3677 74.89574 curveto
82.321 74.94244 82.25764 74.96869 82.19159 74.96869 curveto
82.12553 74.96869 82.06218 74.94244 82.01547 74.89574 curveto
81.96877 74.84903 81.94252 74.78568 81.94252 74.71962 curveto
81.94252 74.65356 81.96877 74.59021 82.01547 74.5435 curveto
82.06218 74.4968 82.12553 74.47055 82.19159 74.47055 curveto
82.25764 74.47055 82.321 74.4968 82.3677 74.5435 curveto
82.41441 74.59021 82.44066 74.65356 82.44066 74.71962 curveto closepath fill
newpath 82.6729 71.72797 moveto
82.6729 71.79402 82.64665 71.85738 82.59995 71.90408 curveto
82.55324 71.95079 82.48988 71.97704 82.42383 71.97704 curveto
82.35777 71.97704 82.29442 71.95079 82.24771 71.90408 curveto
82.201 71.85738 82.17476 71.79402 82.17476 71.72797 curveto
82.17476 71.66191 82.201 71.59856 82.24771 71.55185 curveto
82.29442 71.50514 82.35777 71.4789 82.42383 71.4789 curveto
82.48988 71.4789 82.55324 71.50514 82.59995 71.55185 curveto
82.64665 71.59856 82.6729 71.66191 82.6729 71.72797 curveto closepath fill
newpath 81.78732 68.85779 moveto
81.78732 68.92384 81.76108 68.9872 81.71437 69.0339 curveto
81.66766 69.08061 81.60431 69.10686 81.53825 69.10686 curveto
81.4722 69.10686 81.40884 69.08061 81.36214 69.0339 curveto
81.31543 68.9872 81.28918 68.92384 81.28918 68.85779 curveto
81.28918 68.79173 81.31543 68.72838 81.36214 68.68167 curveto
81.40884 68.63496 81.4722 68.60872 81.53825 68.60872 curveto
81.60431 68.60872 81.66766 68.63496 81.71437 68.68167 curveto
81.76108 68.72838 81.78732 68.79173 81.78732 68.85779 curveto closepath fill
newpath 79.98187 66.45369 moveto
79.98187 66.51974 79.95563 66.5831 79.90892 66.6298 curveto
79.86221 66.67651 79.79886 66.70276 79.7328 66.70276 curveto
79.66675 66.70276 79.6034 66.67651 79.55669 66.6298 curveto
79.50998 66.5831 79.48373 66.51974 79.48373 66.45369 curveto
79.48373 66.38763 79.50998 66.32428 79.55669 66.27757 curveto
79.6034 66.23087 79.66675 66.20462 79.7328 66.20462 curveto
79.79886 66.20462 79.86221 66.23087 79.90892 66.27757 curveto
79.95563 66.32428 79.98187 66.38763 79.98187 66.45369 curveto closepath fill
newpath 77.51096 64.73778 moveto
77.51096 64.80383 77.48471 64.86719 77.438 64.9139 curveto
77.3913 64.9606 77.32794 64.98685 77.26189 64.98685 curveto
77.19583 64.98685 77.13248 64.9606 77.08577 64.9139 curveto
77.03906 64.86719 77.01282 64.80383 77.01282 64.73778 curveto
77.01282 64.67172 77.03906 64.60837 77.08577 64.56166 curveto
77.13248 64.51495 77.19583 64.48871 77.26189 64.48871 curveto
77.32794 64.48871 77.3913 64.51495 77.438 64.56166 curveto
77.48471 64.60837 77.51096 64.67172 77.51096 64.73778 curveto closepath fill
newpath 74.64264 63.82616 moveto
74.64264 63.89221 74.6164 63.95557 74.56969 64.00227 curveto
74.52298 64.04898 74.45963 64.07523 74.39357 64.07523 curveto
74.32751 64.07523 74.26416 64.04898 74.21745 64.00227 curveto
74.17075 63.95557 74.1445 63.89221 74.1445 63.82616 curveto
74.1445 63.7601 74.17075 63.69675 74.21745 63.65004 curveto
74.26416 63.60333 74.32751 63.57709 74.39357 63.57709 curveto
74.45963 63.57709 74.52298 63.60333 74.56969 63.65004 curveto
74.6164 63.69675 74.64264 63.7601 74.64264 63.82616 curveto closepath fill
newpath 71.63252 63.74948 moveto
71.63252 63.81554 71.60628 63.87889 71.55957 63.9256 curveto
71.51286 63.9723 71.44951 63.99855 71.38345 63.99855 curveto
71.3174 63.99855 71.25404 63.9723 71.20734 63.9256 curveto
71.16063 63.87889 71.13438 63.81554 71.13438 63.74948 curveto
71.13438 63.68343 71.16063 63.62007 71.20734 63.57336 curveto
71.25404 63.52666 71.3174 63.50041 71.38345 63.50041 curveto
71.44951 63.50041 71.51286 63.52666 71.55957 63.57336 curveto
71.60628 63.62007 71.63252 63.68343 71.63252 63.74948 curveto closepath fill
newpath 68.7087 64.4723 moveto
68.7087 64.53836 68.68245 64.60172 68.63574 64.64842 curveto
68.58904 64.69513 68.52568 64.72137 68.45963 64.72137 curveto
68.39357 64.72137 68.33022 64.69513 68.28351 64.64842 curveto
68.2368 64.60172 68.21056 64.53836 68.21056 64.4723 curveto
68.21056 64.40625 68.2368 64.3429 68.28351 64.29619 curveto
68.33022 64.24948 68.39357 64.22324 68.45963 64.22324 curveto
68.52568 64.22324 68.58904 64.24948 68.63574 64.29619 curveto
68.68245 64.3429 68.7087 64.40625 68.7087 64.4723 curveto closepath fill
newpath 66.06187 65.91052 moveto
66.06187 65.97658 66.03563 66.03993 65.98892 66.08664 curveto
65.94221 66.13335 65.87886 66.15959 65.8128 66.15959 curveto
65.74675 66.15959 65.6834 66.13335 65.63669 66.08664 curveto
65.58998 66.03993 65.56374 65.97658 65.56374 65.91052 curveto
65.56374 65.84447 65.58998 65.78111 65.63669 65.7344 curveto
65.6834 65.6877 65.74675 65.66145 65.8128 65.66145 curveto
65.87886 65.66145 65.94221 65.6877 65.98892 65.7344 curveto
66.03563 65.78111 66.06187 65.84447 66.06187 65.91052 curveto closepath fill
newpath 63.8412 67.9469 moveto
63.8412 68.01295 63.81496 68.07631 63.76825 68.12302 curveto
63.72154 68.16972 63.65819 68.19597 63.59213 68.19597 curveto
63.52608 68.19597 63.46272 68.16972 63.41602 68.12302 curveto
63.36931 68.07631 63.34306 68.01295 63.34306 67.9469 curveto
63.34306 67.88084 63.36931 67.81749 63.41602 67.77078 curveto
63.46272 67.72408 63.52608 67.69783 63.59213 67.69783 curveto
63.65819 67.69783 63.72154 67.72408 63.76825 67.77078 curveto
63.81496 67.81749 63.8412 67.88084 63.8412 67.9469 curveto closepath fill
newpath 62.15555 70.44495 moveto
62.15555 70.511 62.1293 70.57436 62.0826 70.62106 curveto
62.03589 70.66777 61.97253 70.69402 61.90648 70.69402 curveto
61.84042 70.69402 61.77707 70.66777 61.73036 70.62106 curveto
61.68365 70.57436 61.65741 70.511 61.65741 70.44495 curveto
61.65741 70.37889 61.68365 70.31554 61.73036 70.26883 curveto
61.77707 70.22212 61.84042 70.19588 61.90648 70.19588 curveto
61.97253 70.19588 62.03589 70.22212 62.0826 70.26883 curveto
62.1293 70.31554 62.15555 70.37889 62.15555 70.44495 curveto closepath fill
newpath 61.07286 73.25815 moveto
61.07286 73.3242 61.04662 73.38756 60.99991 73.43427 curveto
60.9532 73.48097 60.88985 73.50722 60.82379 73.50722 curveto
60.75774 73.50722 60.69438 73.48097 60.64767 73.43427 curveto
60.60097 73.38756 60.57472 73.3242 60.57472 73.25815 curveto
60.57472 73.1921 60.60097 73.12874 60.64767 73.08203 curveto
60.69438 73.03532 60.75774 73.00908 60.82379 73.00908 curveto
60.88985 73.00908 60.9532 73.03532 60.99991 73.08203 curveto
61.04662 73.12874 61.07286 73.1921 61.07286 73.25815 curveto closepath fill
newpath 60.62639 76.23958 moveto
60.62639 76.30563 60.60014 76.36899 60.55344 76.4157 curveto
60.50673 76.4624 60.44337 76.48865 60.37732 76.48865 curveto
60.31126 76.48865 60.24791 76.4624 60.2012 76.4157 curveto
60.1545 76.36899 60.12825 76.30563 60.12825 76.23958 curveto
60.12825 76.17352 60.1545 76.11017 60.2012 76.06346 curveto
60.24791 76.01675 60.31126 75.99051 60.37732 75.99051 curveto
60.44337 75.99051 60.50673 76.01675 60.55344 76.06346 curveto
60.60014 76.11017 60.62639 76.17352 60.62639 76.23958 curveto closepath fill
newpath 60.81575 79.24846 moveto
60.81575 79.31451 60.7895 79.37787 60.7428 79.42458 curveto
60.69609 79.47128 60.63274 79.49753 60.56668 79.49753 curveto
60.50063 79.49753 60.43727 79.47128 60.39056 79.42458 curveto
60.34386 79.37787 60.31761 79.31451 60.31761 79.24846 curveto
60.31761 79.1824 60.34386 79.11905 60.39056 79.07234 curveto
60.43727 79.02563 60.50063 78.99939 60.56668 78.99939 curveto
60.63274 78.99939 60.69609 79.02563 60.7428 79.07234 curveto
60.7895 79.11905 60.81575 79.1824 60.81575 79.24846 curveto closepath fill
newpath 61.61539 82.15614 moveto
61.61539 82.2222 61.58914 82.28555 61.54243 82.33226 curveto
61.49573 82.37897 61.43237 82.40521 61.36632 82.40521 curveto
61.30026 82.40521 61.23691 82.37897 61.1902 82.33226 curveto
61.1435 82.28555 61.11725 82.2222 61.11725 82.15614 curveto
61.11725 82.09009 61.1435 82.02673 61.1902 81.98003 curveto
61.23691 81.93332 61.30026 81.90707 61.36632 81.90707 curveto
61.43237 81.90707 61.49573 81.93332 61.54243 81.98003 curveto
61.58914 82.02673 61.61539 82.09009 61.61539 82.15614 curveto closepath fill
newpath 62.97519 84.8477 moveto
62.97519 84.91376 62.94894 84.97711 62.90224 85.02382 curveto
62.85553 85.07053 62.79218 85.09677 62.72612 85.09677 curveto
62.66006 85.09677 62.59671 85.07053 62.55 85.02382 curveto
62.5033 84.97711 62.47705 84.91376 62.47705 84.8477 curveto
62.47705 84.78165 62.5033 84.71829 62.55 84.67159 curveto
62.59671 84.62488 62.66006 84.59863 62.72612 84.59863 curveto
62.79218 84.59863 62.85553 84.62488 62.90224 84.67159 curveto
62.94894 84.71829 62.97519 84.78165 62.97519 84.8477 curveto closepath fill
newpath 64.82892 87.22664 moveto
64.82892 87.2927 64.80267 87.35605 64.75597 87.40276 curveto
64.70926 87.44946 64.6459 87.47571 64.57985 87.47571 curveto
64.5138 87.47571 64.45044 87.44946 64.40373 87.40276 curveto
64.35703 87.35605 64.33078 87.2927 64.33078 87.22664 curveto
64.33078 87.16058 64.35703 87.09723 64.40373 87.05052 curveto
64.45044 87.00381 64.5138 86.97757 64.57985 86.97757 curveto
64.6459 86.97757 64.70926 87.00381 64.75597 87.05052 curveto
64.80267 87.09723 64.82892 87.16058 64.82892 87.22664 curveto closepath fill
newpath 67.09709 89.21431 moveto
67.09709 89.28036 67.07085 89.34372 67.02414 89.39043 curveto
66.97743 89.43713 66.91408 89.46338 66.84802 89.46338 curveto
66.78197 89.46338 66.71861 89.43713 66.6719 89.39043 curveto
66.6252 89.34372 66.59895 89.28036 66.59895 89.21431 curveto
66.59895 89.14825 66.6252 89.0849 66.6719 89.0382 curveto
66.71861 88.99149 66.78197 88.96524 66.84802 88.96524 curveto
66.91408 88.96524 66.97743 88.99149 67.02414 89.0382 curveto
67.07085 89.0849 67.09709 89.14825 67.09709 89.21431 curveto closepath fill
newpath 69.69179 90.75195 moveto
69.69179 90.81801 69.66554 90.88136 69.61884 90.92807 curveto
69.57213 90.97478 69.50877 91.00102 69.44272 91.00102 curveto
69.37666 91.00102 69.31331 90.97478 69.2666 90.92807 curveto
69.2199 90.88136 69.19365 90.81801 69.19365 90.75195 curveto
69.19365 90.6859 69.2199 90.62254 69.2666 90.57584 curveto
69.31331 90.52913 69.37666 90.50288 69.44272 90.50288 curveto
69.50877 90.50288 69.57213 90.52913 69.61884 90.57584 curveto
69.66554 90.62254 69.69179 90.6859 69.69179 90.75195 curveto closepath fill
newpath 72.52089 91.79945 moveto
72.52089 91.86551 72.49464 91.92886 72.44794 91.97557 curveto
72.40123 92.02228 72.33788 92.04852 72.27182 92.04852 curveto
72.20576 92.04852 72.14241 92.02228 72.0957 91.97557 curveto
72.049 91.92886 72.02275 91.86551 72.02275 91.79945 curveto
72.02275 91.7334 72.049 91.67004 72.0957 91.62334 curveto
72.14241 91.57663 72.20576 91.55038 72.27182 91.55038 curveto
72.33788 91.55038 72.40123 91.57663 72.44794 91.62334 curveto
72.49464 91.67004 72.52089 91.7334 72.52089 91.79945 curveto closepath fill
newpath 75.48972 92.33415 moveto
75.48972 92.4002 75.46347 92.46356 75.41676 92.51027 curveto
75.37006 92.55698 75.3067 92.58322 75.24065 92.58322 curveto
75.17459 92.58322 75.11124 92.55698 75.06453 92.51027 curveto
75.01782 92.46356 74.99158 92.4002 74.99158 92.33415 curveto
74.99158 92.2681 75.01782 92.20474 75.06453 92.15804 curveto
75.11124 92.11133 75.17459 92.08508 75.24065 92.08508 curveto
75.3067 92.08508 75.37006 92.11133 75.41676 92.15804 curveto
75.46347 92.20474 75.48972 92.2681 75.48972 92.33415 curveto closepath fill
newpath 78.50647 92.3513 moveto
78.50647 92.41736 78.48022 92.48071 78.43352 92.52742 curveto
78.38681 92.57413 78.32346 92.60037 78.2574 92.60037 curveto
78.19135 92.60037 78.12799 92.57413 78.08128 92.52742 curveto
78.03458 92.48071 78.00833 92.41736 78.00833 92.3513 curveto
78.00833 92.28525 78.03458 92.2219 78.08128 92.17519 curveto
78.12799 92.12848 78.19135 92.10223 78.2574 92.10223 curveto
78.32346 92.10223 78.38681 92.12848 78.43352 92.17519 curveto
78.48022 92.2219 78.50647 92.28525 78.50647 92.3513 curveto closepath fill
newpath 81.4829 91.8599 moveto
81.4829 91.92595 81.45665 91.9893 81.40994 92.03601 curveto
81.36324 92.08272 81.29988 92.10896 81.23383 92.10896 curveto
81.16777 92.10896 81.10442 92.08272 81.05771 92.03601 curveto
81.011 91.9893 80.98476 91.92595 80.98476 91.8599 curveto
80.98476 91.79384 81.011 91.73048 81.05771 91.68378 curveto
81.10442 91.63707 81.16777 91.61082 81.23383 91.61082 curveto
81.29988 91.61082 81.36324 91.63707 81.40994 91.68378 curveto
81.45665 91.73048 81.4829 91.79384 81.4829 91.8599 curveto closepath fill
newpath 84.33775 90.8842 moveto
84.33775 90.95026 84.31151 91.01361 84.2648 91.06032 curveto
84.2181 91.10703 84.15474 91.13327 84.08868 91.13327 curveto
84.02263 91.13327 83.95927 91.10703 83.91257 91.06032 curveto
83.86586 91.01361 83.83961 90.95026 83.83961 90.8842 curveto
83.83961 90.81815 83.86586 90.75479 83.91257 90.70808 curveto
83.95927 90.66138 84.02263 90.63513 84.08868 90.63513 curveto
84.15474 90.63513 84.2181 90.66138 84.2648 90.70808 curveto
84.31151 90.75479 84.33775 90.81815 84.33775 90.8842 curveto closepath fill
newpath 86.99709 89.45877 moveto
86.99709 89.52483 86.97084 89.58818 86.92413 89.63489 curveto
86.87743 89.6816 86.81407 89.70784 86.74802 89.70784 curveto
86.68196 89.70784 86.6186 89.6816 86.5719 89.63489 curveto
86.52519 89.58818 86.49895 89.52483 86.49895 89.45877 curveto
86.49895 89.39272 86.52519 89.32936 86.5719 89.28265 curveto
86.6186 89.23595 86.68196 89.2097 86.74802 89.2097 curveto
86.81407 89.2097 86.87743 89.23595 86.92413 89.28265 curveto
86.97084 89.32936 86.99709 89.39272 86.99709 89.45877 curveto closepath fill
newpath 89.39587 87.62836 moveto
89.39587 87.69441 89.36963 87.75777 89.32292 87.80447 curveto
89.27621 87.85118 89.21286 87.87743 89.1468 87.87743 curveto
89.08075 87.87743 89.0174 87.85118 88.97069 87.80447 curveto
88.92398 87.75777 88.89774 87.69441 88.89774 87.62836 curveto
88.89774 87.5623 88.92398 87.49895 88.97069 87.45224 curveto
89.0174 87.40553 89.08075 87.37929 89.1468 87.37929 curveto
89.21286 87.37929 89.27621 87.40553 89.32292 87.45224 curveto
89.36963 87.49895 89.39587 87.5623 89.39587 87.62836 curveto closepath fill
newpath 91.47887 85.44514 moveto
91.47887 85.5112 91.45262 85.57455 91.40591 85.62126 curveto
91.3592 85.66797 91.29585 85.69421 91.2298 85.69421 curveto
91.16374 85.69421 91.10039 85.66797 91.05368 85.62126 curveto
91.00697 85.57455 90.98073 85.5112 90.98073 85.44514 curveto
90.98073 85.37909 91.00697 85.31573 91.05368 85.26903 curveto
91.10039 85.22232 91.16374 85.19608 91.2298 85.19608 curveto
91.29585 85.19608 91.3592 85.22232 91.40591 85.26903 curveto
91.45262 85.31573 91.47887 85.37909 91.47887 85.44514 curveto closepath fill
newpath 93.20181 82.96785 moveto
93.20181 83.0339 93.17557 83.09726 93.12886 83.14397 curveto
93.08215 83.19067 93.0188 83.21692 92.95274 83.21692 curveto
92.88669 83.21692 92.82333 83.19067 92.77663 83.14397 curveto
92.72992 83.09726 92.70367 83.0339 92.70367 82.96785 curveto
92.70367 82.9018 92.72992 82.83844 92.77663 82.79173 curveto
92.82333 82.74503 92.88669 82.71878 92.95274 82.71878 curveto
93.0188 82.71878 93.08215 82.74503 93.12886 82.79173 curveto
93.17557 82.83844 93.20181 82.9018 93.20181 82.96785 curveto closepath fill
newpath 94.53061 80.25847 moveto
94.53061 80.32452 94.50436 80.38788 94.45766 80.43459 curveto
94.41095 80.4813 94.3476 80.50754 94.28154 80.50754 curveto
94.21548 80.50754 94.15213 80.4813 94.10542 80.43459 curveto
94.05872 80.38788 94.03247 80.32452 94.03247 80.25847 curveto
94.03247 80.19241 94.05872 80.12906 94.10542 80.08235 curveto
94.15213 80.03564 94.21548 80.0094 94.28154 80.0094 curveto
94.3476 80.0094 94.41095 80.03564 94.45766 80.08235 curveto
94.50436 80.12906 94.53061 80.19241 94.53061 80.25847 curveto closepath fill
newpath 95.44101 77.38127 moveto
95.44101 77.44733 95.41476 77.51068 95.36806 77.55739 curveto
95.32135 77.6041 95.258 77.63034 95.19194 77.63034 curveto
95.12589 77.63034 95.06253 77.6041 95.01582 77.55739 curveto
94.96912 77.51068 94.94287 77.44733 94.94287 77.38127 curveto
94.94287 77.31522 94.96912 77.25186 95.01582 77.20515 curveto
95.06253 77.15845 95.12589 77.1322 95.19194 77.1322 curveto
95.258 77.1322 95.32135 77.15845 95.36806 77.20515 curveto
95.41476 77.25186 95.44101 77.31522 95.44101 77.38127 curveto closepath fill
newpath 95.92032 74.40213 moveto
95.92032 74.46819 95.89407 74.53154 95.84737 74.57825 curveto
95.80066 74.62495 95.7373 74.6512 95.67125 74.6512 curveto
95.6052 74.6512 95.54184 74.62495 95.49513 74.57825 curveto
95.44843 74.53154 95.42218 74.46819 95.42218 74.40213 curveto
95.42218 74.33607 95.44843 74.27272 95.49513 74.22601 curveto
95.54184 74.1793 95.6052 74.15306 95.67125 74.15306 curveto
95.7373 74.15306 95.80066 74.1793 95.84737 74.22601 curveto
95.89407 74.27272 95.92032 74.33607 95.92032 74.40213 curveto closepath fill
newpath 95.9643 71.38477 moveto
95.9643 71.45082 95.93805 71.51418 95.89134 71.56088 curveto
95.84464 71.60759 95.78128 71.63383 95.71523 71.63383 curveto
95.64917 71.63383 95.58582 71.60759 95.53911 71.56088 curveto
95.4924 71.51418 95.46616 71.45082 95.46616 71.38477 curveto
95.46616 71.31871 95.4924 71.25536 95.53911 71.20865 curveto
95.58582 71.16194 95.64917 71.1357 95.71523 71.1357 curveto
95.78128 71.1357 95.84464 71.16194 95.89134 71.20865 curveto
95.93805 71.25536 95.9643 71.31871 95.9643 71.38477 curveto closepath fill
newpath 95.57832 68.39183 moveto
95.57832 68.45789 95.55208 68.52124 95.50537 68.56795 curveto
95.45866 68.61465 95.39531 68.6409 95.32925 68.6409 curveto
95.2632 68.6409 95.19984 68.61465 95.15314 68.56795 curveto
95.10643 68.52124 95.08018 68.45789 95.08018 68.39183 curveto
95.08018 68.32578 95.10643 68.26242 95.15314 68.21571 curveto
95.19984 68.169 95.2632 68.14276 95.32925 68.14276 curveto
95.39531 68.14276 95.45866 68.169 95.50537 68.21571 curveto
95.55208 68.26242 95.57832 68.32578 95.57832 68.39183 curveto closepath fill
newpath 94.77641 65.48228 moveto
94.77641 65.54834 94.75017 65.6117 94.70346 65.6584 curveto
94.65675 65.70511 94.5934 65.73135 94.52734 65.73135 curveto
94.46129 65.73135 94.39793 65.70511 94.35123 65.6584 curveto
94.30452 65.6117 94.27827 65.54834 94.27827 65.48228 curveto
94.27827 65.41623 94.30452 65.35287 94.35123 65.30617 curveto
94.39793 65.25946 94.46129 65.23322 94.52734 65.23322 curveto
94.5934 65.23322 94.65675 65.25946 94.70346 65.30617 curveto
94.75017 65.35287 94.77641 65.41623 94.77641 65.48228 curveto closepath fill
newpath 93.57933 62.71196 moveto
93.57933 62.77802 93.55309 62.84137 93.50638 62.88808 curveto
93.45967 62.93478 93.39632 62.96103 93.33026 62.96103 curveto
93.2642 62.96103 93.20085 62.93478 93.15414 62.88808 curveto
93.10744 62.84137 93.08119 62.77802 93.08119 62.71196 curveto
93.08119 62.6459 93.10744 62.58255 93.15414 62.53584 curveto
93.20085 62.48914 93.2642 62.46289 93.33026 62.46289 curveto
93.39632 62.46289 93.45967 62.48914 93.50638 62.53584 curveto
93.55309 62.58255 93.57933 62.6459 93.57933 62.71196 curveto closepath fill
newpath 92.01485 60.13094 moveto
92.01485 60.19699 91.9886 60.26035 91.9419 60.30705 curveto
91.89519 60.35376 91.83183 60.38 91.76578 60.38 curveto
91.69972 60.38 91.63637 60.35376 91.58966 60.30705 curveto
91.54295 60.26035 91.51671 60.19699 91.51671 60.13094 curveto
91.51671 60.06488 91.54295 60.00153 91.58966 59.95482 curveto
91.63637 59.90811 91.69972 59.88187 91.76578 59.88187 curveto
91.83183 59.88187 91.89519 59.90811 91.9419 59.95482 curveto
91.9886 60.00153 92.01485 60.06488 92.01485 60.13094 curveto closepath fill
newpath 90.11685 57.78403 moveto
90.11685 57.85008 90.0906 57.91344 90.0439 57.96014 curveto
89.9972 58.00685 89.93384 58.0331 89.86778 58.0331 curveto
89.80173 58.0331 89.73837 58.00685 89.69167 57.96014 curveto
89.64496 57.91344 89.61871 57.85008 89.61871 57.78403 curveto
89.61871 57.71797 89.64496 57.65462 89.69167 57.60791 curveto
89.73837 57.5612 89.80173 57.53496 89.86778 57.53496 curveto
89.93384 57.53496 89.9972 57.5612 90.0439 57.60791 curveto
90.0906 57.65462 90.11685 57.71797 90.11685 57.78403 curveto closepath fill
newpath 87.92345 55.71082 moveto
87.92345 55.77687 87.8972 55.84023 87.8505 55.88693 curveto
87.80379 55.93364 87.74043 55.95988 87.67438 55.95988 curveto
87.60832 55.95988 87.54497 55.93364 87.49826 55.88693 curveto
87.45155 55.84023 87.42531 55.77687 87.42531 55.71082 curveto
87.42531 55.64476 87.45155 55.5814 87.49826 55.5347 curveto
87.54497 55.48799 87.60832 55.46175 87.67438 55.46175 curveto
87.74043 55.46175 87.80379 55.48799 87.8505 55.5347 curveto
87.8972 55.5814 87.92345 55.64476 87.92345 55.71082 curveto closepath fill
newpath 85.47626 53.9442 moveto
85.47626 54.01025 85.45001 54.07361 85.4033 54.12032 curveto
85.3566 54.16702 85.29324 54.19327 85.22719 54.19327 curveto
85.16113 54.19327 85.09778 54.16702 85.05107 54.12032 curveto
85.00436 54.07361 84.97812 54.01025 84.97812 53.9442 curveto
84.97812 53.87814 85.00436 53.81479 85.05107 53.76808 curveto
85.09778 53.72137 85.16113 53.69513 85.22719 53.69513 curveto
85.29324 53.69513 85.3566 53.72137 85.4033 53.76808 curveto
85.45001 53.81479 85.47626 53.87814 85.47626 53.9442 curveto closepath fill
newpath 82.82043 52.51016 moveto
82.82043 52.57622 82.79419 52.63957 82.74748 52.68628 curveto
82.70078 52.73299 82.63742 52.75923 82.57137 52.75923 curveto
82.50531 52.75923 82.44196 52.73299 82.39525 52.68628 curveto
82.34854 52.63957 82.3223 52.57622 82.3223 52.51016 curveto
82.3223 52.4441 82.34854 52.38075 82.39525 52.33405 curveto
82.44196 52.28734 82.50531 52.2611 82.57137 52.2611 curveto
82.63742 52.2611 82.70078 52.28734 82.74748 52.33405 curveto
82.79419 52.38075 82.82043 52.4441 82.82043 52.51016 curveto closepath fill
newpath 80.00243 51.42918 moveto
80.00243 51.49524 79.97618 51.5586 79.92947 51.6053 curveto
79.88277 51.65201 79.81941 51.67825 79.75336 51.67825 curveto
79.6873 51.67825 79.62395 51.65201 79.57724 51.6053 curveto
79.53053 51.5586 79.50429 51.49524 79.50429 51.42918 curveto
79.50429 51.36313 79.53053 51.29977 79.57724 51.25307 curveto
79.62395 51.20636 79.6873 51.18011 79.75336 51.18011 curveto
79.81941 51.18011 79.88277 51.20636 79.92947 51.25307 curveto
79.97618 51.29977 80.00243 51.36313 80.00243 51.42918 curveto closepath fill
newpath 77.06903 50.71416 moveto
77.06903 50.78021 77.04279 50.84357 76.99608 50.89027 curveto
76.94937 50.93698 76.88602 50.96323 76.81996 50.96323 curveto
76.7539 50.96323 76.69055 50.93698 76.64384 50.89027 curveto
76.59714 50.84357 76.57089 50.78021 76.57089 50.71416 curveto
76.57089 50.6481 76.59714 50.58475 76.64384 50.53804 curveto
76.69055 50.49133 76.7539 50.46509 76.81996 50.46509 curveto
76.88602 50.46509 76.94937 50.49133 76.99608 50.53804 curveto
77.04279 50.58475 77.06903 50.6481 77.06903 50.71416 curveto closepath fill
newpath 97.05045 76.67336 moveto
96.99367 77.323 96.90862 77.96968 96.79529 78.6118 curveto
96.68196 79.25438 96.54036 79.89171 96.37138 80.52197 curveto
96.20265 81.15178 96.00677 81.77383 95.78377 82.38655 curveto
95.56076 82.99925 95.31107 83.60193 95.03539 84.19273 curveto
94.7597 84.78401 94.45848 85.3632 94.13217 85.92825 curveto
93.80609 86.49284 93.45561 87.04283 93.08165 87.57687 curveto
92.70769 88.11092 92.31047 88.62854 91.89136 89.12814 curveto
91.47224 89.62752 91.03148 90.10843 90.5704 90.56949 curveto
90.1091 91.03079 89.62798 91.47202 89.12814 91.89136 curveto
88.62854 92.31047 88.11092 92.70769 87.57687 93.08165 curveto
87.04283 93.45561 86.49284 93.80609 85.92825 94.13217 curveto
85.36298 94.45848 84.78401 94.7597 84.1925 95.03539 curveto
83.6017 95.31084 82.99902 95.56076 82.38655 95.78377 curveto
81.77383 96.00677 81.15155 96.20311 80.52174 96.37184 curveto
79.89148 96.54082 79.25392 96.68196 78.61134 96.79529 curveto
77.96922 96.90862 77.32254 96.99367 76.67313 97.05045 curveto
76.0237 97.10722 75.37201 97.13551 74.72008 97.13551 curveto
74.06746 97.13551 73.41531 97.10678 72.76521 97.05 curveto
72.11555 96.99321 71.46887 96.90816 70.82675 96.79483 curveto
70.18463 96.68173 69.54799 96.54059 68.91818 96.37184 curveto
68.28838 96.20311 67.66609 96.00677 67.05338 95.78377 curveto
66.44022 95.56053 65.83708 95.31084 65.24582 95.03516 curveto
64.65477 94.7597 64.07626 94.45848 63.51167 94.1324 curveto
62.94708 93.80632 62.39708 93.45607 61.86305 93.0821 curveto
61.32855 92.70792 60.81026 92.3107 60.31042 91.89113 curveto
59.81104 91.47202 59.33014 91.03125 58.86906 90.57018 curveto
58.40799 90.1091 57.96722 89.6282 57.54811 89.12881 curveto
57.12854 88.62898 56.73132 88.11069 56.35713 87.57619 curveto
55.98317 87.04216 55.63292 86.49216 55.30684 85.92757 curveto
54.98076 85.36298 54.67953 84.78447 54.40408 84.19342 curveto
54.1284 83.60216 53.87871 82.99902 53.65547 82.38586 curveto
53.43246 81.77315 53.23613 81.15086 53.0674 80.52106 curveto
52.89865 79.89125 52.7575 79.25461 52.64441 78.61249 curveto
52.53108 77.97037 52.44603 77.32368 52.38924 76.67403 curveto
52.33246 76.02393 52.30373 75.37178 52.30373 74.71916 curveto
52.30373 74.06723 52.33202 73.41554 52.3888 72.76611 curveto
52.44557 72.1167 52.53062 71.47002 52.64395 70.8279 curveto
52.75728 70.18532 52.89842 69.54776 53.0674 68.9175 curveto
53.23613 68.28769 53.43246 67.6654 53.65547 67.05269 curveto
53.87848 66.44022 54.1284 65.83754 54.40385 65.24673 curveto
54.67953 64.65523 54.98076 64.07626 55.30707 63.51099 curveto
55.63315 62.9464 55.98363 62.39641 56.35759 61.86237 curveto
56.73155 61.32832 57.12877 60.8107 57.54788 60.3111 curveto
57.96722 59.81126 58.40845 59.33014 58.86975 58.86884 curveto
59.33081 58.40776 59.81172 57.967 60.3111 57.54788 curveto
60.8107 57.12877 61.32832 56.73155 61.86237 56.35759 curveto
62.39641 55.98363 62.9464 55.63315 63.51099 55.30707 curveto
64.07603 54.98076 64.65523 54.67953 65.2465 54.40385 curveto
65.83731 54.12817 66.43999 53.87848 67.05269 53.65547 curveto
67.6654 53.43246 68.28746 53.23659 68.91727 53.06786 curveto
69.54753 52.89888 70.18486 52.75728 70.82744 52.64395 curveto
71.46956 52.53062 72.11624 52.44557 72.76588 52.3888 curveto stroke
newpath 69.91856 54.13774 moveto
70.53954 53.13913 71.59442 52.49118 72.76588 52.3888 curveto
71.59442 52.49118 70.44313 52.03604 69.65834 51.1603 curveto stroke
 0.49814 0 dtransform exch truncate exch idtransform pop setlinewidth
newpath 74.71962 74.71962 moveto
74.71962 72.61812 lineto stroke
newpath 74.71962 68.41516 moveto
74.71962 64.21193 lineto stroke
newpath 74.71962 60.0092 moveto
74.71962 55.8061 lineto stroke
newpath 74.71962 51.60324 moveto
74.71962 47.39993 lineto stroke
newpath 74.71962 43.19728 moveto
74.71962 38.99437 lineto stroke
newpath 74.71962 34.79132 moveto
74.71962 30.58855 lineto stroke
newpath 74.71962 26.38536 moveto
74.71962 22.18227 lineto stroke
newpath 74.71962 17.97942 moveto
74.71962 13.7765 lineto stroke
newpath 74.71962 9.57346 moveto
74.71962 7.47195 lineto stroke
showpage
%%EOF
