%!PS
%%BoundingBox: -1 84 200 141 
%%HiResBoundingBox: -0.24907 84.44907 199.50139 140.97102 
%%Creator: MetaPost 2.000
%%CreationDate: 2017.07.04:1542
%%Pages: 1
%%BeginProlog
%%EndProlog
%%Page: 1 1
 0 0 0 setrgbcolor 0 0.49814 dtransform truncate idtransform setlinewidth pop [] 0 setdash 1 setlinecap
 1 setlinejoin 10 setmiterlimit
newpath 99.62616 99.62616 moveto
199.25232 99.62616 lineto stroke
newpath 196.26353 101.12056 moveto
196.96909 100.17981 198.07639 99.62616 199.25232 99.62616 curveto
198.07639 99.62616 196.96909 99.07251 196.26353 98.13176 curveto stroke
newpath 99.87523 99.62616 moveto
99.87523 99.69221 99.84898 99.75557 99.80228 99.80228 curveto
99.75557 99.84898 99.69221 99.87523 99.62616 99.87523 curveto
99.5601 99.87523 99.49675 99.84898 99.45004 99.80228 curveto
99.40334 99.75557 99.37709 99.69221 99.37709 99.62616 curveto
99.37709 99.5601 99.40334 99.49675 99.45004 99.45004 curveto
99.49675 99.40334 99.5601 99.37709 99.62616 99.37709 curveto
99.69221 99.37709 99.75557 99.40334 99.80228 99.45004 curveto
99.84898 99.49675 99.87523 99.5601 99.87523 99.62616 curveto closepath fill
newpath 96.85614 99.62616 moveto
96.85614 99.69221 96.8299 99.75557 96.78319 99.80228 curveto
96.73648 99.84898 96.67313 99.87523 96.60707 99.87523 curveto
96.54102 99.87523 96.47766 99.84898 96.43095 99.80228 curveto
96.38425 99.75557 96.358 99.69221 96.358 99.62616 curveto
96.358 99.5601 96.38425 99.49675 96.43095 99.45004 curveto
96.47766 99.40334 96.54102 99.37709 96.60707 99.37709 curveto
96.67313 99.37709 96.73648 99.40334 96.78319 99.45004 curveto
96.8299 99.49675 96.85614 99.5601 96.85614 99.62616 curveto closepath fill
newpath 93.8371 99.62616 moveto
93.8371 99.69221 93.81085 99.75557 93.76414 99.80228 curveto
93.71744 99.84898 93.65408 99.87523 93.58803 99.87523 curveto
93.52197 99.87523 93.45862 99.84898 93.41191 99.80228 curveto
93.3652 99.75557 93.33896 99.69221 93.33896 99.62616 curveto
93.33896 99.5601 93.3652 99.49675 93.41191 99.45004 curveto
93.45862 99.40334 93.52197 99.37709 93.58803 99.37709 curveto
93.65408 99.37709 93.71744 99.40334 93.76414 99.45004 curveto
93.81085 99.49675 93.8371 99.5601 93.8371 99.62616 curveto closepath fill
newpath 90.81801 99.62616 moveto
90.81801 99.69221 90.79176 99.75557 90.74506 99.80228 curveto
90.69835 99.84898 90.635 99.87523 90.56894 99.87523 curveto
90.50288 99.87523 90.43953 99.84898 90.39282 99.80228 curveto
90.34612 99.75557 90.31987 99.69221 90.31987 99.62616 curveto
90.31987 99.5601 90.34612 99.49675 90.39282 99.45004 curveto
90.43953 99.40334 90.50288 99.37709 90.56894 99.37709 curveto
90.635 99.37709 90.69835 99.40334 90.74506 99.45004 curveto
90.79176 99.49675 90.81801 99.5601 90.81801 99.62616 curveto closepath fill
newpath 87.79893 99.62616 moveto
87.79893 99.69221 87.77269 99.75557 87.72598 99.80228 curveto
87.67928 99.84898 87.61592 99.87523 87.54987 99.87523 curveto
87.48381 99.87523 87.42046 99.84898 87.37375 99.80228 curveto
87.32704 99.75557 87.3008 99.69221 87.3008 99.62616 curveto
87.3008 99.5601 87.32704 99.49675 87.37375 99.45004 curveto
87.42046 99.40334 87.48381 99.37709 87.54987 99.37709 curveto
87.61592 99.37709 87.67928 99.40334 87.72598 99.45004 curveto
87.77269 99.49675 87.79893 99.5601 87.79893 99.62616 curveto closepath fill
newpath 84.77986 99.62616 moveto
84.77986 99.69221 84.75362 99.75557 84.70691 99.80228 curveto
84.6602 99.84898 84.59685 99.87523 84.53079 99.87523 curveto
84.46474 99.87523 84.40138 99.84898 84.35468 99.80228 curveto
84.30797 99.75557 84.28172 99.69221 84.28172 99.62616 curveto
84.28172 99.5601 84.30797 99.49675 84.35468 99.45004 curveto
84.40138 99.40334 84.46474 99.37709 84.53079 99.37709 curveto
84.59685 99.37709 84.6602 99.40334 84.70691 99.45004 curveto
84.75362 99.49675 84.77986 99.5601 84.77986 99.62616 curveto closepath fill
newpath 81.7608 99.62616 moveto
81.7608 99.69221 81.73456 99.75557 81.68785 99.80228 curveto
81.64114 99.84898 81.57779 99.87523 81.51173 99.87523 curveto
81.44568 99.87523 81.38232 99.84898 81.33562 99.80228 curveto
81.28891 99.75557 81.26266 99.69221 81.26266 99.62616 curveto
81.26266 99.5601 81.28891 99.49675 81.33562 99.45004 curveto
81.38232 99.40334 81.44568 99.37709 81.51173 99.37709 curveto
81.57779 99.37709 81.64114 99.40334 81.68785 99.45004 curveto
81.73456 99.49675 81.7608 99.5601 81.7608 99.62616 curveto closepath fill
newpath 78.74173 99.62616 moveto
78.74173 99.69221 78.71548 99.75557 78.66878 99.80228 curveto
78.62207 99.84898 78.55872 99.87523 78.49266 99.87523 curveto
78.4266 99.87523 78.36325 99.84898 78.31654 99.80228 curveto
78.26984 99.75557 78.24359 99.69221 78.24359 99.62616 curveto
78.24359 99.5601 78.26984 99.49675 78.31654 99.45004 curveto
78.36325 99.40334 78.4266 99.37709 78.49266 99.37709 curveto
78.55872 99.37709 78.62207 99.40334 78.66878 99.45004 curveto
78.71548 99.49675 78.74173 99.5601 78.74173 99.62616 curveto closepath fill
newpath 75.72267 99.62616 moveto
75.72267 99.69221 75.69643 99.75557 75.64972 99.80228 curveto
75.60301 99.84898 75.53966 99.87523 75.4736 99.87523 curveto
75.40755 99.87523 75.3442 99.84898 75.29749 99.80228 curveto
75.25078 99.75557 75.22453 99.69221 75.22453 99.62616 curveto
75.22453 99.5601 75.25078 99.49675 75.29749 99.45004 curveto
75.3442 99.40334 75.40755 99.37709 75.4736 99.37709 curveto
75.53966 99.37709 75.60301 99.40334 75.64972 99.45004 curveto
75.69643 99.49675 75.72267 99.5601 75.72267 99.62616 curveto closepath fill
newpath 72.70361 99.62616 moveto
72.70361 99.69221 72.67737 99.75557 72.63066 99.80228 curveto
72.58395 99.84898 72.5206 99.87523 72.45454 99.87523 curveto
72.38849 99.87523 72.32513 99.84898 72.27843 99.80228 curveto
72.23172 99.75557 72.20547 99.69221 72.20547 99.62616 curveto
72.20547 99.5601 72.23172 99.49675 72.27843 99.45004 curveto
72.32513 99.40334 72.38849 99.37709 72.45454 99.37709 curveto
72.5206 99.37709 72.58395 99.40334 72.63066 99.45004 curveto
72.67737 99.49675 72.70361 99.5601 72.70361 99.62616 curveto closepath fill
newpath 69.68454 99.62616 moveto
69.68454 99.69221 69.6583 99.75557 69.61159 99.80228 curveto
69.56488 99.84898 69.50153 99.87523 69.43547 99.87523 curveto
69.36942 99.87523 69.30606 99.84898 69.25935 99.80228 curveto
69.21265 99.75557 69.1864 99.69221 69.1864 99.62616 curveto
69.1864 99.5601 69.21265 99.49675 69.25935 99.45004 curveto
69.30606 99.40334 69.36942 99.37709 69.43547 99.37709 curveto
69.50153 99.37709 69.56488 99.40334 69.61159 99.45004 curveto
69.6583 99.49675 69.68454 99.5601 69.68454 99.62616 curveto closepath fill
newpath 66.66548 99.62616 moveto
66.66548 99.69221 66.63924 99.75557 66.59253 99.80228 curveto
66.54582 99.84898 66.48247 99.87523 66.41641 99.87523 curveto
66.35036 99.87523 66.287 99.84898 66.2403 99.80228 curveto
66.19359 99.75557 66.16734 99.69221 66.16734 99.62616 curveto
66.16734 99.5601 66.19359 99.49675 66.2403 99.45004 curveto
66.287 99.40334 66.35036 99.37709 66.41641 99.37709 curveto
66.48247 99.37709 66.54582 99.40334 66.59253 99.45004 curveto
66.63924 99.49675 66.66548 99.5601 66.66548 99.62616 curveto closepath fill
newpath 63.64641 99.62616 moveto
63.64641 99.69221 63.62016 99.75557 63.57346 99.80228 curveto
63.52675 99.84898 63.4634 99.87523 63.39734 99.87523 curveto
63.33128 99.87523 63.26793 99.84898 63.22122 99.80228 curveto
63.17451 99.75557 63.14827 99.69221 63.14827 99.62616 curveto
63.14827 99.5601 63.17451 99.49675 63.22122 99.45004 curveto
63.26793 99.40334 63.33128 99.37709 63.39734 99.37709 curveto
63.4634 99.37709 63.52675 99.40334 63.57346 99.45004 curveto
63.62016 99.49675 63.64641 99.5601 63.64641 99.62616 curveto closepath fill
newpath 60.62735 99.62616 moveto
60.62735 99.69221 60.6011 99.75557 60.5544 99.80228 curveto
60.50769 99.84898 60.44434 99.87523 60.37828 99.87523 curveto
60.31223 99.87523 60.24887 99.84898 60.20216 99.80228 curveto
60.15546 99.75557 60.12921 99.69221 60.12921 99.62616 curveto
60.12921 99.5601 60.15546 99.49675 60.20216 99.45004 curveto
60.24887 99.40334 60.31223 99.37709 60.37828 99.37709 curveto
60.44434 99.37709 60.50769 99.40334 60.5544 99.45004 curveto
60.6011 99.49675 60.62735 99.5601 60.62735 99.62616 curveto closepath fill
newpath 57.6098 99.62616 moveto
57.6098 99.69221 57.58356 99.75557 57.53685 99.80228 curveto
57.49014 99.84898 57.42679 99.87523 57.36073 99.87523 curveto
57.29468 99.87523 57.23132 99.84898 57.18462 99.80228 curveto
57.13791 99.75557 57.11166 99.69221 57.11166 99.62616 curveto
57.11166 99.5601 57.13791 99.49675 57.18462 99.45004 curveto
57.23132 99.40334 57.29468 99.37709 57.36073 99.37709 curveto
57.42679 99.37709 57.49014 99.40334 57.53685 99.45004 curveto
57.58356 99.49675 57.6098 99.5601 57.6098 99.62616 curveto closepath fill
newpath 54.59074 99.62616 moveto
54.59074 99.69221 54.5645 99.75557 54.51779 99.80228 curveto
54.47108 99.84898 54.40773 99.87523 54.34167 99.87523 curveto
54.27562 99.87523 54.21227 99.84898 54.16556 99.80228 curveto
54.11885 99.75557 54.0926 99.69221 54.0926 99.62616 curveto
54.0926 99.5601 54.11885 99.49675 54.16556 99.45004 curveto
54.21227 99.40334 54.27562 99.37709 54.34167 99.37709 curveto
54.40773 99.37709 54.47108 99.40334 54.51779 99.45004 curveto
54.5645 99.49675 54.59074 99.5601 54.59074 99.62616 curveto closepath fill
newpath 51.57169 99.62616 moveto
51.57169 99.69221 51.54544 99.75557 51.49873 99.80228 curveto
51.45203 99.84898 51.38867 99.87523 51.32262 99.87523 curveto
51.25656 99.87523 51.1932 99.84898 51.1465 99.80228 curveto
51.0998 99.75557 51.07355 99.69221 51.07355 99.62616 curveto
51.07355 99.5601 51.0998 99.49675 51.1465 99.45004 curveto
51.1932 99.40334 51.25656 99.37709 51.32262 99.37709 curveto
51.38867 99.37709 51.45203 99.40334 51.49873 99.45004 curveto
51.54544 99.49675 51.57169 99.5601 51.57169 99.62616 curveto closepath fill
newpath 48.55261 99.62616 moveto
48.55261 99.69221 48.52637 99.75557 48.47966 99.80228 curveto
48.43295 99.84898 48.3696 99.87523 48.30354 99.87523 curveto
48.23749 99.87523 48.17413 99.84898 48.12743 99.80228 curveto
48.08072 99.75557 48.05447 99.69221 48.05447 99.62616 curveto
48.05447 99.5601 48.08072 99.49675 48.12743 99.45004 curveto
48.17413 99.40334 48.23749 99.37709 48.30354 99.37709 curveto
48.3696 99.37709 48.43295 99.40334 48.47966 99.45004 curveto
48.52637 99.49675 48.55261 99.5601 48.55261 99.62616 curveto closepath fill
newpath 45.53355 99.62616 moveto
45.53355 99.69221 45.50731 99.75557 45.4606 99.80228 curveto
45.4139 99.84898 45.35054 99.87523 45.28448 99.87523 curveto
45.21843 99.87523 45.15508 99.84898 45.10837 99.80228 curveto
45.06166 99.75557 45.03542 99.69221 45.03542 99.62616 curveto
45.03542 99.5601 45.06166 99.49675 45.10837 99.45004 curveto
45.15508 99.40334 45.21843 99.37709 45.28448 99.37709 curveto
45.35054 99.37709 45.4139 99.40334 45.4606 99.45004 curveto
45.50731 99.49675 45.53355 99.5601 45.53355 99.62616 curveto closepath fill
newpath 42.5145 99.62616 moveto
42.5145 99.69221 42.48825 99.75557 42.44154 99.80228 curveto
42.39484 99.84898 42.33148 99.87523 42.26543 99.87523 curveto
42.19937 99.87523 42.13602 99.84898 42.08931 99.80228 curveto
42.0426 99.75557 42.01636 99.69221 42.01636 99.62616 curveto
42.01636 99.5601 42.0426 99.49675 42.08931 99.45004 curveto
42.13602 99.40334 42.19937 99.37709 42.26543 99.37709 curveto
42.33148 99.37709 42.39484 99.40334 42.44154 99.45004 curveto
42.48825 99.49675 42.5145 99.5601 42.5145 99.62616 curveto closepath fill
newpath 39.49542 99.62616 moveto
39.49542 99.69221 39.46918 99.75557 39.42247 99.80228 curveto
39.37576 99.84898 39.31241 99.87523 39.24635 99.87523 curveto
39.1803 99.87523 39.11694 99.84898 39.07024 99.80228 curveto
39.02353 99.75557 38.99728 99.69221 38.99728 99.62616 curveto
38.99728 99.5601 39.02353 99.49675 39.07024 99.45004 curveto
39.11694 99.40334 39.1803 99.37709 39.24635 99.37709 curveto
39.31241 99.37709 39.37576 99.40334 39.42247 99.45004 curveto
39.46918 99.49675 39.49542 99.5601 39.49542 99.62616 curveto closepath fill
newpath 36.47636 99.62616 moveto
36.47636 99.69221 36.45012 99.75557 36.40341 99.80228 curveto
36.3567 99.84898 36.29335 99.87523 36.2273 99.87523 curveto
36.16124 99.87523 36.09789 99.84898 36.05118 99.80228 curveto
36.00447 99.75557 35.97823 99.69221 35.97823 99.62616 curveto
35.97823 99.5601 36.00447 99.49675 36.05118 99.45004 curveto
36.09789 99.40334 36.16124 99.37709 36.2273 99.37709 curveto
36.29335 99.37709 36.3567 99.40334 36.40341 99.45004 curveto
36.45012 99.49675 36.47636 99.5601 36.47636 99.62616 curveto closepath fill
newpath 33.4573 99.62616 moveto
33.4573 99.69221 33.43106 99.75557 33.38435 99.80228 curveto
33.33765 99.84898 33.27429 99.87523 33.20824 99.87523 curveto
33.14218 99.87523 33.07883 99.84898 33.03212 99.80228 curveto
32.98541 99.75557 32.95917 99.69221 32.95917 99.62616 curveto
32.95917 99.5601 32.98541 99.49675 33.03212 99.45004 curveto
33.07883 99.40334 33.14218 99.37709 33.20824 99.37709 curveto
33.27429 99.37709 33.33765 99.40334 33.38435 99.45004 curveto
33.43106 99.49675 33.4573 99.5601 33.4573 99.62616 curveto closepath fill
newpath 30.43823 99.62616 moveto
30.43823 99.69221 30.41199 99.75557 30.36528 99.80228 curveto
30.31857 99.84898 30.25522 99.87523 30.18916 99.87523 curveto
30.12311 99.87523 30.05975 99.84898 30.01305 99.80228 curveto
29.96634 99.75557 29.9401 99.69221 29.9401 99.62616 curveto
29.9401 99.5601 29.96634 99.49675 30.01305 99.45004 curveto
30.05975 99.40334 30.12311 99.37709 30.18916 99.37709 curveto
30.25522 99.37709 30.31857 99.40334 30.36528 99.45004 curveto
30.41199 99.49675 30.43823 99.5601 30.43823 99.62616 curveto closepath fill
newpath 27.41917 99.62616 moveto
27.41917 99.69221 27.39293 99.75557 27.34622 99.80228 curveto
27.29951 99.84898 27.23616 99.87523 27.1701 99.87523 curveto
27.10405 99.87523 27.0407 99.84898 26.99399 99.80228 curveto
26.94728 99.75557 26.92104 99.69221 26.92104 99.62616 curveto
26.92104 99.5601 26.94728 99.49675 26.99399 99.45004 curveto
27.0407 99.40334 27.10405 99.37709 27.1701 99.37709 curveto
27.23616 99.37709 27.29951 99.40334 27.34622 99.45004 curveto
27.39293 99.49675 27.41917 99.5601 27.41917 99.62616 curveto closepath fill
newpath 24.4001 99.62616 moveto
24.4001 99.69221 24.37386 99.75557 24.32715 99.80228 curveto
24.28044 99.84898 24.21709 99.87523 24.15103 99.87523 curveto
24.08498 99.87523 24.02162 99.84898 23.97491 99.80228 curveto
23.9282 99.75557 23.90196 99.69221 23.90196 99.62616 curveto
23.90196 99.5601 23.9282 99.49675 23.97491 99.45004 curveto
24.02162 99.40334 24.08498 99.37709 24.15103 99.37709 curveto
24.21709 99.37709 24.28044 99.40334 24.32715 99.45004 curveto
24.37386 99.49675 24.4001 99.5601 24.4001 99.62616 curveto closepath fill
newpath 21.38104 99.62616 moveto
21.38104 99.69221 21.3548 99.75557 21.30809 99.80228 curveto
21.26138 99.84898 21.19803 99.87523 21.13197 99.87523 curveto
21.06592 99.87523 21.00256 99.84898 20.95586 99.80228 curveto
20.90915 99.75557 20.8829 99.69221 20.8829 99.62616 curveto
20.8829 99.5601 20.90915 99.49675 20.95586 99.45004 curveto
21.00256 99.40334 21.06592 99.37709 21.13197 99.37709 curveto
21.19803 99.37709 21.26138 99.40334 21.30809 99.45004 curveto
21.3548 99.49675 21.38104 99.5601 21.38104 99.62616 curveto closepath fill
newpath 18.36198 99.62616 moveto
18.36198 99.69221 18.33574 99.75557 18.28903 99.80228 curveto
18.24232 99.84898 18.17897 99.87523 18.11292 99.87523 curveto
18.04686 99.87523 17.9835 99.84898 17.9368 99.80228 curveto
17.89009 99.75557 17.86385 99.69221 17.86385 99.62616 curveto
17.86385 99.5601 17.89009 99.49675 17.9368 99.45004 curveto
17.9835 99.40334 18.04686 99.37709 18.11292 99.37709 curveto
18.17897 99.37709 18.24232 99.40334 18.28903 99.45004 curveto
18.33574 99.49675 18.36198 99.5601 18.36198 99.62616 curveto closepath fill
newpath 15.34291 99.62616 moveto
15.34291 99.69221 15.31667 99.75557 15.26996 99.80228 curveto
15.22325 99.84898 15.1599 99.87523 15.09384 99.87523 curveto
15.02779 99.87523 14.96443 99.84898 14.91772 99.80228 curveto
14.87102 99.75557 14.84477 99.69221 14.84477 99.62616 curveto
14.84477 99.5601 14.87102 99.49675 14.91772 99.45004 curveto
14.96443 99.40334 15.02779 99.37709 15.09384 99.37709 curveto
15.1599 99.37709 15.22325 99.40334 15.26996 99.45004 curveto
15.31667 99.49675 15.34291 99.5601 15.34291 99.62616 curveto closepath fill
newpath 12.32384 99.62616 moveto
12.32384 99.69221 12.29759 99.75557 12.25089 99.80228 curveto
12.20418 99.84898 12.14082 99.87523 12.07477 99.87523 curveto
12.00871 99.87523 11.94536 99.84898 11.89865 99.80228 curveto
11.85194 99.75557 11.8257 99.69221 11.8257 99.62616 curveto
11.8257 99.5601 11.85194 99.49675 11.89865 99.45004 curveto
11.94536 99.40334 12.00871 99.37709 12.07477 99.37709 curveto
12.14082 99.37709 12.20418 99.40334 12.25089 99.45004 curveto
12.29759 99.49675 12.32384 99.5601 12.32384 99.62616 curveto closepath fill
newpath 9.30478 99.62616 moveto
9.30478 99.69221 9.27853 99.75557 9.23183 99.80228 curveto
9.18512 99.84898 9.12177 99.87523 9.05571 99.87523 curveto
8.98965 99.87523 8.9263 99.84898 8.8796 99.80228 curveto
8.83289 99.75557 8.80664 99.69221 8.80664 99.62616 curveto
8.80664 99.5601 8.83289 99.49675 8.8796 99.45004 curveto
8.9263 99.40334 8.98965 99.37709 9.05571 99.37709 curveto
9.12177 99.37709 9.18512 99.40334 9.23183 99.45004 curveto
9.27853 99.49675 9.30478 99.5601 9.30478 99.62616 curveto closepath fill
newpath 6.28569 99.62616 moveto
6.28569 99.69221 6.25945 99.75557 6.21274 99.80228 curveto
6.16603 99.84898 6.10268 99.87523 6.03662 99.87523 curveto
5.97057 99.87523 5.90721 99.84898 5.8605 99.80228 curveto
5.8138 99.75557 5.78755 99.69221 5.78755 99.62616 curveto
5.78755 99.5601 5.8138 99.49675 5.8605 99.45004 curveto
5.90721 99.40334 5.97057 99.37709 6.03662 99.37709 curveto
6.10268 99.37709 6.16603 99.40334 6.21274 99.45004 curveto
6.25945 99.49675 6.28569 99.5601 6.28569 99.62616 curveto closepath fill
newpath 3.26662 99.62616 moveto
3.26662 99.69221 3.24037 99.75557 3.19366 99.80228 curveto
3.14696 99.84898 3.0836 99.87523 3.01755 99.87523 curveto
2.95149 99.87523 2.88814 99.84898 2.84143 99.80228 curveto
2.79472 99.75557 2.76848 99.69221 2.76848 99.62616 curveto
2.76848 99.5601 2.79472 99.49675 2.84143 99.45004 curveto
2.88814 99.40334 2.95149 99.37709 3.01755 99.37709 curveto
3.0836 99.37709 3.14696 99.40334 3.19366 99.45004 curveto
3.24037 99.49675 3.26662 99.5601 3.26662 99.62616 curveto closepath fill
newpath 0.24907 99.62616 moveto
0.24907 99.69221 0.22282 99.75557 0.17612 99.80228 curveto
0.12941 99.84898 0.06606 99.87523 0 99.87523 curveto
-0.06606 99.87523 -0.12941 99.84898 -0.17612 99.80228 curveto
-0.22282 99.75557 -0.24907 99.69221 -0.24907 99.62616 curveto
-0.24907 99.5601 -0.22282 99.49675 -0.17612 99.45004 curveto
-0.12941 99.40334 -0.06606 99.37709 0 99.37709 curveto
0.06606 99.37709 0.12941 99.40334 0.17612 99.45004 curveto
0.22282 99.49675 0.24907 99.5601 0.24907 99.62616 curveto closepath fill
 0.49814 0 dtransform exch truncate exch idtransform pop setlinewidth
newpath 119.55139 97.63364 moveto
119.55139 101.61868 lineto stroke
newpath 139.47662 97.63364 moveto
139.47662 101.61868 lineto stroke
newpath 159.40186 97.63364 moveto
159.40186 101.61868 lineto stroke
newpath 179.32709 97.63364 moveto
179.32709 101.61868 lineto stroke
newpath 99.62616 101.12056 moveto
99.2298 101.12056 98.84973 100.96307 98.56949 100.68283 curveto
98.28925 100.40259 98.13176 100.02252 98.13176 99.62616 curveto
98.13176 99.2298 98.28925 98.84973 98.56949 98.56949 curveto
98.84973 98.28925 99.2298 98.13176 99.62616 98.13176 curveto
100.02252 98.13176 100.40259 98.28925 100.68283 98.56949 curveto
100.96307 98.84973 101.12056 99.2298 101.12056 99.62616 curveto
101.12056 100.02252 100.96307 100.40259 100.68283 100.68283 curveto
100.40259 100.96307 100.02252 101.12056 99.62616 101.12056 curveto closepath fill
newpath 168.5676 140.97102 moveto
168.17123 140.97102 167.79117 140.81354 167.51093 140.5333 curveto
167.23068 140.25305 167.0732 139.87299 167.0732 139.47662 curveto
167.0732 139.08026 167.23068 138.7002 167.51093 138.41995 curveto
167.79117 138.13971 168.17123 137.98222 168.5676 137.98222 curveto
168.96396 137.98222 169.34402 138.13971 169.62427 138.41995 curveto
169.90451 138.7002 170.062 139.08026 170.062 139.47662 curveto
170.062 139.87299 169.90451 140.25305 169.62427 140.5333 curveto
169.34402 140.81354 168.96396 140.97102 168.5676 140.97102 curveto closepath fill
newpath 84.98816 98.32367 moveto
84.98816 98.38972 84.96191 98.45308 84.9152 98.49979 curveto
84.8685 98.5465 84.80515 98.57274 84.73909 98.57274 curveto
84.67303 98.57274 84.60968 98.5465 84.56297 98.49979 curveto
84.51627 98.45308 84.49002 98.38972 84.49002 98.32367 curveto
84.49002 98.25761 84.51627 98.19426 84.56297 98.14755 curveto
84.60968 98.10085 84.67303 98.0746 84.73909 98.0746 curveto
84.80515 98.0746 84.8685 98.10085 84.9152 98.14755 curveto
84.96191 98.19426 84.98816 98.25761 84.98816 98.32367 curveto closepath fill
newpath 85.5665 95.31555 moveto
85.5665 95.3816 85.54025 95.44496 85.49355 95.49167 curveto
85.44684 95.53838 85.38348 95.56462 85.31743 95.56462 curveto
85.25137 95.56462 85.18802 95.53838 85.14131 95.49167 curveto
85.0946 95.44496 85.06836 95.3816 85.06836 95.31555 curveto
85.06836 95.2495 85.0946 95.18614 85.14131 95.13943 curveto
85.18802 95.09273 85.25137 95.06648 85.31743 95.06648 curveto
85.38348 95.06648 85.44684 95.09273 85.49355 95.13943 curveto
85.54025 95.18614 85.5665 95.2495 85.5665 95.31555 curveto closepath fill
newpath 86.74588 92.48877 moveto
86.74588 92.55482 86.71964 92.61818 86.67293 92.66489 curveto
86.62622 92.7116 86.56287 92.73784 86.49681 92.73784 curveto
86.43076 92.73784 86.3674 92.7116 86.3207 92.66489 curveto
86.27399 92.61818 86.24774 92.55482 86.24774 92.48877 curveto
86.24774 92.42271 86.27399 92.35936 86.3207 92.31265 curveto
86.3674 92.26595 86.43076 92.2397 86.49681 92.2397 curveto
86.56287 92.2397 86.62622 92.26595 86.67293 92.31265 curveto
86.71964 92.35936 86.74588 92.42271 86.74588 92.48877 curveto closepath fill
newpath 88.4771 89.96162 moveto
88.4771 90.02768 88.45085 90.09103 88.40414 90.13774 curveto
88.35744 90.18445 88.29408 90.2107 88.22803 90.2107 curveto
88.16197 90.2107 88.09862 90.18445 88.05191 90.13774 curveto
88.0052 90.09103 87.97896 90.02768 87.97896 89.96162 curveto
87.97896 89.89557 88.0052 89.83221 88.05191 89.7855 curveto
88.09862 89.7388 88.16197 89.71255 88.22803 89.71255 curveto
88.29408 89.71255 88.35744 89.7388 88.40414 89.7855 curveto
88.45085 89.83221 88.4771 89.89557 88.4771 89.96162 curveto closepath fill
newpath 90.68704 87.84056 moveto
90.68704 87.90662 90.6608 87.96997 90.61409 88.01668 curveto
90.56738 88.06339 90.50403 88.08963 90.43797 88.08963 curveto
90.37192 88.08963 90.30856 88.06339 90.26186 88.01668 curveto
90.21515 87.96997 90.1889 87.90662 90.1889 87.84056 curveto
90.1889 87.7745 90.21515 87.71115 90.26186 87.66444 curveto
90.30856 87.61774 90.37192 87.59149 90.43797 87.59149 curveto
90.50403 87.59149 90.56738 87.61774 90.61409 87.66444 curveto
90.6608 87.71115 90.68704 87.7745 90.68704 87.84056 curveto closepath fill
newpath 93.28313 86.21486 moveto
93.28313 86.28091 93.25688 86.34427 93.21017 86.39098 curveto
93.16347 86.43768 93.10011 86.46393 93.03406 86.46393 curveto
92.968 86.46393 92.90465 86.43768 92.85794 86.39098 curveto
92.81123 86.34427 92.78499 86.28091 92.78499 86.21486 curveto
92.78499 86.1488 92.81123 86.08545 92.85794 86.03874 curveto
92.90465 85.99203 92.968 85.96579 93.03406 85.96579 curveto
93.10011 85.96579 93.16347 85.99203 93.21017 86.03874 curveto
93.25688 86.08545 93.28313 86.1488 93.28313 86.21486 curveto closepath fill
newpath 96.15591 85.15257 moveto
96.15591 85.21863 96.12967 85.28198 96.08296 85.32869 curveto
96.03625 85.3754 95.9729 85.40164 95.90685 85.40164 curveto
95.84079 85.40164 95.77744 85.3754 95.73073 85.32869 curveto
95.68402 85.28198 95.65778 85.21863 95.65778 85.15257 curveto
95.65778 85.08652 95.68402 85.02316 95.73073 84.97646 curveto
95.77744 84.92975 95.84079 84.9035 95.90685 84.9035 curveto
95.9729 84.9035 96.03625 84.92975 96.08296 84.97646 curveto
96.12967 85.02316 96.15591 85.08652 96.15591 85.15257 curveto closepath fill
newpath 99.18475 84.69814 moveto
99.18475 84.76419 99.15851 84.82755 99.1118 84.87425 curveto
99.0651 84.92096 99.00174 84.9472 98.93568 84.9472 curveto
98.86963 84.9472 98.80627 84.92096 98.75957 84.87425 curveto
98.71286 84.82755 98.68661 84.76419 98.68661 84.69814 curveto
98.68661 84.63208 98.71286 84.56873 98.75957 84.52202 curveto
98.80627 84.47531 98.86963 84.44907 98.93568 84.44907 curveto
99.00174 84.44907 99.0651 84.47531 99.1118 84.52202 curveto
99.15851 84.56873 99.18475 84.63208 99.18475 84.69814 curveto closepath fill
newpath 102.24277 84.87103 moveto
102.24277 84.93709 102.21652 85.00044 102.16982 85.04715 curveto
102.12311 85.09386 102.05975 85.1201 101.9937 85.1201 curveto
101.92764 85.1201 101.86429 85.09386 101.81758 85.04715 curveto
101.77087 85.00044 101.74463 84.93709 101.74463 84.87103 curveto
101.74463 84.80498 101.77087 84.74162 101.81758 84.69492 curveto
101.86429 84.64821 101.92764 84.62196 101.9937 84.62196 curveto
102.05975 84.62196 102.12311 84.64821 102.16982 84.69492 curveto
102.21652 84.74162 102.24277 84.80498 102.24277 84.87103 curveto closepath fill
newpath 105.20134 85.66362 moveto
105.20134 85.72968 105.1751 85.79303 105.12839 85.83974 curveto
105.08168 85.88644 105.01833 85.91269 104.95227 85.91269 curveto
104.88622 85.91269 104.82286 85.88644 104.77615 85.83974 curveto
104.72945 85.79303 104.7032 85.72968 104.7032 85.66362 curveto
104.7032 85.59756 104.72945 85.53421 104.77615 85.4875 curveto
104.82286 85.4408 104.88622 85.41455 104.95227 85.41455 curveto
105.01833 85.41455 105.08168 85.4408 105.12839 85.4875 curveto
105.1751 85.53421 105.20134 85.59756 105.20134 85.66362 curveto closepath fill
newpath 107.9363 87.04291 moveto
107.9363 87.10896 107.91005 87.17232 107.86334 87.21902 curveto
107.81664 87.26573 107.75328 87.29198 107.68723 87.29198 curveto
107.62117 87.29198 107.55782 87.26573 107.51111 87.21902 curveto
107.4644 87.17232 107.43816 87.10896 107.43816 87.04291 curveto
107.43816 86.97685 107.4644 86.9135 107.51111 86.86679 curveto
107.55782 86.82008 107.62117 86.79384 107.68723 86.79384 curveto
107.75328 86.79384 107.81664 86.82008 107.86334 86.86679 curveto
107.91005 86.9135 107.9363 86.97685 107.9363 87.04291 curveto closepath fill
newpath 110.33261 88.95059 moveto
110.33261 89.01665 110.30637 89.08 110.25966 89.12671 curveto
110.21295 89.17342 110.1496 89.19966 110.08354 89.19966 curveto
110.01749 89.19966 109.95413 89.17342 109.90742 89.12671 curveto
109.86072 89.08 109.83447 89.01665 109.83447 88.95059 curveto
109.83447 88.88454 109.86072 88.82118 109.90742 88.77448 curveto
109.95413 88.72777 110.01749 88.70152 110.08354 88.70152 curveto
110.1496 88.70152 110.21295 88.72777 110.25966 88.77448 curveto
110.30637 88.82118 110.33261 88.88454 110.33261 88.95059 curveto closepath fill
newpath 112.28958 91.30693 moveto
112.28958 91.37299 112.26334 91.43634 112.21663 91.48305 curveto
112.16992 91.52975 112.10657 91.556 112.04051 91.556 curveto
111.97446 91.556 111.9111 91.52975 111.8644 91.48305 curveto
111.81769 91.43634 111.79144 91.37299 111.79144 91.30693 curveto
111.79144 91.24088 111.81769 91.17752 111.8644 91.13081 curveto
111.9111 91.0841 111.97446 91.05786 112.04051 91.05786 curveto
112.10657 91.05786 112.16992 91.0841 112.21663 91.13081 curveto
112.26334 91.17752 112.28958 91.24088 112.28958 91.30693 curveto closepath fill
newpath 113.72475 94.01288 moveto
113.72475 94.07893 113.6985 94.14229 113.6518 94.189 curveto
113.60509 94.2357 113.54173 94.26195 113.47568 94.26195 curveto
113.40962 94.26195 113.34627 94.2357 113.29956 94.189 curveto
113.25285 94.14229 113.22661 94.07893 113.22661 94.01288 curveto
113.22661 93.94682 113.25285 93.88347 113.29956 93.83676 curveto
113.34627 93.79005 113.40962 93.76381 113.47568 93.76381 curveto
113.54173 93.76381 113.60509 93.79005 113.6518 93.83676 curveto
113.6985 93.88347 113.72475 93.94682 113.72475 94.01288 curveto closepath fill
newpath 114.5784 96.95465 moveto
114.5784 97.0207 114.55215 97.08406 114.50545 97.13077 curveto
114.45874 97.17747 114.39539 97.20372 114.32933 97.20372 curveto
114.26328 97.20372 114.19992 97.17747 114.15321 97.13077 curveto
114.1065 97.08406 114.08026 97.0207 114.08026 96.95465 curveto
114.08026 96.8886 114.1065 96.82524 114.15321 96.77853 curveto
114.19992 96.73183 114.26328 96.70558 114.32933 96.70558 curveto
114.39539 96.70558 114.45874 96.73183 114.50545 96.77853 curveto
114.55215 96.82524 114.5784 96.8886 114.5784 96.95465 curveto closepath fill
newpath 114.81429 100.00874 moveto
114.81429 100.0748 114.78804 100.13815 114.74133 100.18486 curveto
114.69463 100.23157 114.63127 100.25781 114.56522 100.25781 curveto
114.49916 100.25781 114.4358 100.23157 114.3891 100.18486 curveto
114.34239 100.13815 114.31615 100.0748 114.31615 100.00874 curveto
114.31615 99.94269 114.34239 99.87933 114.3891 99.83263 curveto
114.4358 99.78592 114.49916 99.75967 114.56522 99.75967 curveto
114.63127 99.75967 114.69463 99.78592 114.74133 99.83263 curveto
114.78804 99.87933 114.81429 99.94269 114.81429 100.00874 curveto closepath fill
newpath 114.42233 103.04684 moveto
114.42233 103.1129 114.39609 103.17625 114.34938 103.22296 curveto
114.30267 103.26967 114.23932 103.29591 114.17326 103.29591 curveto
114.10721 103.29591 114.04385 103.26967 113.99715 103.22296 curveto
113.95044 103.17625 113.9242 103.1129 113.9242 103.04684 curveto
113.9242 102.98079 113.95044 102.91743 113.99715 102.87073 curveto
114.04385 102.82402 114.10721 102.79778 114.17326 102.79778 curveto
114.23932 102.79778 114.30267 102.82402 114.34938 102.87073 curveto
114.39609 102.91743 114.42233 102.98079 114.42233 103.04684 curveto closepath fill
newpath 113.41907 105.94188 moveto
113.41907 106.00793 113.39282 106.07129 113.34612 106.118 curveto
113.29941 106.1647 113.23605 106.19095 113.17 106.19095 curveto
113.10394 106.19095 113.04059 106.1647 112.99388 106.118 curveto
112.94717 106.07129 112.92093 106.00793 112.92093 105.94188 curveto
112.92093 105.87582 112.94717 105.81247 112.99388 105.76576 curveto
113.04059 105.71906 113.10394 105.69281 113.17 105.69281 curveto
113.23605 105.69281 113.29941 105.71906 113.34612 105.76576 curveto
113.39282 105.81247 113.41907 105.87582 113.41907 105.94188 curveto closepath fill
newpath 99.87523 99.62616 moveto
99.87523 99.69221 99.84898 99.75557 99.80228 99.80228 curveto
99.75557 99.84898 99.69221 99.87523 99.62616 99.87523 curveto
99.5601 99.87523 99.49675 99.84898 99.45004 99.80228 curveto
99.40334 99.75557 99.37709 99.69221 99.37709 99.62616 curveto
99.37709 99.5601 99.40334 99.49675 99.45004 99.45004 curveto
99.49675 99.40334 99.5601 99.37709 99.62616 99.37709 curveto
99.69221 99.37709 99.75557 99.40334 99.80228 99.45004 curveto
99.84898 99.49675 99.87523 99.5601 99.87523 99.62616 curveto closepath fill
newpath 102.42836 101.10194 moveto
102.42836 101.168 102.40211 101.23135 102.35541 101.27806 curveto
102.3087 101.32477 102.24535 101.35101 102.17929 101.35101 curveto
102.11324 101.35101 102.04988 101.32477 102.00317 101.27806 curveto
101.95647 101.23135 101.93022 101.168 101.93022 101.10194 curveto
101.93022 101.03589 101.95647 100.97253 102.00317 100.92583 curveto
102.04988 100.87912 102.11324 100.85287 102.17929 100.85287 curveto
102.24535 100.85287 102.3087 100.87912 102.35541 100.92583 curveto
102.40211 100.97253 102.42836 101.03589 102.42836 101.10194 curveto closepath fill
newpath 104.9825 102.57837 moveto
104.9825 102.64442 104.95625 102.70778 104.90955 102.75449 curveto
104.86284 102.8012 104.79948 102.82744 104.73343 102.82744 curveto
104.66737 102.82744 104.60402 102.8012 104.55731 102.75449 curveto
104.5106 102.70778 104.48436 102.64442 104.48436 102.57837 curveto
104.48436 102.51231 104.5106 102.44896 104.55731 102.40225 curveto
104.60402 102.35555 104.66737 102.3293 104.73343 102.3293 curveto
104.79948 102.3293 104.86284 102.35555 104.90955 102.40225 curveto
104.95625 102.44896 104.9825 102.51231 104.9825 102.57837 curveto closepath fill
newpath 107.53563 104.05415 moveto
107.53563 104.12021 107.50938 104.18356 107.46268 104.23027 curveto
107.41597 104.27698 107.35262 104.30322 107.28656 104.30322 curveto
107.2205 104.30322 107.15715 104.27698 107.11044 104.23027 curveto
107.06374 104.18356 107.03749 104.12021 107.03749 104.05415 curveto
107.03749 103.9881 107.06374 103.92474 107.11044 103.87804 curveto
107.15715 103.83133 107.2205 103.80508 107.28656 103.80508 curveto
107.35262 103.80508 107.41597 103.83133 107.46268 103.87804 curveto
107.50938 103.92474 107.53563 103.9881 107.53563 104.05415 curveto closepath fill
newpath 110.08875 105.52994 moveto
110.08875 105.596 110.0625 105.65935 110.0158 105.70605 curveto
109.96909 105.75276 109.90573 105.779 109.83968 105.779 curveto
109.77362 105.779 109.71027 105.75276 109.66356 105.70605 curveto
109.61685 105.65935 109.5906 105.596 109.5906 105.52994 curveto
109.5906 105.46388 109.61685 105.40053 109.66356 105.35382 curveto
109.71027 105.30711 109.77362 105.28087 109.83968 105.28087 curveto
109.90573 105.28087 109.96909 105.30711 110.0158 105.35382 curveto
110.0625 105.40053 110.08875 105.46388 110.08875 105.52994 curveto closepath fill
newpath 112.64185 107.00572 moveto
112.64185 107.07178 112.6156 107.13513 112.5689 107.18184 curveto
112.52219 107.22855 112.45883 107.25479 112.39278 107.25479 curveto
112.32672 107.25479 112.26337 107.22855 112.21666 107.18184 curveto
112.16995 107.13513 112.1437 107.07178 112.1437 107.00572 curveto
112.1437 106.93967 112.16995 106.87631 112.21666 106.8296 curveto
112.26337 106.7829 112.32672 106.75665 112.39278 106.75665 curveto
112.45883 106.75665 112.52219 106.7829 112.5689 106.8296 curveto
112.6156 106.87631 112.64185 106.93967 112.64185 107.00572 curveto closepath fill
newpath 115.19498 108.48152 moveto
115.19498 108.54758 115.16873 108.61093 115.12202 108.65764 curveto
115.07532 108.70435 115.01196 108.73059 114.9459 108.73059 curveto
114.87985 108.73059 114.8165 108.70435 114.76979 108.65764 curveto
114.72308 108.61093 114.69684 108.54758 114.69684 108.48152 curveto
114.69684 108.41547 114.72308 108.35211 114.76979 108.3054 curveto
114.8165 108.2587 114.87985 108.23245 114.9459 108.23245 curveto
115.01196 108.23245 115.07532 108.2587 115.12202 108.3054 curveto
115.16873 108.35211 115.19498 108.41547 115.19498 108.48152 curveto closepath fill
newpath 117.74911 109.9579 moveto
117.74911 110.02396 117.72287 110.08731 117.67616 110.13402 curveto
117.62946 110.18073 117.5661 110.20697 117.50005 110.20697 curveto
117.43399 110.20697 117.37064 110.18073 117.32393 110.13402 curveto
117.27722 110.08731 117.25098 110.02396 117.25098 109.9579 curveto
117.25098 109.89185 117.27722 109.82849 117.32393 109.78178 curveto
117.37064 109.73508 117.43399 109.70883 117.50005 109.70883 curveto
117.5661 109.70883 117.62946 109.73508 117.67616 109.78178 curveto
117.72287 109.82849 117.74911 109.89185 117.74911 109.9579 curveto closepath fill
newpath 120.30225 111.43369 moveto
120.30225 111.49974 120.276 111.5631 120.2293 111.6098 curveto
120.18259 111.65651 120.11923 111.68275 120.05318 111.68275 curveto
119.98712 111.68275 119.92377 111.65651 119.87706 111.6098 curveto
119.83035 111.5631 119.80411 111.49974 119.80411 111.43369 curveto
119.80411 111.36763 119.83035 111.30428 119.87706 111.25757 curveto
119.92377 111.21086 119.98712 111.18462 120.05318 111.18462 curveto
120.11923 111.18462 120.18259 111.21086 120.2293 111.25757 curveto
120.276 111.30428 120.30225 111.36763 120.30225 111.43369 curveto closepath fill
newpath 122.85536 112.90947 moveto
122.85536 112.97552 122.82912 113.03888 122.78241 113.08559 curveto
122.7357 113.1323 122.67235 113.15854 122.6063 113.15854 curveto
122.54024 113.15854 122.47688 113.1323 122.43018 113.08559 curveto
122.38347 113.03888 122.35722 112.97552 122.35722 112.90947 curveto
122.35722 112.84341 122.38347 112.78006 122.43018 112.73335 curveto
122.47688 112.68665 122.54024 112.6604 122.6063 112.6604 curveto
122.67235 112.6604 122.7357 112.68665 122.78241 112.73335 curveto
122.82912 112.78006 122.85536 112.84341 122.85536 112.90947 curveto closepath fill
newpath 125.40846 114.38525 moveto
125.40846 114.45131 125.38222 114.51466 125.33551 114.56137 curveto
125.2888 114.60808 125.22545 114.63432 125.1594 114.63432 curveto
125.09334 114.63432 125.02998 114.60808 124.98328 114.56137 curveto
124.93657 114.51466 124.91032 114.45131 124.91032 114.38525 curveto
124.91032 114.3192 124.93657 114.25584 124.98328 114.20914 curveto
125.02998 114.16243 125.09334 114.13618 125.1594 114.13618 curveto
125.22545 114.13618 125.2888 114.16243 125.33551 114.20914 curveto
125.38222 114.25584 125.40846 114.3192 125.40846 114.38525 curveto closepath fill
newpath 127.96265 115.86163 moveto
127.96265 115.92769 127.9364 115.99104 127.8897 116.03775 curveto
127.84299 116.08446 127.77963 116.1107 127.71358 116.1107 curveto
127.64752 116.1107 127.58417 116.08446 127.53746 116.03775 curveto
127.49075 115.99104 127.46451 115.92769 127.46451 115.86163 curveto
127.46451 115.79558 127.49075 115.73222 127.53746 115.68552 curveto
127.58417 115.63881 127.64752 115.61256 127.71358 115.61256 curveto
127.77963 115.61256 127.84299 115.63881 127.8897 115.68552 curveto
127.9364 115.73222 127.96265 115.79558 127.96265 115.86163 curveto closepath fill
newpath 130.51576 117.33742 moveto
130.51576 117.40347 130.48952 117.46683 130.44281 117.51353 curveto
130.3961 117.56024 130.33275 117.58649 130.2667 117.58649 curveto
130.20064 117.58649 130.13728 117.56024 130.09058 117.51353 curveto
130.04387 117.46683 130.01762 117.40347 130.01762 117.33742 curveto
130.01762 117.27136 130.04387 117.20801 130.09058 117.1613 curveto
130.13728 117.1146 130.20064 117.08835 130.2667 117.08835 curveto
130.33275 117.08835 130.3961 117.1146 130.44281 117.1613 curveto
130.48952 117.20801 130.51576 117.27136 130.51576 117.33742 curveto closepath fill
newpath 133.06886 118.81319 moveto
133.06886 118.87924 133.04262 118.9426 132.99591 118.9893 curveto
132.9492 119.03601 132.88585 119.06226 132.8198 119.06226 curveto
132.75374 119.06226 132.69038 119.03601 132.64368 118.9893 curveto
132.59697 118.9426 132.57072 118.87924 132.57072 118.81319 curveto
132.57072 118.74713 132.59697 118.68378 132.64368 118.63707 curveto
132.69038 118.59036 132.75374 118.56412 132.8198 118.56412 curveto
132.88585 118.56412 132.9492 118.59036 132.99591 118.63707 curveto
133.04262 118.68378 133.06886 118.74713 133.06886 118.81319 curveto closepath fill
newpath 135.62198 120.28897 moveto
135.62198 120.35503 135.59573 120.41838 135.54903 120.46509 curveto
135.50232 120.5118 135.43896 120.53804 135.37291 120.53804 curveto
135.30685 120.53804 135.2435 120.5118 135.1968 120.46509 curveto
135.15009 120.41838 135.12384 120.35503 135.12384 120.28897 curveto
135.12384 120.22292 135.15009 120.15956 135.1968 120.11285 curveto
135.2435 120.06615 135.30685 120.0399 135.37291 120.0399 curveto
135.43896 120.0399 135.50232 120.06615 135.54903 120.11285 curveto
135.59573 120.15956 135.62198 120.22292 135.62198 120.28897 curveto closepath fill
newpath 138.17613 121.76537 moveto
138.17613 121.83142 138.14989 121.89478 138.10318 121.94148 curveto
138.05647 121.98819 137.99312 122.01443 137.92706 122.01443 curveto
137.86101 122.01443 137.79765 121.98819 137.75095 121.94148 curveto
137.70424 121.89478 137.678 121.83142 137.678 121.76537 curveto
137.678 121.69931 137.70424 121.63596 137.75095 121.58925 curveto
137.79765 121.54254 137.86101 121.5163 137.92706 121.5163 curveto
137.99312 121.5163 138.05647 121.54254 138.10318 121.58925 curveto
138.14989 121.63596 138.17613 121.69931 138.17613 121.76537 curveto closepath fill
newpath 140.72925 123.24115 moveto
140.72925 123.3072 140.703 123.37056 140.6563 123.41727 curveto
140.60959 123.46397 140.54623 123.49022 140.48018 123.49022 curveto
140.41412 123.49022 140.35077 123.46397 140.30406 123.41727 curveto
140.25735 123.37056 140.23111 123.3072 140.23111 123.24115 curveto
140.23111 123.1751 140.25735 123.11174 140.30406 123.06503 curveto
140.35077 123.01833 140.41412 122.99208 140.48018 122.99208 curveto
140.54623 122.99208 140.60959 123.01833 140.6563 123.06503 curveto
140.703 123.11174 140.72925 123.1751 140.72925 123.24115 curveto closepath fill
newpath 143.28238 124.71693 moveto
143.28238 124.78299 143.25613 124.84634 143.20943 124.89305 curveto
143.16272 124.93976 143.09937 124.966 143.03331 124.966 curveto
142.96725 124.966 142.9039 124.93976 142.8572 124.89305 curveto
142.81049 124.84634 142.78424 124.78299 142.78424 124.71693 curveto
142.78424 124.65088 142.81049 124.58752 142.8572 124.54082 curveto
142.9039 124.49411 142.96725 124.46786 143.03331 124.46786 curveto
143.09937 124.46786 143.16272 124.49411 143.20943 124.54082 curveto
143.25613 124.58752 143.28238 124.65088 143.28238 124.71693 curveto closepath fill
newpath 145.83548 126.1927 moveto
145.83548 126.25876 145.80923 126.32211 145.76253 126.36882 curveto
145.71582 126.41553 145.65247 126.44177 145.58641 126.44177 curveto
145.52036 126.44177 145.457 126.41553 145.4103 126.36882 curveto
145.36359 126.32211 145.33734 126.25876 145.33734 126.1927 curveto
145.33734 126.12665 145.36359 126.0633 145.4103 126.01659 curveto
145.457 125.96988 145.52036 125.94363 145.58641 125.94363 curveto
145.65247 125.94363 145.71582 125.96988 145.76253 126.01659 curveto
145.80923 126.0633 145.83548 126.12665 145.83548 126.1927 curveto closepath fill
newpath 148.38965 127.6691 moveto
148.38965 127.73515 148.3634 127.79851 148.3167 127.84521 curveto
148.26999 127.89192 148.20663 127.91817 148.14058 127.91817 curveto
148.07452 127.91817 148.01117 127.89192 147.96446 127.84521 curveto
147.91776 127.79851 147.89151 127.73515 147.89151 127.6691 curveto
147.89151 127.60304 147.91776 127.53969 147.96446 127.49298 curveto
148.01117 127.44627 148.07452 127.42003 148.14058 127.42003 curveto
148.20663 127.42003 148.26999 127.44627 148.3167 127.49298 curveto
148.3634 127.53969 148.38965 127.60304 148.38965 127.6691 curveto closepath fill
newpath 150.94278 129.14488 moveto
150.94278 129.21094 150.91653 129.27429 150.86983 129.321 curveto
150.82312 129.3677 150.75977 129.39395 150.69371 129.39395 curveto
150.62766 129.39395 150.5643 129.3677 150.5176 129.321 curveto
150.47089 129.27429 150.44464 129.21094 150.44464 129.14488 curveto
150.44464 129.07883 150.47089 129.01547 150.5176 128.96877 curveto
150.5643 128.92206 150.62766 128.89581 150.69371 128.89581 curveto
150.75977 128.89581 150.82312 128.92206 150.86983 128.96877 curveto
150.91653 129.01547 150.94278 129.07883 150.94278 129.14488 curveto closepath fill
newpath 153.49586 130.62067 moveto
153.49586 130.68672 153.46962 130.75008 153.42291 130.79678 curveto
153.3762 130.84349 153.31285 130.86974 153.2468 130.86974 curveto
153.18074 130.86974 153.11739 130.84349 153.07068 130.79678 curveto
153.02397 130.75008 152.99773 130.68672 152.99773 130.62067 curveto
152.99773 130.55461 153.02397 130.49126 153.07068 130.44455 curveto
153.11739 130.39784 153.18074 130.3716 153.2468 130.3716 curveto
153.31285 130.3716 153.3762 130.39784 153.42291 130.44455 curveto
153.46962 130.49126 153.49586 130.55461 153.49586 130.62067 curveto closepath fill
newpath 156.049 132.09645 moveto
156.049 132.1625 156.02275 132.22586 155.97604 132.27257 curveto
155.92934 132.31927 155.86598 132.34552 155.79993 132.34552 curveto
155.73387 132.34552 155.67052 132.31927 155.62381 132.27257 curveto
155.5771 132.22586 155.55086 132.1625 155.55086 132.09645 curveto
155.55086 132.0304 155.5771 131.96704 155.62381 131.92033 curveto
155.67052 131.87363 155.73387 131.84738 155.79993 131.84738 curveto
155.86598 131.84738 155.92934 131.87363 155.97604 131.92033 curveto
156.02275 131.96704 156.049 132.0304 156.049 132.09645 curveto closepath fill
newpath 158.60213 133.57224 moveto
158.60213 133.63829 158.57588 133.70164 158.52917 133.74835 curveto
158.48247 133.79506 158.41911 133.8213 158.35306 133.8213 curveto
158.287 133.8213 158.22365 133.79506 158.17694 133.74835 curveto
158.13023 133.70164 158.10399 133.63829 158.10399 133.57224 curveto
158.10399 133.50618 158.13023 133.44283 158.17694 133.39612 curveto
158.22365 133.34941 158.287 133.32317 158.35306 133.32317 curveto
158.41911 133.32317 158.48247 133.34941 158.52917 133.39612 curveto
158.57588 133.44283 158.60213 133.50618 158.60213 133.57224 curveto closepath fill
newpath 161.15627 135.04863 moveto
161.15627 135.11469 161.13002 135.17804 161.08331 135.22475 curveto
161.0366 135.27145 160.97325 135.2977 160.9072 135.2977 curveto
160.84114 135.2977 160.77779 135.27145 160.73108 135.22475 curveto
160.68437 135.17804 160.65813 135.11469 160.65813 135.04863 curveto
160.65813 134.98257 160.68437 134.91922 160.73108 134.87251 curveto
160.77779 134.8258 160.84114 134.79956 160.9072 134.79956 curveto
160.97325 134.79956 161.0366 134.8258 161.08331 134.87251 curveto
161.13002 134.91922 161.15627 134.98257 161.15627 135.04863 curveto closepath fill
newpath 163.7094 136.52441 moveto
163.7094 136.59047 163.68315 136.65382 163.63644 136.70053 curveto
163.58974 136.74724 163.52638 136.77348 163.46033 136.77348 curveto
163.39427 136.77348 163.33092 136.74724 163.28421 136.70053 curveto
163.2375 136.65382 163.21126 136.59047 163.21126 136.52441 curveto
163.21126 136.45836 163.2375 136.395 163.28421 136.3483 curveto
163.33092 136.30159 163.39427 136.27534 163.46033 136.27534 curveto
163.52638 136.27534 163.58974 136.30159 163.63644 136.3483 curveto
163.68315 136.395 163.7094 136.45836 163.7094 136.52441 curveto closepath fill
newpath 166.26248 138.00021 moveto
166.26248 138.06627 166.23624 138.12962 166.18953 138.17633 curveto
166.14282 138.22304 166.07947 138.24928 166.01341 138.24928 curveto
165.94736 138.24928 165.884 138.22304 165.8373 138.17633 curveto
165.79059 138.12962 165.76434 138.06627 165.76434 138.00021 curveto
165.76434 137.93416 165.79059 137.8708 165.8373 137.8241 curveto
165.884 137.77739 165.94736 137.75114 166.01341 137.75114 curveto
166.07947 137.75114 166.14282 137.77739 166.18953 137.8241 curveto
166.23624 137.8708 166.26248 137.93416 166.26248 138.00021 curveto closepath fill
newpath 168.81667 139.47662 moveto
168.81667 139.54268 168.79042 139.60603 168.74371 139.65274 curveto
168.697 139.69945 168.63365 139.7257 168.5676 139.7257 curveto
168.50154 139.7257 168.43819 139.69945 168.39148 139.65274 curveto
168.34477 139.60603 168.31853 139.54268 168.31853 139.47662 curveto
168.31853 139.41057 168.34477 139.34721 168.39148 139.3005 curveto
168.43819 139.2538 168.50154 139.22755 168.5676 139.22755 curveto
168.63365 139.22755 168.697 139.2538 168.74371 139.3005 curveto
168.79042 139.34721 168.81667 139.41057 168.81667 139.47662 curveto closepath fill
showpage
%%EOF
