%!PS
%%BoundingBox: -1 84 200 150 
%%HiResBoundingBox: -0.24907 84.44907 199.50139 149.68678 
%%Creator: MetaPost 2.000
%%CreationDate: 2017.07.04:1542
%%Pages: 1
%%BeginProlog
%%EndProlog
%%Page: 1 1
 0 0 0 setrgbcolor 0 0.49814 dtransform truncate idtransform setlinewidth pop [] 0 setdash 1 setlinecap
 1 setlinejoin 10 setmiterlimit
newpath 99.62616 99.62616 moveto
199.25232 99.62616 lineto stroke
newpath 196.26353 101.12056 moveto
196.96909 100.17981 198.07639 99.62616 199.25232 99.62616 curveto
198.07639 99.62616 196.96909 99.07251 196.26353 98.13176 curveto stroke
newpath 99.87523 99.62616 moveto
99.87523 99.69221 99.84898 99.75557 99.80228 99.80228 curveto
99.75557 99.84898 99.69221 99.87523 99.62616 99.87523 curveto
99.5601 99.87523 99.49675 99.84898 99.45004 99.80228 curveto
99.40334 99.75557 99.37709 99.69221 99.37709 99.62616 curveto
99.37709 99.5601 99.40334 99.49675 99.45004 99.45004 curveto
99.49675 99.40334 99.5601 99.37709 99.62616 99.37709 curveto
99.69221 99.37709 99.75557 99.40334 99.80228 99.45004 curveto
99.84898 99.49675 99.87523 99.5601 99.87523 99.62616 curveto closepath fill
newpath 96.85614 99.62616 moveto
96.85614 99.69221 96.8299 99.75557 96.78319 99.80228 curveto
96.73648 99.84898 96.67313 99.87523 96.60707 99.87523 curveto
96.54102 99.87523 96.47766 99.84898 96.43095 99.80228 curveto
96.38425 99.75557 96.358 99.69221 96.358 99.62616 curveto
96.358 99.5601 96.38425 99.49675 96.43095 99.45004 curveto
96.47766 99.40334 96.54102 99.37709 96.60707 99.37709 curveto
96.67313 99.37709 96.73648 99.40334 96.78319 99.45004 curveto
96.8299 99.49675 96.85614 99.5601 96.85614 99.62616 curveto closepath fill
newpath 93.8371 99.62616 moveto
93.8371 99.69221 93.81085 99.75557 93.76414 99.80228 curveto
93.71744 99.84898 93.65408 99.87523 93.58803 99.87523 curveto
93.52197 99.87523 93.45862 99.84898 93.41191 99.80228 curveto
93.3652 99.75557 93.33896 99.69221 93.33896 99.62616 curveto
93.33896 99.5601 93.3652 99.49675 93.41191 99.45004 curveto
93.45862 99.40334 93.52197 99.37709 93.58803 99.37709 curveto
93.65408 99.37709 93.71744 99.40334 93.76414 99.45004 curveto
93.81085 99.49675 93.8371 99.5601 93.8371 99.62616 curveto closepath fill
newpath 90.81801 99.62616 moveto
90.81801 99.69221 90.79176 99.75557 90.74506 99.80228 curveto
90.69835 99.84898 90.635 99.87523 90.56894 99.87523 curveto
90.50288 99.87523 90.43953 99.84898 90.39282 99.80228 curveto
90.34612 99.75557 90.31987 99.69221 90.31987 99.62616 curveto
90.31987 99.5601 90.34612 99.49675 90.39282 99.45004 curveto
90.43953 99.40334 90.50288 99.37709 90.56894 99.37709 curveto
90.635 99.37709 90.69835 99.40334 90.74506 99.45004 curveto
90.79176 99.49675 90.81801 99.5601 90.81801 99.62616 curveto closepath fill
newpath 87.79893 99.62616 moveto
87.79893 99.69221 87.77269 99.75557 87.72598 99.80228 curveto
87.67928 99.84898 87.61592 99.87523 87.54987 99.87523 curveto
87.48381 99.87523 87.42046 99.84898 87.37375 99.80228 curveto
87.32704 99.75557 87.3008 99.69221 87.3008 99.62616 curveto
87.3008 99.5601 87.32704 99.49675 87.37375 99.45004 curveto
87.42046 99.40334 87.48381 99.37709 87.54987 99.37709 curveto
87.61592 99.37709 87.67928 99.40334 87.72598 99.45004 curveto
87.77269 99.49675 87.79893 99.5601 87.79893 99.62616 curveto closepath fill
newpath 84.77986 99.62616 moveto
84.77986 99.69221 84.75362 99.75557 84.70691 99.80228 curveto
84.6602 99.84898 84.59685 99.87523 84.53079 99.87523 curveto
84.46474 99.87523 84.40138 99.84898 84.35468 99.80228 curveto
84.30797 99.75557 84.28172 99.69221 84.28172 99.62616 curveto
84.28172 99.5601 84.30797 99.49675 84.35468 99.45004 curveto
84.40138 99.40334 84.46474 99.37709 84.53079 99.37709 curveto
84.59685 99.37709 84.6602 99.40334 84.70691 99.45004 curveto
84.75362 99.49675 84.77986 99.5601 84.77986 99.62616 curveto closepath fill
newpath 81.7608 99.62616 moveto
81.7608 99.69221 81.73456 99.75557 81.68785 99.80228 curveto
81.64114 99.84898 81.57779 99.87523 81.51173 99.87523 curveto
81.44568 99.87523 81.38232 99.84898 81.33562 99.80228 curveto
81.28891 99.75557 81.26266 99.69221 81.26266 99.62616 curveto
81.26266 99.5601 81.28891 99.49675 81.33562 99.45004 curveto
81.38232 99.40334 81.44568 99.37709 81.51173 99.37709 curveto
81.57779 99.37709 81.64114 99.40334 81.68785 99.45004 curveto
81.73456 99.49675 81.7608 99.5601 81.7608 99.62616 curveto closepath fill
newpath 78.74173 99.62616 moveto
78.74173 99.69221 78.71548 99.75557 78.66878 99.80228 curveto
78.62207 99.84898 78.55872 99.87523 78.49266 99.87523 curveto
78.4266 99.87523 78.36325 99.84898 78.31654 99.80228 curveto
78.26984 99.75557 78.24359 99.69221 78.24359 99.62616 curveto
78.24359 99.5601 78.26984 99.49675 78.31654 99.45004 curveto
78.36325 99.40334 78.4266 99.37709 78.49266 99.37709 curveto
78.55872 99.37709 78.62207 99.40334 78.66878 99.45004 curveto
78.71548 99.49675 78.74173 99.5601 78.74173 99.62616 curveto closepath fill
newpath 75.72267 99.62616 moveto
75.72267 99.69221 75.69643 99.75557 75.64972 99.80228 curveto
75.60301 99.84898 75.53966 99.87523 75.4736 99.87523 curveto
75.40755 99.87523 75.3442 99.84898 75.29749 99.80228 curveto
75.25078 99.75557 75.22453 99.69221 75.22453 99.62616 curveto
75.22453 99.5601 75.25078 99.49675 75.29749 99.45004 curveto
75.3442 99.40334 75.40755 99.37709 75.4736 99.37709 curveto
75.53966 99.37709 75.60301 99.40334 75.64972 99.45004 curveto
75.69643 99.49675 75.72267 99.5601 75.72267 99.62616 curveto closepath fill
newpath 72.70361 99.62616 moveto
72.70361 99.69221 72.67737 99.75557 72.63066 99.80228 curveto
72.58395 99.84898 72.5206 99.87523 72.45454 99.87523 curveto
72.38849 99.87523 72.32513 99.84898 72.27843 99.80228 curveto
72.23172 99.75557 72.20547 99.69221 72.20547 99.62616 curveto
72.20547 99.5601 72.23172 99.49675 72.27843 99.45004 curveto
72.32513 99.40334 72.38849 99.37709 72.45454 99.37709 curveto
72.5206 99.37709 72.58395 99.40334 72.63066 99.45004 curveto
72.67737 99.49675 72.70361 99.5601 72.70361 99.62616 curveto closepath fill
newpath 69.68454 99.62616 moveto
69.68454 99.69221 69.6583 99.75557 69.61159 99.80228 curveto
69.56488 99.84898 69.50153 99.87523 69.43547 99.87523 curveto
69.36942 99.87523 69.30606 99.84898 69.25935 99.80228 curveto
69.21265 99.75557 69.1864 99.69221 69.1864 99.62616 curveto
69.1864 99.5601 69.21265 99.49675 69.25935 99.45004 curveto
69.30606 99.40334 69.36942 99.37709 69.43547 99.37709 curveto
69.50153 99.37709 69.56488 99.40334 69.61159 99.45004 curveto
69.6583 99.49675 69.68454 99.5601 69.68454 99.62616 curveto closepath fill
newpath 66.66548 99.62616 moveto
66.66548 99.69221 66.63924 99.75557 66.59253 99.80228 curveto
66.54582 99.84898 66.48247 99.87523 66.41641 99.87523 curveto
66.35036 99.87523 66.287 99.84898 66.2403 99.80228 curveto
66.19359 99.75557 66.16734 99.69221 66.16734 99.62616 curveto
66.16734 99.5601 66.19359 99.49675 66.2403 99.45004 curveto
66.287 99.40334 66.35036 99.37709 66.41641 99.37709 curveto
66.48247 99.37709 66.54582 99.40334 66.59253 99.45004 curveto
66.63924 99.49675 66.66548 99.5601 66.66548 99.62616 curveto closepath fill
newpath 63.64641 99.62616 moveto
63.64641 99.69221 63.62016 99.75557 63.57346 99.80228 curveto
63.52675 99.84898 63.4634 99.87523 63.39734 99.87523 curveto
63.33128 99.87523 63.26793 99.84898 63.22122 99.80228 curveto
63.17451 99.75557 63.14827 99.69221 63.14827 99.62616 curveto
63.14827 99.5601 63.17451 99.49675 63.22122 99.45004 curveto
63.26793 99.40334 63.33128 99.37709 63.39734 99.37709 curveto
63.4634 99.37709 63.52675 99.40334 63.57346 99.45004 curveto
63.62016 99.49675 63.64641 99.5601 63.64641 99.62616 curveto closepath fill
newpath 60.62735 99.62616 moveto
60.62735 99.69221 60.6011 99.75557 60.5544 99.80228 curveto
60.50769 99.84898 60.44434 99.87523 60.37828 99.87523 curveto
60.31223 99.87523 60.24887 99.84898 60.20216 99.80228 curveto
60.15546 99.75557 60.12921 99.69221 60.12921 99.62616 curveto
60.12921 99.5601 60.15546 99.49675 60.20216 99.45004 curveto
60.24887 99.40334 60.31223 99.37709 60.37828 99.37709 curveto
60.44434 99.37709 60.50769 99.40334 60.5544 99.45004 curveto
60.6011 99.49675 60.62735 99.5601 60.62735 99.62616 curveto closepath fill
newpath 57.6098 99.62616 moveto
57.6098 99.69221 57.58356 99.75557 57.53685 99.80228 curveto
57.49014 99.84898 57.42679 99.87523 57.36073 99.87523 curveto
57.29468 99.87523 57.23132 99.84898 57.18462 99.80228 curveto
57.13791 99.75557 57.11166 99.69221 57.11166 99.62616 curveto
57.11166 99.5601 57.13791 99.49675 57.18462 99.45004 curveto
57.23132 99.40334 57.29468 99.37709 57.36073 99.37709 curveto
57.42679 99.37709 57.49014 99.40334 57.53685 99.45004 curveto
57.58356 99.49675 57.6098 99.5601 57.6098 99.62616 curveto closepath fill
newpath 54.59074 99.62616 moveto
54.59074 99.69221 54.5645 99.75557 54.51779 99.80228 curveto
54.47108 99.84898 54.40773 99.87523 54.34167 99.87523 curveto
54.27562 99.87523 54.21227 99.84898 54.16556 99.80228 curveto
54.11885 99.75557 54.0926 99.69221 54.0926 99.62616 curveto
54.0926 99.5601 54.11885 99.49675 54.16556 99.45004 curveto
54.21227 99.40334 54.27562 99.37709 54.34167 99.37709 curveto
54.40773 99.37709 54.47108 99.40334 54.51779 99.45004 curveto
54.5645 99.49675 54.59074 99.5601 54.59074 99.62616 curveto closepath fill
newpath 51.57169 99.62616 moveto
51.57169 99.69221 51.54544 99.75557 51.49873 99.80228 curveto
51.45203 99.84898 51.38867 99.87523 51.32262 99.87523 curveto
51.25656 99.87523 51.1932 99.84898 51.1465 99.80228 curveto
51.0998 99.75557 51.07355 99.69221 51.07355 99.62616 curveto
51.07355 99.5601 51.0998 99.49675 51.1465 99.45004 curveto
51.1932 99.40334 51.25656 99.37709 51.32262 99.37709 curveto
51.38867 99.37709 51.45203 99.40334 51.49873 99.45004 curveto
51.54544 99.49675 51.57169 99.5601 51.57169 99.62616 curveto closepath fill
newpath 48.55261 99.62616 moveto
48.55261 99.69221 48.52637 99.75557 48.47966 99.80228 curveto
48.43295 99.84898 48.3696 99.87523 48.30354 99.87523 curveto
48.23749 99.87523 48.17413 99.84898 48.12743 99.80228 curveto
48.08072 99.75557 48.05447 99.69221 48.05447 99.62616 curveto
48.05447 99.5601 48.08072 99.49675 48.12743 99.45004 curveto
48.17413 99.40334 48.23749 99.37709 48.30354 99.37709 curveto
48.3696 99.37709 48.43295 99.40334 48.47966 99.45004 curveto
48.52637 99.49675 48.55261 99.5601 48.55261 99.62616 curveto closepath fill
newpath 45.53355 99.62616 moveto
45.53355 99.69221 45.50731 99.75557 45.4606 99.80228 curveto
45.4139 99.84898 45.35054 99.87523 45.28448 99.87523 curveto
45.21843 99.87523 45.15508 99.84898 45.10837 99.80228 curveto
45.06166 99.75557 45.03542 99.69221 45.03542 99.62616 curveto
45.03542 99.5601 45.06166 99.49675 45.10837 99.45004 curveto
45.15508 99.40334 45.21843 99.37709 45.28448 99.37709 curveto
45.35054 99.37709 45.4139 99.40334 45.4606 99.45004 curveto
45.50731 99.49675 45.53355 99.5601 45.53355 99.62616 curveto closepath fill
newpath 42.5145 99.62616 moveto
42.5145 99.69221 42.48825 99.75557 42.44154 99.80228 curveto
42.39484 99.84898 42.33148 99.87523 42.26543 99.87523 curveto
42.19937 99.87523 42.13602 99.84898 42.08931 99.80228 curveto
42.0426 99.75557 42.01636 99.69221 42.01636 99.62616 curveto
42.01636 99.5601 42.0426 99.49675 42.08931 99.45004 curveto
42.13602 99.40334 42.19937 99.37709 42.26543 99.37709 curveto
42.33148 99.37709 42.39484 99.40334 42.44154 99.45004 curveto
42.48825 99.49675 42.5145 99.5601 42.5145 99.62616 curveto closepath fill
newpath 39.49542 99.62616 moveto
39.49542 99.69221 39.46918 99.75557 39.42247 99.80228 curveto
39.37576 99.84898 39.31241 99.87523 39.24635 99.87523 curveto
39.1803 99.87523 39.11694 99.84898 39.07024 99.80228 curveto
39.02353 99.75557 38.99728 99.69221 38.99728 99.62616 curveto
38.99728 99.5601 39.02353 99.49675 39.07024 99.45004 curveto
39.11694 99.40334 39.1803 99.37709 39.24635 99.37709 curveto
39.31241 99.37709 39.37576 99.40334 39.42247 99.45004 curveto
39.46918 99.49675 39.49542 99.5601 39.49542 99.62616 curveto closepath fill
newpath 36.47636 99.62616 moveto
36.47636 99.69221 36.45012 99.75557 36.40341 99.80228 curveto
36.3567 99.84898 36.29335 99.87523 36.2273 99.87523 curveto
36.16124 99.87523 36.09789 99.84898 36.05118 99.80228 curveto
36.00447 99.75557 35.97823 99.69221 35.97823 99.62616 curveto
35.97823 99.5601 36.00447 99.49675 36.05118 99.45004 curveto
36.09789 99.40334 36.16124 99.37709 36.2273 99.37709 curveto
36.29335 99.37709 36.3567 99.40334 36.40341 99.45004 curveto
36.45012 99.49675 36.47636 99.5601 36.47636 99.62616 curveto closepath fill
newpath 33.4573 99.62616 moveto
33.4573 99.69221 33.43106 99.75557 33.38435 99.80228 curveto
33.33765 99.84898 33.27429 99.87523 33.20824 99.87523 curveto
33.14218 99.87523 33.07883 99.84898 33.03212 99.80228 curveto
32.98541 99.75557 32.95917 99.69221 32.95917 99.62616 curveto
32.95917 99.5601 32.98541 99.49675 33.03212 99.45004 curveto
33.07883 99.40334 33.14218 99.37709 33.20824 99.37709 curveto
33.27429 99.37709 33.33765 99.40334 33.38435 99.45004 curveto
33.43106 99.49675 33.4573 99.5601 33.4573 99.62616 curveto closepath fill
newpath 30.43823 99.62616 moveto
30.43823 99.69221 30.41199 99.75557 30.36528 99.80228 curveto
30.31857 99.84898 30.25522 99.87523 30.18916 99.87523 curveto
30.12311 99.87523 30.05975 99.84898 30.01305 99.80228 curveto
29.96634 99.75557 29.9401 99.69221 29.9401 99.62616 curveto
29.9401 99.5601 29.96634 99.49675 30.01305 99.45004 curveto
30.05975 99.40334 30.12311 99.37709 30.18916 99.37709 curveto
30.25522 99.37709 30.31857 99.40334 30.36528 99.45004 curveto
30.41199 99.49675 30.43823 99.5601 30.43823 99.62616 curveto closepath fill
newpath 27.41917 99.62616 moveto
27.41917 99.69221 27.39293 99.75557 27.34622 99.80228 curveto
27.29951 99.84898 27.23616 99.87523 27.1701 99.87523 curveto
27.10405 99.87523 27.0407 99.84898 26.99399 99.80228 curveto
26.94728 99.75557 26.92104 99.69221 26.92104 99.62616 curveto
26.92104 99.5601 26.94728 99.49675 26.99399 99.45004 curveto
27.0407 99.40334 27.10405 99.37709 27.1701 99.37709 curveto
27.23616 99.37709 27.29951 99.40334 27.34622 99.45004 curveto
27.39293 99.49675 27.41917 99.5601 27.41917 99.62616 curveto closepath fill
newpath 24.4001 99.62616 moveto
24.4001 99.69221 24.37386 99.75557 24.32715 99.80228 curveto
24.28044 99.84898 24.21709 99.87523 24.15103 99.87523 curveto
24.08498 99.87523 24.02162 99.84898 23.97491 99.80228 curveto
23.9282 99.75557 23.90196 99.69221 23.90196 99.62616 curveto
23.90196 99.5601 23.9282 99.49675 23.97491 99.45004 curveto
24.02162 99.40334 24.08498 99.37709 24.15103 99.37709 curveto
24.21709 99.37709 24.28044 99.40334 24.32715 99.45004 curveto
24.37386 99.49675 24.4001 99.5601 24.4001 99.62616 curveto closepath fill
newpath 21.38104 99.62616 moveto
21.38104 99.69221 21.3548 99.75557 21.30809 99.80228 curveto
21.26138 99.84898 21.19803 99.87523 21.13197 99.87523 curveto
21.06592 99.87523 21.00256 99.84898 20.95586 99.80228 curveto
20.90915 99.75557 20.8829 99.69221 20.8829 99.62616 curveto
20.8829 99.5601 20.90915 99.49675 20.95586 99.45004 curveto
21.00256 99.40334 21.06592 99.37709 21.13197 99.37709 curveto
21.19803 99.37709 21.26138 99.40334 21.30809 99.45004 curveto
21.3548 99.49675 21.38104 99.5601 21.38104 99.62616 curveto closepath fill
newpath 18.36198 99.62616 moveto
18.36198 99.69221 18.33574 99.75557 18.28903 99.80228 curveto
18.24232 99.84898 18.17897 99.87523 18.11292 99.87523 curveto
18.04686 99.87523 17.9835 99.84898 17.9368 99.80228 curveto
17.89009 99.75557 17.86385 99.69221 17.86385 99.62616 curveto
17.86385 99.5601 17.89009 99.49675 17.9368 99.45004 curveto
17.9835 99.40334 18.04686 99.37709 18.11292 99.37709 curveto
18.17897 99.37709 18.24232 99.40334 18.28903 99.45004 curveto
18.33574 99.49675 18.36198 99.5601 18.36198 99.62616 curveto closepath fill
newpath 15.34291 99.62616 moveto
15.34291 99.69221 15.31667 99.75557 15.26996 99.80228 curveto
15.22325 99.84898 15.1599 99.87523 15.09384 99.87523 curveto
15.02779 99.87523 14.96443 99.84898 14.91772 99.80228 curveto
14.87102 99.75557 14.84477 99.69221 14.84477 99.62616 curveto
14.84477 99.5601 14.87102 99.49675 14.91772 99.45004 curveto
14.96443 99.40334 15.02779 99.37709 15.09384 99.37709 curveto
15.1599 99.37709 15.22325 99.40334 15.26996 99.45004 curveto
15.31667 99.49675 15.34291 99.5601 15.34291 99.62616 curveto closepath fill
newpath 12.32384 99.62616 moveto
12.32384 99.69221 12.29759 99.75557 12.25089 99.80228 curveto
12.20418 99.84898 12.14082 99.87523 12.07477 99.87523 curveto
12.00871 99.87523 11.94536 99.84898 11.89865 99.80228 curveto
11.85194 99.75557 11.8257 99.69221 11.8257 99.62616 curveto
11.8257 99.5601 11.85194 99.49675 11.89865 99.45004 curveto
11.94536 99.40334 12.00871 99.37709 12.07477 99.37709 curveto
12.14082 99.37709 12.20418 99.40334 12.25089 99.45004 curveto
12.29759 99.49675 12.32384 99.5601 12.32384 99.62616 curveto closepath fill
newpath 9.30478 99.62616 moveto
9.30478 99.69221 9.27853 99.75557 9.23183 99.80228 curveto
9.18512 99.84898 9.12177 99.87523 9.05571 99.87523 curveto
8.98965 99.87523 8.9263 99.84898 8.8796 99.80228 curveto
8.83289 99.75557 8.80664 99.69221 8.80664 99.62616 curveto
8.80664 99.5601 8.83289 99.49675 8.8796 99.45004 curveto
8.9263 99.40334 8.98965 99.37709 9.05571 99.37709 curveto
9.12177 99.37709 9.18512 99.40334 9.23183 99.45004 curveto
9.27853 99.49675 9.30478 99.5601 9.30478 99.62616 curveto closepath fill
newpath 6.28569 99.62616 moveto
6.28569 99.69221 6.25945 99.75557 6.21274 99.80228 curveto
6.16603 99.84898 6.10268 99.87523 6.03662 99.87523 curveto
5.97057 99.87523 5.90721 99.84898 5.8605 99.80228 curveto
5.8138 99.75557 5.78755 99.69221 5.78755 99.62616 curveto
5.78755 99.5601 5.8138 99.49675 5.8605 99.45004 curveto
5.90721 99.40334 5.97057 99.37709 6.03662 99.37709 curveto
6.10268 99.37709 6.16603 99.40334 6.21274 99.45004 curveto
6.25945 99.49675 6.28569 99.5601 6.28569 99.62616 curveto closepath fill
newpath 3.26662 99.62616 moveto
3.26662 99.69221 3.24037 99.75557 3.19366 99.80228 curveto
3.14696 99.84898 3.0836 99.87523 3.01755 99.87523 curveto
2.95149 99.87523 2.88814 99.84898 2.84143 99.80228 curveto
2.79472 99.75557 2.76848 99.69221 2.76848 99.62616 curveto
2.76848 99.5601 2.79472 99.49675 2.84143 99.45004 curveto
2.88814 99.40334 2.95149 99.37709 3.01755 99.37709 curveto
3.0836 99.37709 3.14696 99.40334 3.19366 99.45004 curveto
3.24037 99.49675 3.26662 99.5601 3.26662 99.62616 curveto closepath fill
newpath 0.24907 99.62616 moveto
0.24907 99.69221 0.22282 99.75557 0.17612 99.80228 curveto
0.12941 99.84898 0.06606 99.87523 0 99.87523 curveto
-0.06606 99.87523 -0.12941 99.84898 -0.17612 99.80228 curveto
-0.22282 99.75557 -0.24907 99.69221 -0.24907 99.62616 curveto
-0.24907 99.5601 -0.22282 99.49675 -0.17612 99.45004 curveto
-0.12941 99.40334 -0.06606 99.37709 0 99.37709 curveto
0.06606 99.37709 0.12941 99.40334 0.17612 99.45004 curveto
0.22282 99.49675 0.24907 99.5601 0.24907 99.62616 curveto closepath fill
 0.49814 0 dtransform exch truncate exch idtransform pop setlinewidth
newpath 119.55139 97.63364 moveto
119.55139 101.61868 lineto stroke
newpath 139.47662 97.63364 moveto
139.47662 101.61868 lineto stroke
newpath 159.40186 97.63364 moveto
159.40186 101.61868 lineto stroke
newpath 179.32709 97.63364 moveto
179.32709 101.61868 lineto stroke
 0 0.49814 dtransform truncate idtransform setlinewidth pop
newpath 99.62616 99.62616 moveto
101.42316 100.66364 lineto stroke
newpath 105.01848 102.73941 moveto
108.61371 104.8151 lineto stroke
newpath 112.20775 106.89012 moveto
115.80275 108.96571 lineto stroke
newpath 119.39835 111.0416 moveto
122.99268 113.11678 lineto stroke
newpath 126.58763 115.1923 moveto
130.18259 117.26785 lineto stroke
newpath 133.77689 119.343 moveto
137.37198 121.41864 lineto stroke
newpath 140.96747 123.49446 moveto
144.56306 125.57037 lineto stroke
newpath 148.15674 127.64516 moveto
151.75188 129.7208 lineto stroke
newpath 155.34732 131.79662 moveto
158.94109 133.87148 lineto stroke
newpath 162.53659 135.94733 moveto
166.13193 138.0231 lineto stroke
newpath 169.72588 140.09802 moveto
173.3211 142.1737 lineto stroke
newpath 176.91646 144.2495 moveto
180.5105 146.32451 lineto stroke
newpath 184.10576 148.40024 moveto
185.90276 149.43771 lineto stroke
newpath 118.37569 107.00023 moveto
115.38702 112.17673 lineto stroke
newpath 135.6312 116.96254 moveto
132.64253 122.13904 lineto stroke
newpath 152.88638 126.92485 moveto
149.89772 132.10135 lineto stroke
newpath 170.14159 136.88716 moveto
167.15323 142.06366 lineto stroke
newpath 99.62616 101.12056 moveto
99.2298 101.12056 98.84973 100.96307 98.56949 100.68283 curveto
98.28925 100.40259 98.13176 100.02252 98.13176 99.62616 curveto
98.13176 99.2298 98.28925 98.84973 98.56949 98.56949 curveto
98.84973 98.28925 99.2298 98.13176 99.62616 98.13176 curveto
100.02252 98.13176 100.40259 98.28925 100.68283 98.56949 curveto
100.96307 98.84973 101.12056 99.2298 101.12056 99.62616 curveto
101.12056 100.02252 100.96307 100.40259 100.68283 100.68283 curveto
100.40259 100.96307 100.02252 101.12056 99.62616 101.12056 curveto closepath fill
newpath 168.5676 140.97102 moveto
168.17123 140.97102 167.79117 140.81354 167.51093 140.5333 curveto
167.23068 140.25305 167.0732 139.87299 167.0732 139.47662 curveto
167.0732 139.08026 167.23068 138.7002 167.51093 138.41995 curveto
167.79117 138.13971 168.17123 137.98222 168.5676 137.98222 curveto
168.96396 137.98222 169.34402 138.13971 169.62427 138.41995 curveto
169.90451 138.7002 170.062 139.08026 170.062 139.47662 curveto
170.062 139.87299 169.90451 140.25305 169.62427 140.5333 curveto
169.34402 140.81354 168.96396 140.97102 168.5676 140.97102 curveto closepath fill
newpath 134.47403 100.84291 moveto
134.43724 101.8973 134.35242 102.94987 134.22017 103.99666 curveto
134.0879 105.04315 133.90822 106.08356 133.68172 107.11394 curveto
133.45522 108.1443 133.18188 109.16374 132.86295 110.16948 curveto
132.54402 111.17523 132.17918 112.16577 131.77055 113.13838 curveto
131.36194 114.111 130.90923 115.06444 130.41396 115.996 curveto stroke
newpath 130.4975 112.65549 moveto
130.99693 113.72008 130.96599 114.95769 130.41396 115.996 curveto
130.96599 114.95769 131.97466 114.23988 133.1365 114.05853 curveto stroke
newpath 84.98816 98.32367 moveto
84.98816 98.38972 84.96191 98.45308 84.9152 98.49979 curveto
84.8685 98.5465 84.80515 98.57274 84.73909 98.57274 curveto
84.67303 98.57274 84.60968 98.5465 84.56297 98.49979 curveto
84.51627 98.45308 84.49002 98.38972 84.49002 98.32367 curveto
84.49002 98.25761 84.51627 98.19426 84.56297 98.14755 curveto
84.60968 98.10085 84.67303 98.0746 84.73909 98.0746 curveto
84.80515 98.0746 84.8685 98.10085 84.9152 98.14755 curveto
84.96191 98.19426 84.98816 98.25761 84.98816 98.32367 curveto closepath fill
newpath 85.5665 95.31555 moveto
85.5665 95.3816 85.54025 95.44496 85.49355 95.49167 curveto
85.44684 95.53838 85.38348 95.56462 85.31743 95.56462 curveto
85.25137 95.56462 85.18802 95.53838 85.14131 95.49167 curveto
85.0946 95.44496 85.06836 95.3816 85.06836 95.31555 curveto
85.06836 95.2495 85.0946 95.18614 85.14131 95.13943 curveto
85.18802 95.09273 85.25137 95.06648 85.31743 95.06648 curveto
85.38348 95.06648 85.44684 95.09273 85.49355 95.13943 curveto
85.54025 95.18614 85.5665 95.2495 85.5665 95.31555 curveto closepath fill
newpath 86.74588 92.48877 moveto
86.74588 92.55482 86.71964 92.61818 86.67293 92.66489 curveto
86.62622 92.7116 86.56287 92.73784 86.49681 92.73784 curveto
86.43076 92.73784 86.3674 92.7116 86.3207 92.66489 curveto
86.27399 92.61818 86.24774 92.55482 86.24774 92.48877 curveto
86.24774 92.42271 86.27399 92.35936 86.3207 92.31265 curveto
86.3674 92.26595 86.43076 92.2397 86.49681 92.2397 curveto
86.56287 92.2397 86.62622 92.26595 86.67293 92.31265 curveto
86.71964 92.35936 86.74588 92.42271 86.74588 92.48877 curveto closepath fill
newpath 88.4771 89.96162 moveto
88.4771 90.02768 88.45085 90.09103 88.40414 90.13774 curveto
88.35744 90.18445 88.29408 90.2107 88.22803 90.2107 curveto
88.16197 90.2107 88.09862 90.18445 88.05191 90.13774 curveto
88.0052 90.09103 87.97896 90.02768 87.97896 89.96162 curveto
87.97896 89.89557 88.0052 89.83221 88.05191 89.7855 curveto
88.09862 89.7388 88.16197 89.71255 88.22803 89.71255 curveto
88.29408 89.71255 88.35744 89.7388 88.40414 89.7855 curveto
88.45085 89.83221 88.4771 89.89557 88.4771 89.96162 curveto closepath fill
newpath 90.68704 87.84056 moveto
90.68704 87.90662 90.6608 87.96997 90.61409 88.01668 curveto
90.56738 88.06339 90.50403 88.08963 90.43797 88.08963 curveto
90.37192 88.08963 90.30856 88.06339 90.26186 88.01668 curveto
90.21515 87.96997 90.1889 87.90662 90.1889 87.84056 curveto
90.1889 87.7745 90.21515 87.71115 90.26186 87.66444 curveto
90.30856 87.61774 90.37192 87.59149 90.43797 87.59149 curveto
90.50403 87.59149 90.56738 87.61774 90.61409 87.66444 curveto
90.6608 87.71115 90.68704 87.7745 90.68704 87.84056 curveto closepath fill
newpath 93.28313 86.21486 moveto
93.28313 86.28091 93.25688 86.34427 93.21017 86.39098 curveto
93.16347 86.43768 93.10011 86.46393 93.03406 86.46393 curveto
92.968 86.46393 92.90465 86.43768 92.85794 86.39098 curveto
92.81123 86.34427 92.78499 86.28091 92.78499 86.21486 curveto
92.78499 86.1488 92.81123 86.08545 92.85794 86.03874 curveto
92.90465 85.99203 92.968 85.96579 93.03406 85.96579 curveto
93.10011 85.96579 93.16347 85.99203 93.21017 86.03874 curveto
93.25688 86.08545 93.28313 86.1488 93.28313 86.21486 curveto closepath fill
newpath 96.15591 85.15257 moveto
96.15591 85.21863 96.12967 85.28198 96.08296 85.32869 curveto
96.03625 85.3754 95.9729 85.40164 95.90685 85.40164 curveto
95.84079 85.40164 95.77744 85.3754 95.73073 85.32869 curveto
95.68402 85.28198 95.65778 85.21863 95.65778 85.15257 curveto
95.65778 85.08652 95.68402 85.02316 95.73073 84.97646 curveto
95.77744 84.92975 95.84079 84.9035 95.90685 84.9035 curveto
95.9729 84.9035 96.03625 84.92975 96.08296 84.97646 curveto
96.12967 85.02316 96.15591 85.08652 96.15591 85.15257 curveto closepath fill
newpath 99.18475 84.69814 moveto
99.18475 84.76419 99.15851 84.82755 99.1118 84.87425 curveto
99.0651 84.92096 99.00174 84.9472 98.93568 84.9472 curveto
98.86963 84.9472 98.80627 84.92096 98.75957 84.87425 curveto
98.71286 84.82755 98.68661 84.76419 98.68661 84.69814 curveto
98.68661 84.63208 98.71286 84.56873 98.75957 84.52202 curveto
98.80627 84.47531 98.86963 84.44907 98.93568 84.44907 curveto
99.00174 84.44907 99.0651 84.47531 99.1118 84.52202 curveto
99.15851 84.56873 99.18475 84.63208 99.18475 84.69814 curveto closepath fill
newpath 102.24277 84.87103 moveto
102.24277 84.93709 102.21652 85.00044 102.16982 85.04715 curveto
102.12311 85.09386 102.05975 85.1201 101.9937 85.1201 curveto
101.92764 85.1201 101.86429 85.09386 101.81758 85.04715 curveto
101.77087 85.00044 101.74463 84.93709 101.74463 84.87103 curveto
101.74463 84.80498 101.77087 84.74162 101.81758 84.69492 curveto
101.86429 84.64821 101.92764 84.62196 101.9937 84.62196 curveto
102.05975 84.62196 102.12311 84.64821 102.16982 84.69492 curveto
102.21652 84.74162 102.24277 84.80498 102.24277 84.87103 curveto closepath fill
newpath 105.20134 85.66362 moveto
105.20134 85.72968 105.1751 85.79303 105.12839 85.83974 curveto
105.08168 85.88644 105.01833 85.91269 104.95227 85.91269 curveto
104.88622 85.91269 104.82286 85.88644 104.77615 85.83974 curveto
104.72945 85.79303 104.7032 85.72968 104.7032 85.66362 curveto
104.7032 85.59756 104.72945 85.53421 104.77615 85.4875 curveto
104.82286 85.4408 104.88622 85.41455 104.95227 85.41455 curveto
105.01833 85.41455 105.08168 85.4408 105.12839 85.4875 curveto
105.1751 85.53421 105.20134 85.59756 105.20134 85.66362 curveto closepath fill
newpath 107.9363 87.04291 moveto
107.9363 87.10896 107.91005 87.17232 107.86334 87.21902 curveto
107.81664 87.26573 107.75328 87.29198 107.68723 87.29198 curveto
107.62117 87.29198 107.55782 87.26573 107.51111 87.21902 curveto
107.4644 87.17232 107.43816 87.10896 107.43816 87.04291 curveto
107.43816 86.97685 107.4644 86.9135 107.51111 86.86679 curveto
107.55782 86.82008 107.62117 86.79384 107.68723 86.79384 curveto
107.75328 86.79384 107.81664 86.82008 107.86334 86.86679 curveto
107.91005 86.9135 107.9363 86.97685 107.9363 87.04291 curveto closepath fill
newpath 110.33261 88.95059 moveto
110.33261 89.01665 110.30637 89.08 110.25966 89.12671 curveto
110.21295 89.17342 110.1496 89.19966 110.08354 89.19966 curveto
110.01749 89.19966 109.95413 89.17342 109.90742 89.12671 curveto
109.86072 89.08 109.83447 89.01665 109.83447 88.95059 curveto
109.83447 88.88454 109.86072 88.82118 109.90742 88.77448 curveto
109.95413 88.72777 110.01749 88.70152 110.08354 88.70152 curveto
110.1496 88.70152 110.21295 88.72777 110.25966 88.77448 curveto
110.30637 88.82118 110.33261 88.88454 110.33261 88.95059 curveto closepath fill
newpath 112.28958 91.30693 moveto
112.28958 91.37299 112.26334 91.43634 112.21663 91.48305 curveto
112.16992 91.52975 112.10657 91.556 112.04051 91.556 curveto
111.97446 91.556 111.9111 91.52975 111.8644 91.48305 curveto
111.81769 91.43634 111.79144 91.37299 111.79144 91.30693 curveto
111.79144 91.24088 111.81769 91.17752 111.8644 91.13081 curveto
111.9111 91.0841 111.97446 91.05786 112.04051 91.05786 curveto
112.10657 91.05786 112.16992 91.0841 112.21663 91.13081 curveto
112.26334 91.17752 112.28958 91.24088 112.28958 91.30693 curveto closepath fill
newpath 113.72475 94.01288 moveto
113.72475 94.07893 113.6985 94.14229 113.6518 94.189 curveto
113.60509 94.2357 113.54173 94.26195 113.47568 94.26195 curveto
113.40962 94.26195 113.34627 94.2357 113.29956 94.189 curveto
113.25285 94.14229 113.22661 94.07893 113.22661 94.01288 curveto
113.22661 93.94682 113.25285 93.88347 113.29956 93.83676 curveto
113.34627 93.79005 113.40962 93.76381 113.47568 93.76381 curveto
113.54173 93.76381 113.60509 93.79005 113.6518 93.83676 curveto
113.6985 93.88347 113.72475 93.94682 113.72475 94.01288 curveto closepath fill
newpath 114.5784 96.95465 moveto
114.5784 97.0207 114.55215 97.08406 114.50545 97.13077 curveto
114.45874 97.17747 114.39539 97.20372 114.32933 97.20372 curveto
114.26328 97.20372 114.19992 97.17747 114.15321 97.13077 curveto
114.1065 97.08406 114.08026 97.0207 114.08026 96.95465 curveto
114.08026 96.8886 114.1065 96.82524 114.15321 96.77853 curveto
114.19992 96.73183 114.26328 96.70558 114.32933 96.70558 curveto
114.39539 96.70558 114.45874 96.73183 114.50545 96.77853 curveto
114.55215 96.82524 114.5784 96.8886 114.5784 96.95465 curveto closepath fill
newpath 114.81429 100.00874 moveto
114.81429 100.0748 114.78804 100.13815 114.74133 100.18486 curveto
114.69463 100.23157 114.63127 100.25781 114.56522 100.25781 curveto
114.49916 100.25781 114.4358 100.23157 114.3891 100.18486 curveto
114.34239 100.13815 114.31615 100.0748 114.31615 100.00874 curveto
114.31615 99.94269 114.34239 99.87933 114.3891 99.83263 curveto
114.4358 99.78592 114.49916 99.75967 114.56522 99.75967 curveto
114.63127 99.75967 114.69463 99.78592 114.74133 99.83263 curveto
114.78804 99.87933 114.81429 99.94269 114.81429 100.00874 curveto closepath fill
newpath 114.42233 103.04684 moveto
114.42233 103.1129 114.39609 103.17625 114.34938 103.22296 curveto
114.30267 103.26967 114.23932 103.29591 114.17326 103.29591 curveto
114.10721 103.29591 114.04385 103.26967 113.99715 103.22296 curveto
113.95044 103.17625 113.9242 103.1129 113.9242 103.04684 curveto
113.9242 102.98079 113.95044 102.91743 113.99715 102.87073 curveto
114.04385 102.82402 114.10721 102.79778 114.17326 102.79778 curveto
114.23932 102.79778 114.30267 102.82402 114.34938 102.87073 curveto
114.39609 102.91743 114.42233 102.98079 114.42233 103.04684 curveto closepath fill
newpath 113.41907 105.94188 moveto
113.41907 106.00793 113.39282 106.07129 113.34612 106.118 curveto
113.29941 106.1647 113.23605 106.19095 113.17 106.19095 curveto
113.10394 106.19095 113.04059 106.1647 112.99388 106.118 curveto
112.94717 106.07129 112.92093 106.00793 112.92093 105.94188 curveto
112.92093 105.87582 112.94717 105.81247 112.99388 105.76576 curveto
113.04059 105.71906 113.10394 105.69281 113.17 105.69281 curveto
113.23605 105.69281 113.29941 105.71906 113.34612 105.76576 curveto
113.39282 105.81247 113.41907 105.87582 113.41907 105.94188 curveto closepath fill
showpage
%%EOF
