%!PS
%%BoundingBox: -1 -1 120 120 
%%HiResBoundingBox: -0.24907 -0.24907 119.80046 119.80046 
%%Creator: MetaPost 2.000
%%CreationDate: 2017.07.04:1542
%%Pages: 1
%%BeginProlog
%%EndProlog
%%Page: 1 1
 0.7 setgray 0 0.49814 dtransform truncate idtransform setlinewidth pop [] 0 setdash 1 setlinecap
 1 setlinejoin 10 setmiterlimit
newpath 0 59.7757 moveto
119.55139 59.7757 lineto stroke
 0 0 0 setrgbcolor
newpath 114.57008 62.26636 moveto
115.74602 60.69844 117.5915 59.7757 119.55139 59.7757 curveto
117.5915 59.7757 115.74602 58.85295 114.57008 57.28503 curveto stroke
 0.7 setgray 0.49814 0 dtransform exch truncate exch idtransform pop setlinewidth
newpath 59.7757 0 moveto
59.7757 119.55139 lineto stroke
 0 0 0 setrgbcolor 0 0.49814 dtransform truncate idtransform setlinewidth pop
newpath 57.28503 114.57008 moveto
58.85295 115.74602 59.7757 117.5915 59.7757 119.55139 curveto
59.7757 117.5915 60.69844 115.74602 62.26636 114.57008 curveto stroke
 0.7 setgray 0.49814 0 dtransform exch truncate exch idtransform pop setlinewidth
newpath 14.94392 57.78317 moveto
14.94392 61.76822 lineto stroke
newpath 29.88785 57.78317 moveto
29.88785 61.76822 lineto stroke
newpath 44.83177 57.78317 moveto
44.83177 61.76822 lineto stroke
newpath 74.71962 57.78317 moveto
74.71962 61.76822 lineto stroke
newpath 89.66354 57.78317 moveto
89.66354 61.76822 lineto stroke
newpath 104.60747 57.78317 moveto
104.60747 61.76822 lineto stroke
 0 0.49814 dtransform truncate idtransform setlinewidth pop
newpath 61.76822 14.94392 moveto
57.78317 14.94392 lineto stroke
newpath 61.76822 29.88785 moveto
57.78317 29.88785 lineto stroke
newpath 61.76822 44.83177 moveto
57.78317 44.83177 lineto stroke
newpath 61.76822 74.71962 moveto
57.78317 74.71962 lineto stroke
newpath 61.76822 89.66354 moveto
57.78317 89.66354 lineto stroke
newpath 61.76822 104.60747 moveto
57.78317 104.60747 lineto stroke
 0.33 0.33 0.33 setrgbcolor
newpath 59.7757 59.7757 moveto
60.82178 57.96373 lineto stroke
newpath 62.91393 54.33984 moveto
65.00595 50.7161 lineto stroke
newpath 67.09819 47.09203 moveto
69.1904 43.468 lineto stroke
newpath 71.28246 39.84421 moveto
73.37457 36.22037 lineto stroke
newpath 75.46674 32.59642 moveto
76.51282 30.78445 lineto stroke
 0 0 0 setrgbcolor
newpath 76.51282 32.27885 moveto
76.11646 32.27885 75.73639 32.12137 75.45615 31.84113 curveto
75.1759 31.56088 75.01842 31.18082 75.01842 30.78445 curveto
75.01842 30.38809 75.1759 30.00803 75.45615 29.72778 curveto
75.73639 29.44754 76.11646 29.29005 76.51282 29.29005 curveto
76.90918 29.29005 77.28925 29.44754 77.56949 29.72778 curveto
77.84973 30.00803 78.00722 30.38809 78.00722 30.78445 curveto
78.00722 31.18082 77.84973 31.56088 77.56949 31.84113 curveto
77.28925 32.12137 76.90918 32.27885 76.51282 32.27885 curveto closepath fill
 0.33 0.33 0.33 setrgbcolor
newpath 37.44487 61.72943 moveto
37.50188 62.3793 37.58716 63.02621 37.70049 63.66856 curveto
37.81381 64.31046 37.95473 64.9471 38.12347 65.57668 curveto
38.2922 66.20671 38.48854 66.82922 38.71155 67.44217 curveto
38.93456 68.0551 39.18448 68.658 39.46016 69.24927 curveto
39.73561 69.84009 40.0366 70.41837 40.36246 70.98296 curveto
40.68877 71.548 41.03947 72.09846 41.41367 72.63272 curveto
41.78786 73.16699 42.18484 73.68483 42.60419 74.18445 curveto
43.02353 74.68405 43.4643 75.16518 43.9256 75.62648 curveto
44.38644 76.08755 44.86711 76.52832 45.3665 76.9472 curveto
45.8661 77.36655 46.38417 77.76353 46.91844 78.13773 curveto
47.4527 78.51192 48.00293 78.86263 48.56798 79.18893 curveto
49.13257 79.51479 49.71107 79.81578 50.3019 80.09123 curveto
50.89316 80.36691 51.49583 80.61684 52.10876 80.83984 curveto
52.72171 81.06285 53.34422 81.25919 53.97426 81.42792 curveto
54.60384 81.59666 55.2407 81.73758 55.8826 81.8509 curveto
56.52495 81.96423 57.17209 82.04974 57.82196 82.10652 curveto
58.47185 82.1633 59.12376 82.19159 59.77615 82.19159 curveto
60.42831 82.19159 61.08023 82.16286 61.7301 82.10608 curveto
62.37953 82.04929 63.02599 81.96446 63.66788 81.85136 curveto
64.31023 81.73804 64.94733 81.59666 65.57736 81.42792 curveto
66.2074 81.25896 66.82991 81.06285 67.44284 80.83961 curveto
68.05533 80.61661 68.658 80.36691 69.24881 80.09146 curveto
69.84009 79.81578 70.41882 79.51456 70.98364 79.18848 curveto
71.54869 78.8624 72.09914 78.51169 72.6334 78.1375 curveto
73.16745 77.76353 73.68483 77.36655 74.18422 76.94743 curveto
74.68382 76.52809 75.16495 76.08733 75.62625 75.62625 curveto
76.08733 75.16495 76.52809 74.68382 76.94743 74.18422 curveto
77.36655 73.68483 77.76353 73.16745 78.1375 72.6334 curveto
78.51169 72.09914 78.86217 71.54892 79.18825 70.9841 curveto
79.51433 70.41905 79.81578 69.84009 80.09146 69.24881 curveto
80.36714 68.65778 80.61684 68.05487 80.83984 67.44194 curveto
81.06285 66.82945 81.25919 66.2074 81.42792 65.57782 curveto
81.59666 64.94778 81.73758 64.31046 81.8509 63.6681 curveto
81.96423 63.02576 82.04974 62.37862 82.10652 61.72874 curveto
82.1633 61.07932 82.19159 60.42786 82.19159 59.77615 curveto
82.19159 59.12376 82.1633 58.47185 82.10652 57.82196 curveto
82.04974 57.17209 81.96423 56.52518 81.8509 55.88283 curveto
81.73758 55.24094 81.59666 54.6043 81.42792 53.97472 curveto
81.25919 53.34468 81.06285 52.72217 80.83984 52.10922 curveto
80.61684 51.49629 80.36691 50.89339 80.09123 50.30212 curveto
79.81555 49.71085 79.51433 49.13211 79.18825 48.56706 curveto
78.86217 48.00247 78.51169 47.45248 78.13773 46.91867 curveto
77.76353 46.3844 77.36655 45.86656 76.9472 45.36694 curveto
76.52786 44.86734 76.0871 44.38622 75.6258 43.92491 curveto
75.16495 43.46384 74.68428 43.02307 74.18489 42.60419 curveto
73.68529 42.18484 73.16722 41.78763 72.63295 41.41367 curveto stroke
 0 0 0 setrgbcolor
newpath 75.93845 41.90329 moveto
74.82097 42.2694 73.59633 42.088 72.63295 41.41367 curveto
73.59633 42.088 74.18599 43.17653 74.22455 44.35184 curveto stroke
showpage
%%EOF
