%!PS
%%BoundingBox: -1 -1 104 130 
%%HiResBoundingBox: -0.24907 -0.24907 103.86028 129.76308 
%%Creator: MetaPost 2.000
%%CreationDate: 2017.07.04:1542
%%Pages: 1
%%BeginProlog
%%EndProlog
%%Page: 1 1
 0 0 0 setrgbcolor 0 0.49814 dtransform truncate idtransform setlinewidth pop [] 0 setdash 1 setlinecap
 1 setlinejoin 10 setmiterlimit
newpath 0 64.757 moveto
103.6112 64.757 lineto stroke
newpath 98.6299 67.24767 moveto
99.80583 65.67975 101.65132 64.757 103.6112 64.757 curveto
101.65132 64.757 99.80583 63.83426 98.6299 62.26634 curveto stroke
 0.49814 0 dtransform exch truncate exch idtransform pop setlinewidth
newpath 12.9514 0 moveto
12.9514 129.514 lineto stroke
 0 0.49814 dtransform truncate idtransform setlinewidth pop
newpath 10.46074 124.5327 moveto
12.02866 125.70863 12.9514 127.55412 12.9514 129.514 curveto
12.9514 127.55412 13.87415 125.70863 15.44206 124.5327 curveto stroke
 0.49814 0 dtransform exch truncate exch idtransform pop setlinewidth
newpath 33.29547 62.76448 moveto
33.29547 66.74953 lineto stroke
newpath 53.63954 62.76448 moveto
53.63954 66.74953 lineto stroke
newpath 73.98361 62.76448 moveto
73.98361 66.74953 lineto stroke
newpath 94.32768 62.76448 moveto
94.32768 66.74953 lineto stroke
 0 0.49814 dtransform truncate idtransform setlinewidth pop
newpath 14.94392 12.9514 moveto
10.95888 12.9514 lineto stroke
newpath 14.94392 116.5626 moveto
10.95888 116.5626 lineto stroke
newpath 19.31326 86.12851 moveto
26.79369 86.12851 lineto
26.79369 95.1911 lineto
19.31326 95.1911 lineto
 closepath stroke
newpath 19.31326 34.3229 moveto
26.79369 34.3229 lineto
26.79369 43.3855 lineto
19.31326 43.3855 lineto
 closepath stroke
newpath 80.4439 34.26244 moveto
87.92432 34.26244 lineto
87.92432 43.44597 lineto
80.4439 43.44597 lineto
 closepath stroke
newpath 80.4439 86.12851 moveto
87.92432 86.12851 lineto
87.92432 95.1911 lineto
80.4439 95.1911 lineto
 closepath stroke
newpath 13.20047 77.7084 moveto
13.20047 77.77446 13.17422 77.83781 13.12752 77.88452 curveto
13.08081 77.93123 13.01746 77.95747 12.9514 77.95747 curveto
12.88535 77.95747 12.82199 77.93123 12.77528 77.88452 curveto
12.72858 77.83781 12.70233 77.77446 12.70233 77.7084 curveto
12.70233 77.64235 12.72858 77.579 12.77528 77.53229 curveto
12.82199 77.48558 12.88535 77.45934 12.9514 77.45934 curveto
13.01746 77.45934 13.08081 77.48558 13.12752 77.53229 curveto
13.17422 77.579 13.20047 77.64235 13.20047 77.7084 curveto closepath fill
newpath 16.17325 77.36871 moveto
16.17325 77.43477 16.147 77.49812 16.1003 77.54483 curveto
16.05359 77.59154 15.99023 77.61778 15.92418 77.61778 curveto
15.85812 77.61778 15.79477 77.59154 15.74806 77.54483 curveto
15.70135 77.49812 15.67511 77.43477 15.67511 77.36871 curveto
15.67511 77.30266 15.70135 77.2393 15.74806 77.1926 curveto
15.79477 77.14589 15.85812 77.11964 15.92418 77.11964 curveto
15.99023 77.11964 16.05359 77.14589 16.1003 77.1926 curveto
16.147 77.2393 16.17325 77.30266 16.17325 77.36871 curveto closepath fill
newpath 19.01488 76.42496 moveto
19.01488 76.49101 18.98863 76.55437 18.94193 76.60107 curveto
18.89522 76.64778 18.83186 76.67403 18.76581 76.67403 curveto
18.69975 76.67403 18.6364 76.64778 18.58969 76.60107 curveto
18.54298 76.55437 18.51674 76.49101 18.51674 76.42496 curveto
18.51674 76.3589 18.54298 76.29555 18.58969 76.24884 curveto
18.6364 76.20213 18.69975 76.17589 18.76581 76.17589 curveto
18.83186 76.17589 18.89522 76.20213 18.94193 76.24884 curveto
18.98863 76.29555 19.01488 76.3589 19.01488 76.42496 curveto closepath fill
newpath 21.66995 75.03653 moveto
21.66995 75.10258 21.6437 75.16594 21.597 75.21265 curveto
21.5503 75.25935 21.48694 75.2856 21.42088 75.2856 curveto
21.35483 75.2856 21.29147 75.25935 21.24477 75.21265 curveto
21.19806 75.16594 21.17181 75.10258 21.17181 75.03653 curveto
21.17181 74.97047 21.19806 74.90712 21.24477 74.86041 curveto
21.29147 74.8137 21.35483 74.78746 21.42088 74.78746 curveto
21.48694 74.78746 21.5503 74.8137 21.597 74.86041 curveto
21.6437 74.90712 21.66995 74.97047 21.66995 75.03653 curveto closepath fill
newpath 24.14832 73.35043 moveto
24.14832 73.41649 24.12207 73.47984 24.07536 73.52655 curveto
24.02866 73.57326 23.9653 73.5995 23.89925 73.5995 curveto
23.83319 73.5995 23.76984 73.57326 23.72313 73.52655 curveto
23.67642 73.47984 23.65018 73.41649 23.65018 73.35043 curveto
23.65018 73.28438 23.67642 73.22102 23.72313 73.17432 curveto
23.76984 73.12761 23.83319 73.10136 23.89925 73.10136 curveto
23.9653 73.10136 24.02866 73.12761 24.07536 73.17432 curveto
24.12207 73.22102 24.14832 73.28438 24.14832 73.35043 curveto closepath fill
newpath 26.4854 71.472 moveto
26.4854 71.53806 26.45915 71.60141 26.41245 71.64812 curveto
26.36574 71.69482 26.30238 71.72107 26.23633 71.72107 curveto
26.17027 71.72107 26.10692 71.69482 26.06021 71.64812 curveto
26.0135 71.60141 25.98726 71.53806 25.98726 71.472 curveto
25.98726 71.40594 26.0135 71.34259 26.06021 71.29588 curveto
26.10692 71.24918 26.17027 71.22293 26.23633 71.22293 curveto
26.30238 71.22293 26.36574 71.24918 26.41245 71.29588 curveto
26.45915 71.34259 26.4854 71.40594 26.4854 71.472 curveto closepath fill
newpath 28.71896 69.4716 moveto
28.71896 69.53766 28.69272 69.60101 28.64601 69.64772 curveto
28.5993 69.69443 28.53595 69.72067 28.4699 69.72067 curveto
28.40384 69.72067 28.34048 69.69443 28.29378 69.64772 curveto
28.24707 69.60101 28.22083 69.53766 28.22083 69.4716 curveto
28.22083 69.40555 28.24707 69.3422 28.29378 69.29549 curveto
28.34048 69.24878 28.40384 69.22253 28.4699 69.22253 curveto
28.53595 69.22253 28.5993 69.24878 28.64601 69.29549 curveto
28.69272 69.3422 28.71896 69.40555 28.71896 69.4716 curveto closepath fill
newpath 30.88501 67.39766 moveto
30.88501 67.46371 30.85876 67.52707 30.81206 67.57378 curveto
30.76535 67.62048 30.702 67.64673 30.63594 67.64673 curveto
30.56989 67.64673 30.50653 67.62048 30.45982 67.57378 curveto
30.41312 67.52707 30.38687 67.46371 30.38687 67.39766 curveto
30.38687 67.3316 30.41312 67.26825 30.45982 67.22154 curveto
30.50653 67.17484 30.56989 67.14859 30.63594 67.14859 curveto
30.702 67.14859 30.76535 67.17484 30.81206 67.22154 curveto
30.85876 67.26825 30.88501 67.3316 30.88501 67.39766 curveto closepath fill
newpath 33.01492 65.28647 moveto
33.01492 65.35252 32.98868 65.41588 32.94197 65.46259 curveto
32.89526 65.5093 32.83191 65.53554 32.76585 65.53554 curveto
32.6998 65.53554 32.63644 65.5093 32.58974 65.46259 curveto
32.54303 65.41588 32.51678 65.35252 32.51678 65.28647 curveto
32.51678 65.22041 32.54303 65.15706 32.58974 65.11035 curveto
32.63644 65.06364 32.6998 65.0374 32.76585 65.0374 curveto
32.83191 65.0374 32.89526 65.06364 32.94197 65.11035 curveto
32.98868 65.15706 33.01492 65.22041 33.01492 65.28647 curveto closepath fill
newpath 35.13757 63.16794 moveto
35.13757 63.234 35.11133 63.29735 35.06462 63.34406 curveto
35.01791 63.39076 34.95456 63.417 34.8885 63.417 curveto
34.82245 63.417 34.7591 63.39076 34.71239 63.34406 curveto
34.66568 63.29735 34.63943 63.234 34.63943 63.16794 curveto
34.63943 63.10188 34.66568 63.03853 34.71239 62.99182 curveto
34.7591 62.94511 34.82245 62.91887 34.8885 62.91887 curveto
34.95456 62.91887 35.01791 62.94511 35.06462 62.99182 curveto
35.11133 63.03853 35.13757 63.10188 35.13757 63.16794 curveto closepath fill
newpath 37.2815 61.0715 moveto
37.2815 61.13756 37.25525 61.20091 37.20854 61.24762 curveto
37.16183 61.29433 37.09848 61.32057 37.03242 61.32057 curveto
36.96637 61.32057 36.90302 61.29433 36.85631 61.24762 curveto
36.8096 61.20091 36.78336 61.13756 36.78336 61.0715 curveto
36.78336 61.00545 36.8096 60.9421 36.85631 60.89539 curveto
36.90302 60.84868 36.96637 60.82243 37.03242 60.82243 curveto
37.09848 60.82243 37.16183 60.84868 37.20854 60.89539 curveto
37.25525 60.9421 37.2815 61.00545 37.2815 61.0715 curveto closepath fill
newpath 39.47728 59.02966 moveto
39.47728 59.09572 39.45103 59.15907 39.40433 59.20578 curveto
39.35762 59.25249 39.29427 59.27873 39.22821 59.27873 curveto
39.16216 59.27873 39.0988 59.25249 39.0521 59.20578 curveto
39.00539 59.15907 38.97914 59.09572 38.97914 59.02966 curveto
38.97914 58.96361 39.00539 58.90025 39.0521 58.85355 curveto
39.0988 58.80684 39.16216 58.7806 39.22821 58.7806 curveto
39.29427 58.7806 39.35762 58.80684 39.40433 58.85355 curveto
39.45103 58.90025 39.47728 58.96361 39.47728 59.02966 curveto closepath fill
newpath 41.75801 57.08327 moveto
41.75801 57.14932 41.73177 57.21268 41.68506 57.25938 curveto
41.63835 57.30609 41.575 57.33234 41.50894 57.33234 curveto
41.44289 57.33234 41.37953 57.30609 41.33282 57.25938 curveto
41.28612 57.21268 41.25987 57.14932 41.25987 57.08327 curveto
41.25987 57.01721 41.28612 56.95386 41.33282 56.90715 curveto
41.37953 56.86044 41.44289 56.8342 41.50894 56.8342 curveto
41.575 56.8342 41.63835 56.86044 41.68506 56.90715 curveto
41.73177 56.95386 41.75801 57.01721 41.75801 57.08327 curveto closepath fill
newpath 44.16034 55.29051 moveto
44.16034 55.35657 44.1341 55.41992 44.08739 55.46663 curveto
44.04068 55.51334 43.97733 55.53958 43.91127 55.53958 curveto
43.84521 55.53958 43.78186 55.51334 43.73515 55.46663 curveto
43.68845 55.41992 43.6622 55.35657 43.6622 55.29051 curveto
43.6622 55.22446 43.68845 55.1611 43.73515 55.1144 curveto
43.78186 55.06769 43.84521 55.04144 43.91127 55.04144 curveto
43.97733 55.04144 44.04068 55.06769 44.08739 55.1144 curveto
44.1341 55.1611 44.16034 55.22446 44.16034 55.29051 curveto closepath fill
newpath 46.72322 53.73758 moveto
46.72322 53.80363 46.69698 53.86699 46.65027 53.9137 curveto
46.60356 53.9604 46.5402 53.98665 46.47415 53.98665 curveto
46.4081 53.98665 46.34474 53.9604 46.29803 53.9137 curveto
46.25133 53.86699 46.22508 53.80363 46.22508 53.73758 curveto
46.22508 53.67152 46.25133 53.60817 46.29803 53.56146 curveto
46.34474 53.51476 46.4081 53.48851 46.47415 53.48851 curveto
46.5402 53.48851 46.60356 53.51476 46.65027 53.56146 curveto
46.69698 53.60817 46.72322 53.67152 46.72322 53.73758 curveto closepath fill
newpath 49.47328 52.55092 moveto
49.47328 52.61697 49.44704 52.68033 49.40033 52.72704 curveto
49.35362 52.77374 49.29027 52.79999 49.22421 52.79999 curveto
49.15816 52.79999 49.0948 52.77374 49.0481 52.72704 curveto
49.00139 52.68033 48.97514 52.61697 48.97514 52.55092 curveto
48.97514 52.48486 49.00139 52.42151 49.0481 52.3748 curveto
49.0948 52.3281 49.15816 52.30185 49.22421 52.30185 curveto
49.29027 52.30185 49.35362 52.3281 49.40033 52.3748 curveto
49.44704 52.42151 49.47328 52.48486 49.47328 52.55092 curveto closepath fill
newpath 52.39307 51.89195 moveto
52.39307 51.95801 52.36682 52.02136 52.32011 52.06807 curveto
52.2734 52.11478 52.21005 52.14102 52.144 52.14102 curveto
52.07794 52.14102 52.01459 52.11478 51.96788 52.06807 curveto
51.92117 52.02136 51.89493 51.95801 51.89493 51.89195 curveto
51.89493 51.8259 51.92117 51.76254 51.96788 51.71584 curveto
52.01459 51.66913 52.07794 51.64288 52.144 51.64288 curveto
52.21005 51.64288 52.2734 51.66913 52.32011 51.71584 curveto
52.36682 51.76254 52.39307 51.8259 52.39307 51.89195 curveto closepath fill
newpath 55.38513 51.89207 moveto
55.38513 51.95813 55.35889 52.02148 55.31218 52.06819 curveto
55.26547 52.1149 55.20212 52.14114 55.13606 52.14114 curveto
55.07 52.14114 55.00665 52.1149 54.95995 52.06819 curveto
54.91324 52.02148 54.887 51.95813 54.887 51.89207 curveto
54.887 51.82602 54.91324 51.76266 54.95995 51.71596 curveto
55.00665 51.66925 55.07 51.643 55.13606 51.643 curveto
55.20212 51.643 55.26547 51.66925 55.31218 51.71596 curveto
55.35889 51.76266 55.38513 51.82602 55.38513 51.89207 curveto closepath fill
newpath 58.30478 52.55139 moveto
58.30478 52.61745 58.27853 52.6808 58.23183 52.72751 curveto
58.18512 52.77422 58.12177 52.80046 58.05571 52.80046 curveto
57.98965 52.80046 57.9263 52.77422 57.8796 52.72751 curveto
57.83289 52.6808 57.80664 52.61745 57.80664 52.55139 curveto
57.80664 52.48534 57.83289 52.42198 57.8796 52.37527 curveto
57.9263 52.32857 57.98965 52.30232 58.05571 52.30232 curveto
58.12177 52.30232 58.18512 52.32857 58.23183 52.37527 curveto
58.27853 52.42198 58.30478 52.48534 58.30478 52.55139 curveto closepath fill
newpath 61.05457 53.73808 moveto
61.05457 53.80414 61.02832 53.8675 60.98161 53.9142 curveto
60.9349 53.9609 60.87155 53.98715 60.8055 53.98715 curveto
60.73944 53.98715 60.67609 53.9609 60.62938 53.9142 curveto
60.58267 53.8675 60.55643 53.80414 60.55643 53.73808 curveto
60.55643 53.67203 60.58267 53.60867 60.62938 53.56197 curveto
60.67609 53.51526 60.73944 53.48901 60.8055 53.48901 curveto
60.87155 53.48901 60.9349 53.51526 60.98161 53.56197 curveto
61.02832 53.60867 61.05457 53.67203 61.05457 53.73808 curveto closepath fill
newpath 63.61752 55.29114 moveto
63.61752 55.3572 63.59128 55.42055 63.54457 55.46725 curveto
63.49786 55.51396 63.43451 55.5402 63.36845 55.5402 curveto
63.3024 55.5402 63.23904 55.51396 63.19234 55.46725 curveto
63.14563 55.42055 63.11938 55.3572 63.11938 55.29114 curveto
63.11938 55.22508 63.14563 55.16173 63.19234 55.11502 curveto
63.23904 55.06831 63.3024 55.04207 63.36845 55.04207 curveto
63.43451 55.04207 63.49786 55.06831 63.54457 55.11502 curveto
63.59128 55.16173 63.61752 55.22508 63.61752 55.29114 curveto closepath fill
newpath 66.02007 57.08415 moveto
66.02007 57.1502 65.99382 57.21356 65.94711 57.26027 curveto
65.9004 57.30698 65.83705 57.33322 65.771 57.33322 curveto
65.70494 57.33322 65.64159 57.30698 65.59488 57.26027 curveto
65.54817 57.21356 65.52193 57.1502 65.52193 57.08415 curveto
65.52193 57.0181 65.54817 56.95474 65.59488 56.90804 curveto
65.64159 56.86133 65.70494 56.83508 65.771 56.83508 curveto
65.83705 56.83508 65.9004 56.86133 65.94711 56.90804 curveto
65.99382 56.95474 66.02007 57.0181 66.02007 57.08415 curveto closepath fill
newpath 68.30058 59.03043 moveto
68.30058 59.09648 68.27434 59.15984 68.22763 59.20654 curveto
68.18092 59.25325 68.11757 59.2795 68.05151 59.2795 curveto
67.98546 59.2795 67.9221 59.25325 67.8754 59.20654 curveto
67.82869 59.15984 67.80244 59.09648 67.80244 59.03043 curveto
67.80244 58.96437 67.82869 58.90102 67.8754 58.85431 curveto
67.9221 58.8076 67.98546 58.78136 68.05151 58.78136 curveto
68.11757 58.78136 68.18092 58.8076 68.22763 58.85431 curveto
68.27434 58.90102 68.30058 58.96437 68.30058 59.03043 curveto closepath fill
newpath 70.49644 61.0724 moveto
70.49644 61.13846 70.4702 61.20181 70.4235 61.24852 curveto
70.37679 61.29523 70.31343 61.32147 70.24738 61.32147 curveto
70.18132 61.32147 70.11797 61.29523 70.07126 61.24852 curveto
70.02455 61.20181 69.9983 61.13846 69.9983 61.0724 curveto
69.9983 61.00635 70.02455 60.943 70.07126 60.89629 curveto
70.11797 60.84958 70.18132 60.82333 70.24738 60.82333 curveto
70.31343 60.82333 70.37679 60.84958 70.4235 60.89629 curveto
70.4702 60.943 70.49644 61.00635 70.49644 61.0724 curveto closepath fill
newpath 72.64037 63.16882 moveto
72.64037 63.23488 72.61412 63.29823 72.56741 63.34494 curveto
72.5207 63.39165 72.45735 63.4179 72.3913 63.4179 curveto
72.32524 63.4179 72.26189 63.39165 72.21518 63.34494 curveto
72.16847 63.29823 72.14223 63.23488 72.14223 63.16882 curveto
72.14223 63.10277 72.16847 63.03941 72.21518 62.9927 curveto
72.26189 62.946 72.32524 62.91975 72.3913 62.91975 curveto
72.45735 62.91975 72.5207 62.946 72.56741 62.9927 curveto
72.61412 63.03941 72.64037 63.10277 72.64037 63.16882 curveto closepath fill
newpath 74.76302 65.28737 moveto
74.76302 65.35342 74.73677 65.41678 74.69006 65.46349 curveto
74.64336 65.5102 74.58 65.53644 74.51395 65.53644 curveto
74.44789 65.53644 74.38454 65.5102 74.33783 65.46349 curveto
74.29112 65.41678 74.26488 65.35342 74.26488 65.28737 curveto
74.26488 65.22131 74.29112 65.15796 74.33783 65.11125 curveto
74.38454 65.06454 74.44789 65.0383 74.51395 65.0383 curveto
74.58 65.0383 74.64336 65.06454 74.69006 65.11125 curveto
74.73677 65.15796 74.76302 65.22131 74.76302 65.28737 curveto closepath fill
newpath 76.89296 67.39859 moveto
76.89296 67.46465 76.86671 67.528 76.82 67.5747 curveto
76.7733 67.62141 76.70995 67.64766 76.64389 67.64766 curveto
76.57784 67.64766 76.51448 67.62141 76.46777 67.5747 curveto
76.42107 67.528 76.39482 67.46465 76.39482 67.39859 curveto
76.39482 67.33253 76.42107 67.26918 76.46777 67.22247 curveto
76.51448 67.17577 76.57784 67.14952 76.64389 67.14952 curveto
76.70995 67.14952 76.7733 67.17577 76.82 67.22247 curveto
76.86671 67.26918 76.89296 67.33253 76.89296 67.39859 curveto closepath fill
newpath 79.05908 69.47258 moveto
79.05908 69.53864 79.03284 69.60199 78.98613 69.6487 curveto
78.93942 69.6954 78.87607 69.72165 78.81001 69.72165 curveto
78.74396 69.72165 78.6806 69.6954 78.6339 69.6487 curveto
78.58719 69.60199 78.56094 69.53864 78.56094 69.47258 curveto
78.56094 69.40652 78.58719 69.34317 78.6339 69.29646 curveto
78.6806 69.24976 78.74396 69.22351 78.81001 69.22351 curveto
78.87607 69.22351 78.93942 69.24976 78.98613 69.29646 curveto
79.03284 69.34317 79.05908 69.40652 79.05908 69.47258 curveto closepath fill
newpath 81.29272 71.47298 moveto
81.29272 71.53903 81.26648 71.60239 81.21977 71.6491 curveto
81.17307 71.6958 81.10971 71.72205 81.04366 71.72205 curveto
80.9776 71.72205 80.91425 71.6958 80.86754 71.6491 curveto
80.82083 71.60239 80.79459 71.53903 80.79459 71.47298 curveto
80.79459 71.40692 80.82083 71.34357 80.86754 71.29686 curveto
80.91425 71.25015 80.9776 71.2239 81.04366 71.2239 curveto
81.10971 71.2239 81.17307 71.25015 81.21977 71.29686 curveto
81.26648 71.34357 81.29272 71.40692 81.29272 71.47298 curveto closepath fill
newpath 83.62985 73.35117 moveto
83.62985 73.41722 83.6036 73.48058 83.5569 73.52728 curveto
83.5102 73.57399 83.44684 73.60023 83.38078 73.60023 curveto
83.31473 73.60023 83.25137 73.57399 83.20467 73.52728 curveto
83.15796 73.48058 83.13171 73.41722 83.13171 73.35117 curveto
83.13171 73.28511 83.15796 73.22176 83.20467 73.17505 curveto
83.25137 73.12834 83.31473 73.1021 83.38078 73.1021 curveto
83.44684 73.1021 83.5102 73.12834 83.5569 73.17505 curveto
83.6036 73.22176 83.62985 73.28511 83.62985 73.35117 curveto closepath fill
newpath 86.10822 75.0371 moveto
86.10822 75.10315 86.08197 75.1665 86.03526 75.21321 curveto
85.98856 75.25992 85.9252 75.28616 85.85915 75.28616 curveto
85.79309 75.28616 85.72974 75.25992 85.68303 75.21321 curveto
85.63632 75.1665 85.61008 75.10315 85.61008 75.0371 curveto
85.61008 74.97104 85.63632 74.90768 85.68303 74.86098 curveto
85.72974 74.81427 85.79309 74.78802 85.85915 74.78802 curveto
85.9252 74.78802 85.98856 74.81427 86.03526 74.86098 curveto
86.08197 74.90768 86.10822 74.97104 86.10822 75.0371 curveto closepath fill
newpath 88.76324 76.42535 moveto
88.76324 76.49141 88.737 76.55476 88.69029 76.60147 curveto
88.64359 76.64818 88.58023 76.67442 88.51418 76.67442 curveto
88.44812 76.67442 88.38477 76.64818 88.33806 76.60147 curveto
88.29135 76.55476 88.2651 76.49141 88.2651 76.42535 curveto
88.2651 76.3593 88.29135 76.29594 88.33806 76.24924 curveto
88.38477 76.20253 88.44812 76.17628 88.51418 76.17628 curveto
88.58023 76.17628 88.64359 76.20253 88.69029 76.24924 curveto
88.737 76.29594 88.76324 76.3593 88.76324 76.42535 curveto closepath fill
newpath 91.60504 77.36896 moveto
91.60504 77.43501 91.5788 77.49837 91.53209 77.54507 curveto
91.48538 77.59178 91.42203 77.61803 91.35597 77.61803 curveto
91.28992 77.61803 91.22656 77.59178 91.17986 77.54507 curveto
91.13315 77.49837 91.1069 77.43501 91.1069 77.36896 curveto
91.1069 77.3029 91.13315 77.23955 91.17986 77.19284 curveto
91.22656 77.14613 91.28992 77.11989 91.35597 77.11989 curveto
91.42203 77.11989 91.48538 77.14613 91.53209 77.19284 curveto
91.5788 77.23955 91.60504 77.3029 91.60504 77.36896 curveto closepath fill
newpath 94.57675 77.7084 moveto
94.57675 77.77446 94.5505 77.83781 94.5038 77.88452 curveto
94.45709 77.93123 94.39374 77.95747 94.32768 77.95747 curveto
94.26163 77.95747 94.19827 77.93123 94.15157 77.88452 curveto
94.10486 77.83781 94.07861 77.77446 94.07861 77.7084 curveto
94.07861 77.64235 94.10486 77.579 94.15157 77.53229 curveto
94.19827 77.48558 94.26163 77.45934 94.32768 77.45934 curveto
94.39374 77.45934 94.45709 77.48558 94.5038 77.53229 curveto
94.5505 77.579 94.57675 77.64235 94.57675 77.7084 curveto closepath fill
newpath 12.9514 116.5626 moveto
13.3753 116.56181 13.79822 116.52051 14.2142 116.43929 curveto
14.64561 116.3551 15.06775 116.22961 15.47702 116.06934 curveto
15.91415 115.8982 16.3353 115.68892 16.73962 115.4504 curveto
17.18053 115.19012 17.60107 114.89705 18.00244 114.57927 curveto
18.44551 114.22868 18.86546 113.85023 19.26524 113.45123 curveto
19.70891 113.00856 20.12906 112.54257 20.52806 112.05917 curveto
20.97192 111.52165 21.39186 110.96475 21.79066 110.39282 curveto
22.23453 109.75609 22.65585 109.10373 23.05348 108.43715 curveto stroke
newpath 22.80574 111.76953 moveto
22.35927 110.68164 22.45105 109.44705 23.05348 108.43715 curveto
22.45105 109.44705 21.40831 110.11438 20.23894 110.23837 curveto stroke
newpath 23.05348 108.43715 moveto
23.50307 107.6846 23.92973 106.91862 24.33249 106.13998 curveto
24.78287 105.26965 25.20993 104.38727 25.61151 103.49342 curveto
26.06288 102.4889 26.49072 101.47392 26.89032 100.44766 curveto
27.34367 99.28326 27.7737 98.10979 28.16934 96.92444 curveto
28.62663 95.55432 29.06041 94.1761 29.44835 92.78464 curveto
29.91336 91.11652 30.35742 89.44205 30.72737 87.75002 curveto
31.21075 85.5398 31.7394 83.33571 32.00618 81.08855 curveto
32.59332 76.1462 33.01979 71.18626 33.2852 66.21625 curveto stroke
newpath 73.99132 66.0368 moveto
74.25397 71.05089 74.67885 76.0553 75.2654 81.0419 curveto
75.52942 83.2871 76.05786 85.48901 76.53946 87.69705 curveto
76.90784 89.38652 77.35031 91.05861 77.81354 92.72456 curveto
78.20009 94.11444 78.6323 95.49089 79.08781 96.85962 curveto
79.48207 98.04378 79.91032 99.21628 80.36188 100.37968 curveto
80.7601 101.40533 81.18637 102.41974 81.63596 103.42386 curveto
82.03615 104.3177 82.46143 105.19989 82.91003 106.07042 curveto
83.3114 106.84926 83.7363 107.61543 84.18411 108.36838 curveto stroke
newpath 81.37193 106.56346 moveto
82.54115 106.68898 83.58301 107.35768 84.18411 108.36838 curveto
83.58301 107.35768 83.49284 106.12297 83.94075 105.03569 curveto stroke
newpath 84.18411 108.36838 moveto
84.58173 109.03812 85.00305 109.69363 85.44691 110.33354 curveto
85.84572 110.90842 86.26587 111.46849 86.70972 112.00938 curveto
87.10872 112.49553 87.52867 112.9643 87.97234 113.41013 curveto
88.37213 113.81189 88.79207 114.19331 89.23514 114.54686 curveto
89.63652 114.8672 90.05685 115.16284 90.49796 115.42589 curveto
90.90228 115.66698 91.32343 115.87863 91.76076 116.05273 curveto
92.16985 116.21558 92.59177 116.34424 93.02338 116.43138 curveto
93.43918 116.51538 93.86208 116.55925 94.28618 116.5626 curveto stroke
newpath 12.9514 117.55887 moveto
12.68716 117.55887 12.43378 117.45389 12.24695 117.26706 curveto
12.06012 117.08023 11.95514 116.82684 11.95514 116.5626 curveto
11.95514 116.29837 12.06012 116.04498 12.24695 115.85815 curveto
12.43378 115.67133 12.68716 115.56635 12.9514 115.56635 curveto
13.21564 115.56635 13.46902 115.67133 13.65585 115.85815 curveto
13.84268 116.04498 13.94766 116.29837 13.94766 116.5626 curveto
13.94766 116.82684 13.84268 117.08023 13.65585 117.26706 curveto
13.46902 117.45389 13.21564 117.55887 12.9514 117.55887 curveto closepath fill
newpath 12.9514 13.94766 moveto
12.68716 13.94766 12.43378 13.84268 12.24695 13.65585 curveto
12.06012 13.46902 11.95514 13.21564 11.95514 12.9514 curveto
11.95514 12.68716 12.06012 12.43378 12.24695 12.24695 curveto
12.43378 12.06012 12.68716 11.95514 12.9514 11.95514 curveto
13.21564 11.95514 13.46902 12.06012 13.65585 12.24695 curveto
13.84268 12.43378 13.94766 12.68716 13.94766 12.9514 curveto
13.94766 13.21564 13.84268 13.46902 13.65585 13.65585 curveto
13.46902 13.84268 13.21564 13.94766 12.9514 13.94766 curveto closepath fill
newpath 33.2852 65.75327 moveto
33.02097 65.75327 32.76758 65.64828 32.58075 65.46146 curveto
32.39392 65.27463 32.28894 65.02124 32.28894 64.757 curveto
32.28894 64.49277 32.39392 64.23938 32.58075 64.05255 curveto
32.76758 63.86572 33.02097 63.76074 33.2852 63.76074 curveto
33.54944 63.76074 33.80283 63.86572 33.98965 64.05255 curveto
34.17648 64.23938 34.28146 64.49277 34.28146 64.757 curveto
34.28146 65.02124 34.17648 65.27463 33.98965 65.46146 curveto
33.80283 65.64828 33.54944 65.75327 33.2852 65.75327 curveto closepath fill
newpath 73.95259 65.75327 moveto
73.68835 65.75327 73.43497 65.64828 73.24814 65.46146 curveto
73.06131 65.27463 72.95633 65.02124 72.95633 64.757 curveto
72.95633 64.49277 73.06131 64.23938 73.24814 64.05255 curveto
73.43497 63.86572 73.68835 63.76074 73.95259 63.76074 curveto
74.21683 63.76074 74.47021 63.86572 74.65704 64.05255 curveto
74.84387 64.23938 74.94885 64.49277 74.94885 64.757 curveto
74.94885 65.02124 74.84387 65.27463 74.65704 65.46146 curveto
74.47021 65.64828 74.21683 65.75327 73.95259 65.75327 curveto closepath fill
newpath 94.28618 117.55887 moveto
94.02194 117.55887 93.76855 117.45389 93.58173 117.26706 curveto
93.3949 117.08023 93.28992 116.82684 93.28992 116.5626 curveto
93.28992 116.29837 93.3949 116.04498 93.58173 115.85815 curveto
93.76855 115.67133 94.02194 115.56635 94.28618 115.56635 curveto
94.55042 115.56635 94.8038 115.67133 94.99063 115.85815 curveto
95.17746 116.04498 95.28244 116.29837 95.28244 116.5626 curveto
95.28244 116.82684 95.17746 117.08023 94.99063 117.26706 curveto
94.8038 117.45389 94.55042 117.55887 94.28618 117.55887 curveto closepath fill
newpath 94.28618 13.94766 moveto
94.02194 13.94766 93.76855 13.84268 93.58173 13.65585 curveto
93.3949 13.46902 93.28992 13.21564 93.28992 12.9514 curveto
93.28992 12.68716 93.3949 12.43378 93.58173 12.24695 curveto
93.76855 12.06012 94.02194 11.95514 94.28618 11.95514 curveto
94.55042 11.95514 94.8038 12.06012 94.99063 12.24695 curveto
95.17746 12.43378 95.28244 12.68716 95.28244 12.9514 curveto
95.28244 13.21564 95.17746 13.46902 94.99063 13.65585 curveto
94.8038 13.84268 94.55042 13.94766 94.28618 13.94766 curveto closepath fill
 0 1.025 dtransform truncate idtransform setlinewidth pop
newpath 12.9514 12.9514 moveto
13.3753 12.9522 13.79822 12.9935 14.2142 13.07472 curveto
14.64561 13.1589 15.06775 13.2844 15.47702 13.44467 curveto
15.91415 13.61581 16.3353 13.82509 16.73962 14.06361 curveto
17.18053 14.32388 17.60107 14.61696 18.00244 14.93474 curveto
18.44551 15.28532 18.86546 15.66377 19.26524 16.06277 curveto
19.70891 16.50545 20.12906 16.97144 20.52806 17.45483 curveto
20.97192 17.99236 21.39186 18.54926 21.79066 19.12119 curveto
22.23453 19.75792 22.65585 20.41028 23.05348 21.07686 curveto stroke
newpath 20.23894 19.27563 moveto
21.40831 19.39963 22.45105 20.06696 23.05348 21.07686 curveto
22.45105 20.06696 22.35927 18.83237 22.80574 17.74448 curveto stroke
newpath 23.05348 21.07686 moveto
23.52283 21.86261 23.96709 22.66298 24.38565 23.47679 curveto
24.85579 24.39099 25.30064 25.31804 25.71782 26.25774 curveto
26.18936 27.31976 26.6352 28.39285 27.05 29.4782 curveto
27.5237 30.71808 27.9723 31.96745 28.38197 33.22986 curveto
28.86082 34.7055 29.31456 36.18925 29.71416 37.68823 curveto
30.20306 39.52197 30.67322 41.36143 31.04633 43.22246 curveto
31.56212 45.7949 32.00638 48.381 32.37851 50.97797 curveto stroke
newpath 75.11816 49.43176 moveto
75.48772 47.07135 75.91953 44.72122 76.4132 42.38374 curveto
76.78352 40.62984 77.23589 38.89471 77.7084 37.16571 curveto
78.0997 35.73413 78.53961 34.3162 79.00362 32.90656 curveto
79.40341 31.69215 79.83897 30.49002 80.29865 29.29716 curveto
80.70279 28.24818 81.13637 27.21086 81.59386 26.18422 curveto
82.00018 25.27238 82.43257 24.3726 82.88908 23.4847 curveto
83.29659 22.69183 83.72859 21.9118 84.18411 21.14563 curveto stroke
newpath 83.94124 24.47836 moveto
83.49316 23.39114 83.58316 22.15642 84.18411 21.14563 curveto
83.58316 22.15642 82.54138 22.82526 81.37218 22.95096 curveto stroke
newpath 84.18411 21.14563 moveto
84.58173 20.47589 85.00305 19.82037 85.44691 19.18047 curveto
85.84572 18.60559 86.26587 18.04552 86.70972 17.50462 curveto
87.10872 17.01848 87.52867 16.54971 87.97234 16.10388 curveto
88.37213 15.70212 88.79207 15.3207 89.23514 14.96715 curveto
89.63652 14.6468 90.05685 14.35117 90.49796 14.08812 curveto
90.90228 13.84703 91.32343 13.63538 91.76076 13.46127 curveto
92.16985 13.29843 92.59177 13.16977 93.02338 13.08263 curveto
93.43918 12.99863 93.86208 12.95476 94.28618 12.9514 curveto stroke
showpage
%%EOF
