%!PS
%%BoundingBox: -1 -1 150 150 
%%HiResBoundingBox: -0.24907 -0.24907 149.68831 149.68831 
%%Creator: MetaPost 2.000
%%CreationDate: 2017.07.04:1542
%%Pages: 1
%%BeginProlog
%%EndProlog
%%Page: 1 1
 0 0 0 setrgbcolor 0 0.49814 dtransform truncate idtransform setlinewidth pop [] 0 setdash 1 setlinecap
 1 setlinejoin 10 setmiterlimit
newpath 0 74.71962 moveto
149.43924 74.71962 lineto stroke
newpath 144.45793 77.21028 moveto
145.63387 75.64236 147.47935 74.71962 149.43924 74.71962 curveto
147.47935 74.71962 145.63387 73.79688 144.45793 72.22896 curveto stroke
 0.49814 0 dtransform exch truncate exch idtransform pop setlinewidth
newpath 74.71962 0 moveto
74.71962 149.43924 lineto stroke
 0 0.49814 dtransform truncate idtransform setlinewidth pop
newpath 72.22896 144.45793 moveto
73.79688 145.63387 74.71962 147.47935 74.71962 149.43924 curveto
74.71962 147.47935 75.64236 145.63387 77.21028 144.45793 curveto stroke
 0.49814 0 dtransform exch truncate exch idtransform pop setlinewidth
newpath 14.94392 72.7271 moveto
14.94392 76.71214 lineto stroke
newpath 134.49532 72.7271 moveto
134.49532 76.71214 lineto stroke
 0 0.49814 dtransform truncate idtransform setlinewidth pop
newpath 76.71214 14.94392 moveto
72.7271 14.94392 lineto stroke
newpath 76.71214 134.49532 moveto
72.7271 134.49532 lineto stroke
 0 1.24533 dtransform truncate idtransform setlinewidth pop
newpath 74.71962 74.71962 moveto
83.03893 74.71962 91.3425 75.4461 99.53548 76.89088 curveto
102.9675 77.49606 106.0942 79.11916 109.14656 80.79059 curveto
111.50937 82.08464 113.61815 83.7816 115.54816 85.65964 curveto
117.2009 87.26744 118.58342 89.12585 119.75456 91.11151 curveto
120.80804 92.89787 121.58585 94.82993 122.13539 96.82927 curveto
122.64616 98.687 122.88582 100.60698 122.89449 102.53334 curveto
122.9027 104.36417 122.65437 106.18587 122.18555 107.95558 curveto
121.73155 109.66965 121.04587 111.31303 120.16159 112.8497 curveto
119.29076 114.36288 118.222 115.75293 116.98747 116.98747 curveto
115.75293 118.222 114.36288 119.29076 112.8497 120.16159 curveto
111.31303 121.04587 109.66965 121.73155 107.95558 122.18555 curveto
106.18587 122.65437 104.36417 122.9027 102.53334 122.89449 curveto
100.60698 122.88582 98.687 122.64616 96.82927 122.13539 curveto
94.82993 121.58585 92.89787 120.80804 91.11151 119.75456 curveto
89.12585 118.58342 87.26744 117.2009 85.65964 115.54816 curveto
83.7816 113.61815 82.08464 111.50937 80.79059 109.14656 curveto
79.11916 106.0942 77.49606 102.9675 76.89088 99.53548 curveto
75.4461 91.3425 74.71962 83.03893 74.71962 74.71962 curveto stroke
newpath 74.71962 74.71962 moveto
66.40031 74.71962 58.09674 73.99313 49.90376 72.54836 curveto
46.47174 71.94318 43.34505 70.32008 40.29268 68.64865 curveto
37.92987 67.3546 35.82109 65.65764 33.89108 63.7796 curveto
32.23834 62.1718 30.85582 60.31339 29.68468 58.32773 curveto
28.6312 56.54137 27.8534 54.60931 27.30385 52.60997 curveto
26.79308 50.75224 26.55342 48.83226 26.54475 46.9059 curveto
26.53654 45.07507 26.78487 43.25337 27.2537 41.48366 curveto
27.70769 39.76959 28.39337 38.1262 29.27765 36.58954 curveto
30.14848 35.07635 31.21724 33.68631 32.45177 32.45177 curveto
33.68631 31.21724 35.07635 30.14848 36.58954 29.27765 curveto
38.1262 28.39337 39.76959 27.70769 41.48366 27.2537 curveto
43.25337 26.78487 45.07507 26.53654 46.9059 26.54475 curveto
48.83226 26.55342 50.75224 26.79308 52.60997 27.30385 curveto
54.60931 27.8534 56.54137 28.6312 58.32773 29.68468 curveto
60.31339 30.85582 62.1718 32.23834 63.7796 33.89108 curveto
65.65764 35.82109 67.3546 37.92987 68.64865 40.29268 curveto
70.32008 43.34505 71.94318 46.47174 72.54836 49.90376 curveto
73.99313 58.09674 74.71962 66.40031 74.71962 74.71962 curveto stroke
showpage
%%EOF
