%!PS
%%BoundingBox: -1 -1 150 150 
%%HiResBoundingBox: -0.24907 -0.24907 149.68831 149.68831 
%%Creator: MetaPost 2.000
%%CreationDate: 2017.07.04:1542
%%Pages: 1
%%BeginProlog
%%EndProlog
%%Page: 1 1
 0 0 0 setrgbcolor 0 0.49814 dtransform truncate idtransform setlinewidth pop [] 0 setdash 1 setlinecap
 1 setlinejoin 10 setmiterlimit
newpath 0 74.71962 moveto
149.43924 74.71962 lineto stroke
newpath 144.45793 77.21028 moveto
145.63387 75.64236 147.47935 74.71962 149.43924 74.71962 curveto
147.47935 74.71962 145.63387 73.79688 144.45793 72.22896 curveto stroke
 0.49814 0 dtransform exch truncate exch idtransform pop setlinewidth
newpath 74.71962 0 moveto
74.71962 149.43924 lineto stroke
 0 0.49814 dtransform truncate idtransform setlinewidth pop
newpath 72.22896 144.45793 moveto
73.79688 145.63387 74.71962 147.47935 74.71962 149.43924 curveto
74.71962 147.47935 75.64236 145.63387 77.21028 144.45793 curveto stroke
 0.49814 0 dtransform exch truncate exch idtransform pop setlinewidth
newpath 14.94392 72.7271 moveto
14.94392 76.71214 lineto stroke
newpath 44.83177 72.7271 moveto
44.83177 76.71214 lineto stroke
newpath 104.60747 72.7271 moveto
104.60747 76.71214 lineto stroke
newpath 134.49532 72.7271 moveto
134.49532 76.71214 lineto stroke
 0 0.49814 dtransform truncate idtransform setlinewidth pop
newpath 76.71214 14.94392 moveto
72.7271 14.94392 lineto stroke
newpath 76.71214 44.83177 moveto
72.7271 44.83177 lineto stroke
newpath 76.71214 104.60747 moveto
72.7271 104.60747 lineto stroke
newpath 76.71214 134.49532 moveto
72.7271 134.49532 lineto stroke
 0 1.24533 dtransform truncate idtransform setlinewidth pop
newpath 104.60747 74.71962 moveto
105.49654 75.60687 106.3252 76.55272 107.08817 77.55057 curveto
107.88216 78.58899 108.61183 79.67554 109.26353 80.80884 curveto
109.94032 81.98567 110.54367 83.20357 111.0613 84.45862 curveto
111.59601 85.75494 112.04933 87.08344 112.41052 88.43835 curveto
112.7829 89.83548 113.06747 91.25471 113.25467 92.68831 curveto
113.44713 94.16228 113.54678 95.64719 113.54518 97.13368 curveto
113.54335 98.65987 113.44508 100.18445 113.24442 101.6974 curveto
113.03941 103.24341 112.73706 104.7753 112.33208 106.2814 curveto
111.91867 107.8183 111.40767 109.32738 110.79747 110.79747 curveto
110.1761 112.29424 109.46033 113.75041 108.649 115.15346 curveto
107.82469 116.57861 106.90962 117.94951 105.90654 119.25496 curveto
104.88817 120.58025 103.78635 121.83917 102.60403 123.02058 curveto
101.40918 124.2143 100.13838 125.3298 98.79782 126.35728 curveto
97.44426 127.3948 96.02502 128.34363 94.54787 129.19576 curveto
93.05931 130.0545 91.51648 130.81635 89.92874 131.47351 curveto
88.32982 132.13547 86.68962 132.693 85.01796 133.14084 curveto
83.34198 133.58983 81.63817 133.9289 79.91794 134.1551 curveto
78.1945 134.38176 76.45787 134.49532 74.71962 134.49532 curveto
72.98137 134.49532 71.24474 134.38176 69.5213 134.1551 curveto
67.80107 133.9289 66.09726 133.58983 64.42128 133.14084 curveto
62.74962 132.693 61.10942 132.13547 59.5105 131.47351 curveto
57.92276 130.81635 56.37993 130.0545 54.89137 129.19576 curveto
53.41422 128.34363 51.99498 127.3948 50.64142 126.35728 curveto
49.30086 125.3298 48.03006 124.2143 46.8352 123.02058 curveto
45.6529 121.83917 44.55107 120.58025 43.5327 119.25496 curveto
42.52962 117.94951 41.61455 116.57861 40.79024 115.15346 curveto
39.97891 113.75041 39.26314 112.29424 38.64177 110.79747 curveto
38.03157 109.32738 37.52057 107.8183 37.10716 106.2814 curveto
36.70218 104.7753 36.39983 103.24341 36.19482 101.6974 curveto
35.99416 100.18445 35.89589 98.65987 35.89406 97.13368 curveto
35.89246 95.64719 35.99211 94.16228 36.18457 92.68831 curveto
36.37177 91.25471 36.65634 89.83548 37.02872 88.43835 curveto
37.38991 87.08344 37.84323 85.75494 38.37794 84.45862 curveto
38.89557 83.20357 39.49892 81.98567 40.1757 80.80884 curveto
40.82741 79.67554 41.55708 78.58899 42.35107 77.55057 curveto
43.11404 76.55272 43.94543 75.60938 44.83177 74.71962 curveto
45.68048 73.86772 46.58734 73.07646 47.53958 72.34245 curveto
48.44781 71.64264 49.4037 71.00735 50.39539 70.43181 curveto
51.33781 69.88478 52.31764 69.40524 53.32324 68.98567 curveto
54.27228 68.58981 55.248 68.26237 56.24037 67.99353 curveto
57.17278 67.74088 58.12206 67.55573 59.0793 67.42665 curveto
59.97339 67.30626 60.87479 67.25063 61.77686 67.24765 curveto
62.61417 67.24492 63.45033 67.3033 64.2808 67.40956 curveto
65.04378 67.50716 65.7981 67.66107 66.54169 67.85718 curveto
67.21893 68.03572 67.88158 68.26465 68.52962 68.52962 curveto
69.11292 68.76814 69.67728 69.05089 70.22476 69.36305 curveto
70.71024 69.63988 71.17336 69.95387 71.6187 70.29135 curveto
72.00702 70.58551 72.37119 70.91022 72.718 71.25226 curveto
73.01216 71.5423 73.28192 71.8563 73.53616 72.18192 curveto
73.74504 72.44939 73.93019 72.73373 74.10304 73.02562 curveto
74.2378 73.25319 74.35114 73.49261 74.4558 73.73546 curveto
74.5308 73.90967 74.58781 74.09073 74.64095 74.27269 curveto
74.67265 74.38191 74.6902 74.49455 74.70981 74.60652 curveto
74.71689 74.64734 74.6617 74.71962 74.71962 74.71962 curveto
74.77754 74.71962 74.72235 74.64734 74.72943 74.60652 curveto
74.74904 74.49455 74.76659 74.38191 74.7983 74.27269 curveto
74.85143 74.09073 74.90843 73.90967 74.98344 73.73546 curveto
75.0881 73.49261 75.20145 73.25319 75.3362 73.02562 curveto
75.50905 72.73373 75.6942 72.44939 75.90308 72.18192 curveto
76.15732 71.8563 76.42708 71.5423 76.72124 71.25226 curveto
77.06805 70.91022 77.43222 70.58551 77.82054 70.29135 curveto
78.26588 69.95387 78.729 69.63988 79.21448 69.36305 curveto
79.76196 69.05089 80.32632 68.76814 80.90962 68.52962 curveto
81.55766 68.26465 82.2203 68.03572 82.89755 67.85718 curveto
83.64114 67.66107 84.39546 67.50716 85.15843 67.40956 curveto
85.9889 67.3033 86.82507 67.24492 87.66238 67.24765 curveto
88.56445 67.25063 89.46585 67.30626 90.35994 67.42665 curveto
91.31718 67.55573 92.26646 67.74088 93.19887 67.99353 curveto
94.19124 68.26237 95.16696 68.58981 96.116 68.98567 curveto
97.1216 69.40524 98.10143 69.88478 99.04385 70.43181 curveto
100.03554 71.00735 100.99142 71.64264 101.89966 72.34245 curveto
102.8519 73.07646 103.75647 73.87045 104.60747 74.71962 curveto stroke
showpage
%%EOF
