%!PS
%%BoundingBox: -1 -1 140 120 
%%HiResBoundingBox: -0.24907 -0.24907 139.7257 119.80046 
%%Creator: MetaPost 2.000
%%CreationDate: 2017.07.04:1542
%%Pages: 1
%%BeginProlog
%%EndProlog
%%Page: 1 1
 0 0 0 setrgbcolor 0 0.49814 dtransform truncate idtransform setlinewidth pop [] 0 setdash 1 setlinecap
 1 setlinejoin 10 setmiterlimit
newpath 0 59.7757 moveto
139.47662 59.7757 lineto stroke
newpath 134.49532 62.26636 moveto
135.67125 60.69844 137.51674 59.7757 139.47662 59.7757 curveto
137.51674 59.7757 135.67125 58.85295 134.49532 57.28503 curveto stroke
 0.49814 0 dtransform exch truncate exch idtransform pop setlinewidth
newpath 69.73831 0 moveto
69.73831 119.55139 lineto stroke
 0 0.49814 dtransform truncate idtransform setlinewidth pop
newpath 67.24765 114.57008 moveto
68.81557 115.74602 69.73831 117.5915 69.73831 119.55139 curveto
69.73831 117.5915 70.66106 115.74602 72.22897 114.57008 curveto stroke
 0.49814 0 dtransform exch truncate exch idtransform pop setlinewidth
newpath 9.96262 57.78317 moveto
9.96262 61.76822 lineto stroke
newpath 29.88785 57.78317 moveto
29.88785 61.76822 lineto stroke
newpath 49.81308 57.78317 moveto
49.81308 61.76822 lineto stroke
newpath 89.66354 57.78317 moveto
89.66354 61.76822 lineto stroke
newpath 109.58878 57.78317 moveto
109.58878 61.76822 lineto stroke
newpath 129.514 57.78317 moveto
129.514 61.76822 lineto stroke
 0 0.49814 dtransform truncate idtransform setlinewidth pop
newpath 71.73083 19.92523 moveto
67.74579 19.92523 lineto stroke
newpath 71.73083 39.85046 moveto
67.74579 39.85046 lineto stroke
newpath 71.73083 79.70093 moveto
67.74579 79.70093 lineto stroke
newpath 71.73083 99.62616 moveto
67.74579 99.62616 lineto stroke
newpath 96.30489 90.97308 moveto
95.90852 90.97308 95.52846 90.8156 95.24821 90.53535 curveto
94.96797 90.25511 94.81049 89.87505 94.81049 89.47868 curveto
94.81049 89.08232 94.96797 88.70226 95.24821 88.42201 curveto
95.52846 88.14177 95.90852 87.98428 96.30489 87.98428 curveto
96.70125 87.98428 97.08131 88.14177 97.36156 88.42201 curveto
97.6418 88.70226 97.79929 89.08232 97.79929 89.47868 curveto
97.79929 89.87505 97.6418 90.25511 97.36156 90.53535 curveto
97.08131 90.8156 96.70125 90.97308 96.30489 90.97308 curveto closepath fill
newpath 96.30489 31.56711 moveto
95.90852 31.56711 95.52846 31.40962 95.24821 31.12938 curveto
94.96797 30.84914 94.81049 30.46907 94.81049 30.07271 curveto
94.81049 29.67635 94.96797 29.29628 95.24821 29.01604 curveto
95.52846 28.7358 95.90852 28.57831 96.30489 28.57831 curveto
96.70125 28.57831 97.08131 28.7358 97.36156 29.01604 curveto
97.6418 29.29628 97.79929 29.67635 97.79929 30.07271 curveto
97.79929 30.46907 97.6418 30.84914 97.36156 31.12938 curveto
97.08131 31.40962 96.70125 31.56711 96.30489 31.56711 curveto closepath fill
newpath 109.58878 59.7757 moveto
109.58878 60.93468 109.5383 62.09335 109.43736 63.24777 curveto
109.33643 64.4025 109.18501 65.55235 108.98375 66.69371 curveto
108.78217 67.83658 108.53073 68.97002 108.23035 70.09099 curveto
107.93027 71.21045 107.58154 72.31653 107.18507 73.40558 curveto
106.78862 74.49493 106.34503 75.56636 105.85522 76.61679 curveto
105.36543 77.66724 104.83002 78.69609 104.25053 79.6997 curveto
103.67014 80.70454 103.04625 81.68384 102.38072 82.63426 curveto
101.7161 83.58376 101.01013 84.50407 100.26524 85.39185 curveto
99.52005 86.27994 98.73656 87.13458 97.91687 87.95425 curveto
97.0972 88.77394 96.24255 89.55743 95.35446 90.30263 curveto
94.46669 91.04752 93.54637 91.75348 92.59688 92.4181 curveto
91.64645 93.08363 90.66716 93.70752 89.66232 94.28792 curveto
88.6587 94.8674 87.62985 95.40282 86.5794 95.89261 curveto
85.52898 96.38242 84.45755 96.826 83.3682 97.22246 curveto
82.27914 97.61893 81.17307 97.96765 80.0536 98.26773 curveto
78.93263 98.56812 77.7992 98.81955 76.65633 99.02113 curveto
75.51497 99.2224 74.36511 99.37381 73.21039 99.47475 curveto
72.05597 99.57568 70.8973 99.62616 69.73831 99.62616 curveto
68.57933 99.62616 67.42065 99.57568 66.26624 99.47475 curveto
65.11151 99.37381 63.96165 99.2224 62.8203 99.02113 curveto
61.67743 98.81955 60.54399 98.56812 59.42302 98.26773 curveto
58.30356 97.96765 57.19748 97.61893 56.10843 97.22246 curveto
55.01907 96.826 53.94765 96.38242 52.89722 95.89261 curveto
51.84677 95.40282 50.81792 94.8674 49.8143 94.28792 curveto
48.80946 93.70752 47.83017 93.08363 46.87975 92.4181 curveto
45.93025 91.75348 45.00993 91.04752 44.12216 90.30263 curveto
43.23407 89.55743 42.37943 88.77394 41.55975 87.95425 curveto
40.74007 87.13458 39.95657 86.27994 39.21138 85.39185 curveto
38.46649 84.50407 37.76053 83.58376 37.0959 82.63426 curveto
36.43037 81.68384 35.80649 80.70454 35.22609 79.6997 curveto
34.6466 78.69609 34.11119 77.66724 33.6214 76.61679 curveto
33.13159 75.56636 32.688 74.49493 32.29155 73.40558 curveto
31.89508 72.31653 31.54636 71.21045 31.24628 70.09099 curveto
30.94589 68.97002 30.69446 67.83658 30.49287 66.69371 curveto
30.29161 65.55235 30.1402 64.4025 30.03926 63.24777 curveto
29.93832 62.09335 29.88785 60.93468 29.88785 59.7757 curveto
29.88785 58.61671 29.93832 57.45804 30.03926 56.30362 curveto
30.1402 55.1489 30.29161 53.99904 30.49287 52.85768 curveto
30.69446 51.71481 30.94589 50.58138 31.24628 49.4604 curveto
31.54636 48.34094 31.89508 47.23486 32.29155 46.14581 curveto
32.688 45.05646 33.13159 43.98503 33.6214 42.9346 curveto
34.11119 41.88416 34.6466 40.8553 35.22609 39.85168 curveto
35.80649 38.84685 36.43037 37.86755 37.0959 36.91713 curveto
37.76053 35.96764 38.46649 35.04732 39.21138 34.15955 curveto
39.95657 33.27145 40.74007 32.41681 41.55975 31.59714 curveto
42.37943 30.77745 43.23407 29.99396 44.12216 29.24876 curveto
45.00993 28.50388 45.93025 27.79791 46.87975 27.13329 curveto
47.83017 26.46776 48.80946 25.84387 49.8143 25.26347 curveto
50.81792 24.68399 51.84677 24.14857 52.89722 23.65878 curveto
53.94765 23.16898 55.01907 22.72539 56.10843 22.32893 curveto
57.19748 21.93246 58.30356 21.58374 59.42302 21.28366 curveto
60.54399 20.98328 61.67743 20.73184 62.8203 20.53026 curveto
63.96165 20.329 65.11151 20.17758 66.26624 20.07664 curveto
67.42065 19.97571 68.57933 19.92523 69.73831 19.92523 curveto
70.8973 19.92523 72.05597 19.97571 73.21039 20.07664 curveto
74.36511 20.17758 75.51497 20.329 76.65633 20.53026 curveto
77.7992 20.73184 78.93263 20.98328 80.0536 21.28366 curveto
81.17307 21.58374 82.27914 21.93246 83.3682 22.32893 curveto
84.45755 22.72539 85.52898 23.16898 86.5794 23.65878 curveto
87.62985 24.14857 88.6587 24.68399 89.66232 25.26347 curveto
90.66716 25.84387 91.64645 26.46776 92.59688 27.13329 curveto
93.54637 27.79791 94.46669 28.50388 95.35446 29.24876 curveto
96.24255 29.99396 97.0972 30.77745 97.91687 31.59714 curveto
98.73656 32.41681 99.52005 33.27145 100.26524 34.15955 curveto
101.01013 35.04732 101.7161 35.96764 102.38072 36.91713 curveto
103.04625 37.86755 103.67014 38.84685 104.25053 39.85168 curveto
104.83002 40.8553 105.36543 41.88416 105.85522 42.9346 curveto
106.34503 43.98503 106.78862 45.05646 107.18507 46.14581 curveto
107.58154 47.23486 107.93027 48.34094 108.23035 49.4604 curveto
108.53073 50.58138 108.78217 51.71481 108.98375 52.85768 curveto
109.18501 53.99904 109.33643 55.1489 109.43736 56.30362 curveto
109.5383 57.45804 109.58878 58.61671 109.58878 59.7757 curveto stroke
 0 1.025 dtransform truncate idtransform setlinewidth pop
newpath 129.514 59.7757 moveto
129.51462 61.51508 129.3629 63.25111 129.06068 64.96405 curveto
128.75818 66.6782 128.30608 68.36285 127.71077 69.99857 curveto
127.11578 71.63306 126.37941 73.21252 125.50987 74.7187 curveto
124.63942 76.22581 123.63884 77.65385 122.5203 78.98735 curveto
121.40236 80.31995 120.17072 81.5525 118.83812 82.67075 curveto
117.50493 83.7896 116.07628 84.78957 114.56886 85.65971 curveto
113.06238 86.52956 111.48291 87.26624 109.84842 87.86122 curveto
108.21332 88.45653 106.52927 88.90802 104.81543 89.21022 curveto
103.10219 89.51244 101.36584 89.66354 99.62616 89.66354 curveto
97.88678 89.66354 96.15074 89.51213 94.4378 89.21022 curveto
92.72365 88.90802 91.0393 88.45653 89.4039 87.86122 curveto
87.7691 87.26624 86.18964 86.52956 84.68315 85.65971 curveto
83.17604 84.78957 81.74739 83.7896 80.4142 82.67075 curveto
79.0816 81.5525 77.84935 80.31995 76.73111 78.98735 curveto
75.61256 77.65416 74.61229 76.22581 73.74214 74.7187 curveto
72.8726 73.21252 72.13562 71.63306 71.54094 69.99857 curveto
70.94563 68.36285 70.49414 66.6782 70.19193 64.96405 curveto
69.89003 63.25111 69.73831 61.51508 69.73831 59.7757 curveto
69.73831 58.03632 69.89003 56.30028 70.19193 54.58734 curveto
70.49414 52.87318 70.94563 51.18854 71.54094 49.55283 curveto
72.13562 47.91833 72.8726 46.33887 73.74214 44.83269 curveto
74.61229 43.32558 75.61256 41.89723 76.73111 40.56404 curveto
77.84935 39.23145 79.0816 37.99889 80.4142 36.88065 curveto
81.74739 35.7618 83.17604 34.76183 84.68315 33.89168 curveto
86.18964 33.02184 87.7691 32.28516 89.4039 31.69017 curveto
91.0393 31.09486 92.72365 30.64337 94.4378 30.34117 curveto
96.15074 30.03926 97.88678 29.88785 99.62616 29.88785 curveto
101.36584 29.88785 103.10219 30.03896 104.81543 30.34117 curveto
106.52927 30.64337 108.21332 31.09486 109.84842 31.69017 curveto
111.48291 32.28516 113.06238 33.02184 114.56886 33.89168 curveto
116.07628 34.76183 117.50493 35.7618 118.83812 36.88065 curveto
120.17072 37.99889 121.40236 39.23145 122.5203 40.56404 curveto
123.63884 41.89754 124.63942 43.32558 125.50987 44.83269 curveto
126.37941 46.33887 127.11578 47.91833 127.71077 49.55283 curveto
128.30608 51.18854 128.75818 52.87318 129.06068 54.58734 curveto
129.3629 56.30028 129.51462 58.03632 129.514 59.7757 curveto stroke
showpage
%%EOF
