%!PS
%%BoundingBox: -1 -1 150 150 
%%HiResBoundingBox: -0.24907 -0.24907 149.68831 149.68831 
%%Creator: MetaPost 2.000
%%CreationDate: 2017.07.04:1542
%%Pages: 1
%%BeginProlog
%%EndProlog
%%Page: 1 1
 0 0 0 setrgbcolor 0 0.49814 dtransform truncate idtransform setlinewidth pop [] 0 setdash 1 setlinecap
 1 setlinejoin 10 setmiterlimit
newpath 0 74.71962 moveto
149.43924 74.71962 lineto stroke
newpath 144.45793 77.21028 moveto
145.63387 75.64236 147.47935 74.71962 149.43924 74.71962 curveto
147.47935 74.71962 145.63387 73.79688 144.45793 72.22896 curveto stroke
 0.49814 0 dtransform exch truncate exch idtransform pop setlinewidth
newpath 74.71962 0 moveto
74.71962 149.43924 lineto stroke
 0 0.49814 dtransform truncate idtransform setlinewidth pop
newpath 72.22896 144.45793 moveto
73.79688 145.63387 74.71962 147.47935 74.71962 149.43924 curveto
74.71962 147.47935 75.64236 145.63387 77.21028 144.45793 curveto stroke
 0.49814 0 dtransform exch truncate exch idtransform pop setlinewidth
newpath 14.94392 72.7271 moveto
14.94392 76.71214 lineto stroke
newpath 44.83177 72.7271 moveto
44.83177 76.71214 lineto stroke
newpath 104.60747 72.7271 moveto
104.60747 76.71214 lineto stroke
newpath 134.49532 72.7271 moveto
134.49532 76.71214 lineto stroke
 0 0.49814 dtransform truncate idtransform setlinewidth pop
newpath 76.71214 14.94392 moveto
72.7271 14.94392 lineto stroke
newpath 76.71214 44.83177 moveto
72.7271 44.83177 lineto stroke
newpath 76.71214 104.60747 moveto
72.7271 104.60747 lineto stroke
newpath 76.71214 134.49532 moveto
72.7271 134.49532 lineto stroke
 0 1.24533 dtransform truncate idtransform setlinewidth pop
newpath 74.71962 74.71962 moveto
74.75748 74.71962 74.79532 74.72281 74.83272 74.72943 curveto
74.94469 74.74904 75.05733 74.76659 75.16655 74.7983 curveto
75.34851 74.85143 75.52957 74.90843 75.70378 74.98344 curveto
75.94662 75.0881 76.18605 75.20145 76.41362 75.3362 curveto
76.7055 75.50905 76.98985 75.6942 77.25732 75.90308 curveto
77.58295 76.15732 77.89694 76.42708 78.18698 76.72124 curveto
78.52902 77.06805 78.85373 77.43222 79.14789 77.82054 curveto
79.48537 78.26588 79.79936 78.729 80.07619 79.21448 curveto
80.38835 79.76196 80.6711 80.32632 80.90962 80.90962 curveto
81.17459 81.55766 81.40352 82.2203 81.58206 82.89755 curveto
81.77817 83.64114 81.93208 84.39546 82.02968 85.15843 curveto
82.13594 85.9889 82.19432 86.82507 82.19159 87.66238 curveto
82.18861 88.56445 82.13298 89.46585 82.01259 90.35994 curveto
81.88351 91.31718 81.69836 92.26646 81.44571 93.19887 curveto
81.17686 94.19124 80.84943 95.16696 80.45357 96.116 curveto
80.034 97.1216 79.55446 98.10143 79.00743 99.04385 curveto
78.43188 100.03554 77.7966 100.99142 77.09679 101.89966 curveto
76.36278 102.8519 75.57152 103.75876 74.71962 104.60747 curveto
73.82986 105.4938 72.88652 106.3252 71.88867 107.08817 curveto
70.85025 107.88216 69.7637 108.61183 68.6304 109.26353 curveto
67.45357 109.94032 66.23567 110.54367 64.98062 111.0613 curveto
63.6843 111.59601 62.3558 112.04933 61.00089 112.41052 curveto
59.60376 112.7829 58.18452 113.06747 56.75093 113.25467 curveto
55.27696 113.44713 53.79205 113.54678 52.30556 113.54518 curveto
50.77937 113.54335 49.25479 113.44508 47.74184 113.24442 curveto
46.19583 113.03941 44.66394 112.73706 43.15784 112.33208 curveto
41.62094 111.91867 40.11186 111.40767 38.64177 110.79747 curveto
37.145 110.1761 35.68883 109.46033 34.28578 108.649 curveto
32.86063 107.82469 31.48973 106.90962 30.18428 105.90654 curveto
28.859 104.88817 27.60007 103.78635 26.41866 102.60403 curveto
25.22495 101.40918 24.10944 100.13838 23.08195 98.79782 curveto
22.04443 97.44426 21.09561 96.02502 20.24348 94.54787 curveto
19.38474 93.05931 18.6229 91.51648 17.96573 89.92874 curveto
17.30377 88.32982 16.74625 86.68962 16.2984 85.01796 curveto
15.84941 83.34198 15.51035 81.63817 15.28413 79.91794 curveto
15.05748 78.1945 14.94392 76.45787 14.94392 74.71962 curveto
14.94392 72.98137 15.05748 71.24474 15.28413 69.5213 curveto
15.51035 67.80107 15.84941 66.09726 16.2984 64.42128 curveto
16.74625 62.74962 17.30377 61.10942 17.96573 59.5105 curveto
18.6229 57.92276 19.38474 56.37993 20.24348 54.89137 curveto
21.09561 53.41422 22.04443 51.99498 23.08195 50.64142 curveto
24.10944 49.30086 25.22495 48.03006 26.41866 46.8352 curveto
27.60007 45.6529 28.859 44.55107 30.18428 43.5327 curveto
31.48973 42.52962 32.86063 41.61455 34.28578 40.79024 curveto
35.68883 39.97891 37.145 39.26314 38.64177 38.64177 curveto
40.11186 38.03157 41.62094 37.52057 43.15784 37.10716 curveto
44.66394 36.70218 46.19583 36.39983 47.74184 36.19482 curveto
49.25479 35.99416 50.77937 35.89589 52.30556 35.89406 curveto
53.79205 35.89246 55.27696 35.99211 56.75093 36.18457 curveto
58.18452 36.37177 59.60376 36.65634 61.00089 37.02872 curveto
62.3558 37.38991 63.6843 37.84323 64.98062 38.37794 curveto
66.23567 38.89557 67.45357 39.49892 68.6304 40.1757 curveto
69.7637 40.82741 70.85025 41.55708 71.88867 42.35107 curveto
72.88652 43.11404 73.82986 43.94543 74.71962 44.83177 curveto
75.57152 45.68048 76.36278 46.58734 77.09679 47.53958 curveto
77.7966 48.44781 78.43188 49.4037 79.00743 50.39539 curveto
79.55446 51.33781 80.034 52.31764 80.45357 53.32324 curveto
80.84943 54.27228 81.17686 55.248 81.44571 56.24037 curveto
81.69836 57.17278 81.88351 58.12206 82.01259 59.0793 curveto
82.13298 59.97339 82.18861 60.87479 82.19159 61.77686 curveto
82.19432 62.61417 82.13594 63.45033 82.02968 64.2808 curveto
81.93208 65.04378 81.77817 65.7981 81.58206 66.54169 curveto
81.40352 67.21893 81.17459 67.88158 80.90962 68.52962 curveto
80.6711 69.11292 80.38835 69.67728 80.07619 70.22476 curveto
79.79936 70.71024 79.48537 71.17336 79.14789 71.6187 curveto
78.85373 72.00702 78.52902 72.37119 78.18698 72.718 curveto
77.89694 73.01216 77.58295 73.28192 77.25732 73.53616 curveto
76.98985 73.74504 76.7055 73.93019 76.41362 74.10304 curveto
76.18605 74.2378 75.94662 74.35114 75.70378 74.4558 curveto
75.52957 74.5308 75.34851 74.58781 75.16655 74.64095 curveto
75.05733 74.67265 74.94469 74.6902 74.83272 74.70981 curveto
74.79532 74.71643 74.75748 74.71962 74.71962 74.71962 curveto stroke
showpage
%%EOF
