%!PS
%%BoundingBox: -1 -1 150 150 
%%HiResBoundingBox: -0.24907 -0.24907 149.68831 149.68831 
%%Creator: MetaPost 2.000
%%CreationDate: 2017.07.04:1542
%%Pages: 1
%%BeginProlog
%%EndProlog
%%Page: 1 1
 0 0 0 setrgbcolor 0 0.49814 dtransform truncate idtransform setlinewidth pop [] 0 setdash 1 setlinecap
 1 setlinejoin 10 setmiterlimit
newpath 0 74.71962 moveto
149.43924 74.71962 lineto stroke
newpath 144.45793 77.21028 moveto
145.63387 75.64236 147.47935 74.71962 149.43924 74.71962 curveto
147.47935 74.71962 145.63387 73.79688 144.45793 72.22896 curveto stroke
 0.49814 0 dtransform exch truncate exch idtransform pop setlinewidth
newpath 74.71962 0 moveto
74.71962 149.43924 lineto stroke
 0 0.49814 dtransform truncate idtransform setlinewidth pop
newpath 72.22896 144.45793 moveto
73.79688 145.63387 74.71962 147.47935 74.71962 149.43924 curveto
74.71962 147.47935 75.64236 145.63387 77.21028 144.45793 curveto stroke
 0.49814 0 dtransform exch truncate exch idtransform pop setlinewidth
newpath 14.94392 72.7271 moveto
14.94392 76.71214 lineto stroke
newpath 134.49532 72.7271 moveto
134.49532 76.71214 lineto stroke
 0 0.49814 dtransform truncate idtransform setlinewidth pop
newpath 76.71214 14.94392 moveto
72.7271 14.94392 lineto stroke
newpath 76.71214 134.49532 moveto
72.7271 134.49532 lineto stroke
 0 1.24533 dtransform truncate idtransform setlinewidth pop
newpath 74.71962 74.71962 moveto
83.03893 74.71962 91.3425 75.4461 99.53548 76.89088 curveto
102.9675 77.49606 106.0942 79.11916 109.14656 80.79059 curveto
111.50937 82.08464 113.61815 83.7816 115.54816 85.65964 curveto
117.2009 87.26744 118.58342 89.12585 119.75456 91.11151 curveto
120.80804 92.89787 121.58585 94.82993 122.13539 96.82927 curveto
122.64616 98.687 122.88582 100.60698 122.89449 102.53334 curveto
122.9027 104.36417 122.65437 106.18587 122.18555 107.95558 curveto
121.73155 109.66965 121.04587 111.31303 120.16159 112.8497 curveto
119.29076 114.36288 118.222 115.75293 116.98747 116.98747 curveto
115.75293 118.222 114.36288 119.29076 112.8497 120.16159 curveto
111.31303 121.04587 109.66965 121.73155 107.95558 122.18555 curveto
106.18587 122.65437 104.36417 122.9027 102.53334 122.89449 curveto
100.60698 122.88582 98.687 122.64616 96.82927 122.13539 curveto
94.82993 121.58585 92.89787 120.80804 91.11151 119.75456 curveto
89.12585 118.58342 87.26744 117.2009 85.65964 115.54816 curveto
83.7816 113.61815 82.08464 111.50937 80.79059 109.14656 curveto
79.11916 106.0942 77.49606 102.9675 76.89088 99.53548 curveto
75.4461 91.3425 74.71962 83.03893 74.71962 74.71962 curveto stroke
newpath 74.71962 74.71962 moveto
66.40031 74.71962 58.09674 73.99313 49.90376 72.54836 curveto
46.47174 71.94318 43.34505 70.32008 40.29268 68.64865 curveto
37.92987 67.3546 35.82109 65.65764 33.89108 63.7796 curveto
32.23834 62.1718 30.85582 60.31339 29.68468 58.32773 curveto
28.6312 56.54137 27.8534 54.60931 27.30385 52.60997 curveto
26.79308 50.75224 26.55342 48.83226 26.54475 46.9059 curveto
26.53654 45.07507 26.78487 43.25337 27.2537 41.48366 curveto
27.70769 39.76959 28.39337 38.1262 29.27765 36.58954 curveto
30.14848 35.07635 31.21724 33.68631 32.45177 32.45177 curveto
33.68631 31.21724 35.07635 30.14848 36.58954 29.27765 curveto
38.1262 28.39337 39.76959 27.70769 41.48366 27.2537 curveto
43.25337 26.78487 45.07507 26.53654 46.9059 26.54475 curveto
48.83226 26.55342 50.75224 26.79308 52.60997 27.30385 curveto
54.60931 27.8534 56.54137 28.6312 58.32773 29.68468 curveto
60.31339 30.85582 62.1718 32.23834 63.7796 33.89108 curveto
65.65764 35.82109 67.3546 37.92987 68.64865 40.29268 curveto
70.32008 43.34505 71.94318 46.47174 72.54836 49.90376 curveto
73.99313 58.09674 74.71962 66.40031 74.71962 74.71962 curveto stroke
newpath 116.98108 74.71962 moveto
116.98131 75.94891 116.92772 77.17729 116.82056 78.40178 curveto
116.71338 79.62628 116.55284 80.84555 116.33942 82.05614 curveto
116.12552 83.2681 115.85896 84.47025 115.5404 85.65895 curveto
115.22232 86.84628 114.85246 88.01924 114.43198 89.1742 curveto
114.01149 90.32938 113.54108 91.46541 113.02164 92.57954 curveto
112.5022 93.69368 111.93463 94.78456 111.31987 95.84898 curveto
110.70444 96.91478 110.0427 97.95297 109.33696 98.96109 curveto
108.6319 99.96805 107.88351 100.94377 107.09341 101.88551 curveto
106.3033 102.82727 105.47214 103.73367 104.6029 104.6029 curveto
103.73367 105.47214 102.82727 106.3033 101.88551 107.09341 curveto
100.94377 107.88351 99.96805 108.6319 98.96109 109.33696 curveto
97.95297 110.0427 96.91478 110.70444 95.84898 111.31987 curveto
94.78456 111.93463 93.69368 112.5022 92.57954 113.02164 curveto
91.46541 113.54108 90.32938 114.01149 89.1742 114.43198 curveto
88.01924 114.85246 86.84628 115.22232 85.65895 115.5404 curveto
84.47025 115.85896 83.2681 116.12552 82.05614 116.33942 curveto
80.84555 116.55284 79.62628 116.71338 78.40178 116.82056 curveto
77.17729 116.92772 75.94891 116.98108 74.71962 116.98108 curveto
73.49033 116.98108 72.26195 116.92772 71.03746 116.82056 curveto
69.81296 116.71338 68.59369 116.55284 67.3831 116.33942 curveto
66.17114 116.12552 64.969 115.85896 63.78029 115.5404 curveto
62.59296 115.22232 61.42 114.85246 60.26505 114.43198 curveto
59.10986 114.01149 57.97383 113.54108 56.8597 113.02164 curveto
55.74556 112.5022 54.65468 111.93463 53.59026 111.31987 curveto
52.52446 110.70444 51.48627 110.0427 50.47815 109.33696 curveto
49.47119 108.6319 48.49547 107.88351 47.55373 107.09341 curveto
46.61197 106.3033 45.70557 105.47214 44.83633 104.6029 curveto
43.9671 103.73367 43.13594 102.82727 42.34583 101.88551 curveto
41.55573 100.94377 40.80734 99.96805 40.10228 98.96109 curveto
39.39655 97.95297 38.7348 96.91478 38.11937 95.84898 curveto
37.50461 94.78456 36.93704 93.69368 36.4176 92.57954 curveto
35.89816 91.46541 35.42775 90.32938 35.00726 89.1742 curveto
34.58678 88.01924 34.21692 86.84628 33.89883 85.65895 curveto
33.58028 84.47025 33.31372 83.2681 33.09982 82.05614 curveto
32.8864 80.84555 32.72586 79.62628 32.61868 78.40178 curveto
32.51152 77.17729 32.45816 75.94891 32.45816 74.71962 curveto
32.45816 73.49033 32.51152 72.26195 32.61868 71.03746 curveto
32.72586 69.81296 32.8864 68.59369 33.09982 67.3831 curveto
33.31372 66.17114 33.58028 64.969 33.89883 63.78029 curveto
34.21692 62.59296 34.58678 61.42 35.00726 60.26505 curveto
35.42775 59.10986 35.89816 57.97383 36.4176 56.8597 curveto
36.93704 55.74556 37.50461 54.65468 38.11937 53.59026 curveto
38.7348 52.52446 39.39655 51.48627 40.10228 50.47815 curveto
40.80734 49.47119 41.55573 48.49547 42.34583 47.55373 curveto
43.13594 46.61197 43.9671 45.70557 44.83633 44.83633 curveto
45.70557 43.9671 46.61197 43.13594 47.55373 42.34583 curveto
48.49547 41.55573 49.47119 40.80734 50.47815 40.10228 curveto
51.48627 39.39655 52.52446 38.7348 53.59026 38.11937 curveto
54.65468 37.50461 55.74556 36.93704 56.8597 36.4176 curveto
57.97383 35.89816 59.10986 35.42775 60.26505 35.00726 curveto
61.42 34.58678 62.59296 34.21692 63.78029 33.89883 curveto
64.969 33.58028 66.17114 33.31372 67.3831 33.09982 curveto
68.59369 32.8864 69.81296 32.72586 71.03746 32.61868 curveto
72.26195 32.51152 73.49033 32.45816 74.71962 32.45816 curveto
75.94891 32.45816 77.17729 32.51152 78.40178 32.61868 curveto
79.62628 32.72586 80.84555 32.8864 82.05614 33.09982 curveto
83.2681 33.31372 84.47025 33.58028 85.65895 33.89883 curveto
86.84628 34.21692 88.01924 34.58678 89.1742 35.00726 curveto
90.32938 35.42775 91.46541 35.89816 92.57954 36.4176 curveto
93.69368 36.93704 94.78456 37.50461 95.84898 38.11937 curveto
96.91478 38.7348 97.95297 39.39655 98.96109 40.10228 curveto
99.96805 40.80734 100.94377 41.55573 101.88551 42.34583 curveto
102.82727 43.13594 103.73367 43.9671 104.6029 44.83633 curveto
105.47214 45.70557 106.3033 46.61197 107.09341 47.55373 curveto
107.88351 48.49547 108.6319 49.47119 109.33696 50.47815 curveto
110.0427 51.48627 110.70444 52.52446 111.31987 53.59026 curveto
111.93463 54.65468 112.5022 55.74556 113.02164 56.8597 curveto
113.54108 57.97383 114.01149 59.10986 114.43198 60.26505 curveto
114.85246 61.42 115.22232 62.59296 115.5404 63.78029 curveto
115.85896 64.969 116.12552 66.17114 116.33942 67.3831 curveto
116.55284 68.59369 116.71338 69.81296 116.82056 71.03746 curveto
116.92772 72.26195 116.98131 73.49033 116.98108 74.71962 curveto stroke
showpage
%%EOF
