%!PS
%%BoundingBox: -1 56 200 115 
%%HiResBoundingBox: -0.24907 56.2388 199.50139 114.77312 
%%Creator: MetaPost 2.000
%%CreationDate: 2017.07.04:1542
%%Pages: 1
%%BeginProlog
%%EndProlog
%%Page: 1 1
 0 0 0 setrgbcolor 0.49814 0 dtransform exch truncate exch idtransform pop setlinewidth [] 0 setdash
 1 setlinecap 1 setlinejoin 10 setmiterlimit
newpath 59.7757 97.63364 moveto
59.7757 101.61868 lineto stroke
newpath 79.70093 97.63364 moveto
79.70093 101.61868 lineto stroke
newpath 119.55139 97.63364 moveto
119.55139 101.61868 lineto stroke
newpath 139.47662 97.63364 moveto
139.47662 101.61868 lineto stroke
newpath 159.40186 97.63364 moveto
159.40186 101.61868 lineto stroke
newpath 179.32709 97.63364 moveto
179.32709 101.61868 lineto stroke
newpath 99.87523 99.62616 moveto
99.87523 99.69221 99.84898 99.75557 99.80228 99.80228 curveto
99.75557 99.84898 99.69221 99.87523 99.62616 99.87523 curveto
99.5601 99.87523 99.49675 99.84898 99.45004 99.80228 curveto
99.40334 99.75557 99.37709 99.69221 99.37709 99.62616 curveto
99.37709 99.5601 99.40334 99.49675 99.45004 99.45004 curveto
99.49675 99.40334 99.5601 99.37709 99.62616 99.37709 curveto
99.69221 99.37709 99.75557 99.40334 99.80228 99.45004 curveto
99.84898 99.49675 99.87523 99.5601 99.87523 99.62616 curveto closepath fill
newpath 96.85614 99.62616 moveto
96.85614 99.69221 96.8299 99.75557 96.78319 99.80228 curveto
96.73648 99.84898 96.67313 99.87523 96.60707 99.87523 curveto
96.54102 99.87523 96.47766 99.84898 96.43095 99.80228 curveto
96.38425 99.75557 96.358 99.69221 96.358 99.62616 curveto
96.358 99.5601 96.38425 99.49675 96.43095 99.45004 curveto
96.47766 99.40334 96.54102 99.37709 96.60707 99.37709 curveto
96.67313 99.37709 96.73648 99.40334 96.78319 99.45004 curveto
96.8299 99.49675 96.85614 99.5601 96.85614 99.62616 curveto closepath fill
newpath 93.8371 99.62616 moveto
93.8371 99.69221 93.81085 99.75557 93.76414 99.80228 curveto
93.71744 99.84898 93.65408 99.87523 93.58803 99.87523 curveto
93.52197 99.87523 93.45862 99.84898 93.41191 99.80228 curveto
93.3652 99.75557 93.33896 99.69221 93.33896 99.62616 curveto
93.33896 99.5601 93.3652 99.49675 93.41191 99.45004 curveto
93.45862 99.40334 93.52197 99.37709 93.58803 99.37709 curveto
93.65408 99.37709 93.71744 99.40334 93.76414 99.45004 curveto
93.81085 99.49675 93.8371 99.5601 93.8371 99.62616 curveto closepath fill
newpath 90.81801 99.62616 moveto
90.81801 99.69221 90.79176 99.75557 90.74506 99.80228 curveto
90.69835 99.84898 90.635 99.87523 90.56894 99.87523 curveto
90.50288 99.87523 90.43953 99.84898 90.39282 99.80228 curveto
90.34612 99.75557 90.31987 99.69221 90.31987 99.62616 curveto
90.31987 99.5601 90.34612 99.49675 90.39282 99.45004 curveto
90.43953 99.40334 90.50288 99.37709 90.56894 99.37709 curveto
90.635 99.37709 90.69835 99.40334 90.74506 99.45004 curveto
90.79176 99.49675 90.81801 99.5601 90.81801 99.62616 curveto closepath fill
newpath 87.79893 99.62616 moveto
87.79893 99.69221 87.77269 99.75557 87.72598 99.80228 curveto
87.67928 99.84898 87.61592 99.87523 87.54987 99.87523 curveto
87.48381 99.87523 87.42046 99.84898 87.37375 99.80228 curveto
87.32704 99.75557 87.3008 99.69221 87.3008 99.62616 curveto
87.3008 99.5601 87.32704 99.49675 87.37375 99.45004 curveto
87.42046 99.40334 87.48381 99.37709 87.54987 99.37709 curveto
87.61592 99.37709 87.67928 99.40334 87.72598 99.45004 curveto
87.77269 99.49675 87.79893 99.5601 87.79893 99.62616 curveto closepath fill
newpath 84.77986 99.62616 moveto
84.77986 99.69221 84.75362 99.75557 84.70691 99.80228 curveto
84.6602 99.84898 84.59685 99.87523 84.53079 99.87523 curveto
84.46474 99.87523 84.40138 99.84898 84.35468 99.80228 curveto
84.30797 99.75557 84.28172 99.69221 84.28172 99.62616 curveto
84.28172 99.5601 84.30797 99.49675 84.35468 99.45004 curveto
84.40138 99.40334 84.46474 99.37709 84.53079 99.37709 curveto
84.59685 99.37709 84.6602 99.40334 84.70691 99.45004 curveto
84.75362 99.49675 84.77986 99.5601 84.77986 99.62616 curveto closepath fill
newpath 81.7608 99.62616 moveto
81.7608 99.69221 81.73456 99.75557 81.68785 99.80228 curveto
81.64114 99.84898 81.57779 99.87523 81.51173 99.87523 curveto
81.44568 99.87523 81.38232 99.84898 81.33562 99.80228 curveto
81.28891 99.75557 81.26266 99.69221 81.26266 99.62616 curveto
81.26266 99.5601 81.28891 99.49675 81.33562 99.45004 curveto
81.38232 99.40334 81.44568 99.37709 81.51173 99.37709 curveto
81.57779 99.37709 81.64114 99.40334 81.68785 99.45004 curveto
81.73456 99.49675 81.7608 99.5601 81.7608 99.62616 curveto closepath fill
newpath 78.74173 99.62616 moveto
78.74173 99.69221 78.71548 99.75557 78.66878 99.80228 curveto
78.62207 99.84898 78.55872 99.87523 78.49266 99.87523 curveto
78.4266 99.87523 78.36325 99.84898 78.31654 99.80228 curveto
78.26984 99.75557 78.24359 99.69221 78.24359 99.62616 curveto
78.24359 99.5601 78.26984 99.49675 78.31654 99.45004 curveto
78.36325 99.40334 78.4266 99.37709 78.49266 99.37709 curveto
78.55872 99.37709 78.62207 99.40334 78.66878 99.45004 curveto
78.71548 99.49675 78.74173 99.5601 78.74173 99.62616 curveto closepath fill
newpath 75.72267 99.62616 moveto
75.72267 99.69221 75.69643 99.75557 75.64972 99.80228 curveto
75.60301 99.84898 75.53966 99.87523 75.4736 99.87523 curveto
75.40755 99.87523 75.3442 99.84898 75.29749 99.80228 curveto
75.25078 99.75557 75.22453 99.69221 75.22453 99.62616 curveto
75.22453 99.5601 75.25078 99.49675 75.29749 99.45004 curveto
75.3442 99.40334 75.40755 99.37709 75.4736 99.37709 curveto
75.53966 99.37709 75.60301 99.40334 75.64972 99.45004 curveto
75.69643 99.49675 75.72267 99.5601 75.72267 99.62616 curveto closepath fill
newpath 72.70361 99.62616 moveto
72.70361 99.69221 72.67737 99.75557 72.63066 99.80228 curveto
72.58395 99.84898 72.5206 99.87523 72.45454 99.87523 curveto
72.38849 99.87523 72.32513 99.84898 72.27843 99.80228 curveto
72.23172 99.75557 72.20547 99.69221 72.20547 99.62616 curveto
72.20547 99.5601 72.23172 99.49675 72.27843 99.45004 curveto
72.32513 99.40334 72.38849 99.37709 72.45454 99.37709 curveto
72.5206 99.37709 72.58395 99.40334 72.63066 99.45004 curveto
72.67737 99.49675 72.70361 99.5601 72.70361 99.62616 curveto closepath fill
newpath 69.68454 99.62616 moveto
69.68454 99.69221 69.6583 99.75557 69.61159 99.80228 curveto
69.56488 99.84898 69.50153 99.87523 69.43547 99.87523 curveto
69.36942 99.87523 69.30606 99.84898 69.25935 99.80228 curveto
69.21265 99.75557 69.1864 99.69221 69.1864 99.62616 curveto
69.1864 99.5601 69.21265 99.49675 69.25935 99.45004 curveto
69.30606 99.40334 69.36942 99.37709 69.43547 99.37709 curveto
69.50153 99.37709 69.56488 99.40334 69.61159 99.45004 curveto
69.6583 99.49675 69.68454 99.5601 69.68454 99.62616 curveto closepath fill
newpath 66.66548 99.62616 moveto
66.66548 99.69221 66.63924 99.75557 66.59253 99.80228 curveto
66.54582 99.84898 66.48247 99.87523 66.41641 99.87523 curveto
66.35036 99.87523 66.287 99.84898 66.2403 99.80228 curveto
66.19359 99.75557 66.16734 99.69221 66.16734 99.62616 curveto
66.16734 99.5601 66.19359 99.49675 66.2403 99.45004 curveto
66.287 99.40334 66.35036 99.37709 66.41641 99.37709 curveto
66.48247 99.37709 66.54582 99.40334 66.59253 99.45004 curveto
66.63924 99.49675 66.66548 99.5601 66.66548 99.62616 curveto closepath fill
newpath 63.64641 99.62616 moveto
63.64641 99.69221 63.62016 99.75557 63.57346 99.80228 curveto
63.52675 99.84898 63.4634 99.87523 63.39734 99.87523 curveto
63.33128 99.87523 63.26793 99.84898 63.22122 99.80228 curveto
63.17451 99.75557 63.14827 99.69221 63.14827 99.62616 curveto
63.14827 99.5601 63.17451 99.49675 63.22122 99.45004 curveto
63.26793 99.40334 63.33128 99.37709 63.39734 99.37709 curveto
63.4634 99.37709 63.52675 99.40334 63.57346 99.45004 curveto
63.62016 99.49675 63.64641 99.5601 63.64641 99.62616 curveto closepath fill
newpath 60.62735 99.62616 moveto
60.62735 99.69221 60.6011 99.75557 60.5544 99.80228 curveto
60.50769 99.84898 60.44434 99.87523 60.37828 99.87523 curveto
60.31223 99.87523 60.24887 99.84898 60.20216 99.80228 curveto
60.15546 99.75557 60.12921 99.69221 60.12921 99.62616 curveto
60.12921 99.5601 60.15546 99.49675 60.20216 99.45004 curveto
60.24887 99.40334 60.31223 99.37709 60.37828 99.37709 curveto
60.44434 99.37709 60.50769 99.40334 60.5544 99.45004 curveto
60.6011 99.49675 60.62735 99.5601 60.62735 99.62616 curveto closepath fill
newpath 57.6098 99.62616 moveto
57.6098 99.69221 57.58356 99.75557 57.53685 99.80228 curveto
57.49014 99.84898 57.42679 99.87523 57.36073 99.87523 curveto
57.29468 99.87523 57.23132 99.84898 57.18462 99.80228 curveto
57.13791 99.75557 57.11166 99.69221 57.11166 99.62616 curveto
57.11166 99.5601 57.13791 99.49675 57.18462 99.45004 curveto
57.23132 99.40334 57.29468 99.37709 57.36073 99.37709 curveto
57.42679 99.37709 57.49014 99.40334 57.53685 99.45004 curveto
57.58356 99.49675 57.6098 99.5601 57.6098 99.62616 curveto closepath fill
newpath 54.59074 99.62616 moveto
54.59074 99.69221 54.5645 99.75557 54.51779 99.80228 curveto
54.47108 99.84898 54.40773 99.87523 54.34167 99.87523 curveto
54.27562 99.87523 54.21227 99.84898 54.16556 99.80228 curveto
54.11885 99.75557 54.0926 99.69221 54.0926 99.62616 curveto
54.0926 99.5601 54.11885 99.49675 54.16556 99.45004 curveto
54.21227 99.40334 54.27562 99.37709 54.34167 99.37709 curveto
54.40773 99.37709 54.47108 99.40334 54.51779 99.45004 curveto
54.5645 99.49675 54.59074 99.5601 54.59074 99.62616 curveto closepath fill
newpath 51.57169 99.62616 moveto
51.57169 99.69221 51.54544 99.75557 51.49873 99.80228 curveto
51.45203 99.84898 51.38867 99.87523 51.32262 99.87523 curveto
51.25656 99.87523 51.1932 99.84898 51.1465 99.80228 curveto
51.0998 99.75557 51.07355 99.69221 51.07355 99.62616 curveto
51.07355 99.5601 51.0998 99.49675 51.1465 99.45004 curveto
51.1932 99.40334 51.25656 99.37709 51.32262 99.37709 curveto
51.38867 99.37709 51.45203 99.40334 51.49873 99.45004 curveto
51.54544 99.49675 51.57169 99.5601 51.57169 99.62616 curveto closepath fill
newpath 48.55261 99.62616 moveto
48.55261 99.69221 48.52637 99.75557 48.47966 99.80228 curveto
48.43295 99.84898 48.3696 99.87523 48.30354 99.87523 curveto
48.23749 99.87523 48.17413 99.84898 48.12743 99.80228 curveto
48.08072 99.75557 48.05447 99.69221 48.05447 99.62616 curveto
48.05447 99.5601 48.08072 99.49675 48.12743 99.45004 curveto
48.17413 99.40334 48.23749 99.37709 48.30354 99.37709 curveto
48.3696 99.37709 48.43295 99.40334 48.47966 99.45004 curveto
48.52637 99.49675 48.55261 99.5601 48.55261 99.62616 curveto closepath fill
newpath 45.53355 99.62616 moveto
45.53355 99.69221 45.50731 99.75557 45.4606 99.80228 curveto
45.4139 99.84898 45.35054 99.87523 45.28448 99.87523 curveto
45.21843 99.87523 45.15508 99.84898 45.10837 99.80228 curveto
45.06166 99.75557 45.03542 99.69221 45.03542 99.62616 curveto
45.03542 99.5601 45.06166 99.49675 45.10837 99.45004 curveto
45.15508 99.40334 45.21843 99.37709 45.28448 99.37709 curveto
45.35054 99.37709 45.4139 99.40334 45.4606 99.45004 curveto
45.50731 99.49675 45.53355 99.5601 45.53355 99.62616 curveto closepath fill
newpath 42.5145 99.62616 moveto
42.5145 99.69221 42.48825 99.75557 42.44154 99.80228 curveto
42.39484 99.84898 42.33148 99.87523 42.26543 99.87523 curveto
42.19937 99.87523 42.13602 99.84898 42.08931 99.80228 curveto
42.0426 99.75557 42.01636 99.69221 42.01636 99.62616 curveto
42.01636 99.5601 42.0426 99.49675 42.08931 99.45004 curveto
42.13602 99.40334 42.19937 99.37709 42.26543 99.37709 curveto
42.33148 99.37709 42.39484 99.40334 42.44154 99.45004 curveto
42.48825 99.49675 42.5145 99.5601 42.5145 99.62616 curveto closepath fill
newpath 39.49542 99.62616 moveto
39.49542 99.69221 39.46918 99.75557 39.42247 99.80228 curveto
39.37576 99.84898 39.31241 99.87523 39.24635 99.87523 curveto
39.1803 99.87523 39.11694 99.84898 39.07024 99.80228 curveto
39.02353 99.75557 38.99728 99.69221 38.99728 99.62616 curveto
38.99728 99.5601 39.02353 99.49675 39.07024 99.45004 curveto
39.11694 99.40334 39.1803 99.37709 39.24635 99.37709 curveto
39.31241 99.37709 39.37576 99.40334 39.42247 99.45004 curveto
39.46918 99.49675 39.49542 99.5601 39.49542 99.62616 curveto closepath fill
newpath 36.47636 99.62616 moveto
36.47636 99.69221 36.45012 99.75557 36.40341 99.80228 curveto
36.3567 99.84898 36.29335 99.87523 36.2273 99.87523 curveto
36.16124 99.87523 36.09789 99.84898 36.05118 99.80228 curveto
36.00447 99.75557 35.97823 99.69221 35.97823 99.62616 curveto
35.97823 99.5601 36.00447 99.49675 36.05118 99.45004 curveto
36.09789 99.40334 36.16124 99.37709 36.2273 99.37709 curveto
36.29335 99.37709 36.3567 99.40334 36.40341 99.45004 curveto
36.45012 99.49675 36.47636 99.5601 36.47636 99.62616 curveto closepath fill
newpath 33.4573 99.62616 moveto
33.4573 99.69221 33.43106 99.75557 33.38435 99.80228 curveto
33.33765 99.84898 33.27429 99.87523 33.20824 99.87523 curveto
33.14218 99.87523 33.07883 99.84898 33.03212 99.80228 curveto
32.98541 99.75557 32.95917 99.69221 32.95917 99.62616 curveto
32.95917 99.5601 32.98541 99.49675 33.03212 99.45004 curveto
33.07883 99.40334 33.14218 99.37709 33.20824 99.37709 curveto
33.27429 99.37709 33.33765 99.40334 33.38435 99.45004 curveto
33.43106 99.49675 33.4573 99.5601 33.4573 99.62616 curveto closepath fill
newpath 30.43823 99.62616 moveto
30.43823 99.69221 30.41199 99.75557 30.36528 99.80228 curveto
30.31857 99.84898 30.25522 99.87523 30.18916 99.87523 curveto
30.12311 99.87523 30.05975 99.84898 30.01305 99.80228 curveto
29.96634 99.75557 29.9401 99.69221 29.9401 99.62616 curveto
29.9401 99.5601 29.96634 99.49675 30.01305 99.45004 curveto
30.05975 99.40334 30.12311 99.37709 30.18916 99.37709 curveto
30.25522 99.37709 30.31857 99.40334 30.36528 99.45004 curveto
30.41199 99.49675 30.43823 99.5601 30.43823 99.62616 curveto closepath fill
newpath 27.41917 99.62616 moveto
27.41917 99.69221 27.39293 99.75557 27.34622 99.80228 curveto
27.29951 99.84898 27.23616 99.87523 27.1701 99.87523 curveto
27.10405 99.87523 27.0407 99.84898 26.99399 99.80228 curveto
26.94728 99.75557 26.92104 99.69221 26.92104 99.62616 curveto
26.92104 99.5601 26.94728 99.49675 26.99399 99.45004 curveto
27.0407 99.40334 27.10405 99.37709 27.1701 99.37709 curveto
27.23616 99.37709 27.29951 99.40334 27.34622 99.45004 curveto
27.39293 99.49675 27.41917 99.5601 27.41917 99.62616 curveto closepath fill
newpath 24.4001 99.62616 moveto
24.4001 99.69221 24.37386 99.75557 24.32715 99.80228 curveto
24.28044 99.84898 24.21709 99.87523 24.15103 99.87523 curveto
24.08498 99.87523 24.02162 99.84898 23.97491 99.80228 curveto
23.9282 99.75557 23.90196 99.69221 23.90196 99.62616 curveto
23.90196 99.5601 23.9282 99.49675 23.97491 99.45004 curveto
24.02162 99.40334 24.08498 99.37709 24.15103 99.37709 curveto
24.21709 99.37709 24.28044 99.40334 24.32715 99.45004 curveto
24.37386 99.49675 24.4001 99.5601 24.4001 99.62616 curveto closepath fill
newpath 21.38104 99.62616 moveto
21.38104 99.69221 21.3548 99.75557 21.30809 99.80228 curveto
21.26138 99.84898 21.19803 99.87523 21.13197 99.87523 curveto
21.06592 99.87523 21.00256 99.84898 20.95586 99.80228 curveto
20.90915 99.75557 20.8829 99.69221 20.8829 99.62616 curveto
20.8829 99.5601 20.90915 99.49675 20.95586 99.45004 curveto
21.00256 99.40334 21.06592 99.37709 21.13197 99.37709 curveto
21.19803 99.37709 21.26138 99.40334 21.30809 99.45004 curveto
21.3548 99.49675 21.38104 99.5601 21.38104 99.62616 curveto closepath fill
newpath 18.36198 99.62616 moveto
18.36198 99.69221 18.33574 99.75557 18.28903 99.80228 curveto
18.24232 99.84898 18.17897 99.87523 18.11292 99.87523 curveto
18.04686 99.87523 17.9835 99.84898 17.9368 99.80228 curveto
17.89009 99.75557 17.86385 99.69221 17.86385 99.62616 curveto
17.86385 99.5601 17.89009 99.49675 17.9368 99.45004 curveto
17.9835 99.40334 18.04686 99.37709 18.11292 99.37709 curveto
18.17897 99.37709 18.24232 99.40334 18.28903 99.45004 curveto
18.33574 99.49675 18.36198 99.5601 18.36198 99.62616 curveto closepath fill
newpath 15.34291 99.62616 moveto
15.34291 99.69221 15.31667 99.75557 15.26996 99.80228 curveto
15.22325 99.84898 15.1599 99.87523 15.09384 99.87523 curveto
15.02779 99.87523 14.96443 99.84898 14.91772 99.80228 curveto
14.87102 99.75557 14.84477 99.69221 14.84477 99.62616 curveto
14.84477 99.5601 14.87102 99.49675 14.91772 99.45004 curveto
14.96443 99.40334 15.02779 99.37709 15.09384 99.37709 curveto
15.1599 99.37709 15.22325 99.40334 15.26996 99.45004 curveto
15.31667 99.49675 15.34291 99.5601 15.34291 99.62616 curveto closepath fill
newpath 12.32384 99.62616 moveto
12.32384 99.69221 12.29759 99.75557 12.25089 99.80228 curveto
12.20418 99.84898 12.14082 99.87523 12.07477 99.87523 curveto
12.00871 99.87523 11.94536 99.84898 11.89865 99.80228 curveto
11.85194 99.75557 11.8257 99.69221 11.8257 99.62616 curveto
11.8257 99.5601 11.85194 99.49675 11.89865 99.45004 curveto
11.94536 99.40334 12.00871 99.37709 12.07477 99.37709 curveto
12.14082 99.37709 12.20418 99.40334 12.25089 99.45004 curveto
12.29759 99.49675 12.32384 99.5601 12.32384 99.62616 curveto closepath fill
newpath 9.30478 99.62616 moveto
9.30478 99.69221 9.27853 99.75557 9.23183 99.80228 curveto
9.18512 99.84898 9.12177 99.87523 9.05571 99.87523 curveto
8.98965 99.87523 8.9263 99.84898 8.8796 99.80228 curveto
8.83289 99.75557 8.80664 99.69221 8.80664 99.62616 curveto
8.80664 99.5601 8.83289 99.49675 8.8796 99.45004 curveto
8.9263 99.40334 8.98965 99.37709 9.05571 99.37709 curveto
9.12177 99.37709 9.18512 99.40334 9.23183 99.45004 curveto
9.27853 99.49675 9.30478 99.5601 9.30478 99.62616 curveto closepath fill
newpath 6.28569 99.62616 moveto
6.28569 99.69221 6.25945 99.75557 6.21274 99.80228 curveto
6.16603 99.84898 6.10268 99.87523 6.03662 99.87523 curveto
5.97057 99.87523 5.90721 99.84898 5.8605 99.80228 curveto
5.8138 99.75557 5.78755 99.69221 5.78755 99.62616 curveto
5.78755 99.5601 5.8138 99.49675 5.8605 99.45004 curveto
5.90721 99.40334 5.97057 99.37709 6.03662 99.37709 curveto
6.10268 99.37709 6.16603 99.40334 6.21274 99.45004 curveto
6.25945 99.49675 6.28569 99.5601 6.28569 99.62616 curveto closepath fill
newpath 3.26662 99.62616 moveto
3.26662 99.69221 3.24037 99.75557 3.19366 99.80228 curveto
3.14696 99.84898 3.0836 99.87523 3.01755 99.87523 curveto
2.95149 99.87523 2.88814 99.84898 2.84143 99.80228 curveto
2.79472 99.75557 2.76848 99.69221 2.76848 99.62616 curveto
2.76848 99.5601 2.79472 99.49675 2.84143 99.45004 curveto
2.88814 99.40334 2.95149 99.37709 3.01755 99.37709 curveto
3.0836 99.37709 3.14696 99.40334 3.19366 99.45004 curveto
3.24037 99.49675 3.26662 99.5601 3.26662 99.62616 curveto closepath fill
newpath 0.24907 99.62616 moveto
0.24907 99.69221 0.22282 99.75557 0.17612 99.80228 curveto
0.12941 99.84898 0.06606 99.87523 0 99.87523 curveto
-0.06606 99.87523 -0.12941 99.84898 -0.17612 99.80228 curveto
-0.22282 99.75557 -0.24907 99.69221 -0.24907 99.62616 curveto
-0.24907 99.5601 -0.22282 99.49675 -0.17612 99.45004 curveto
-0.12941 99.40334 -0.06606 99.37709 0 99.37709 curveto
0.06606 99.37709 0.12941 99.40334 0.17612 99.45004 curveto
0.22282 99.49675 0.24907 99.5601 0.24907 99.62616 curveto closepath fill
 0 0.49814 dtransform truncate idtransform setlinewidth pop
newpath 99.62616 99.62616 moveto
199.25232 99.62616 lineto stroke
newpath 196.26353 101.12056 moveto
196.96909 100.17981 198.07639 99.62616 199.25232 99.62616 curveto
198.07639 99.62616 196.96909 99.07251 196.26353 98.13176 curveto stroke
newpath 99.62616 101.12056 moveto
99.2298 101.12056 98.84973 100.96307 98.56949 100.68283 curveto
98.28925 100.40259 98.13176 100.02252 98.13176 99.62616 curveto
98.13176 99.2298 98.28925 98.84973 98.56949 98.56949 curveto
98.84973 98.28925 99.2298 98.13176 99.62616 98.13176 curveto
100.02252 98.13176 100.40259 98.28925 100.68283 98.56949 curveto
100.96307 98.84973 101.12056 99.2298 101.12056 99.62616 curveto
101.12056 100.02252 100.96307 100.40259 100.68283 100.68283 curveto
100.40259 100.96307 100.02252 101.12056 99.62616 101.12056 curveto closepath fill
newpath 79.70093 66.65 moveto
79.30457 66.65 78.9245 66.49251 78.64426 66.21227 curveto
78.36401 65.93202 78.20653 65.55196 78.20653 65.1556 curveto
78.20653 64.75923 78.36401 64.37917 78.64426 64.09892 curveto
78.9245 63.81868 79.30457 63.6612 79.70093 63.6612 curveto
80.09729 63.6612 80.47736 63.81868 80.7576 64.09892 curveto
81.03784 64.37917 81.19533 64.75923 81.19533 65.1556 curveto
81.19533 65.55196 81.03784 65.93202 80.7576 66.21227 curveto
80.47736 66.49251 80.09729 66.65 79.70093 66.65 curveto closepath fill
newpath 114.7623 100.92865 moveto
114.7623 100.9947 114.73605 101.05806 114.68935 101.10477 curveto
114.64264 101.15147 114.57928 101.17772 114.51323 101.17772 curveto
114.44717 101.17772 114.38382 101.15147 114.33711 101.10477 curveto
114.2904 101.05806 114.26416 100.9947 114.26416 100.92865 curveto
114.26416 100.8626 114.2904 100.79924 114.33711 100.75253 curveto
114.38382 100.70583 114.44717 100.67958 114.51323 100.67958 curveto
114.57928 100.67958 114.64264 100.70583 114.68935 100.75253 curveto
114.73605 100.79924 114.7623 100.8626 114.7623 100.92865 curveto closepath fill
newpath 114.20361 103.87059 moveto
114.20361 103.93665 114.17737 104 114.13066 104.0467 curveto
114.08395 104.09341 114.0206 104.11966 113.95454 104.11966 curveto
113.88849 104.11966 113.82513 104.09341 113.77843 104.0467 curveto
113.73172 104 113.70547 103.93665 113.70547 103.87059 curveto
113.70547 103.80453 113.73172 103.74118 113.77843 103.69447 curveto
113.82513 103.64777 113.88849 103.62152 113.95454 103.62152 curveto
114.0206 103.62152 114.08395 103.64777 114.13066 103.69447 curveto
114.17737 103.74118 114.20361 103.80453 114.20361 103.87059 curveto closepath fill
newpath 113.06996 106.64197 moveto
113.06996 106.70802 113.04372 106.77138 112.99701 106.81808 curveto
112.9503 106.86479 112.88695 106.89104 112.82089 106.89104 curveto
112.75484 106.89104 112.69148 106.86479 112.64478 106.81808 curveto
112.59807 106.77138 112.57182 106.70802 112.57182 106.64197 curveto
112.57182 106.57591 112.59807 106.51256 112.64478 106.46585 curveto
112.69148 106.41914 112.75484 106.3929 112.82089 106.3929 curveto
112.88695 106.3929 112.9503 106.41914 112.99701 106.46585 curveto
113.04372 106.51256 113.06996 106.57591 113.06996 106.64197 curveto closepath fill
newpath 111.40619 109.13176 moveto
111.40619 109.19781 111.37994 109.26117 111.33324 109.30788 curveto
111.28653 109.35458 111.22318 109.38083 111.15712 109.38083 curveto
111.09106 109.38083 111.02771 109.35458 110.981 109.30788 curveto
110.9343 109.26117 110.90805 109.19781 110.90805 109.13176 curveto
110.90805 109.0657 110.9343 109.00235 110.981 108.95564 curveto
111.02771 108.90894 111.09106 108.88269 111.15712 108.88269 curveto
111.22318 108.88269 111.28653 108.90894 111.33324 108.95564 curveto
111.37994 109.00235 111.40619 109.0657 111.40619 109.13176 curveto closepath fill
newpath 109.27966 111.23978 moveto
109.27966 111.30583 109.25342 111.36919 109.20671 111.4159 curveto
109.16 111.4626 109.09665 111.48885 109.0306 111.48885 curveto
108.96454 111.48885 108.90118 111.4626 108.85448 111.4159 curveto
108.80777 111.36919 108.78152 111.30583 108.78152 111.23978 curveto
108.78152 111.17372 108.80777 111.11037 108.85448 111.06366 curveto
108.90118 111.01695 108.96454 110.9907 109.0306 110.9907 curveto
109.09665 110.9907 109.16 111.01695 109.20671 111.06366 curveto
109.25342 111.11037 109.27966 111.17372 109.27966 111.23978 curveto closepath fill
newpath 106.77565 112.8815 moveto
106.77565 112.94756 106.7494 113.01091 106.7027 113.05762 curveto
106.65599 113.10432 106.59264 113.13057 106.52658 113.13057 curveto
106.46053 113.13057 106.39717 113.10432 106.35046 113.05762 curveto
106.30376 113.01091 106.27751 112.94756 106.27751 112.8815 curveto
106.27751 112.81544 106.30376 112.75209 106.35046 112.70538 curveto
106.39717 112.65868 106.46053 112.63243 106.52658 112.63243 curveto
106.59264 112.63243 106.65599 112.65868 106.7027 112.70538 curveto
106.7494 112.75209 106.77565 112.81544 106.77565 112.8815 curveto closepath fill
newpath 103.99445 113.99106 moveto
103.99445 114.05711 103.9682 114.12047 103.9215 114.16718 curveto
103.87479 114.21388 103.81143 114.24013 103.74538 114.24013 curveto
103.67932 114.24013 103.61597 114.21388 103.56926 114.16718 curveto
103.52255 114.12047 103.4963 114.05711 103.4963 113.99106 curveto
103.4963 113.925 103.52255 113.86165 103.56926 113.81494 curveto
103.61597 113.76823 103.67932 113.74199 103.74538 113.74199 curveto
103.81143 113.74199 103.87479 113.76823 103.9215 113.81494 curveto
103.9682 113.86165 103.99445 113.925 103.99445 113.99106 curveto closepath fill
newpath 101.04771 114.52405 moveto
101.04771 114.5901 101.02147 114.65346 100.97476 114.70016 curveto
100.92805 114.74687 100.8647 114.77312 100.79865 114.77312 curveto
100.73259 114.77312 100.66924 114.74687 100.62253 114.70016 curveto
100.57582 114.65346 100.54958 114.5901 100.54958 114.52405 curveto
100.54958 114.458 100.57582 114.39464 100.62253 114.34793 curveto
100.66924 114.30122 100.73259 114.27498 100.79865 114.27498 curveto
100.8647 114.27498 100.92805 114.30122 100.97476 114.34793 curveto
101.02147 114.39464 101.04771 114.458 101.04771 114.52405 curveto closepath fill
newpath 98.05388 114.45885 moveto
98.05388 114.5249 98.02763 114.58826 97.98093 114.63496 curveto
97.93422 114.68167 97.87086 114.70792 97.80481 114.70792 curveto
97.73875 114.70792 97.6754 114.68167 97.6287 114.63496 curveto
97.58199 114.58826 97.55574 114.5249 97.55574 114.45885 curveto
97.55574 114.39279 97.58199 114.32944 97.6287 114.28273 curveto
97.6754 114.23602 97.73875 114.20978 97.80481 114.20978 curveto
97.87086 114.20978 97.93422 114.23602 97.98093 114.28273 curveto
98.02763 114.32944 98.05388 114.39279 98.05388 114.45885 curveto closepath fill
newpath 95.13348 113.79767 moveto
95.13348 113.86372 95.10724 113.92708 95.06053 113.97379 curveto
95.01382 114.0205 94.95047 114.04674 94.88441 114.04674 curveto
94.81836 114.04674 94.755 114.0205 94.7083 113.97379 curveto
94.66159 113.92708 94.63535 113.86372 94.63535 113.79767 curveto
94.63535 113.73161 94.66159 113.66826 94.7083 113.62155 curveto
94.755 113.57484 94.81836 113.5486 94.88441 113.5486 curveto
94.95047 113.5486 95.01382 113.57484 95.06053 113.62155 curveto
95.10724 113.66826 95.13348 113.73161 95.13348 113.79767 curveto closepath fill
newpath 92.40326 112.56801 moveto
92.40326 112.63406 92.37701 112.69742 92.3303 112.74413 curveto
92.2836 112.79083 92.22025 112.81708 92.15419 112.81708 curveto
92.08813 112.81708 92.02478 112.79083 91.97807 112.74413 curveto
91.93137 112.69742 91.90512 112.63406 91.90512 112.56801 curveto
91.90512 112.50195 91.93137 112.4386 91.97807 112.39189 curveto
92.02478 112.34518 92.08813 112.31894 92.15419 112.31894 curveto
92.22025 112.31894 92.2836 112.34518 92.3303 112.39189 curveto
92.37701 112.4386 92.40326 112.50195 92.40326 112.56801 curveto closepath fill
newpath 89.97284 110.81844 moveto
89.97284 110.88449 89.9466 110.94785 89.89989 110.99455 curveto
89.85318 111.04126 89.78983 111.0675 89.72377 111.0675 curveto
89.65771 111.0675 89.59436 111.04126 89.54765 110.99455 curveto
89.50095 110.94785 89.4747 110.88449 89.4747 110.81844 curveto
89.4747 110.75238 89.50095 110.68903 89.54765 110.64232 curveto
89.59436 110.59561 89.65771 110.56937 89.72377 110.56937 curveto
89.78983 110.56937 89.85318 110.59561 89.89989 110.64232 curveto
89.9466 110.68903 89.97284 110.75238 89.97284 110.81844 curveto closepath fill
newpath 87.9405 108.61957 moveto
87.9405 108.68562 87.91426 108.74898 87.86755 108.79568 curveto
87.82085 108.84239 87.75749 108.86864 87.69144 108.86864 curveto
87.62538 108.86864 87.56203 108.84239 87.51532 108.79568 curveto
87.46861 108.74898 87.44237 108.68562 87.44237 108.61957 curveto
87.44237 108.55351 87.46861 108.49016 87.51532 108.44345 curveto
87.56203 108.39674 87.62538 108.3705 87.69144 108.3705 curveto
87.75749 108.3705 87.82085 108.39674 87.86755 108.44345 curveto
87.91426 108.49016 87.9405 108.55351 87.9405 108.61957 curveto closepath fill
newpath 86.38696 106.05931 moveto
86.38696 106.12537 86.36072 106.18872 86.31401 106.23543 curveto
86.2673 106.28214 86.20395 106.30838 86.1379 106.30838 curveto
86.07184 106.30838 86.00848 106.28214 85.96178 106.23543 curveto
85.91507 106.18872 85.88882 106.12537 85.88882 106.05931 curveto
85.88882 105.99326 85.91507 105.9299 85.96178 105.8832 curveto
86.00848 105.83649 86.07184 105.81024 86.1379 105.81024 curveto
86.20395 105.81024 86.2673 105.83649 86.31401 105.8832 curveto
86.36072 105.9299 86.38696 105.99326 86.38696 106.05931 curveto closepath fill
newpath 85.37517 103.24106 moveto
85.37517 103.30711 85.34892 103.37047 85.30222 103.41718 curveto
85.25551 103.46388 85.19215 103.49013 85.1261 103.49013 curveto
85.06004 103.49013 84.99669 103.46388 84.94998 103.41718 curveto
84.90327 103.37047 84.87703 103.30711 84.87703 103.24106 curveto
84.87703 103.175 84.90327 103.11165 84.94998 103.06494 curveto
84.99669 103.01823 85.06004 102.99199 85.1261 102.99199 curveto
85.19215 102.99199 85.25551 103.01823 85.30222 103.06494 curveto
85.34892 103.11165 85.37517 103.175 85.37517 103.24106 curveto closepath fill
newpath 84.94547 100.27776 moveto
84.94547 100.34381 84.91922 100.40717 84.87251 100.45387 curveto
84.8258 100.50058 84.76245 100.52682 84.6964 100.52682 curveto
84.63034 100.52682 84.56699 100.50058 84.52028 100.45387 curveto
84.47357 100.40717 84.44733 100.34381 84.44733 100.27776 curveto
84.44733 100.2117 84.47357 100.14835 84.52028 100.10164 curveto
84.56699 100.05493 84.63034 100.02869 84.6964 100.02869 curveto
84.76245 100.02869 84.8258 100.05493 84.87251 100.10164 curveto
84.91922 100.14835 84.94547 100.2117 84.94547 100.27776 curveto closepath fill
newpath 85.11539 97.28822 moveto
85.11539 97.35428 85.08914 97.41763 85.04243 97.46434 curveto
84.99573 97.51105 84.93237 97.5373 84.86632 97.5373 curveto
84.80026 97.5373 84.73691 97.51105 84.6902 97.46434 curveto
84.6435 97.41763 84.61725 97.35428 84.61725 97.28822 curveto
84.61725 97.22217 84.6435 97.15881 84.6902 97.1121 curveto
84.73691 97.0654 84.80026 97.03915 84.86632 97.03915 curveto
84.93237 97.03915 84.99573 97.0654 85.04243 97.1121 curveto
85.08914 97.15881 85.11539 97.22217 85.11539 97.28822 curveto closepath fill
newpath 85.87776 94.39224 moveto
85.87776 94.4583 85.85152 94.52165 85.80481 94.56836 curveto
85.7581 94.61507 85.69475 94.64131 85.6287 94.64131 curveto
85.56264 94.64131 85.49928 94.61507 85.45258 94.56836 curveto
85.40587 94.52165 85.37962 94.4583 85.37962 94.39224 curveto
85.37962 94.32619 85.40587 94.26283 85.45258 94.21613 curveto
85.49928 94.16942 85.56264 94.14317 85.6287 94.14317 curveto
85.69475 94.14317 85.7581 94.16942 85.80481 94.21613 curveto
85.85152 94.26283 85.87776 94.32619 85.87776 94.39224 curveto closepath fill
newpath 87.20235 91.7066 moveto
87.20235 91.77266 87.1761 91.83601 87.1294 91.88272 curveto
87.08269 91.92943 87.01933 91.95567 86.95328 91.95567 curveto
86.88722 91.95567 86.82387 91.92943 86.77716 91.88272 curveto
86.73045 91.83601 86.70421 91.77266 86.70421 91.7066 curveto
86.70421 91.64055 86.73045 91.5772 86.77716 91.53049 curveto
86.82387 91.48378 86.88722 91.45753 86.95328 91.45753 curveto
87.01933 91.45753 87.08269 91.48378 87.1294 91.53049 curveto
87.1761 91.5772 87.20235 91.64055 87.20235 91.7066 curveto closepath fill
newpath 89.03561 89.33891 moveto
89.03561 89.40497 89.00937 89.46832 88.96266 89.51503 curveto
88.91595 89.56174 88.8526 89.58798 88.78654 89.58798 curveto
88.72049 89.58798 88.65714 89.56174 88.61043 89.51503 curveto
88.56372 89.46832 88.53748 89.40497 88.53748 89.33891 curveto
88.53748 89.27286 88.56372 89.2095 88.61043 89.1628 curveto
88.65714 89.11609 88.72049 89.08984 88.78654 89.08984 curveto
88.8526 89.08984 88.91595 89.11609 88.96266 89.1628 curveto
89.00937 89.2095 89.03561 89.27286 89.03561 89.33891 curveto closepath fill
newpath 91.30357 87.3848 moveto
91.30357 87.45085 91.27733 87.5142 91.23062 87.56091 curveto
91.18391 87.60762 91.12056 87.63387 91.0545 87.63387 curveto
90.98845 87.63387 90.9251 87.60762 90.87839 87.56091 curveto
90.83168 87.5142 90.80544 87.45085 90.80544 87.3848 curveto
90.80544 87.31874 90.83168 87.25539 90.87839 87.20868 curveto
90.9251 87.16197 90.98845 87.13573 91.0545 87.13573 curveto
91.12056 87.13573 91.18391 87.16197 91.23062 87.20868 curveto
91.27733 87.25539 91.30357 87.31874 91.30357 87.3848 curveto closepath fill
newpath 74.81418 97.45535 moveto
74.87741 96.73357 74.97227 96.01453 75.09814 95.30096 curveto
75.22401 94.58739 75.38058 93.8796 75.56818 93.1797 curveto
75.75577 92.47981 75.97377 91.78815 76.22156 91.1074 curveto
76.46935 90.42667 76.74692 89.75719 77.05309 89.10046 curveto
77.35925 88.44376 77.694 87.80042 78.0564 87.17288 curveto
78.41881 86.54536 78.80829 85.93394 79.22389 85.34016 curveto
79.63951 84.74638 80.08067 84.17146 80.54645 83.61629 curveto
81.01224 83.06113 81.50233 82.52693 82.01463 82.01463 curveto
82.52693 81.50233 83.06113 81.01253 83.61629 80.54675 curveto
84.17146 80.08098 84.74638 79.63951 85.34016 79.22389 curveto stroke
newpath 83.74857 82.16206 moveto
83.78712 80.98676 84.37679 79.89822 85.34016 79.22389 curveto
84.37679 79.89822 83.15215 80.07962 82.03467 79.71352 curveto stroke
newpath 99.87523 99.62616 moveto
99.87523 99.69221 99.84898 99.75557 99.80228 99.80228 curveto
99.75557 99.84898 99.69221 99.87523 99.62616 99.87523 curveto
99.5601 99.87523 99.49675 99.84898 99.45004 99.80228 curveto
99.40334 99.75557 99.37709 99.69221 99.37709 99.62616 curveto
99.37709 99.5601 99.40334 99.49675 99.45004 99.45004 curveto
99.49675 99.40334 99.5601 99.37709 99.62616 99.37709 curveto
99.69221 99.37709 99.75557 99.40334 99.80228 99.45004 curveto
99.84898 99.49675 99.87523 99.5601 99.87523 99.62616 curveto closepath fill
newpath 98.4102 97.08867 moveto
98.4102 97.15472 98.38396 97.21808 98.33725 97.26479 curveto
98.29054 97.3115 98.22719 97.33774 98.16113 97.33774 curveto
98.09508 97.33774 98.03172 97.3115 97.98502 97.26479 curveto
97.93831 97.21808 97.91206 97.15472 97.91206 97.08867 curveto
97.91206 97.02261 97.93831 96.95926 97.98502 96.91255 curveto
98.03172 96.86584 98.09508 96.8396 98.16113 96.8396 curveto
98.22719 96.8396 98.29054 96.86584 98.33725 96.91255 curveto
98.38396 96.95926 98.4102 97.02261 98.4102 97.08867 curveto closepath fill
newpath 96.94518 94.55116 moveto
96.94518 94.61722 96.91893 94.68057 96.87222 94.72728 curveto
96.82552 94.77399 96.76216 94.80023 96.6961 94.80023 curveto
96.63005 94.80023 96.5667 94.77399 96.51999 94.72728 curveto
96.47328 94.68057 96.44704 94.61722 96.44704 94.55116 curveto
96.44704 94.4851 96.47328 94.42175 96.51999 94.37505 curveto
96.5667 94.32834 96.63005 94.3021 96.6961 94.3021 curveto
96.76216 94.3021 96.82552 94.32834 96.87222 94.37505 curveto
96.91893 94.42175 96.94518 94.4851 96.94518 94.55116 curveto closepath fill
newpath 95.48015 92.01366 moveto
95.48015 92.07971 95.4539 92.14307 95.4072 92.18977 curveto
95.36049 92.23648 95.29713 92.26273 95.23108 92.26273 curveto
95.16502 92.26273 95.10167 92.23648 95.05496 92.18977 curveto
95.00826 92.14307 94.98201 92.07971 94.98201 92.01366 curveto
94.98201 91.9476 95.00826 91.88425 95.05496 91.83754 curveto
95.10167 91.79083 95.16502 91.76459 95.23108 91.76459 curveto
95.29713 91.76459 95.36049 91.79083 95.4072 91.83754 curveto
95.4539 91.88425 95.48015 91.9476 95.48015 92.01366 curveto closepath fill
newpath 94.0151 89.47617 moveto
94.0151 89.54222 93.98886 89.60558 93.94215 89.65228 curveto
93.89545 89.69899 93.83209 89.72523 93.76604 89.72523 curveto
93.69998 89.72523 93.63663 89.69899 93.58992 89.65228 curveto
93.54321 89.60558 93.51697 89.54222 93.51697 89.47617 curveto
93.51697 89.41011 93.54321 89.34676 93.58992 89.30005 curveto
93.63663 89.25334 93.69998 89.2271 93.76604 89.2271 curveto
93.83209 89.2271 93.89545 89.25334 93.94215 89.30005 curveto
93.98886 89.34676 94.0151 89.41011 94.0151 89.47617 curveto closepath fill
newpath 92.54968 86.93799 moveto
92.54968 87.00404 92.52344 87.0674 92.47673 87.1141 curveto
92.43002 87.16081 92.36667 87.18706 92.30061 87.18706 curveto
92.23456 87.18706 92.1712 87.16081 92.1245 87.1141 curveto
92.07779 87.0674 92.05154 87.00404 92.05154 86.93799 curveto
92.05154 86.87193 92.07779 86.80858 92.1245 86.76187 curveto
92.1712 86.71516 92.23456 86.68892 92.30061 86.68892 curveto
92.36667 86.68892 92.43002 86.71516 92.47673 86.76187 curveto
92.52344 86.80858 92.54968 86.87193 92.54968 86.93799 curveto closepath fill
newpath 91.08466 84.40047 moveto
91.08466 84.46652 91.05841 84.52988 91.0117 84.57658 curveto
90.965 84.62329 90.90164 84.64954 90.83559 84.64954 curveto
90.76953 84.64954 90.70618 84.62329 90.65947 84.57658 curveto
90.61276 84.52988 90.58652 84.46652 90.58652 84.40047 curveto
90.58652 84.33441 90.61276 84.27106 90.65947 84.22435 curveto
90.70618 84.17764 90.76953 84.1514 90.83559 84.1514 curveto
90.90164 84.1514 90.965 84.17764 91.0117 84.22435 curveto
91.05841 84.27106 91.08466 84.33441 91.08466 84.40047 curveto closepath fill
newpath 89.61963 81.86296 moveto
89.61963 81.92902 89.59338 81.99237 89.54668 82.03908 curveto
89.49997 82.08578 89.43661 82.11203 89.37056 82.11203 curveto
89.3045 82.11203 89.24115 82.08578 89.19444 82.03908 curveto
89.14774 81.99237 89.12149 81.92902 89.12149 81.86296 curveto
89.12149 81.7969 89.14774 81.73355 89.19444 81.68684 curveto
89.24115 81.64014 89.3045 81.61389 89.37056 81.61389 curveto
89.43661 81.61389 89.49997 81.64014 89.54668 81.68684 curveto
89.59338 81.73355 89.61963 81.7969 89.61963 81.86296 curveto closepath fill
newpath 88.15459 79.32544 moveto
88.15459 79.3915 88.12834 79.45485 88.08163 79.50156 curveto
88.03493 79.54826 87.97157 79.57451 87.90552 79.57451 curveto
87.83946 79.57451 87.77611 79.54826 87.7294 79.50156 curveto
87.6827 79.45485 87.65645 79.3915 87.65645 79.32544 curveto
87.65645 79.25938 87.6827 79.19603 87.7294 79.14932 curveto
87.77611 79.10262 87.83946 79.07637 87.90552 79.07637 curveto
87.97157 79.07637 88.03493 79.10262 88.08163 79.14932 curveto
88.12834 79.19603 88.15459 79.25938 88.15459 79.32544 curveto closepath fill
newpath 86.68956 76.78792 moveto
86.68956 76.85397 86.66331 76.91733 86.61661 76.96404 curveto
86.5699 77.01074 86.50655 77.03699 86.44049 77.03699 curveto
86.37444 77.03699 86.31108 77.01074 86.26437 76.96404 curveto
86.21767 76.91733 86.19142 76.85397 86.19142 76.78792 curveto
86.19142 76.72186 86.21767 76.65851 86.26437 76.6118 curveto
86.31108 76.5651 86.37444 76.53885 86.44049 76.53885 curveto
86.50655 76.53885 86.5699 76.5651 86.61661 76.6118 curveto
86.66331 76.65851 86.68956 76.72186 86.68956 76.78792 curveto closepath fill
newpath 85.22453 74.25041 moveto
85.22453 74.31647 85.19829 74.37982 85.15158 74.42653 curveto
85.10487 74.47324 85.04152 74.49948 84.97546 74.49948 curveto
84.90941 74.49948 84.84605 74.47324 84.79935 74.42653 curveto
84.75264 74.37982 84.7264 74.31647 84.7264 74.25041 curveto
84.7264 74.18436 84.75264 74.121 84.79935 74.0743 curveto
84.84605 74.02759 84.90941 74.00134 84.97546 74.00134 curveto
85.04152 74.00134 85.10487 74.02759 85.15158 74.0743 curveto
85.19829 74.121 85.22453 74.18436 85.22453 74.25041 curveto closepath fill
newpath 83.7595 71.71289 moveto
83.7595 71.77895 83.73326 71.8423 83.68655 71.889 curveto
83.63985 71.93571 83.57649 71.96196 83.51044 71.96196 curveto
83.44438 71.96196 83.38103 71.93571 83.33432 71.889 curveto
83.28761 71.8423 83.26137 71.77895 83.26137 71.71289 curveto
83.26137 71.64684 83.28761 71.58348 83.33432 71.53677 curveto
83.38103 71.49007 83.44438 71.46382 83.51044 71.46382 curveto
83.57649 71.46382 83.63985 71.49007 83.68655 71.53677 curveto
83.73326 71.58348 83.7595 71.64684 83.7595 71.71289 curveto closepath fill
newpath 82.29445 69.17537 moveto
82.29445 69.24142 82.2682 69.30478 82.2215 69.35149 curveto
82.17479 69.3982 82.11143 69.42444 82.04538 69.42444 curveto
81.97932 69.42444 81.91597 69.3982 81.86926 69.35149 curveto
81.82256 69.30478 81.79631 69.24142 81.79631 69.17537 curveto
81.79631 69.10931 81.82256 69.04596 81.86926 68.99925 curveto
81.91597 68.95255 81.97932 68.9263 82.04538 68.9263 curveto
82.11143 68.9263 82.17479 68.95255 82.2215 68.99925 curveto
82.2682 69.04596 82.29445 69.10931 82.29445 69.17537 curveto closepath fill
newpath 80.82942 66.63786 moveto
80.82942 66.70392 80.80318 66.76727 80.75647 66.81398 curveto
80.70976 66.86069 80.64641 66.88693 80.58035 66.88693 curveto
80.5143 66.88693 80.45094 66.86069 80.40424 66.81398 curveto
80.35753 66.76727 80.33128 66.70392 80.33128 66.63786 curveto
80.33128 66.57181 80.35753 66.50845 80.40424 66.46175 curveto
80.45094 66.41504 80.5143 66.3888 80.58035 66.3888 curveto
80.64641 66.3888 80.70976 66.41504 80.75647 66.46175 curveto
80.80318 66.50845 80.82942 66.57181 80.82942 66.63786 curveto closepath fill
newpath 79.36438 64.10037 moveto
79.36438 64.16643 79.33813 64.22978 79.29143 64.27649 curveto
79.24472 64.3232 79.18137 64.34944 79.11531 64.34944 curveto
79.04926 64.34944 78.9859 64.3232 78.9392 64.27649 curveto
78.89249 64.22978 78.86624 64.16643 78.86624 64.10037 curveto
78.86624 64.03432 78.89249 63.97096 78.9392 63.92426 curveto
78.9859 63.87755 79.04926 63.8513 79.11531 63.8513 curveto
79.18137 63.8513 79.24472 63.87755 79.29143 63.92426 curveto
79.33813 63.97096 79.36438 64.03432 79.36438 64.10037 curveto closepath fill
newpath 77.89935 61.56287 moveto
77.89935 61.62892 77.87311 61.69228 77.8264 61.73898 curveto
77.7797 61.78569 77.71634 61.81194 77.65028 61.81194 curveto
77.58423 61.81194 77.52087 61.78569 77.47417 61.73898 curveto
77.42746 61.69228 77.40121 61.62892 77.40121 61.56287 curveto
77.40121 61.49681 77.42746 61.43346 77.47417 61.38675 curveto
77.52087 61.34004 77.58423 61.3138 77.65028 61.3138 curveto
77.71634 61.3138 77.7797 61.34004 77.8264 61.38675 curveto
77.87311 61.43346 77.89935 61.49681 77.89935 61.56287 curveto closepath fill
newpath 76.43396 59.0247 moveto
76.43396 59.09076 76.40771 59.15411 76.36101 59.20082 curveto
76.3143 59.24753 76.25095 59.27377 76.18489 59.27377 curveto
76.11884 59.27377 76.05548 59.24753 76.00877 59.20082 curveto
75.96207 59.15411 75.93582 59.09076 75.93582 59.0247 curveto
75.93582 58.95865 75.96207 58.8953 76.00877 58.84859 curveto
76.05548 58.80188 76.11884 58.77563 76.18489 58.77563 curveto
76.25095 58.77563 76.3143 58.80188 76.36101 58.84859 curveto
76.40771 58.8953 76.43396 58.95865 76.43396 59.0247 curveto closepath fill
newpath 74.9693 56.48787 moveto
74.9693 56.55392 74.94305 56.61728 74.89635 56.66399 curveto
74.84964 56.7107 74.78629 56.73694 74.72023 56.73694 curveto
74.65417 56.73694 74.59082 56.7107 74.54411 56.66399 curveto
74.4974 56.61728 74.47116 56.55392 74.47116 56.48787 curveto
74.47116 56.42181 74.4974 56.35846 74.54411 56.31175 curveto
74.59082 56.26505 74.65417 56.2388 74.72023 56.2388 curveto
74.78629 56.2388 74.84964 56.26505 74.89635 56.31175 curveto
74.94305 56.35846 74.9693 56.42181 74.9693 56.48787 curveto closepath fill
newpath 87.07559 83.8653 moveto
92.25209 80.87663 lineto stroke
newpath 77.11328 66.60979 moveto
82.28978 63.62112 lineto stroke
newpath 99.62616 101.12056 moveto
99.2298 101.12056 98.84973 100.96307 98.56949 100.68283 curveto
98.28925 100.40259 98.13176 100.02252 98.13176 99.62616 curveto
98.13176 99.2298 98.28925 98.84973 98.56949 98.56949 curveto
98.84973 98.28925 99.2298 98.13176 99.62616 98.13176 curveto
100.02252 98.13176 100.40259 98.28925 100.68283 98.56949 curveto
100.96307 98.84973 101.12056 99.2298 101.12056 99.62616 curveto
101.12056 100.02252 100.96307 100.40259 100.68283 100.68283 curveto
100.40259 100.96307 100.02252 101.12056 99.62616 101.12056 curveto closepath fill
newpath 79.70093 66.65 moveto
79.30457 66.65 78.9245 66.49251 78.64426 66.21227 curveto
78.36401 65.93202 78.20653 65.55196 78.20653 65.1556 curveto
78.20653 64.75923 78.36401 64.37917 78.64426 64.09892 curveto
78.9245 63.81868 79.30457 63.6612 79.70093 63.6612 curveto
80.09729 63.6612 80.47736 63.81868 80.7576 64.09892 curveto
81.03784 64.37917 81.19533 64.75923 81.19533 65.1556 curveto
81.19533 65.55196 81.03784 65.93202 80.7576 66.21227 curveto
80.47736 66.49251 80.09729 66.65 79.70093 66.65 curveto closepath fill
showpage
%%EOF
