%!PS
%%BoundingBox: -1 -1 150 150 
%%HiResBoundingBox: -0.24907 -0.24907 149.68831 149.68831 
%%Creator: MetaPost 2.000
%%CreationDate: 2017.07.04:1542
%%Pages: 1
%%BeginProlog
%%EndProlog
%%Page: 1 1
 0 0 0 setrgbcolor 0 0.49814 dtransform truncate idtransform setlinewidth pop [] 0 setdash 1 setlinecap
 1 setlinejoin 10 setmiterlimit
newpath 0 74.71962 moveto
149.43924 74.71962 lineto stroke
newpath 144.45793 77.21028 moveto
145.63387 75.64236 147.47935 74.71962 149.43924 74.71962 curveto
147.47935 74.71962 145.63387 73.79688 144.45793 72.22896 curveto stroke
 0.49814 0 dtransform exch truncate exch idtransform pop setlinewidth
newpath 74.71962 0 moveto
74.71962 149.43924 lineto stroke
 0 0.49814 dtransform truncate idtransform setlinewidth pop
newpath 72.22896 144.45793 moveto
73.79688 145.63387 74.71962 147.47935 74.71962 149.43924 curveto
74.71962 147.47935 75.64236 145.63387 77.21028 144.45793 curveto stroke
 0.49814 0 dtransform exch truncate exch idtransform pop setlinewidth
newpath 14.94392 72.7271 moveto
14.94392 76.71214 lineto stroke
newpath 134.49532 72.7271 moveto
134.49532 76.71214 lineto stroke
 0 0.49814 dtransform truncate idtransform setlinewidth pop
newpath 76.71214 14.94392 moveto
72.7271 14.94392 lineto stroke
newpath 76.71214 134.49532 moveto
72.7271 134.49532 lineto stroke
 0 1.24533 dtransform truncate idtransform setlinewidth pop
newpath 74.71962 74.71962 moveto
76.459 74.71939 78.19496 74.87126 79.9079 75.17339 curveto
81.62221 75.47575 83.30663 75.92702 84.94249 76.5224 curveto
86.57698 77.11708 88.1563 77.8536 89.66263 78.7233 curveto
91.16989 79.59344 92.598 80.59357 93.93127 81.71227 curveto
95.26387 82.8305 96.49658 84.06276 97.6146 85.39536 curveto
98.73329 86.72862 99.73341 88.1572 100.60356 89.66446 curveto
101.47348 91.17102 102.21024 92.75056 102.80515 94.38528 curveto
103.4003 96.02069 103.85179 97.70488 104.15393 99.41896 curveto
104.45605 101.1319 104.60747 102.86809 104.60747 104.60747 curveto
104.60747 106.34708 104.45605 108.0835 104.15393 109.79666 curveto
103.85179 111.5105 103.4003 113.1947 102.80515 114.82988 curveto
102.21024 116.46437 101.47325 118.04369 100.60356 119.55002 curveto
99.73318 121.05728 98.73329 122.48608 97.6146 123.81935 curveto
96.49658 125.15172 95.26387 126.38374 93.93127 127.50175 curveto
92.598 128.62045 91.16989 129.6208 89.66263 130.49118 curveto
88.1563 131.36087 86.57698 132.0974 84.94249 132.6923 curveto
83.30663 133.28769 81.62221 133.73964 79.9079 134.04199 curveto
78.19496 134.34413 76.459 134.49532 74.71962 134.49532 curveto
72.98024 134.49532 71.24428 134.34413 69.53134 134.04199 curveto
67.81703 133.73964 66.13261 133.28769 64.49675 132.6923 curveto
62.86226 132.0974 61.28294 131.36087 59.77661 130.49118 curveto
58.26935 129.6208 56.84123 128.62045 55.50797 127.50175 curveto
54.17537 126.38374 52.94266 125.15172 51.82465 123.81935 curveto
50.70595 122.48608 49.70605 121.05728 48.83568 119.55002 curveto
47.96599 118.04369 47.229 116.46437 46.6341 114.82988 curveto
46.03894 113.1947 45.58745 111.5105 45.28531 109.79666 curveto
44.98318 108.0835 44.83177 106.34708 44.83177 104.60747 curveto
44.83177 102.86809 44.98318 101.1319 45.28531 99.41896 curveto
45.58745 97.70488 46.03894 96.02069 46.6341 94.38528 curveto
47.229 92.75056 47.96576 91.17102 48.83568 89.66446 curveto
49.70583 88.1572 50.70595 86.72862 51.82465 85.39536 curveto
52.94266 84.06276 54.17537 82.8305 55.50797 81.71227 curveto
56.84123 80.59357 58.26935 79.59344 59.77661 78.7233 curveto
61.28294 77.8536 62.86226 77.11708 64.49675 76.5224 curveto
66.13261 75.92702 67.81703 75.47575 69.53134 75.17339 curveto
71.24428 74.87126 72.98024 74.71939 74.71962 74.71962 curveto stroke
showpage
%%EOF
