%!PS
%%BoundingBox: -1 -1 150 150 
%%HiResBoundingBox: -0.24907 -0.24907 149.68831 149.68831 
%%Creator: MetaPost 2.000
%%CreationDate: 2017.07.04:1542
%%Pages: 1
%%BeginProlog
%%EndProlog
%%Page: 1 1
 0 0 0 setrgbcolor 0 0.49814 dtransform truncate idtransform setlinewidth pop [] 0 setdash 1 setlinecap
 1 setlinejoin 10 setmiterlimit
newpath 0 74.71962 moveto
149.43924 74.71962 lineto stroke
newpath 144.45793 77.21028 moveto
145.63387 75.64236 147.47935 74.71962 149.43924 74.71962 curveto
147.47935 74.71962 145.63387 73.79688 144.45793 72.22896 curveto stroke
 0.49814 0 dtransform exch truncate exch idtransform pop setlinewidth
newpath 74.71962 0 moveto
74.71962 149.43924 lineto stroke
 0 0.49814 dtransform truncate idtransform setlinewidth pop
newpath 72.22896 144.45793 moveto
73.79688 145.63387 74.71962 147.47935 74.71962 149.43924 curveto
74.71962 147.47935 75.64236 145.63387 77.21028 144.45793 curveto stroke
 0.49814 0 dtransform exch truncate exch idtransform pop setlinewidth
newpath 14.94392 72.7271 moveto
14.94392 76.71214 lineto stroke
newpath 134.49532 72.7271 moveto
134.49532 76.71214 lineto stroke
 0 0.49814 dtransform truncate idtransform setlinewidth pop
newpath 76.71214 14.94392 moveto
72.7271 14.94392 lineto stroke
newpath 76.71214 134.49532 moveto
72.7271 134.49532 lineto stroke
 0 1.24533 dtransform truncate idtransform setlinewidth pop
newpath 134.49532 74.71962 moveto
134.49577 76.459 134.34413 78.19496 134.04199 79.9079 curveto
133.73964 81.62221 133.28769 83.30663 132.6923 84.94249 curveto
132.0974 86.57698 131.36087 88.1563 130.49118 89.66263 curveto
129.6208 91.16989 128.62045 92.598 127.50175 93.93127 curveto
126.38374 95.26387 125.15172 96.49658 123.81935 97.6146 curveto
122.48608 98.73329 121.05728 99.73318 119.55002 100.60356 curveto
118.04369 101.47325 116.46437 102.21024 114.82988 102.80515 curveto
113.1947 103.4003 111.5105 103.85179 109.79666 104.15393 curveto
108.0835 104.45605 106.34708 104.60747 104.60747 104.60747 curveto
102.86809 104.60747 101.1319 104.45605 99.41896 104.15393 curveto
97.70488 103.85179 96.02069 103.4003 94.38528 102.80515 curveto
92.75056 102.21024 91.17102 101.47348 89.66446 100.60356 curveto
88.1572 99.73341 86.72862 98.73329 85.39536 97.6146 curveto
84.06276 96.49658 82.8305 95.26387 81.71227 93.93127 curveto
80.59357 92.598 79.59344 91.16989 78.7233 89.66263 curveto
77.8536 88.1563 77.11708 86.57698 76.5224 84.94249 curveto
75.92702 83.30663 75.47575 81.62221 75.17339 79.9079 curveto
74.87126 78.19496 74.71962 76.459 74.71962 74.71962 curveto
74.71962 72.98024 74.87126 71.24428 75.17339 69.53134 curveto
75.47575 67.81703 75.92702 66.13261 76.5224 64.49675 curveto
77.11708 62.86226 77.8536 61.28294 78.7233 59.77661 curveto
79.59344 58.26935 80.59357 56.84123 81.71227 55.50797 curveto
82.8305 54.17537 84.06276 52.94266 85.39536 51.82465 curveto
86.72862 50.70595 88.1572 49.70583 89.66446 48.83568 curveto
91.17102 47.96576 92.75056 47.229 94.38528 46.6341 curveto
96.02069 46.03894 97.70488 45.58745 99.41896 45.28531 curveto
101.1319 44.98318 102.86809 44.83177 104.60747 44.83177 curveto
106.34708 44.83177 108.0835 44.98318 109.79666 45.28531 curveto
111.5105 45.58745 113.1947 46.03894 114.82988 46.6341 curveto
116.46437 47.229 118.04369 47.96599 119.55002 48.83568 curveto
121.05728 49.70605 122.48608 50.70595 123.81935 51.82465 curveto
125.15172 52.94266 126.38374 54.17537 127.50175 55.50797 curveto
128.62045 56.84123 129.6208 58.26935 130.49118 59.77661 curveto
131.36087 61.28294 132.0974 62.86226 132.6923 64.49675 curveto
133.28769 66.13261 133.73964 67.81703 134.04199 69.53134 curveto
134.34413 71.24428 134.49577 72.98024 134.49532 74.71962 curveto stroke
showpage
%%EOF
