%!PS
%%BoundingBox: -1 -1 189 156 
%%HiResBoundingBox: -0.24907 -0.24907 188.04439 155.66588 
%%Creator: MetaPost 2.000
%%CreationDate: 2017.07.04:1542
%%Pages: 1
%%BeginProlog
%%EndProlog
%%Page: 1 1
 0 0 0 setrgbcolor 0 0.49814 dtransform truncate idtransform setlinewidth pop [] 0 setdash 1 setlinecap
 1 setlinejoin 10 setmiterlimit
newpath 0 77.7084 moveto
187.79532 77.7084 lineto stroke
newpath 182.81401 80.19907 moveto
183.98994 78.63115 185.83543 77.7084 187.79532 77.7084 curveto
185.83543 77.7084 183.98994 76.78566 182.81401 75.21774 curveto stroke
 0.49814 0 dtransform exch truncate exch idtransform pop setlinewidth
newpath 12.9514 0 moveto
12.9514 155.41681 lineto stroke
 0 0.49814 dtransform truncate idtransform setlinewidth pop
newpath 10.46074 150.4355 moveto
12.02866 151.61143 12.9514 153.45692 12.9514 155.41681 curveto
12.9514 153.45692 13.87415 151.61143 15.44206 150.4355 curveto stroke
 0.49814 0 dtransform exch truncate exch idtransform pop setlinewidth
newpath 12.9514 75.71588 moveto
12.9514 79.70093 lineto stroke
newpath 33.29547 75.71588 moveto
33.29547 79.70093 lineto stroke
newpath 53.63954 75.71588 moveto
53.63954 79.70093 lineto stroke
newpath 73.98361 75.71588 moveto
73.98361 79.70093 lineto stroke
newpath 94.32768 75.71588 moveto
94.32768 79.70093 lineto stroke
newpath 114.67175 75.71588 moveto
114.67175 79.70093 lineto stroke
newpath 135.01582 75.71588 moveto
135.01582 79.70093 lineto stroke
newpath 155.3599 75.71588 moveto
155.3599 79.70093 lineto stroke
newpath 175.70396 75.71588 moveto
175.70396 79.70093 lineto stroke
 0 0.49814 dtransform truncate idtransform setlinewidth pop
newpath 14.94392 12.9514 moveto
10.95888 12.9514 lineto stroke
newpath 14.94392 142.46541 moveto
10.95888 142.46541 lineto stroke
newpath 12.9514 79.70093 moveto
12.42293 79.70093 11.91617 79.49097 11.5425 79.11731 curveto
11.16884 78.74364 10.95888 78.23688 10.95888 77.7084 curveto
10.95888 77.17993 11.16884 76.67317 11.5425 76.2995 curveto
11.91617 75.92584 12.42293 75.71588 12.9514 75.71588 curveto
13.47987 75.71588 13.98663 75.92584 14.3603 76.2995 curveto
14.73396 76.67317 14.94392 77.17993 14.94392 77.7084 curveto
14.94392 78.23688 14.73396 78.74364 14.3603 79.11731 curveto
13.98663 79.49097 13.47987 79.70093 12.9514 79.70093 curveto closepath fill
newpath 33.2852 144.45793 moveto
32.75673 144.45793 32.24997 144.24797 31.8763 143.87431 curveto
31.50264 143.50064 31.29268 142.99388 31.29268 142.46541 curveto
31.29268 141.93694 31.50264 141.43018 31.8763 141.0565 curveto
32.24997 140.68285 32.75673 140.47289 33.2852 140.47289 curveto
33.81367 140.47289 34.32043 140.68285 34.6941 141.0565 curveto
35.06776 141.43018 35.27773 141.93694 35.27773 142.46541 curveto
35.27773 142.99388 35.06776 143.50064 34.6941 143.87431 curveto
34.32043 144.24797 33.81367 144.45793 33.2852 144.45793 curveto closepath fill
newpath 53.61879 79.70093 moveto
53.09032 79.70093 52.58356 79.49097 52.20988 79.11731 curveto
51.83623 78.74364 51.62627 78.23688 51.62627 77.7084 curveto
51.62627 77.17993 51.83623 76.67317 52.20988 76.2995 curveto
52.58356 75.92584 53.09032 75.71588 53.61879 75.71588 curveto
54.14726 75.71588 54.65402 75.92584 55.0277 76.2995 curveto
55.40135 76.67317 55.61131 77.17993 55.61131 77.7084 curveto
55.61131 78.23688 55.40135 78.74364 55.0277 79.11731 curveto
54.65402 79.49097 54.14726 79.70093 53.61879 79.70093 curveto closepath fill
newpath 73.95259 14.94392 moveto
73.42412 14.94392 72.91736 14.73396 72.54369 14.3603 curveto
72.17003 13.98663 71.96007 13.47987 71.96007 12.9514 curveto
71.96007 12.42293 72.17003 11.91617 72.54369 11.5425 curveto
72.91736 11.16884 73.42412 10.95888 73.95259 10.95888 curveto
74.48106 10.95888 74.98782 11.16884 75.3615 11.5425 curveto
75.73515 11.91617 75.94511 12.42293 75.94511 12.9514 curveto
75.94511 13.47987 75.73515 13.98663 75.3615 14.3603 curveto
74.98782 14.73396 74.48106 14.94392 73.95259 14.94392 curveto closepath fill
newpath 94.28618 79.70093 moveto
93.7577 79.70093 93.25095 79.49097 92.87727 79.11731 curveto
92.50362 78.74364 92.29366 78.23688 92.29366 77.7084 curveto
92.29366 77.17993 92.50362 76.67317 92.87727 76.2995 curveto
93.25095 75.92584 93.7577 75.71588 94.28618 75.71588 curveto
94.81465 75.71588 95.32141 75.92584 95.69508 76.2995 curveto
96.06874 76.67317 96.2787 77.17993 96.2787 77.7084 curveto
96.2787 78.23688 96.06874 78.74364 95.69508 79.11731 curveto
95.32141 79.49097 94.81465 79.70093 94.28618 79.70093 curveto closepath fill
newpath 114.61998 144.45793 moveto
114.0915 144.45793 113.58475 144.24797 113.21107 143.87431 curveto
112.83742 143.50064 112.62746 142.99388 112.62746 142.46541 curveto
112.62746 141.93694 112.83742 141.43018 113.21107 141.0565 curveto
113.58475 140.68285 114.0915 140.47289 114.61998 140.47289 curveto
115.14845 140.47289 115.65521 140.68285 116.02888 141.0565 curveto
116.40254 141.43018 116.6125 141.93694 116.6125 142.46541 curveto
116.6125 142.99388 116.40254 143.50064 116.02888 143.87431 curveto
115.65521 144.24797 115.14845 144.45793 114.61998 144.45793 curveto closepath fill
newpath 134.95357 79.70093 moveto
134.4251 79.70093 133.91833 79.49097 133.54466 79.11731 curveto
133.171 78.74364 132.96104 78.23688 132.96104 77.7084 curveto
132.96104 77.17993 133.171 76.67317 133.54466 76.2995 curveto
133.91833 75.92584 134.4251 75.71588 134.95357 75.71588 curveto
135.48204 75.71588 135.9888 75.92584 136.36247 76.2995 curveto
136.73613 76.67317 136.94609 77.17993 136.94609 77.7084 curveto
136.94609 78.23688 136.73613 78.74364 136.36247 79.11731 curveto
135.9888 79.49097 135.48204 79.70093 134.95357 79.70093 curveto closepath fill
newpath 155.41681 14.94392 moveto
154.88834 14.94392 154.38158 14.73396 154.0079 14.3603 curveto
153.63425 13.98663 153.42429 13.47987 153.42429 12.9514 curveto
153.42429 12.42293 153.63425 11.91617 154.0079 11.5425 curveto
154.38158 11.16884 154.88834 10.95888 155.41681 10.95888 curveto
155.94528 10.95888 156.45204 11.16884 156.82571 11.5425 curveto
157.19937 11.91617 157.40933 12.42293 157.40933 12.9514 curveto
157.40933 13.47987 157.19937 13.98663 156.82571 14.3603 curveto
156.45204 14.73396 155.94528 14.94392 155.41681 14.94392 curveto closepath fill
newpath 175.75061 79.70093 moveto
175.22214 79.70093 174.71538 79.49097 174.3417 79.11731 curveto
173.96805 78.74364 173.75809 78.23688 173.75809 77.7084 curveto
173.75809 77.17993 173.96805 76.67317 174.3417 76.2995 curveto
174.71538 75.92584 175.22214 75.71588 175.75061 75.71588 curveto
176.27908 75.71588 176.78584 75.92584 177.15952 76.2995 curveto
177.53317 76.67317 177.74313 77.17993 177.74313 77.7084 curveto
177.74313 78.23688 177.53317 78.74364 177.15952 79.11731 curveto
176.78584 79.49097 176.27908 79.70093 175.75061 79.70093 curveto closepath fill
 0 1.24533 dtransform truncate idtransform setlinewidth pop
newpath 12.9514 77.7084 moveto
13.37985 79.85794 13.81047 82.0071 14.24306 84.15584 curveto
14.6717 86.28424 15.10016 88.41284 15.53493 90.54004 curveto
15.9614 92.62654 16.38963 94.71245 16.82658 96.79678 curveto
17.25166 98.82419 17.68071 100.85062 18.12082 102.87466 curveto
18.54274 104.81552 18.971 106.75519 19.41267 108.6917 curveto
19.83203 110.53017 20.25989 112.36688 20.70433 114.19943 curveto
21.12112 115.91797 21.54858 117.63373 21.996 119.34454 curveto
22.40982 120.92651 22.83688 122.50493 23.28786 124.07661 curveto
23.69812 125.50583 24.12459 126.93048 24.57951 128.34625 curveto
24.98602 129.61064 25.41132 130.86911 25.87138 132.11491 curveto
26.27275 133.20184 26.69685 134.28027 27.16304 135.34111 curveto
27.55968 136.24365 27.98277 137.13474 28.45728 137.99913 curveto
28.84679 138.7088 29.26694 139.40186 29.74893 140.05243 curveto
30.13292 140.5708 30.55267 141.06407 31.04079 141.48619 curveto
31.42696 141.81998 31.85362 142.1089 32.33246 142.28656 curveto
32.74509 142.43951 33.18758 142.49998 33.62431 142.44466 curveto
34.08617 142.38615 34.52113 142.20554 34.91597 141.95949 curveto
35.40292 141.65594 35.82425 141.26169 36.20764 140.83502 curveto
36.69339 140.29453 37.11314 139.69948 37.4995 139.08409 curveto
37.97813 138.32185 38.40007 137.52583 38.79373 136.71657 curveto
39.26328 135.75137 39.68658 134.76445 40.08539 133.76804 curveto
40.54822 132.61134 40.97311 131.43983 41.37726 130.26122 curveto
41.83475 128.92706 42.26062 127.58264 42.66891 126.23268 curveto
43.12186 124.73569 43.54854 123.23079 43.96057 121.72194 curveto
44.40977 120.07733 44.83704 118.42699 45.25244 116.77347 curveto
45.69827 114.99823 46.12593 113.21863 46.5441 111.43668 curveto
46.98717 109.54858 47.41522 107.65714 47.83595 105.76392 curveto
48.27725 103.7786 48.70628 101.79071 49.13019 99.80164 curveto
49.56831 97.74635 49.99657 95.6889 50.42184 93.63086 curveto
50.8576 91.52263 51.28606 89.41301 51.71352 87.303 curveto
52.1473 85.16174 52.57574 83.01932 53.00537 80.87729 curveto
53.43698 78.72577 53.86542 76.57346 54.29703 74.42194 curveto
54.72667 72.2805 55.1551 70.13885 55.5889 67.99821 curveto
56.01634 65.8886 56.4448 63.77916 56.88055 61.67133 curveto
57.30583 59.61467 57.73409 57.5586 58.17221 55.5045 curveto
58.59612 53.51682 59.02516 51.53012 59.46645 49.54619 curveto
59.88719 47.65494 60.31523 45.76546 60.7583 43.87935 curveto
61.17648 42.09976 61.60413 40.32234 62.04997 38.54947 curveto
62.46538 36.89833 62.89244 35.25015 63.34183 33.60791 curveto
63.75388 32.10202 64.18054 30.6001 64.63348 29.10606 curveto
65.04178 27.75908 65.46765 26.4174 65.92516 25.08643 curveto
66.32909 23.91116 66.75398 22.74281 67.21701 21.5895 curveto
67.61581 20.59644 68.03893 19.61327 68.50867 18.65182 curveto
68.90215 17.84631 69.32426 17.05444 69.8029 16.29616 curveto
70.18925 15.68393 70.60861 15.09186 71.09476 14.55511 curveto
71.47795 14.132 71.89967 13.7423 72.38643 13.44348 curveto
72.78188 13.2008 73.21704 13.02353 73.67809 12.9692 curveto
74.11581 12.9176 74.5581 12.98262 74.96994 13.13914 curveto
75.44919 13.32115 75.87585 13.61343 76.26161 13.95038 curveto
76.74994 14.37685 77.1693 14.87407 77.55347 15.396 curveto
78.03528 16.05052 78.45561 16.74695 78.84512 17.46016 curveto
79.31943 18.32852 79.74254 19.22375 80.13936 20.13005 curveto
80.60536 21.19424 81.02945 22.27603 81.43103 23.36612 curveto
81.89108 24.6151 82.31638 25.87633 82.72289 27.14368 curveto
83.17781 28.5626 83.60428 29.99063 84.01454 31.42319 curveto
84.46552 32.99765 84.89258 34.57863 85.30641 36.16318 curveto
85.75381 37.87636 86.18127 39.5945 86.59807 41.3152 curveto
87.04253 43.14973 87.47017 44.9884 87.88972 46.82887 curveto
88.33142 48.76715 88.75966 50.7082 89.1816 52.65083 curveto
89.62169 54.67627 90.05074 56.70407 90.47581 58.73267 curveto
90.91277 60.8176 91.341 62.9043 91.76749 64.99138 curveto
92.20226 67.11919 92.63069 69.24837 93.05934 71.37756 curveto
93.49194 73.5267 93.92038 75.67645 94.351 77.82599 curveto
94.78162 79.97514 95.21007 82.12468 95.64267 84.27344 curveto
96.0711 86.40123 96.49976 88.52904 96.93452 90.65565 curveto
97.361 92.74117 97.78925 94.82608 98.22618 96.90942 curveto
98.65108 98.93546 99.0803 100.9605 99.52042 102.98335 curveto
99.94234 104.92224 100.37039 106.85992 100.81227 108.79445 curveto
101.23163 110.63097 101.65948 112.4657 102.10394 114.29626 curveto
102.52052 116.01242 102.94798 117.72601 103.3956 119.43446 curveto
103.80922 121.01385 104.23648 122.58951 104.68745 124.15863 curveto
105.09752 125.58527 105.524 127.00735 105.97913 128.42036 curveto
106.38544 129.6812 106.81071 130.9359 107.27098 132.17816 curveto
107.67235 133.26172 108.09645 134.33699 108.56264 135.39447 curveto
108.95927 136.29385 109.38219 137.18176 109.85687 138.04262 curveto
110.24619 138.74852 110.66653 139.43764 111.14853 140.08406 curveto
111.53271 140.59906 111.95207 141.08896 112.4404 141.50694 curveto
112.82675 141.83755 113.25362 142.12233 113.73206 142.29546 curveto
114.14548 142.44505 114.58817 142.50098 115.02391 142.4417 curveto
115.48656 142.37885 115.92113 142.19388 116.31558 141.94467 curveto
116.80272 141.63678 117.22404 141.23936 117.60724 140.80933 curveto
118.093 140.26428 118.51236 139.6647 118.8991 139.04555 curveto
119.37735 138.27956 119.79967 137.48077 120.19333 136.66815 curveto
120.66289 135.6992 121.086 134.70872 121.48499 133.70874 curveto
121.94783 132.5487 122.37271 131.37384 122.77686 130.19205 curveto
123.23415 128.85493 123.66003 127.50734 124.06851 126.15462 curveto
124.52127 124.65486 124.94814 123.1474 125.36018 121.63597 curveto
125.80937 119.98878 126.23663 118.33568 126.65204 116.6796 curveto
127.09787 114.90218 127.52553 113.12003 127.9437 111.33588 curveto
128.38676 109.44621 128.81482 107.553 129.23555 105.65819 curveto
129.67685 103.67128 130.10588 101.68163 130.52979 99.69096 curveto
130.96773 97.6347 131.39616 95.57626 131.82146 93.51723 curveto
132.2572 91.408 132.68565 89.2974 133.11311 87.18639 curveto
133.54689 85.04475 133.97534 82.90213 134.40497 80.7597 curveto
134.83638 78.60818 135.26503 76.45587 135.69664 74.30435 curveto
136.12627 72.16331 136.55472 70.02187 136.9885 67.88162 curveto
137.41595 65.77298 137.84439 63.66455 138.28015 61.5577 curveto
138.70544 59.50201 139.13368 57.44695 139.57182 55.39384 curveto
139.99571 53.40773 140.42476 51.4228 140.86604 49.44046 curveto
141.28679 47.55118 141.71484 45.66368 142.15791 43.77956 curveto
142.57608 42.00194 143.00354 40.2265 143.44957 38.4556 curveto
143.86478 36.80702 144.29204 35.16162 144.74142 33.52194 curveto
145.15327 32.01863 145.58014 30.51947 146.0331 29.028 curveto
146.44138 27.68437 146.86707 26.34607 147.32475 25.01825 curveto
147.7287 23.84615 148.15358 22.68115 148.61661 21.53119 curveto
149.01521 20.54149 149.43832 19.56148 149.90828 18.60341 curveto
150.30154 17.80125 150.72366 17.01294 151.2025 16.25862 curveto
151.58885 15.64993 152.00821 15.06181 152.49437 14.52942 curveto
152.87775 14.10947 153.29929 13.72292 153.78603 13.42867 curveto
154.18187 13.18933 154.61763 13.01721 155.07768 12.96721 curveto
155.51622 12.91959 155.9583 12.98836 156.36955 13.14804 curveto
156.84938 13.3344 157.27545 13.63063 157.66121 13.97113 curveto
158.14934 14.40215 158.5689 14.90312 158.95306 15.4286 curveto
159.43468 16.08708 159.85503 16.78706 160.24474 17.50365 curveto
160.71883 18.37555 161.14214 19.27374 161.53896 20.18341 curveto
162.00496 21.25136 162.42886 22.3367 162.83063 23.43034 curveto
163.2905 24.68228 163.71597 25.94647 164.12248 27.2168 curveto
164.57741 28.63869 165.00388 30.06967 165.41414 31.5052 curveto
165.86493 33.08223 166.29219 34.66599 166.70601 36.2531 curveto
167.15343 37.96846 167.58089 39.68896 167.99767 41.41203 curveto
168.44193 43.24893 168.86978 45.0898 169.28932 46.93262 curveto
169.73102 48.87248 170.15907 50.81532 170.58119 52.75952 curveto
171.0211 54.78635 171.45033 56.81534 171.87543 58.84532 curveto
172.31236 60.93123 172.74062 63.0189 173.16708 65.107 curveto
173.60185 67.23558 174.0303 69.36537 174.45894 71.49515 curveto
174.89154 73.64429 175.32196 75.79364 175.75061 77.94357 curveto stroke
showpage
%%EOF
