%!PS
%%BoundingBox: 36 36 150 128 
%%HiResBoundingBox: 36.16435 36.16435 149.68831 127.79802 
%%Creator: MetaPost 2.000
%%CreationDate: 2017.07.04:1542
%%Pages: 1
%%BeginProlog
%%EndProlog
%%Page: 1 1
 0 0 0 setrgbcolor 0 0.49814 dtransform truncate idtransform setlinewidth pop [] 0 setdash 1 setlinecap
 1 setlinejoin 10 setmiterlimit
newpath 74.71962 74.71962 moveto
149.43924 74.71962 lineto stroke
newpath 146.45045 76.21402 moveto
147.156 75.27327 148.2633 74.71962 149.43924 74.71962 curveto
148.2633 74.71962 147.156 74.16597 146.45045 73.22522 curveto stroke
newpath 127.79802 127.54895 moveto
127.79802 127.615 127.77177 127.67836 127.72507 127.72507 curveto
127.67836 127.77177 127.615 127.79802 127.54895 127.79802 curveto
127.4829 127.79802 127.41954 127.77177 127.37283 127.72507 curveto
127.32613 127.67836 127.29988 127.615 127.29988 127.54895 curveto
127.29988 127.4829 127.32613 127.41954 127.37283 127.37283 curveto
127.41954 127.32613 127.4829 127.29988 127.54895 127.29988 curveto
127.615 127.29988 127.67836 127.32613 127.72507 127.37283 curveto
127.77177 127.41954 127.79802 127.4829 127.79802 127.54895 curveto closepath fill
newpath 125.68517 125.4361 moveto
125.68517 125.50215 125.65892 125.5655 125.61221 125.61221 curveto
125.5655 125.65892 125.50215 125.68517 125.4361 125.68517 curveto
125.37004 125.68517 125.30669 125.65892 125.25998 125.61221 curveto
125.21327 125.5655 125.18703 125.50215 125.18703 125.4361 curveto
125.18703 125.37004 125.21327 125.30669 125.25998 125.25998 curveto
125.30669 125.21327 125.37004 125.18703 125.4361 125.18703 curveto
125.50215 125.18703 125.5655 125.21327 125.61221 125.25998 curveto
125.65892 125.30669 125.68517 125.37004 125.68517 125.4361 curveto closepath fill
newpath 123.57153 123.32246 moveto
123.57153 123.38852 123.54529 123.45187 123.49858 123.49858 curveto
123.45187 123.54529 123.38852 123.57153 123.32246 123.57153 curveto
123.25641 123.57153 123.19305 123.54529 123.14635 123.49858 curveto
123.09964 123.45187 123.0734 123.38852 123.0734 123.32246 curveto
123.0734 123.25641 123.09964 123.19305 123.14635 123.14635 curveto
123.19305 123.09964 123.25641 123.0734 123.32246 123.0734 curveto
123.38852 123.0734 123.45187 123.09964 123.49858 123.14635 curveto
123.54529 123.19305 123.57153 123.25641 123.57153 123.32246 curveto closepath fill
newpath 121.4587 121.20963 moveto
121.4587 121.27568 121.43245 121.33904 121.38574 121.38574 curveto
121.33904 121.43245 121.27568 121.4587 121.20963 121.4587 curveto
121.14357 121.4587 121.08022 121.43245 121.03351 121.38574 curveto
120.9868 121.33904 120.96056 121.27568 120.96056 121.20963 curveto
120.96056 121.14357 120.9868 121.08022 121.03351 121.03351 curveto
121.08022 120.9868 121.14357 120.96056 121.20963 120.96056 curveto
121.27568 120.96056 121.33904 120.9868 121.38574 121.03351 curveto
121.43245 121.08022 121.4587 121.14357 121.4587 121.20963 curveto closepath fill
newpath 119.34506 119.096 moveto
119.34506 119.16205 119.31882 119.2254 119.27211 119.27211 curveto
119.2254 119.31882 119.16205 119.34506 119.096 119.34506 curveto
119.02994 119.34506 118.96658 119.31882 118.91988 119.27211 curveto
118.87317 119.2254 118.84692 119.16205 118.84692 119.096 curveto
118.84692 119.02994 118.87317 118.96658 118.91988 118.91988 curveto
118.96658 118.87317 119.02994 118.84692 119.096 118.84692 curveto
119.16205 118.84692 119.2254 118.87317 119.27211 118.91988 curveto
119.31882 118.96658 119.34506 119.02994 119.34506 119.096 curveto closepath fill
newpath 117.23224 116.98317 moveto
117.23224 117.04922 117.206 117.11258 117.15929 117.15929 curveto
117.11258 117.206 117.04922 117.23224 116.98317 117.23224 curveto
116.91711 117.23224 116.85376 117.206 116.80705 117.15929 curveto
116.76035 117.11258 116.7341 117.04922 116.7341 116.98317 curveto
116.7341 116.91711 116.76035 116.85376 116.80705 116.80705 curveto
116.85376 116.76035 116.91711 116.7341 116.98317 116.7341 curveto
117.04922 116.7341 117.11258 116.76035 117.15929 116.80705 curveto
117.206 116.85376 117.23224 116.91711 117.23224 116.98317 curveto closepath fill
newpath 115.11859 114.86952 moveto
115.11859 114.93558 115.09235 114.99893 115.04564 115.04564 curveto
114.99893 115.09235 114.93558 115.11859 114.86952 115.11859 curveto
114.80347 115.11859 114.74011 115.09235 114.6934 115.04564 curveto
114.6467 114.99893 114.62045 114.93558 114.62045 114.86952 curveto
114.62045 114.80347 114.6467 114.74011 114.6934 114.6934 curveto
114.74011 114.6467 114.80347 114.62045 114.86952 114.62045 curveto
114.93558 114.62045 114.99893 114.6467 115.04564 114.6934 curveto
115.09235 114.74011 115.11859 114.80347 115.11859 114.86952 curveto closepath fill
newpath 113.00577 112.7567 moveto
113.00577 112.82275 112.97952 112.88611 112.93282 112.93282 curveto
112.88611 112.97952 112.82275 113.00577 112.7567 113.00577 curveto
112.69064 113.00577 112.62729 112.97952 112.58058 112.93282 curveto
112.53387 112.88611 112.50763 112.82275 112.50763 112.7567 curveto
112.50763 112.69064 112.53387 112.62729 112.58058 112.58058 curveto
112.62729 112.53387 112.69064 112.50763 112.7567 112.50763 curveto
112.82275 112.50763 112.88611 112.53387 112.93282 112.58058 curveto
112.97952 112.62729 113.00577 112.69064 113.00577 112.7567 curveto closepath fill
newpath 110.89296 110.64389 moveto
110.89296 110.70995 110.86671 110.7733 110.82 110.82 curveto
110.7733 110.86671 110.70995 110.89296 110.64389 110.89296 curveto
110.57784 110.89296 110.51448 110.86671 110.46777 110.82 curveto
110.42107 110.7733 110.39482 110.70995 110.39482 110.64389 curveto
110.39482 110.57784 110.42107 110.51448 110.46777 110.46777 curveto
110.51448 110.42107 110.57784 110.39482 110.64389 110.39482 curveto
110.70995 110.39482 110.7733 110.42107 110.82 110.46777 curveto
110.86671 110.51448 110.89296 110.57784 110.89296 110.64389 curveto closepath fill
newpath 108.77933 108.53026 moveto
108.77933 108.59631 108.75308 108.65967 108.70638 108.70638 curveto
108.65967 108.75308 108.59631 108.77933 108.53026 108.77933 curveto
108.4642 108.77933 108.40085 108.75308 108.35414 108.70638 curveto
108.30743 108.65967 108.28119 108.59631 108.28119 108.53026 curveto
108.28119 108.4642 108.30743 108.40085 108.35414 108.35414 curveto
108.40085 108.30743 108.4642 108.28119 108.53026 108.28119 curveto
108.59631 108.28119 108.65967 108.30743 108.70638 108.35414 curveto
108.75308 108.40085 108.77933 108.4642 108.77933 108.53026 curveto closepath fill
newpath 106.6665 106.41743 moveto
106.6665 106.48349 106.64026 106.54684 106.59355 106.59355 curveto
106.54684 106.64026 106.48349 106.6665 106.41743 106.6665 curveto
106.35138 106.6665 106.28802 106.64026 106.24132 106.59355 curveto
106.19461 106.54684 106.16837 106.48349 106.16837 106.41743 curveto
106.16837 106.35138 106.19461 106.28802 106.24132 106.24132 curveto
106.28802 106.19461 106.35138 106.16837 106.41743 106.16837 curveto
106.48349 106.16837 106.54684 106.19461 106.59355 106.24132 curveto
106.64026 106.28802 106.6665 106.35138 106.6665 106.41743 curveto closepath fill
newpath 104.5529 104.30383 moveto
104.5529 104.36989 104.52666 104.43324 104.47995 104.47995 curveto
104.43324 104.52666 104.36989 104.5529 104.30383 104.5529 curveto
104.23778 104.5529 104.17442 104.52666 104.12772 104.47995 curveto
104.08101 104.43324 104.05476 104.36989 104.05476 104.30383 curveto
104.05476 104.23778 104.08101 104.17442 104.12772 104.12772 curveto
104.17442 104.08101 104.23778 104.05476 104.30383 104.05476 curveto
104.36989 104.05476 104.43324 104.08101 104.47995 104.12772 curveto
104.52666 104.17442 104.5529 104.23778 104.5529 104.30383 curveto closepath fill
newpath 102.44008 102.19101 moveto
102.44008 102.25706 102.41383 102.32042 102.36713 102.36713 curveto
102.32042 102.41383 102.25706 102.44008 102.19101 102.44008 curveto
102.12495 102.44008 102.0616 102.41383 102.0149 102.36713 curveto
101.96819 102.32042 101.94194 102.25706 101.94194 102.19101 curveto
101.94194 102.12495 101.96819 102.0616 102.0149 102.0149 curveto
102.0616 101.96819 102.12495 101.94194 102.19101 101.94194 curveto
102.25706 101.94194 102.32042 101.96819 102.36713 102.0149 curveto
102.41383 102.0616 102.44008 102.12495 102.44008 102.19101 curveto closepath fill
newpath 100.32646 100.0774 moveto
100.32646 100.14345 100.30022 100.2068 100.25351 100.25351 curveto
100.2068 100.30022 100.14345 100.32646 100.0774 100.32646 curveto
100.01134 100.32646 99.94798 100.30022 99.90128 100.25351 curveto
99.85457 100.2068 99.82832 100.14345 99.82832 100.0774 curveto
99.82832 100.01134 99.85457 99.94798 99.90128 99.90128 curveto
99.94798 99.85457 100.01134 99.82832 100.0774 99.82832 curveto
100.14345 99.82832 100.2068 99.85457 100.25351 99.90128 curveto
100.30022 99.94798 100.32646 100.01134 100.32646 100.0774 curveto closepath fill
newpath 98.21365 97.96458 moveto
98.21365 98.03064 98.18741 98.094 98.1407 98.1407 curveto
98.094 98.18741 98.03064 98.21365 97.96458 98.21365 curveto
97.89853 98.21365 97.83517 98.18741 97.78847 98.1407 curveto
97.74176 98.094 97.71552 98.03064 97.71552 97.96458 curveto
97.71552 97.89853 97.74176 97.83517 97.78847 97.78847 curveto
97.83517 97.74176 97.89853 97.71552 97.96458 97.71552 curveto
98.03064 97.71552 98.094 97.74176 98.1407 97.78847 curveto
98.18741 97.83517 98.21365 97.89853 98.21365 97.96458 curveto closepath fill
newpath 96.10085 95.85178 moveto
96.10085 95.91783 96.0746 95.98119 96.0279 96.0279 curveto
95.98119 96.0746 95.91783 96.10085 95.85178 96.10085 curveto
95.78572 96.10085 95.72237 96.0746 95.67566 96.0279 curveto
95.62895 95.98119 95.6027 95.91783 95.6027 95.85178 curveto
95.6027 95.78572 95.62895 95.72237 95.67566 95.67566 curveto
95.72237 95.62895 95.78572 95.6027 95.85178 95.6027 curveto
95.91783 95.6027 95.98119 95.62895 96.0279 95.67566 curveto
96.0746 95.72237 96.10085 95.78572 96.10085 95.85178 curveto closepath fill
newpath 93.98723 93.73816 moveto
93.98723 93.80421 93.96098 93.86757 93.91428 93.91428 curveto
93.86757 93.96098 93.80421 93.98723 93.73816 93.98723 curveto
93.6721 93.98723 93.60875 93.96098 93.56204 93.91428 curveto
93.51534 93.86757 93.48909 93.80421 93.48909 93.73816 curveto
93.48909 93.6721 93.51534 93.60875 93.56204 93.56204 curveto
93.60875 93.51534 93.6721 93.48909 93.73816 93.48909 curveto
93.80421 93.48909 93.86757 93.51534 93.91428 93.56204 curveto
93.96098 93.60875 93.98723 93.6721 93.98723 93.73816 curveto closepath fill
newpath 91.87442 91.62535 moveto
91.87442 91.6914 91.84818 91.75476 91.80147 91.80147 curveto
91.75476 91.84818 91.6914 91.87442 91.62535 91.87442 curveto
91.5593 91.87442 91.49594 91.84818 91.44923 91.80147 curveto
91.40253 91.75476 91.37628 91.6914 91.37628 91.62535 curveto
91.37628 91.5593 91.40253 91.49594 91.44923 91.44923 curveto
91.49594 91.40253 91.5593 91.37628 91.62535 91.37628 curveto
91.6914 91.37628 91.75476 91.40253 91.80147 91.44923 curveto
91.84818 91.49594 91.87442 91.5593 91.87442 91.62535 curveto closepath fill
newpath 89.76079 89.51172 moveto
89.76079 89.57777 89.73454 89.64113 89.68784 89.68784 curveto
89.64113 89.73454 89.57777 89.76079 89.51172 89.76079 curveto
89.44566 89.76079 89.38231 89.73454 89.3356 89.68784 curveto
89.2889 89.64113 89.26265 89.57777 89.26265 89.51172 curveto
89.26265 89.44566 89.2889 89.38231 89.3356 89.3356 curveto
89.38231 89.2889 89.44566 89.26265 89.51172 89.26265 curveto
89.57777 89.26265 89.64113 89.2889 89.68784 89.3356 curveto
89.73454 89.38231 89.76079 89.44566 89.76079 89.51172 curveto closepath fill
newpath 87.64798 87.39891 moveto
87.64798 87.46497 87.62173 87.52832 87.57503 87.57503 curveto
87.52832 87.62173 87.46497 87.64798 87.39891 87.64798 curveto
87.33286 87.64798 87.2695 87.62173 87.2228 87.57503 curveto
87.17609 87.52832 87.14984 87.46497 87.14984 87.39891 curveto
87.14984 87.33286 87.17609 87.2695 87.2228 87.2228 curveto
87.2695 87.17609 87.33286 87.14984 87.39891 87.14984 curveto
87.46497 87.14984 87.52832 87.17609 87.57503 87.2228 curveto
87.62173 87.2695 87.64798 87.33286 87.64798 87.39891 curveto closepath fill
newpath 85.53436 85.2853 moveto
85.53436 85.35135 85.50812 85.4147 85.46141 85.46141 curveto
85.4147 85.50812 85.35135 85.53436 85.2853 85.53436 curveto
85.21924 85.53436 85.15588 85.50812 85.10918 85.46141 curveto
85.06247 85.4147 85.03622 85.35135 85.03622 85.2853 curveto
85.03622 85.21924 85.06247 85.15588 85.10918 85.10918 curveto
85.15588 85.06247 85.21924 85.03622 85.2853 85.03622 curveto
85.35135 85.03622 85.4147 85.06247 85.46141 85.10918 curveto
85.50812 85.15588 85.53436 85.21924 85.53436 85.2853 curveto closepath fill
newpath 83.42155 83.17249 moveto
83.42155 83.23854 83.39531 83.3019 83.3486 83.3486 curveto
83.3019 83.39531 83.23854 83.42155 83.17249 83.42155 curveto
83.10643 83.42155 83.04308 83.39531 82.99637 83.3486 curveto
82.94966 83.3019 82.92342 83.23854 82.92342 83.17249 curveto
82.92342 83.10643 82.94966 83.04308 82.99637 82.99637 curveto
83.04308 82.94966 83.10643 82.92342 83.17249 82.92342 curveto
83.23854 82.92342 83.3019 82.94966 83.3486 82.99637 curveto
83.39531 83.04308 83.42155 83.10643 83.42155 83.17249 curveto closepath fill
newpath 81.30794 81.05887 moveto
81.30794 81.12492 81.2817 81.18828 81.23499 81.23499 curveto
81.18828 81.2817 81.12492 81.30794 81.05887 81.30794 curveto
80.99281 81.30794 80.92946 81.2817 80.88275 81.23499 curveto
80.83604 81.18828 80.8098 81.12492 80.8098 81.05887 curveto
80.8098 80.99281 80.83604 80.92946 80.88275 80.88275 curveto
80.92946 80.83604 80.99281 80.8098 81.05887 80.8098 curveto
81.12492 80.8098 81.18828 80.83604 81.23499 80.88275 curveto
81.2817 80.92946 81.30794 80.99281 81.30794 81.05887 curveto closepath fill
newpath 79.19513 78.94606 moveto
79.19513 79.01212 79.16888 79.07547 79.12218 79.12218 curveto
79.07547 79.16888 79.01212 79.19513 78.94606 79.19513 curveto
78.88 79.19513 78.81665 79.16888 78.76994 79.12218 curveto
78.72324 79.07547 78.69699 79.01212 78.69699 78.94606 curveto
78.69699 78.88 78.72324 78.81665 78.76994 78.76994 curveto
78.81665 78.72324 78.88 78.69699 78.94606 78.69699 curveto
79.01212 78.69699 79.07547 78.72324 79.12218 78.76994 curveto
79.16888 78.81665 79.19513 78.88 79.19513 78.94606 curveto closepath fill
newpath 77.08232 76.83325 moveto
77.08232 76.8993 77.05608 76.96266 77.00937 77.00937 curveto
76.96266 77.05608 76.8993 77.08232 76.83325 77.08232 curveto
76.7672 77.08232 76.70384 77.05608 76.65714 77.00937 curveto
76.61043 76.96266 76.58418 76.8993 76.58418 76.83325 curveto
76.58418 76.7672 76.61043 76.70384 76.65714 76.65714 curveto
76.70384 76.61043 76.7672 76.58418 76.83325 76.58418 curveto
76.8993 76.58418 76.96266 76.61043 77.00937 76.65714 curveto
77.05608 76.70384 77.08232 76.7672 77.08232 76.83325 curveto closepath fill
newpath 74.96869 74.71962 moveto
74.96869 74.78568 74.94244 74.84903 74.89574 74.89574 curveto
74.84903 74.94244 74.78568 74.96869 74.71962 74.96869 curveto
74.65356 74.96869 74.59021 74.94244 74.5435 74.89574 curveto
74.4968 74.84903 74.47055 74.78568 74.47055 74.71962 curveto
74.47055 74.65356 74.4968 74.59021 74.5435 74.5435 curveto
74.59021 74.4968 74.65356 74.47055 74.71962 74.47055 curveto
74.78568 74.47055 74.84903 74.4968 74.89574 74.5435 curveto
74.94244 74.59021 74.96869 74.65356 74.96869 74.71962 curveto closepath fill
 0.49814 0 dtransform exch truncate exch idtransform pop setlinewidth
newpath 89.66354 72.7271 moveto
89.66354 76.71214 lineto stroke
newpath 104.60747 72.7271 moveto
104.60747 76.71214 lineto stroke
newpath 119.55139 72.7271 moveto
119.55139 76.71214 lineto stroke
newpath 134.49532 72.7271 moveto
134.49532 76.71214 lineto stroke
newpath 74.71962 76.21402 moveto
74.32326 76.21402 73.94319 76.05653 73.66295 75.77629 curveto
73.3827 75.49605 73.22522 75.11598 73.22522 74.71962 curveto
73.22522 74.32326 73.3827 73.94319 73.66295 73.66295 curveto
73.94319 73.3827 74.32326 73.22522 74.71962 73.22522 curveto
75.11598 73.22522 75.49605 73.3827 75.77629 73.66295 curveto
76.05653 73.94319 76.21402 74.32326 76.21402 74.71962 curveto
76.21402 75.11598 76.05653 75.49605 75.77629 75.77629 curveto
75.49605 76.05653 75.11598 76.21402 74.71962 76.21402 curveto closepath fill
newpath 37.65875 39.15315 moveto
37.26239 39.15315 36.88232 38.99567 36.60208 38.71542 curveto
36.32184 38.43518 36.16435 38.05511 36.16435 37.65875 curveto
36.16435 37.26239 36.32184 36.88232 36.60208 36.60208 curveto
36.88232 36.32184 37.26239 36.16435 37.65875 36.16435 curveto
38.05511 36.16435 38.43518 36.32184 38.71542 36.60208 curveto
38.99567 36.88232 39.15315 37.26239 39.15315 37.65875 curveto
39.15315 38.05511 38.99567 38.43518 38.71542 38.71542 curveto
38.43518 38.99567 38.05511 39.15315 37.65875 39.15315 curveto closepath fill
newpath 93.57768 76.34773 moveto
93.57768 76.41379 93.55144 76.47714 93.50473 76.52385 curveto
93.45802 76.57056 93.39467 76.5968 93.32861 76.5968 curveto
93.26256 76.5968 93.1992 76.57056 93.1525 76.52385 curveto
93.10579 76.47714 93.07954 76.41379 93.07954 76.34773 curveto
93.07954 76.28168 93.10579 76.21832 93.1525 76.17162 curveto
93.1992 76.12491 93.26256 76.09866 93.32861 76.09866 curveto
93.39467 76.09866 93.45802 76.12491 93.50473 76.17162 curveto
93.55144 76.21832 93.57768 76.28168 93.57768 76.34773 curveto closepath fill
newpath 93.01222 79.55423 moveto
93.01222 79.62029 92.98598 79.68364 92.93927 79.73035 curveto
92.89256 79.77705 92.82921 79.8033 92.76315 79.8033 curveto
92.6971 79.8033 92.63374 79.77705 92.58704 79.73035 curveto
92.54033 79.68364 92.51408 79.62029 92.51408 79.55423 curveto
92.51408 79.48817 92.54033 79.42482 92.58704 79.37811 curveto
92.63374 79.3314 92.6971 79.30516 92.76315 79.30516 curveto
92.82921 79.30516 92.89256 79.3314 92.93927 79.37811 curveto
92.98598 79.42482 93.01222 79.48817 93.01222 79.55423 curveto closepath fill
newpath 91.89845 82.61421 moveto
91.89845 82.68027 91.87221 82.74362 91.8255 82.79033 curveto
91.7788 82.83704 91.71544 82.86328 91.64938 82.86328 curveto
91.58333 82.86328 91.51997 82.83704 91.47327 82.79033 curveto
91.42656 82.74362 91.40031 82.68027 91.40031 82.61421 curveto
91.40031 82.54816 91.42656 82.4848 91.47327 82.4381 curveto
91.51997 82.39139 91.58333 82.36514 91.64938 82.36514 curveto
91.71544 82.36514 91.7788 82.39139 91.8255 82.4381 curveto
91.87221 82.4848 91.89845 82.54816 91.89845 82.61421 curveto closepath fill
newpath 90.27043 85.43402 moveto
90.27043 85.50008 90.24419 85.56343 90.19748 85.61014 curveto
90.15077 85.65685 90.08742 85.68309 90.02136 85.68309 curveto
89.9553 85.68309 89.89195 85.65685 89.84525 85.61014 curveto
89.79854 85.56343 89.7723 85.50008 89.7723 85.43402 curveto
89.7723 85.36797 89.79854 85.30461 89.84525 85.2579 curveto
89.89195 85.2112 89.9553 85.18495 90.02136 85.18495 curveto
90.08742 85.18495 90.15077 85.2112 90.19748 85.2579 curveto
90.24419 85.30461 90.27043 85.36797 90.27043 85.43402 curveto closepath fill
newpath 88.17734 87.92827 moveto
88.17734 87.99432 88.1511 88.05768 88.10439 88.10439 curveto
88.05768 88.1511 87.99432 88.17734 87.92827 88.17734 curveto
87.86221 88.17734 87.79886 88.1511 87.75215 88.10439 curveto
87.70544 88.05768 87.6792 87.99432 87.6792 87.92827 curveto
87.6792 87.86221 87.70544 87.79886 87.75215 87.75215 curveto
87.79886 87.70544 87.86221 87.6792 87.92827 87.6792 curveto
87.99432 87.6792 88.05768 87.70544 88.10439 87.75215 curveto
88.1511 87.79886 88.17734 87.86221 88.17734 87.92827 curveto closepath fill
newpath 74.96869 74.71962 moveto
74.96869 74.78568 74.94244 74.84903 74.89574 74.89574 curveto
74.84903 74.94244 74.78568 74.96869 74.71962 74.96869 curveto
74.65356 74.96869 74.59021 74.94244 74.5435 74.89574 curveto
74.4968 74.84903 74.47055 74.78568 74.47055 74.71962 curveto
74.47055 74.65356 74.4968 74.59021 74.5435 74.5435 curveto
74.59021 74.4968 74.65356 74.47055 74.71962 74.47055 curveto
74.78568 74.47055 74.84903 74.4968 74.89574 74.5435 curveto
74.94244 74.59021 74.96869 74.65356 74.96869 74.71962 curveto closepath fill
newpath 72.90971 72.66064 moveto
72.90971 72.7267 72.88347 72.79005 72.83676 72.83676 curveto
72.79005 72.88347 72.7267 72.90971 72.66064 72.90971 curveto
72.59459 72.90971 72.53123 72.88347 72.48453 72.83676 curveto
72.43782 72.79005 72.41158 72.7267 72.41158 72.66064 curveto
72.41158 72.59459 72.43782 72.53123 72.48453 72.48453 curveto
72.53123 72.43782 72.59459 72.41158 72.66064 72.41158 curveto
72.7267 72.41158 72.79005 72.43782 72.83676 72.48453 curveto
72.88347 72.53123 72.90971 72.59459 72.90971 72.66064 curveto closepath fill
newpath 70.8507 70.60162 moveto
70.8507 70.66768 70.82445 70.73103 70.77774 70.77774 curveto
70.73103 70.82445 70.66768 70.8507 70.60162 70.8507 curveto
70.53557 70.8507 70.47221 70.82445 70.4255 70.77774 curveto
70.3788 70.73103 70.35255 70.66768 70.35255 70.60162 curveto
70.35255 70.53557 70.3788 70.47221 70.4255 70.4255 curveto
70.47221 70.3788 70.53557 70.35255 70.60162 70.35255 curveto
70.66768 70.35255 70.73103 70.3788 70.77774 70.4255 curveto
70.82445 70.47221 70.8507 70.53557 70.8507 70.60162 curveto closepath fill
newpath 68.79172 68.54265 moveto
68.79172 68.6087 68.76547 68.67206 68.71877 68.71877 curveto
68.67206 68.76547 68.6087 68.79172 68.54265 68.79172 curveto
68.4766 68.79172 68.41324 68.76547 68.36653 68.71877 curveto
68.31982 68.67206 68.29358 68.6087 68.29358 68.54265 curveto
68.29358 68.4766 68.31982 68.41324 68.36653 68.36653 curveto
68.41324 68.31982 68.4766 68.29358 68.54265 68.29358 curveto
68.6087 68.29358 68.67206 68.31982 68.71877 68.36653 curveto
68.76547 68.41324 68.79172 68.4766 68.79172 68.54265 curveto closepath fill
newpath 66.73271 66.48364 moveto
66.73271 66.5497 66.70647 66.61305 66.65976 66.65976 curveto
66.61305 66.70647 66.5497 66.73271 66.48364 66.73271 curveto
66.41759 66.73271 66.35423 66.70647 66.30753 66.65976 curveto
66.26082 66.61305 66.23457 66.5497 66.23457 66.48364 curveto
66.23457 66.41759 66.26082 66.35423 66.30753 66.30753 curveto
66.35423 66.26082 66.41759 66.23457 66.48364 66.23457 curveto
66.5497 66.23457 66.61305 66.26082 66.65976 66.30753 curveto
66.70647 66.35423 66.73271 66.41759 66.73271 66.48364 curveto closepath fill
newpath 64.67372 64.42465 moveto
64.67372 64.4907 64.64748 64.55406 64.60077 64.60077 curveto
64.55406 64.64748 64.4907 64.67372 64.42465 64.67372 curveto
64.3586 64.67372 64.29524 64.64748 64.24854 64.60077 curveto
64.20183 64.55406 64.17558 64.4907 64.17558 64.42465 curveto
64.17558 64.3586 64.20183 64.29524 64.24854 64.24854 curveto
64.29524 64.20183 64.3586 64.17558 64.42465 64.17558 curveto
64.4907 64.17558 64.55406 64.20183 64.60077 64.24854 curveto
64.64748 64.29524 64.67372 64.3586 64.67372 64.42465 curveto closepath fill
newpath 62.61526 62.3662 moveto
62.61526 62.43225 62.58902 62.4956 62.54231 62.54231 curveto
62.4956 62.58902 62.43225 62.61526 62.3662 62.61526 curveto
62.30014 62.61526 62.23679 62.58902 62.19008 62.54231 curveto
62.14337 62.4956 62.11713 62.43225 62.11713 62.3662 curveto
62.11713 62.30014 62.14337 62.23679 62.19008 62.19008 curveto
62.23679 62.14337 62.30014 62.11713 62.3662 62.11713 curveto
62.43225 62.11713 62.4956 62.14337 62.54231 62.19008 curveto
62.58902 62.23679 62.61526 62.30014 62.61526 62.3662 curveto closepath fill
newpath 60.55627 60.3072 moveto
60.55627 60.37326 60.53003 60.43661 60.48332 60.48332 curveto
60.43661 60.53003 60.37326 60.55627 60.3072 60.55627 curveto
60.24115 60.55627 60.1778 60.53003 60.13109 60.48332 curveto
60.08438 60.43661 60.05814 60.37326 60.05814 60.3072 curveto
60.05814 60.24115 60.08438 60.1778 60.13109 60.13109 curveto
60.1778 60.08438 60.24115 60.05814 60.3072 60.05814 curveto
60.37326 60.05814 60.43661 60.08438 60.48332 60.13109 curveto
60.53003 60.1778 60.55627 60.24115 60.55627 60.3072 curveto closepath fill
newpath 58.49727 58.2482 moveto
58.49727 58.31425 58.47102 58.37761 58.42432 58.42432 curveto
58.37761 58.47102 58.31425 58.49727 58.2482 58.49727 curveto
58.18214 58.49727 58.11879 58.47102 58.07208 58.42432 curveto
58.02538 58.37761 57.99913 58.31425 57.99913 58.2482 curveto
57.99913 58.18214 58.02538 58.11879 58.07208 58.07208 curveto
58.11879 58.02538 58.18214 57.99913 58.2482 57.99913 curveto
58.31425 57.99913 58.37761 58.02538 58.42432 58.07208 curveto
58.47102 58.11879 58.49727 58.18214 58.49727 58.2482 curveto closepath fill
newpath 56.43825 56.18918 moveto
56.43825 56.25523 56.412 56.31859 56.3653 56.3653 curveto
56.31859 56.412 56.25523 56.43825 56.18918 56.43825 curveto
56.12312 56.43825 56.05977 56.412 56.01306 56.3653 curveto
55.96635 56.31859 55.94011 56.25523 55.94011 56.18918 curveto
55.94011 56.12312 55.96635 56.05977 56.01306 56.01306 curveto
56.05977 55.96635 56.12312 55.94011 56.18918 55.94011 curveto
56.25523 55.94011 56.31859 55.96635 56.3653 56.01306 curveto
56.412 56.05977 56.43825 56.12312 56.43825 56.18918 curveto closepath fill
newpath 54.37924 54.13017 moveto
54.37924 54.19623 54.353 54.25958 54.30629 54.30629 curveto
54.25958 54.353 54.19623 54.37924 54.13017 54.37924 curveto
54.06412 54.37924 54.00076 54.353 53.95406 54.30629 curveto
53.90735 54.25958 53.8811 54.19623 53.8811 54.13017 curveto
53.8811 54.06412 53.90735 54.00076 53.95406 53.95406 curveto
54.00076 53.90735 54.06412 53.8811 54.13017 53.8811 curveto
54.19623 53.8811 54.25958 53.90735 54.30629 53.95406 curveto
54.353 54.00076 54.37924 54.06412 54.37924 54.13017 curveto closepath fill
newpath 52.32024 52.07117 moveto
52.32024 52.13722 52.29399 52.20058 52.24728 52.24728 curveto
52.20058 52.29399 52.13722 52.32024 52.07117 52.32024 curveto
52.00511 52.32024 51.94176 52.29399 51.89505 52.24728 curveto
51.84834 52.20058 51.8221 52.13722 51.8221 52.07117 curveto
51.8221 52.00511 51.84834 51.94176 51.89505 51.89505 curveto
51.94176 51.84834 52.00511 51.8221 52.07117 51.8221 curveto
52.13722 51.8221 52.20058 51.84834 52.24728 51.89505 curveto
52.29399 51.94176 52.32024 52.00511 52.32024 52.07117 curveto closepath fill
newpath 50.26125 50.01218 moveto
50.26125 50.07823 50.235 50.14159 50.1883 50.1883 curveto
50.14159 50.235 50.07823 50.26125 50.01218 50.26125 curveto
49.94612 50.26125 49.88277 50.235 49.83606 50.1883 curveto
49.78935 50.14159 49.7631 50.07823 49.7631 50.01218 curveto
49.7631 49.94612 49.78935 49.88277 49.83606 49.83606 curveto
49.88277 49.78935 49.94612 49.7631 50.01218 49.7631 curveto
50.07823 49.7631 50.14159 49.78935 50.1883 49.83606 curveto
50.235 49.88277 50.26125 49.94612 50.26125 50.01218 curveto closepath fill
newpath 48.20279 47.95372 moveto
48.20279 48.01978 48.17654 48.08313 48.12984 48.12984 curveto
48.08313 48.17654 48.01978 48.20279 47.95372 48.20279 curveto
47.88766 48.20279 47.82431 48.17654 47.7776 48.12984 curveto
47.7309 48.08313 47.70465 48.01978 47.70465 47.95372 curveto
47.70465 47.88766 47.7309 47.82431 47.7776 47.7776 curveto
47.82431 47.7309 47.88766 47.70465 47.95372 47.70465 curveto
48.01978 47.70465 48.08313 47.7309 48.12984 47.7776 curveto
48.17654 47.82431 48.20279 47.88766 48.20279 47.95372 curveto closepath fill
newpath 46.1438 45.89473 moveto
46.1438 45.96078 46.11755 46.02414 46.07085 46.07085 curveto
46.02414 46.11755 45.96078 46.1438 45.89473 46.1438 curveto
45.82867 46.1438 45.76532 46.11755 45.71861 46.07085 curveto
45.6719 46.02414 45.64566 45.96078 45.64566 45.89473 curveto
45.64566 45.82867 45.6719 45.76532 45.71861 45.71861 curveto
45.76532 45.6719 45.82867 45.64566 45.89473 45.64566 curveto
45.96078 45.64566 46.02414 45.6719 46.07085 45.71861 curveto
46.11755 45.76532 46.1438 45.82867 46.1438 45.89473 curveto closepath fill
newpath 44.0848 43.83572 moveto
44.0848 43.90178 44.05855 43.96513 44.01184 44.01184 curveto
43.96513 44.05855 43.90178 44.0848 43.83572 44.0848 curveto
43.76967 44.0848 43.70631 44.05855 43.6596 44.01184 curveto
43.6129 43.96513 43.58665 43.90178 43.58665 43.83572 curveto
43.58665 43.76967 43.6129 43.70631 43.6596 43.6596 curveto
43.70631 43.6129 43.76967 43.58665 43.83572 43.58665 curveto
43.90178 43.58665 43.96513 43.6129 44.01184 43.6596 curveto
44.05855 43.70631 44.0848 43.76967 44.0848 43.83572 curveto closepath fill
newpath 42.02582 41.77675 moveto
42.02582 41.8428 41.99957 41.90616 41.95287 41.95287 curveto
41.90616 41.99957 41.8428 42.02582 41.77675 42.02582 curveto
41.7107 42.02582 41.64734 41.99957 41.60063 41.95287 curveto
41.55392 41.90616 41.52768 41.8428 41.52768 41.77675 curveto
41.52768 41.7107 41.55392 41.64734 41.60063 41.60063 curveto
41.64734 41.55392 41.7107 41.52768 41.77675 41.52768 curveto
41.8428 41.52768 41.90616 41.55392 41.95287 41.60063 curveto
41.99957 41.64734 42.02582 41.7107 42.02582 41.77675 curveto closepath fill
newpath 39.9668 39.71773 moveto
39.9668 39.78378 39.94055 39.84714 39.89384 39.89384 curveto
39.84714 39.94055 39.78378 39.9668 39.71773 39.9668 curveto
39.65167 39.9668 39.58832 39.94055 39.54161 39.89384 curveto
39.4949 39.84714 39.46866 39.78378 39.46866 39.71773 curveto
39.46866 39.65167 39.4949 39.58832 39.54161 39.54161 curveto
39.58832 39.4949 39.65167 39.46866 39.71773 39.46866 curveto
39.78378 39.46866 39.84714 39.4949 39.89384 39.54161 curveto
39.94055 39.58832 39.9668 39.65167 39.9668 39.71773 curveto closepath fill
newpath 37.90782 37.65875 moveto
37.90782 37.72481 37.88158 37.78816 37.83487 37.83487 curveto
37.78816 37.88158 37.72481 37.90782 37.65875 37.90782 curveto
37.5927 37.90782 37.52934 37.88158 37.48264 37.83487 curveto
37.43593 37.78816 37.40968 37.72481 37.40968 37.65875 curveto
37.40968 37.5927 37.43593 37.52934 37.48264 37.48264 curveto
37.52934 37.43593 37.5927 37.40968 37.65875 37.40968 curveto
37.72481 37.40968 37.78816 37.43593 37.83487 37.48264 curveto
37.88158 37.52934 37.90782 37.5927 37.90782 37.65875 curveto closepath fill
showpage
%%EOF
