%!PS
%%BoundingBox: -1 82 200 171 
%%HiResBoundingBox: -0.24907 82.44052 199.50139 170.3195 
%%Creator: MetaPost 2.000
%%CreationDate: 2017.07.04:1542
%%Pages: 1
%%BeginProlog
%%EndProlog
%%Page: 1 1
 0 0 0 setrgbcolor 0 0.49814 dtransform truncate idtransform setlinewidth pop [] 0 setdash 1 setlinecap
 1 setlinejoin 10 setmiterlimit
newpath 99.62616 99.62616 moveto
199.25232 99.62616 lineto stroke
newpath 196.26353 101.12056 moveto
196.96909 100.17981 198.07639 99.62616 199.25232 99.62616 curveto
198.07639 99.62616 196.96909 99.07251 196.26353 98.13176 curveto stroke
newpath 99.87523 99.62616 moveto
99.87523 99.69221 99.84898 99.75557 99.80228 99.80228 curveto
99.75557 99.84898 99.69221 99.87523 99.62616 99.87523 curveto
99.5601 99.87523 99.49675 99.84898 99.45004 99.80228 curveto
99.40334 99.75557 99.37709 99.69221 99.37709 99.62616 curveto
99.37709 99.5601 99.40334 99.49675 99.45004 99.45004 curveto
99.49675 99.40334 99.5601 99.37709 99.62616 99.37709 curveto
99.69221 99.37709 99.75557 99.40334 99.80228 99.45004 curveto
99.84898 99.49675 99.87523 99.5601 99.87523 99.62616 curveto closepath fill
newpath 96.85614 99.62616 moveto
96.85614 99.69221 96.8299 99.75557 96.78319 99.80228 curveto
96.73648 99.84898 96.67313 99.87523 96.60707 99.87523 curveto
96.54102 99.87523 96.47766 99.84898 96.43095 99.80228 curveto
96.38425 99.75557 96.358 99.69221 96.358 99.62616 curveto
96.358 99.5601 96.38425 99.49675 96.43095 99.45004 curveto
96.47766 99.40334 96.54102 99.37709 96.60707 99.37709 curveto
96.67313 99.37709 96.73648 99.40334 96.78319 99.45004 curveto
96.8299 99.49675 96.85614 99.5601 96.85614 99.62616 curveto closepath fill
newpath 93.8371 99.62616 moveto
93.8371 99.69221 93.81085 99.75557 93.76414 99.80228 curveto
93.71744 99.84898 93.65408 99.87523 93.58803 99.87523 curveto
93.52197 99.87523 93.45862 99.84898 93.41191 99.80228 curveto
93.3652 99.75557 93.33896 99.69221 93.33896 99.62616 curveto
93.33896 99.5601 93.3652 99.49675 93.41191 99.45004 curveto
93.45862 99.40334 93.52197 99.37709 93.58803 99.37709 curveto
93.65408 99.37709 93.71744 99.40334 93.76414 99.45004 curveto
93.81085 99.49675 93.8371 99.5601 93.8371 99.62616 curveto closepath fill
newpath 90.81801 99.62616 moveto
90.81801 99.69221 90.79176 99.75557 90.74506 99.80228 curveto
90.69835 99.84898 90.635 99.87523 90.56894 99.87523 curveto
90.50288 99.87523 90.43953 99.84898 90.39282 99.80228 curveto
90.34612 99.75557 90.31987 99.69221 90.31987 99.62616 curveto
90.31987 99.5601 90.34612 99.49675 90.39282 99.45004 curveto
90.43953 99.40334 90.50288 99.37709 90.56894 99.37709 curveto
90.635 99.37709 90.69835 99.40334 90.74506 99.45004 curveto
90.79176 99.49675 90.81801 99.5601 90.81801 99.62616 curveto closepath fill
newpath 87.79893 99.62616 moveto
87.79893 99.69221 87.77269 99.75557 87.72598 99.80228 curveto
87.67928 99.84898 87.61592 99.87523 87.54987 99.87523 curveto
87.48381 99.87523 87.42046 99.84898 87.37375 99.80228 curveto
87.32704 99.75557 87.3008 99.69221 87.3008 99.62616 curveto
87.3008 99.5601 87.32704 99.49675 87.37375 99.45004 curveto
87.42046 99.40334 87.48381 99.37709 87.54987 99.37709 curveto
87.61592 99.37709 87.67928 99.40334 87.72598 99.45004 curveto
87.77269 99.49675 87.79893 99.5601 87.79893 99.62616 curveto closepath fill
newpath 84.77986 99.62616 moveto
84.77986 99.69221 84.75362 99.75557 84.70691 99.80228 curveto
84.6602 99.84898 84.59685 99.87523 84.53079 99.87523 curveto
84.46474 99.87523 84.40138 99.84898 84.35468 99.80228 curveto
84.30797 99.75557 84.28172 99.69221 84.28172 99.62616 curveto
84.28172 99.5601 84.30797 99.49675 84.35468 99.45004 curveto
84.40138 99.40334 84.46474 99.37709 84.53079 99.37709 curveto
84.59685 99.37709 84.6602 99.40334 84.70691 99.45004 curveto
84.75362 99.49675 84.77986 99.5601 84.77986 99.62616 curveto closepath fill
newpath 81.7608 99.62616 moveto
81.7608 99.69221 81.73456 99.75557 81.68785 99.80228 curveto
81.64114 99.84898 81.57779 99.87523 81.51173 99.87523 curveto
81.44568 99.87523 81.38232 99.84898 81.33562 99.80228 curveto
81.28891 99.75557 81.26266 99.69221 81.26266 99.62616 curveto
81.26266 99.5601 81.28891 99.49675 81.33562 99.45004 curveto
81.38232 99.40334 81.44568 99.37709 81.51173 99.37709 curveto
81.57779 99.37709 81.64114 99.40334 81.68785 99.45004 curveto
81.73456 99.49675 81.7608 99.5601 81.7608 99.62616 curveto closepath fill
newpath 78.74173 99.62616 moveto
78.74173 99.69221 78.71548 99.75557 78.66878 99.80228 curveto
78.62207 99.84898 78.55872 99.87523 78.49266 99.87523 curveto
78.4266 99.87523 78.36325 99.84898 78.31654 99.80228 curveto
78.26984 99.75557 78.24359 99.69221 78.24359 99.62616 curveto
78.24359 99.5601 78.26984 99.49675 78.31654 99.45004 curveto
78.36325 99.40334 78.4266 99.37709 78.49266 99.37709 curveto
78.55872 99.37709 78.62207 99.40334 78.66878 99.45004 curveto
78.71548 99.49675 78.74173 99.5601 78.74173 99.62616 curveto closepath fill
newpath 75.72267 99.62616 moveto
75.72267 99.69221 75.69643 99.75557 75.64972 99.80228 curveto
75.60301 99.84898 75.53966 99.87523 75.4736 99.87523 curveto
75.40755 99.87523 75.3442 99.84898 75.29749 99.80228 curveto
75.25078 99.75557 75.22453 99.69221 75.22453 99.62616 curveto
75.22453 99.5601 75.25078 99.49675 75.29749 99.45004 curveto
75.3442 99.40334 75.40755 99.37709 75.4736 99.37709 curveto
75.53966 99.37709 75.60301 99.40334 75.64972 99.45004 curveto
75.69643 99.49675 75.72267 99.5601 75.72267 99.62616 curveto closepath fill
newpath 72.70361 99.62616 moveto
72.70361 99.69221 72.67737 99.75557 72.63066 99.80228 curveto
72.58395 99.84898 72.5206 99.87523 72.45454 99.87523 curveto
72.38849 99.87523 72.32513 99.84898 72.27843 99.80228 curveto
72.23172 99.75557 72.20547 99.69221 72.20547 99.62616 curveto
72.20547 99.5601 72.23172 99.49675 72.27843 99.45004 curveto
72.32513 99.40334 72.38849 99.37709 72.45454 99.37709 curveto
72.5206 99.37709 72.58395 99.40334 72.63066 99.45004 curveto
72.67737 99.49675 72.70361 99.5601 72.70361 99.62616 curveto closepath fill
newpath 69.68454 99.62616 moveto
69.68454 99.69221 69.6583 99.75557 69.61159 99.80228 curveto
69.56488 99.84898 69.50153 99.87523 69.43547 99.87523 curveto
69.36942 99.87523 69.30606 99.84898 69.25935 99.80228 curveto
69.21265 99.75557 69.1864 99.69221 69.1864 99.62616 curveto
69.1864 99.5601 69.21265 99.49675 69.25935 99.45004 curveto
69.30606 99.40334 69.36942 99.37709 69.43547 99.37709 curveto
69.50153 99.37709 69.56488 99.40334 69.61159 99.45004 curveto
69.6583 99.49675 69.68454 99.5601 69.68454 99.62616 curveto closepath fill
newpath 66.66548 99.62616 moveto
66.66548 99.69221 66.63924 99.75557 66.59253 99.80228 curveto
66.54582 99.84898 66.48247 99.87523 66.41641 99.87523 curveto
66.35036 99.87523 66.287 99.84898 66.2403 99.80228 curveto
66.19359 99.75557 66.16734 99.69221 66.16734 99.62616 curveto
66.16734 99.5601 66.19359 99.49675 66.2403 99.45004 curveto
66.287 99.40334 66.35036 99.37709 66.41641 99.37709 curveto
66.48247 99.37709 66.54582 99.40334 66.59253 99.45004 curveto
66.63924 99.49675 66.66548 99.5601 66.66548 99.62616 curveto closepath fill
newpath 63.64641 99.62616 moveto
63.64641 99.69221 63.62016 99.75557 63.57346 99.80228 curveto
63.52675 99.84898 63.4634 99.87523 63.39734 99.87523 curveto
63.33128 99.87523 63.26793 99.84898 63.22122 99.80228 curveto
63.17451 99.75557 63.14827 99.69221 63.14827 99.62616 curveto
63.14827 99.5601 63.17451 99.49675 63.22122 99.45004 curveto
63.26793 99.40334 63.33128 99.37709 63.39734 99.37709 curveto
63.4634 99.37709 63.52675 99.40334 63.57346 99.45004 curveto
63.62016 99.49675 63.64641 99.5601 63.64641 99.62616 curveto closepath fill
newpath 60.62735 99.62616 moveto
60.62735 99.69221 60.6011 99.75557 60.5544 99.80228 curveto
60.50769 99.84898 60.44434 99.87523 60.37828 99.87523 curveto
60.31223 99.87523 60.24887 99.84898 60.20216 99.80228 curveto
60.15546 99.75557 60.12921 99.69221 60.12921 99.62616 curveto
60.12921 99.5601 60.15546 99.49675 60.20216 99.45004 curveto
60.24887 99.40334 60.31223 99.37709 60.37828 99.37709 curveto
60.44434 99.37709 60.50769 99.40334 60.5544 99.45004 curveto
60.6011 99.49675 60.62735 99.5601 60.62735 99.62616 curveto closepath fill
newpath 57.6098 99.62616 moveto
57.6098 99.69221 57.58356 99.75557 57.53685 99.80228 curveto
57.49014 99.84898 57.42679 99.87523 57.36073 99.87523 curveto
57.29468 99.87523 57.23132 99.84898 57.18462 99.80228 curveto
57.13791 99.75557 57.11166 99.69221 57.11166 99.62616 curveto
57.11166 99.5601 57.13791 99.49675 57.18462 99.45004 curveto
57.23132 99.40334 57.29468 99.37709 57.36073 99.37709 curveto
57.42679 99.37709 57.49014 99.40334 57.53685 99.45004 curveto
57.58356 99.49675 57.6098 99.5601 57.6098 99.62616 curveto closepath fill
newpath 54.59074 99.62616 moveto
54.59074 99.69221 54.5645 99.75557 54.51779 99.80228 curveto
54.47108 99.84898 54.40773 99.87523 54.34167 99.87523 curveto
54.27562 99.87523 54.21227 99.84898 54.16556 99.80228 curveto
54.11885 99.75557 54.0926 99.69221 54.0926 99.62616 curveto
54.0926 99.5601 54.11885 99.49675 54.16556 99.45004 curveto
54.21227 99.40334 54.27562 99.37709 54.34167 99.37709 curveto
54.40773 99.37709 54.47108 99.40334 54.51779 99.45004 curveto
54.5645 99.49675 54.59074 99.5601 54.59074 99.62616 curveto closepath fill
newpath 51.57169 99.62616 moveto
51.57169 99.69221 51.54544 99.75557 51.49873 99.80228 curveto
51.45203 99.84898 51.38867 99.87523 51.32262 99.87523 curveto
51.25656 99.87523 51.1932 99.84898 51.1465 99.80228 curveto
51.0998 99.75557 51.07355 99.69221 51.07355 99.62616 curveto
51.07355 99.5601 51.0998 99.49675 51.1465 99.45004 curveto
51.1932 99.40334 51.25656 99.37709 51.32262 99.37709 curveto
51.38867 99.37709 51.45203 99.40334 51.49873 99.45004 curveto
51.54544 99.49675 51.57169 99.5601 51.57169 99.62616 curveto closepath fill
newpath 48.55261 99.62616 moveto
48.55261 99.69221 48.52637 99.75557 48.47966 99.80228 curveto
48.43295 99.84898 48.3696 99.87523 48.30354 99.87523 curveto
48.23749 99.87523 48.17413 99.84898 48.12743 99.80228 curveto
48.08072 99.75557 48.05447 99.69221 48.05447 99.62616 curveto
48.05447 99.5601 48.08072 99.49675 48.12743 99.45004 curveto
48.17413 99.40334 48.23749 99.37709 48.30354 99.37709 curveto
48.3696 99.37709 48.43295 99.40334 48.47966 99.45004 curveto
48.52637 99.49675 48.55261 99.5601 48.55261 99.62616 curveto closepath fill
newpath 45.53355 99.62616 moveto
45.53355 99.69221 45.50731 99.75557 45.4606 99.80228 curveto
45.4139 99.84898 45.35054 99.87523 45.28448 99.87523 curveto
45.21843 99.87523 45.15508 99.84898 45.10837 99.80228 curveto
45.06166 99.75557 45.03542 99.69221 45.03542 99.62616 curveto
45.03542 99.5601 45.06166 99.49675 45.10837 99.45004 curveto
45.15508 99.40334 45.21843 99.37709 45.28448 99.37709 curveto
45.35054 99.37709 45.4139 99.40334 45.4606 99.45004 curveto
45.50731 99.49675 45.53355 99.5601 45.53355 99.62616 curveto closepath fill
newpath 42.5145 99.62616 moveto
42.5145 99.69221 42.48825 99.75557 42.44154 99.80228 curveto
42.39484 99.84898 42.33148 99.87523 42.26543 99.87523 curveto
42.19937 99.87523 42.13602 99.84898 42.08931 99.80228 curveto
42.0426 99.75557 42.01636 99.69221 42.01636 99.62616 curveto
42.01636 99.5601 42.0426 99.49675 42.08931 99.45004 curveto
42.13602 99.40334 42.19937 99.37709 42.26543 99.37709 curveto
42.33148 99.37709 42.39484 99.40334 42.44154 99.45004 curveto
42.48825 99.49675 42.5145 99.5601 42.5145 99.62616 curveto closepath fill
newpath 39.49542 99.62616 moveto
39.49542 99.69221 39.46918 99.75557 39.42247 99.80228 curveto
39.37576 99.84898 39.31241 99.87523 39.24635 99.87523 curveto
39.1803 99.87523 39.11694 99.84898 39.07024 99.80228 curveto
39.02353 99.75557 38.99728 99.69221 38.99728 99.62616 curveto
38.99728 99.5601 39.02353 99.49675 39.07024 99.45004 curveto
39.11694 99.40334 39.1803 99.37709 39.24635 99.37709 curveto
39.31241 99.37709 39.37576 99.40334 39.42247 99.45004 curveto
39.46918 99.49675 39.49542 99.5601 39.49542 99.62616 curveto closepath fill
newpath 36.47636 99.62616 moveto
36.47636 99.69221 36.45012 99.75557 36.40341 99.80228 curveto
36.3567 99.84898 36.29335 99.87523 36.2273 99.87523 curveto
36.16124 99.87523 36.09789 99.84898 36.05118 99.80228 curveto
36.00447 99.75557 35.97823 99.69221 35.97823 99.62616 curveto
35.97823 99.5601 36.00447 99.49675 36.05118 99.45004 curveto
36.09789 99.40334 36.16124 99.37709 36.2273 99.37709 curveto
36.29335 99.37709 36.3567 99.40334 36.40341 99.45004 curveto
36.45012 99.49675 36.47636 99.5601 36.47636 99.62616 curveto closepath fill
newpath 33.4573 99.62616 moveto
33.4573 99.69221 33.43106 99.75557 33.38435 99.80228 curveto
33.33765 99.84898 33.27429 99.87523 33.20824 99.87523 curveto
33.14218 99.87523 33.07883 99.84898 33.03212 99.80228 curveto
32.98541 99.75557 32.95917 99.69221 32.95917 99.62616 curveto
32.95917 99.5601 32.98541 99.49675 33.03212 99.45004 curveto
33.07883 99.40334 33.14218 99.37709 33.20824 99.37709 curveto
33.27429 99.37709 33.33765 99.40334 33.38435 99.45004 curveto
33.43106 99.49675 33.4573 99.5601 33.4573 99.62616 curveto closepath fill
newpath 30.43823 99.62616 moveto
30.43823 99.69221 30.41199 99.75557 30.36528 99.80228 curveto
30.31857 99.84898 30.25522 99.87523 30.18916 99.87523 curveto
30.12311 99.87523 30.05975 99.84898 30.01305 99.80228 curveto
29.96634 99.75557 29.9401 99.69221 29.9401 99.62616 curveto
29.9401 99.5601 29.96634 99.49675 30.01305 99.45004 curveto
30.05975 99.40334 30.12311 99.37709 30.18916 99.37709 curveto
30.25522 99.37709 30.31857 99.40334 30.36528 99.45004 curveto
30.41199 99.49675 30.43823 99.5601 30.43823 99.62616 curveto closepath fill
newpath 27.41917 99.62616 moveto
27.41917 99.69221 27.39293 99.75557 27.34622 99.80228 curveto
27.29951 99.84898 27.23616 99.87523 27.1701 99.87523 curveto
27.10405 99.87523 27.0407 99.84898 26.99399 99.80228 curveto
26.94728 99.75557 26.92104 99.69221 26.92104 99.62616 curveto
26.92104 99.5601 26.94728 99.49675 26.99399 99.45004 curveto
27.0407 99.40334 27.10405 99.37709 27.1701 99.37709 curveto
27.23616 99.37709 27.29951 99.40334 27.34622 99.45004 curveto
27.39293 99.49675 27.41917 99.5601 27.41917 99.62616 curveto closepath fill
newpath 24.4001 99.62616 moveto
24.4001 99.69221 24.37386 99.75557 24.32715 99.80228 curveto
24.28044 99.84898 24.21709 99.87523 24.15103 99.87523 curveto
24.08498 99.87523 24.02162 99.84898 23.97491 99.80228 curveto
23.9282 99.75557 23.90196 99.69221 23.90196 99.62616 curveto
23.90196 99.5601 23.9282 99.49675 23.97491 99.45004 curveto
24.02162 99.40334 24.08498 99.37709 24.15103 99.37709 curveto
24.21709 99.37709 24.28044 99.40334 24.32715 99.45004 curveto
24.37386 99.49675 24.4001 99.5601 24.4001 99.62616 curveto closepath fill
newpath 21.38104 99.62616 moveto
21.38104 99.69221 21.3548 99.75557 21.30809 99.80228 curveto
21.26138 99.84898 21.19803 99.87523 21.13197 99.87523 curveto
21.06592 99.87523 21.00256 99.84898 20.95586 99.80228 curveto
20.90915 99.75557 20.8829 99.69221 20.8829 99.62616 curveto
20.8829 99.5601 20.90915 99.49675 20.95586 99.45004 curveto
21.00256 99.40334 21.06592 99.37709 21.13197 99.37709 curveto
21.19803 99.37709 21.26138 99.40334 21.30809 99.45004 curveto
21.3548 99.49675 21.38104 99.5601 21.38104 99.62616 curveto closepath fill
newpath 18.36198 99.62616 moveto
18.36198 99.69221 18.33574 99.75557 18.28903 99.80228 curveto
18.24232 99.84898 18.17897 99.87523 18.11292 99.87523 curveto
18.04686 99.87523 17.9835 99.84898 17.9368 99.80228 curveto
17.89009 99.75557 17.86385 99.69221 17.86385 99.62616 curveto
17.86385 99.5601 17.89009 99.49675 17.9368 99.45004 curveto
17.9835 99.40334 18.04686 99.37709 18.11292 99.37709 curveto
18.17897 99.37709 18.24232 99.40334 18.28903 99.45004 curveto
18.33574 99.49675 18.36198 99.5601 18.36198 99.62616 curveto closepath fill
newpath 15.34291 99.62616 moveto
15.34291 99.69221 15.31667 99.75557 15.26996 99.80228 curveto
15.22325 99.84898 15.1599 99.87523 15.09384 99.87523 curveto
15.02779 99.87523 14.96443 99.84898 14.91772 99.80228 curveto
14.87102 99.75557 14.84477 99.69221 14.84477 99.62616 curveto
14.84477 99.5601 14.87102 99.49675 14.91772 99.45004 curveto
14.96443 99.40334 15.02779 99.37709 15.09384 99.37709 curveto
15.1599 99.37709 15.22325 99.40334 15.26996 99.45004 curveto
15.31667 99.49675 15.34291 99.5601 15.34291 99.62616 curveto closepath fill
newpath 12.32384 99.62616 moveto
12.32384 99.69221 12.29759 99.75557 12.25089 99.80228 curveto
12.20418 99.84898 12.14082 99.87523 12.07477 99.87523 curveto
12.00871 99.87523 11.94536 99.84898 11.89865 99.80228 curveto
11.85194 99.75557 11.8257 99.69221 11.8257 99.62616 curveto
11.8257 99.5601 11.85194 99.49675 11.89865 99.45004 curveto
11.94536 99.40334 12.00871 99.37709 12.07477 99.37709 curveto
12.14082 99.37709 12.20418 99.40334 12.25089 99.45004 curveto
12.29759 99.49675 12.32384 99.5601 12.32384 99.62616 curveto closepath fill
newpath 9.30478 99.62616 moveto
9.30478 99.69221 9.27853 99.75557 9.23183 99.80228 curveto
9.18512 99.84898 9.12177 99.87523 9.05571 99.87523 curveto
8.98965 99.87523 8.9263 99.84898 8.8796 99.80228 curveto
8.83289 99.75557 8.80664 99.69221 8.80664 99.62616 curveto
8.80664 99.5601 8.83289 99.49675 8.8796 99.45004 curveto
8.9263 99.40334 8.98965 99.37709 9.05571 99.37709 curveto
9.12177 99.37709 9.18512 99.40334 9.23183 99.45004 curveto
9.27853 99.49675 9.30478 99.5601 9.30478 99.62616 curveto closepath fill
newpath 6.28569 99.62616 moveto
6.28569 99.69221 6.25945 99.75557 6.21274 99.80228 curveto
6.16603 99.84898 6.10268 99.87523 6.03662 99.87523 curveto
5.97057 99.87523 5.90721 99.84898 5.8605 99.80228 curveto
5.8138 99.75557 5.78755 99.69221 5.78755 99.62616 curveto
5.78755 99.5601 5.8138 99.49675 5.8605 99.45004 curveto
5.90721 99.40334 5.97057 99.37709 6.03662 99.37709 curveto
6.10268 99.37709 6.16603 99.40334 6.21274 99.45004 curveto
6.25945 99.49675 6.28569 99.5601 6.28569 99.62616 curveto closepath fill
newpath 3.26662 99.62616 moveto
3.26662 99.69221 3.24037 99.75557 3.19366 99.80228 curveto
3.14696 99.84898 3.0836 99.87523 3.01755 99.87523 curveto
2.95149 99.87523 2.88814 99.84898 2.84143 99.80228 curveto
2.79472 99.75557 2.76848 99.69221 2.76848 99.62616 curveto
2.76848 99.5601 2.79472 99.49675 2.84143 99.45004 curveto
2.88814 99.40334 2.95149 99.37709 3.01755 99.37709 curveto
3.0836 99.37709 3.14696 99.40334 3.19366 99.45004 curveto
3.24037 99.49675 3.26662 99.5601 3.26662 99.62616 curveto closepath fill
newpath 0.24907 99.62616 moveto
0.24907 99.69221 0.22282 99.75557 0.17612 99.80228 curveto
0.12941 99.84898 0.06606 99.87523 0 99.87523 curveto
-0.06606 99.87523 -0.12941 99.84898 -0.17612 99.80228 curveto
-0.22282 99.75557 -0.24907 99.69221 -0.24907 99.62616 curveto
-0.24907 99.5601 -0.22282 99.49675 -0.17612 99.45004 curveto
-0.12941 99.40334 -0.06606 99.37709 0 99.37709 curveto
0.06606 99.37709 0.12941 99.40334 0.17612 99.45004 curveto
0.22282 99.49675 0.24907 99.5601 0.24907 99.62616 curveto closepath fill
newpath 99.62616 99.62616 moveto
98.15894 101.09338 lineto stroke
newpath 95.22339 104.02893 moveto
92.28793 106.96439 lineto stroke
newpath 89.35338 109.89894 moveto
86.41806 112.83426 lineto stroke
newpath 83.48228 115.77003 moveto
80.54669 118.70563 lineto stroke
newpath 77.61229 121.64003 moveto
74.67702 124.5753 lineto stroke
newpath 71.74124 127.51108 moveto
68.80661 130.44571 lineto stroke
newpath 65.87126 133.38106 moveto
62.93549 136.31683 lineto stroke
newpath 60.00127 139.25105 moveto
57.06586 142.18646 lineto stroke
newpath 54.1302 145.12212 moveto
51.1959 148.05641 lineto stroke
newpath 48.26021 150.99211 moveto
45.32463 153.92769 lineto stroke
newpath 42.39021 156.8621 moveto
39.45474 159.79758 lineto stroke
newpath 36.51913 162.73318 moveto
33.5836 165.66872 lineto stroke
newpath 30.64911 168.60321 moveto
29.18188 170.07043 lineto stroke
newpath 87.65053 115.82819 moveto
83.42413 111.60179 lineto stroke
newpath 73.56155 129.91716 moveto
69.33516 125.69077 lineto stroke
newpath 59.47287 144.00613 moveto
55.24619 139.77945 lineto stroke
newpath 45.3839 158.0948 moveto
41.15752 153.86842 lineto stroke
 0.49814 0 dtransform exch truncate exch idtransform pop setlinewidth
newpath 119.55139 97.63364 moveto
119.55139 101.61868 lineto stroke
newpath 139.47662 97.63364 moveto
139.47662 101.61868 lineto stroke
newpath 159.40186 97.63364 moveto
159.40186 101.61868 lineto stroke
newpath 179.32709 97.63364 moveto
179.32709 101.61868 lineto stroke
newpath 99.62616 101.12056 moveto
99.2298 101.12056 98.84973 100.96307 98.56949 100.68283 curveto
98.28925 100.40259 98.13176 100.02252 98.13176 99.62616 curveto
98.13176 99.2298 98.28925 98.84973 98.56949 98.56949 curveto
98.84973 98.28925 99.2298 98.13176 99.62616 98.13176 curveto
100.02252 98.13176 100.40259 98.28925 100.68283 98.56949 curveto
100.96307 98.84973 101.12056 99.2298 101.12056 99.62616 curveto
101.12056 100.02252 100.96307 100.40259 100.68283 100.68283 curveto
100.40259 100.96307 100.02252 101.12056 99.62616 101.12056 curveto closepath fill
newpath 57.38477 143.36195 moveto
56.9884 143.36195 56.60834 143.20447 56.3281 142.92422 curveto
56.04785 142.64398 55.89037 142.26392 55.89037 141.86755 curveto
55.89037 141.47119 56.04785 141.09113 56.3281 140.81088 curveto
56.60834 140.53064 56.9884 140.37315 57.38477 140.37315 curveto
57.78113 140.37315 58.1612 140.53064 58.44144 140.81088 curveto
58.72168 141.09113 58.87917 141.47119 58.87917 141.86755 curveto
58.87917 142.26392 58.72168 142.64398 58.44144 142.92422 curveto
58.1612 143.20447 57.78113 143.36195 57.38477 143.36195 curveto closepath fill
newpath 70.10078 102.23112 moveto
70.10078 102.29718 70.07454 102.36053 70.02783 102.40724 curveto
69.98112 102.45395 69.91777 102.4802 69.85172 102.4802 curveto
69.78566 102.4802 69.7223 102.45395 69.6756 102.40724 curveto
69.62889 102.36053 69.60265 102.29718 69.60265 102.23112 curveto
69.60265 102.16507 69.62889 102.10172 69.6756 102.05501 curveto
69.7223 102.0083 69.78566 101.98206 69.85172 101.98206 curveto
69.91777 101.98206 69.98112 102.0083 70.02783 102.05501 curveto
70.07454 102.10172 70.10078 102.16507 70.10078 102.23112 curveto closepath fill
newpath 70.52025 105.24374 moveto
70.52025 105.3098 70.494 105.37315 70.4473 105.41986 curveto
70.40059 105.46657 70.33723 105.49281 70.27118 105.49281 curveto
70.20512 105.49281 70.14177 105.46657 70.09506 105.41986 curveto
70.04836 105.37315 70.02211 105.3098 70.02211 105.24374 curveto
70.02211 105.17769 70.04836 105.11433 70.09506 105.06763 curveto
70.14177 105.02092 70.20512 104.99467 70.27118 104.99467 curveto
70.33723 104.99467 70.40059 105.02092 70.4473 105.06763 curveto
70.494 105.11433 70.52025 105.17769 70.52025 105.24374 curveto closepath fill
newpath 71.24281 108.19823 moveto
71.24281 108.26428 71.21657 108.32764 71.16986 108.37434 curveto
71.12315 108.42105 71.0598 108.4473 70.99374 108.4473 curveto
70.92769 108.4473 70.86433 108.42105 70.81763 108.37434 curveto
70.77092 108.32764 70.74467 108.26428 70.74467 108.19823 curveto
70.74467 108.13217 70.77092 108.06882 70.81763 108.02211 curveto
70.86433 107.9754 70.92769 107.94916 70.99374 107.94916 curveto
71.0598 107.94916 71.12315 107.9754 71.16986 108.02211 curveto
71.21657 108.06882 71.24281 108.13217 71.24281 108.19823 curveto closepath fill
newpath 72.26224 111.06389 moveto
72.26224 111.12994 72.236 111.1933 72.18929 111.24 curveto
72.14258 111.28671 72.07922 111.31296 72.01317 111.31296 curveto
71.94711 111.31296 71.88376 111.28671 71.83705 111.24 curveto
71.79034 111.1933 71.7641 111.12994 71.7641 111.06389 curveto
71.7641 110.99783 71.79034 110.93448 71.83705 110.88777 curveto
71.88376 110.84106 71.94711 110.81482 72.01317 110.81482 curveto
72.07922 110.81482 72.14258 110.84106 72.18929 110.88777 curveto
72.236 110.93448 72.26224 110.99783 72.26224 111.06389 curveto closepath fill
newpath 73.56783 113.81099 moveto
73.56783 113.87704 73.54158 113.9404 73.49487 113.9871 curveto
73.44817 114.03381 73.38481 114.06006 73.31876 114.06006 curveto
73.2527 114.06006 73.18935 114.03381 73.14264 113.9871 curveto
73.09593 113.9404 73.06969 113.87704 73.06969 113.81099 curveto
73.06969 113.74493 73.09593 113.68158 73.14264 113.63487 curveto
73.18935 113.58817 73.2527 113.56192 73.31876 113.56192 curveto
73.38481 113.56192 73.44817 113.58817 73.49487 113.63487 curveto
73.54158 113.68158 73.56783 113.74493 73.56783 113.81099 curveto closepath fill
newpath 75.14575 116.4113 moveto
75.14575 116.47736 75.1195 116.54071 75.0728 116.58742 curveto
75.0261 116.63412 74.96274 116.66037 74.89668 116.66037 curveto
74.83063 116.66037 74.76727 116.63412 74.72057 116.58742 curveto
74.67386 116.54071 74.64761 116.47736 74.64761 116.4113 curveto
74.64761 116.34525 74.67386 116.28189 74.72057 116.23518 curveto
74.76727 116.18848 74.83063 116.16223 74.89668 116.16223 curveto
74.96274 116.16223 75.0261 116.18848 75.0728 116.23518 curveto
75.1195 116.28189 75.14575 116.34525 75.14575 116.4113 curveto closepath fill
newpath 76.97987 118.83781 moveto
76.97987 118.90387 76.95363 118.96722 76.90692 119.01393 curveto
76.86021 119.06064 76.79686 119.08688 76.7308 119.08688 curveto
76.66475 119.08688 76.6014 119.06064 76.55469 119.01393 curveto
76.50798 118.96722 76.48174 118.90387 76.48174 118.83781 curveto
76.48174 118.77176 76.50798 118.7084 76.55469 118.6617 curveto
76.6014 118.61499 76.66475 118.58875 76.7308 118.58875 curveto
76.79686 118.58875 76.86021 118.61499 76.90692 118.6617 curveto
76.95363 118.7084 76.97987 118.77176 76.97987 118.83781 curveto closepath fill
 0 0.49814 dtransform truncate idtransform setlinewidth pop
newpath 114.51323 100.92865 moveto
114.47552 101.36159 114.41867 101.79271 114.34328 102.2208 curveto
114.26787 102.64919 114.17332 103.07391 114.06082 103.4941 curveto
113.94833 103.91397 113.8176 104.32867 113.66893 104.73729 curveto
113.52025 105.14592 113.35364 105.54785 113.17 105.94188 curveto
112.98636 106.3359 112.7854 106.72173 112.56801 107.09813 curveto
112.35063 107.47482 112.11652 107.84149 111.86722 108.19781 curveto
111.6179 108.55385 111.3534 108.89893 111.07399 109.23215 curveto
110.79457 109.56537 110.50027 109.88612 110.19289 110.1935 curveto
109.88551 110.50089 109.56506 110.79457 109.23215 111.07399 curveto
108.89893 111.3534 108.55385 111.6179 108.19781 111.86722 curveto
107.84149 112.11652 107.47482 112.35063 107.09813 112.56801 curveto
106.72173 112.7854 106.3359 112.98636 105.94188 113.17 curveto
105.54785 113.35364 105.14592 113.52025 104.73729 113.66893 curveto
104.32867 113.8176 103.91397 113.94833 103.4941 114.06082 curveto
103.07391 114.17332 102.64919 114.26787 102.2208 114.34328 curveto
101.79271 114.41867 101.36159 114.47552 100.92865 114.51323 curveto
100.4957 114.55124 100.06123 114.57008 99.62646 114.57008 curveto
99.1917 114.57008 98.75693 114.55124 98.32367 114.51323 curveto
97.89073 114.47552 97.45961 114.41837 97.03152 114.34297 curveto
96.60313 114.26756 96.1784 114.17332 95.75822 114.06082 curveto
95.33835 113.94833 94.92365 113.8176 94.51503 113.66893 curveto
94.1064 113.52025 93.70447 113.35333 93.31044 113.1697 curveto
92.91641 112.98607 92.5306 112.7854 92.15419 112.56801 curveto
91.7775 112.35063 91.41083 112.11652 91.0545 111.86722 curveto
90.69818 111.6179 90.3534 111.35309 90.02017 111.07368 curveto stroke
newpath 93.27055 111.84892 moveto
92.12546 112.11646 90.92125 111.82924 90.02017 111.07368 curveto
90.92125 111.82924 91.414 112.96494 91.3502 114.13914 curveto stroke
 1 1 1 setrgbcolor
newpath 91.15788 84.9586 moveto
91.58444 84.71234 92.02164 84.48462 92.46826 84.27635 curveto
92.91489 84.06808 93.37064 83.87927 93.83368 83.71085 curveto
94.29674 83.5424 94.76677 83.39435 95.24258 83.26665 curveto
95.7184 83.13925 96.19969 83.03255 96.68492 82.94711 curveto
97.17017 82.86168 97.65936 82.79692 98.15038 82.75404 curveto
98.64108 82.71118 99.13362 82.68959 99.62616 82.68959 curveto
100.1187 82.68959 100.61124 82.71118 101.10194 82.75404 curveto
101.59296 82.79692 102.08215 82.86168 102.5674 82.94711 curveto
103.05263 83.03255 103.53392 83.13925 104.00974 83.26665 curveto
104.48555 83.39435 104.95558 83.5424 105.41864 83.71085 curveto
105.88168 83.87927 106.33743 84.06808 106.78406 84.27635 curveto
107.23068 84.48462 107.66788 84.71234 108.09444 84.9586 curveto stroke
showpage
%%EOF
