%!PS
%%BoundingBox: -1 -1 100 140 
%%HiResBoundingBox: -0.24907 -0.24907 99.87523 139.7257 
%%Creator: MetaPost 2.000
%%CreationDate: 2017.07.04:1542
%%Pages: 1
%%BeginProlog
%%EndProlog
%%Page: 1 1
 0 0 0 setrgbcolor 0 0.49814 dtransform truncate idtransform setlinewidth pop [] 0 setdash 1 setlinecap
 1 setlinejoin 10 setmiterlimit
newpath 0 69.73831 moveto
99.62616 69.73831 lineto stroke
newpath 94.64485 72.22897 moveto
95.82079 70.66106 97.66628 69.73831 99.62616 69.73831 curveto
97.66628 69.73831 95.82079 68.81557 94.64485 67.24765 curveto stroke
 0.49814 0 dtransform exch truncate exch idtransform pop setlinewidth
newpath 19.92523 0 moveto
19.92523 139.47662 lineto stroke
 0 0.49814 dtransform truncate idtransform setlinewidth pop
newpath 17.43457 134.49532 moveto
19.00249 135.67125 19.92523 137.51674 19.92523 139.47662 curveto
19.92523 137.51674 20.84798 135.67125 22.4159 134.49532 curveto stroke
 0.49814 0 dtransform exch truncate exch idtransform pop setlinewidth
newpath 35.57452 67.74579 moveto
35.57452 71.73083 lineto stroke
newpath 51.2238 67.74579 moveto
51.2238 71.73083 lineto stroke
newpath 66.8731 67.74579 moveto
66.8731 71.73083 lineto stroke
newpath 82.52237 67.74579 moveto
82.52237 71.73083 lineto stroke
 0 0.49814 dtransform truncate idtransform setlinewidth pop
newpath 21.91776 9.96262 moveto
17.93271 9.96262 lineto stroke
newpath 21.91776 39.85046 moveto
17.93271 39.85046 lineto stroke
newpath 21.91776 99.62616 moveto
17.93271 99.62616 lineto stroke
newpath 21.91776 129.514 moveto
17.93271 129.514 lineto stroke
newpath 19.92523 131.50653 moveto
19.39676 131.50653 18.89 131.29657 18.51633 130.92291 curveto
18.14267 130.54924 17.93271 130.04248 17.93271 129.514 curveto
17.93271 128.98553 18.14267 128.47878 18.51633 128.1051 curveto
18.89 127.73145 19.39676 127.52148 19.92523 127.52148 curveto
20.4537 127.52148 20.96046 127.73145 21.33414 128.1051 curveto
21.7078 128.47878 21.91776 128.98553 21.91776 129.514 curveto
21.91776 130.04248 21.7078 130.54924 21.33414 130.92291 curveto
20.96046 131.29657 20.4537 131.50653 19.92523 131.50653 curveto closepath fill
newpath 51.208 71.73083 moveto
50.67952 71.73083 50.17276 71.52087 49.79909 71.14722 curveto
49.42543 70.77354 49.21547 70.26678 49.21547 69.73831 curveto
49.21547 69.20984 49.42543 68.70308 49.79909 68.3294 curveto
50.17276 67.95575 50.67952 67.74579 51.208 67.74579 curveto
51.73647 67.74579 52.24323 67.95575 52.6169 68.3294 curveto
52.99055 68.70308 53.20052 69.20984 53.20052 69.73831 curveto
53.20052 70.26678 52.99055 70.77354 52.6169 71.14722 curveto
52.24323 71.52087 51.73647 71.73083 51.208 71.73083 curveto closepath fill
newpath 82.49045 11.95514 moveto
81.96198 11.95514 81.45522 11.74518 81.08154 11.37152 curveto
80.70789 10.99785 80.49792 10.49109 80.49792 9.96262 curveto
80.49792 9.43414 80.70789 8.92738 81.08154 8.55371 curveto
81.45522 8.18005 81.96198 7.9701 82.49045 7.9701 curveto
83.01892 7.9701 83.52568 8.18005 83.89935 8.55371 curveto
84.27301 8.92738 84.48297 9.43414 84.48297 9.96262 curveto
84.48297 10.49109 84.27301 10.99785 83.89935 11.37152 curveto
83.52568 11.74518 83.01892 11.95514 82.49045 11.95514 curveto closepath fill
 0 1.24533 dtransform truncate idtransform setlinewidth pop
newpath 19.92523 129.514 moveto
20.6391 129.49805 21.33322 129.3927 21.94432 129.20753 curveto
22.72783 128.97025 23.37907 128.6431 23.96342 128.29088 curveto
24.74115 127.82205 25.38965 127.30489 25.98282 126.77313 curveto
26.74109 126.0933 27.39507 125.38643 28.00192 124.66982 curveto
28.74316 123.79451 29.4026 122.90262 30.02101 122.00374 curveto
30.74948 120.94524 31.41197 119.8758 32.04012 118.80133 curveto
32.75885 117.57198 33.42348 116.33516 34.05951 115.09454 curveto
34.77003 113.70815 35.43709 112.31627 36.07951 110.92166 curveto
36.78336 109.39374 37.45071 107.86156 38.09862 106.3274 curveto
38.79698 104.6733 39.46526 103.01599 40.11801 101.35733 curveto
40.81152 99.5947 41.4804 97.82962 42.13712 96.06348 curveto
42.82635 94.21008 43.49524 92.3547 44.1562 90.49873 curveto
44.8415 88.57434 45.51099 86.64857 46.17531 84.72237 curveto
46.85695 82.74568 47.52673 80.76794 48.1947 78.79004 curveto
48.8727 76.78265 49.5425 74.7745 50.21379 72.7665 curveto
50.88846 70.74847 51.55824 68.72998 52.2329 66.71194 curveto
52.9042 64.70395 53.57399 62.6958 54.25198 60.68842 curveto
54.91995 58.71082 55.58974 56.73337 56.2714 54.75699 curveto
56.936 52.83047 57.6052 50.90442 58.29048 48.97972 curveto
58.95116 47.12404 59.62033 45.26897 60.30959 43.41588 curveto
60.9666 41.64944 61.63518 39.88406 62.32867 38.12111 curveto
62.98145 36.46245 63.6497 34.80516 64.34808 33.15106 curveto
64.99597 31.6169 65.66333 30.08472 66.36717 28.55678 curveto
67.0099 27.16187 67.67635 25.7697 68.38718 24.383 curveto
69.02292 23.14268 69.68814 21.90617 70.40659 20.67711 curveto
71.03471 19.60234 71.6972 18.5326 72.42567 17.4738 curveto
73.04408 16.57492 73.70354 15.68303 74.44478 14.80771 curveto
75.05162 14.09111 75.70561 13.38423 76.46387 12.7044 curveto
77.05704 12.17265 77.70586 11.65549 78.48326 11.18666 curveto
79.06763 10.83429 79.71887 10.50653 80.50237 10.26909 curveto
81.11348 10.08392 81.80759 9.97842 82.52145 9.96262 curveto stroke
showpage
%%EOF
