%!PS
%%BoundingBox: 36 36 150 77 
%%HiResBoundingBox: 36.16435 36.16435 149.68831 76.96121 
%%Creator: MetaPost 2.000
%%CreationDate: 2017.07.04:1542
%%Pages: 1
%%BeginProlog
%%EndProlog
%%Page: 1 1
 0 0 0 setrgbcolor 0 0.49814 dtransform truncate idtransform setlinewidth pop [] 0 setdash 1 setlinecap
 1 setlinejoin 10 setmiterlimit
newpath 74.71962 74.71962 moveto
149.43924 74.71962 lineto stroke
newpath 146.45045 76.21402 moveto
147.156 75.27327 148.2633 74.71962 149.43924 74.71962 curveto
148.2633 74.71962 147.156 74.16597 146.45045 73.22522 curveto stroke
 0.49814 0 dtransform exch truncate exch idtransform pop setlinewidth
newpath 89.66354 72.7271 moveto
89.66354 76.71214 lineto stroke
newpath 104.60747 72.7271 moveto
104.60747 76.71214 lineto stroke
newpath 119.55139 72.7271 moveto
119.55139 76.71214 lineto stroke
newpath 134.49532 72.7271 moveto
134.49532 76.71214 lineto stroke
newpath 74.71962 76.21402 moveto
74.32326 76.21402 73.94319 76.05653 73.66295 75.77629 curveto
73.3827 75.49605 73.22522 75.11598 73.22522 74.71962 curveto
73.22522 74.32326 73.3827 73.94319 73.66295 73.66295 curveto
73.94319 73.3827 74.32326 73.22522 74.71962 73.22522 curveto
75.11598 73.22522 75.49605 73.3827 75.77629 73.66295 curveto
76.05653 73.94319 76.21402 74.32326 76.21402 74.71962 curveto
76.21402 75.11598 76.05653 75.49605 75.77629 75.77629 curveto
75.49605 76.05653 75.11598 76.21402 74.71962 76.21402 curveto closepath fill
newpath 37.65875 39.15315 moveto
37.26239 39.15315 36.88232 38.99567 36.60208 38.71542 curveto
36.32184 38.43518 36.16435 38.05511 36.16435 37.65875 curveto
36.16435 37.26239 36.32184 36.88232 36.60208 36.60208 curveto
36.88232 36.32184 37.26239 36.16435 37.65875 36.16435 curveto
38.05511 36.16435 38.43518 36.32184 38.71542 36.60208 curveto
38.99567 36.88232 39.15315 37.26239 39.15315 37.65875 curveto
39.15315 38.05511 38.99567 38.43518 38.71542 38.71542 curveto
38.43518 38.99567 38.05511 39.15315 37.65875 39.15315 curveto closepath fill
newpath 93.57768 73.0915 moveto
93.57768 73.15756 93.55144 73.22092 93.50473 73.26762 curveto
93.45802 73.31433 93.39467 73.34058 93.32861 73.34058 curveto
93.26256 73.34058 93.1992 73.31433 93.1525 73.26762 curveto
93.10579 73.22092 93.07954 73.15756 93.07954 73.0915 curveto
93.07954 73.02545 93.10579 72.9621 93.1525 72.91539 curveto
93.1992 72.86868 93.26256 72.84244 93.32861 72.84244 curveto
93.39467 72.84244 93.45802 72.86868 93.50473 72.91539 curveto
93.55144 72.9621 93.57768 73.02545 93.57768 73.0915 curveto closepath fill
newpath 93.09941 70.22298 moveto
93.09941 70.28903 93.07317 70.35239 93.02646 70.3991 curveto
92.97975 70.4458 92.9164 70.47205 92.85034 70.47205 curveto
92.78429 70.47205 92.72093 70.4458 92.67422 70.3991 curveto
92.62752 70.35239 92.60127 70.28903 92.60127 70.22298 curveto
92.60127 70.15692 92.62752 70.09357 92.67422 70.04686 curveto
92.72093 70.00015 92.78429 69.9739 92.85034 69.9739 curveto
92.9164 69.9739 92.97975 70.00015 93.02646 70.04686 curveto
93.07317 70.09357 93.09941 70.15692 93.09941 70.22298 curveto closepath fill
newpath 92.18176 67.46347 moveto
92.18176 67.52953 92.15552 67.59288 92.10881 67.63959 curveto
92.0621 67.6863 91.99875 67.71254 91.9327 67.71254 curveto
91.86664 67.71254 91.80328 67.6863 91.75658 67.63959 curveto
91.70987 67.59288 91.68362 67.52953 91.68362 67.46347 curveto
91.68362 67.39742 91.70987 67.33406 91.75658 67.28735 curveto
91.80328 67.24065 91.86664 67.2144 91.9327 67.2144 curveto
91.99875 67.2144 92.0621 67.24065 92.10881 67.28735 curveto
92.15552 67.33406 92.18176 67.39742 92.18176 67.46347 curveto closepath fill
newpath 90.84697 64.87991 moveto
90.84697 64.94597 90.82072 65.00932 90.77402 65.05603 curveto
90.72731 65.10274 90.66396 65.12898 90.5979 65.12898 curveto
90.53185 65.12898 90.46849 65.10274 90.42178 65.05603 curveto
90.37508 65.00932 90.34883 64.94597 90.34883 64.87991 curveto
90.34883 64.81386 90.37508 64.7505 90.42178 64.7038 curveto
90.46849 64.65709 90.53185 64.63084 90.5979 64.63084 curveto
90.66396 64.63084 90.72731 64.65709 90.77402 64.7038 curveto
90.82072 64.7505 90.84697 64.81386 90.84697 64.87991 curveto closepath fill
newpath 89.12756 62.53462 moveto
89.12756 62.60068 89.10132 62.66403 89.05461 62.71074 curveto
89.0079 62.75745 88.94455 62.78369 88.8785 62.78369 curveto
88.81244 62.78369 88.74908 62.75745 88.70238 62.71074 curveto
88.65567 62.66403 88.62943 62.60068 88.62943 62.53462 curveto
88.62943 62.46857 88.65567 62.40521 88.70238 62.3585 curveto
88.74908 62.3118 88.81244 62.28555 88.8785 62.28555 curveto
88.94455 62.28555 89.0079 62.3118 89.05461 62.3585 curveto
89.10132 62.40521 89.12756 62.46857 89.12756 62.53462 curveto closepath fill
newpath 87.0648 60.48476 moveto
87.0648 60.55081 87.03856 60.61417 86.99185 60.66087 curveto
86.94514 60.70758 86.88179 60.73383 86.81573 60.73383 curveto
86.74968 60.73383 86.68633 60.70758 86.63962 60.66087 curveto
86.59291 60.61417 86.56667 60.55081 86.56667 60.48476 curveto
86.56667 60.4187 86.59291 60.35535 86.63962 60.30864 curveto
86.68633 60.26193 86.74968 60.23569 86.81573 60.23569 curveto
86.88179 60.23569 86.94514 60.26193 86.99185 60.30864 curveto
87.03856 60.35535 87.0648 60.4187 87.0648 60.48476 curveto closepath fill
newpath 84.70885 58.78004 moveto
84.70885 58.8461 84.6826 58.90945 84.6359 58.95616 curveto
84.58919 59.00287 84.52583 59.02911 84.45978 59.02911 curveto
84.39372 59.02911 84.33037 59.00287 84.28366 58.95616 curveto
84.23695 58.90945 84.21071 58.8461 84.21071 58.78004 curveto
84.21071 58.71399 84.23695 58.65063 84.28366 58.60393 curveto
84.33037 58.55722 84.39372 58.53098 84.45978 58.53098 curveto
84.52583 58.53098 84.58919 58.55722 84.6359 58.60393 curveto
84.6826 58.65063 84.70885 58.71399 84.70885 58.78004 curveto closepath fill
newpath 82.11719 57.46156 moveto
82.11719 57.52762 82.09094 57.59097 82.04424 57.63768 curveto
81.99753 57.68439 81.93417 57.71063 81.86812 57.71063 curveto
81.80206 57.71063 81.73871 57.68439 81.692 57.63768 curveto
81.6453 57.59097 81.61905 57.52762 81.61905 57.46156 curveto
81.61905 57.39551 81.6453 57.33215 81.692 57.28545 curveto
81.73871 57.23874 81.80206 57.2125 81.86812 57.2125 curveto
81.93417 57.2125 81.99753 57.23874 82.04424 57.28545 curveto
82.09094 57.33215 82.11719 57.39551 82.11719 57.46156 curveto closepath fill
newpath 79.35199 56.56116 moveto
79.35199 56.62721 79.32574 56.69057 79.27904 56.73727 curveto
79.23233 56.78398 79.16898 56.81023 79.10292 56.81023 curveto
79.03687 56.81023 78.97351 56.78398 78.9268 56.73727 curveto
78.8801 56.69057 78.85385 56.62721 78.85385 56.56116 curveto
78.85385 56.4951 78.8801 56.43175 78.9268 56.38504 curveto
78.97351 56.33833 79.03687 56.31209 79.10292 56.31209 curveto
79.16898 56.31209 79.23233 56.33833 79.27904 56.38504 curveto
79.32574 56.43175 79.35199 56.4951 79.35199 56.56116 curveto closepath fill
newpath 76.48045 56.1008 moveto
76.48045 56.16685 76.45421 56.23021 76.4075 56.27692 curveto
76.3608 56.32362 76.29744 56.34987 76.23138 56.34987 curveto
76.16533 56.34987 76.10197 56.32362 76.05527 56.27692 curveto
76.00856 56.23021 75.98232 56.16685 75.98232 56.1008 curveto
75.98232 56.03474 76.00856 55.97139 76.05527 55.92468 curveto
76.10197 55.87798 76.16533 55.85173 76.23138 55.85173 curveto
76.29744 55.85173 76.3608 55.87798 76.4075 55.92468 curveto
76.45421 55.97139 76.48045 56.03474 76.48045 56.1008 curveto closepath fill
newpath 73.57227 56.09181 moveto
73.57227 56.15787 73.54602 56.22122 73.49931 56.26793 curveto
73.4526 56.31464 73.38925 56.34088 73.3232 56.34088 curveto
73.25714 56.34088 73.19379 56.31464 73.14708 56.26793 curveto
73.10037 56.22122 73.07413 56.15787 73.07413 56.09181 curveto
73.07413 56.02576 73.10037 55.9624 73.14708 55.9157 curveto
73.19379 55.86899 73.25714 55.84274 73.3232 55.84274 curveto
73.38925 55.84274 73.4526 55.86899 73.49931 55.9157 curveto
73.54602 55.9624 73.57227 56.02576 73.57227 56.09181 curveto closepath fill
newpath 70.69807 56.53441 moveto
70.69807 56.60046 70.67183 56.66382 70.62512 56.71053 curveto
70.57841 56.75723 70.51506 56.78348 70.449 56.78348 curveto
70.38295 56.78348 70.3196 56.75723 70.27289 56.71053 curveto
70.22618 56.66382 70.19994 56.60046 70.19994 56.53441 curveto
70.19994 56.46835 70.22618 56.405 70.27289 56.35829 curveto
70.3196 56.31158 70.38295 56.28534 70.449 56.28534 curveto
70.51506 56.28534 70.57841 56.31158 70.62512 56.35829 curveto
70.67183 56.405 70.69807 56.46835 70.69807 56.53441 curveto closepath fill
newpath 67.92729 57.41768 moveto
67.92729 57.48373 67.90105 57.54709 67.85434 57.5938 curveto
67.80763 57.6405 67.74428 57.66675 67.67822 57.66675 curveto
67.61217 57.66675 67.54881 57.6405 67.5021 57.5938 curveto
67.4554 57.54709 67.42915 57.48373 67.42915 57.41768 curveto
67.42915 57.35162 67.4554 57.28827 67.5021 57.24156 curveto
67.54881 57.19485 67.61217 57.16861 67.67822 57.16861 curveto
67.74428 57.16861 67.80763 57.19485 67.85434 57.24156 curveto
67.90105 57.28827 67.92729 57.35162 67.92729 57.41768 curveto closepath fill
newpath 65.32736 58.72008 moveto
65.32736 58.78613 65.30112 58.84949 65.25441 58.8962 curveto
65.2077 58.9429 65.14435 58.96915 65.0783 58.96915 curveto
65.01224 58.96915 64.94888 58.9429 64.90218 58.8962 curveto
64.85547 58.84949 64.82922 58.78613 64.82922 58.72008 curveto
64.82922 58.65402 64.85547 58.59067 64.90218 58.54396 curveto
64.94888 58.49725 65.01224 58.47101 65.0783 58.47101 curveto
65.14435 58.47101 65.2077 58.49725 65.25441 58.54396 curveto
65.30112 58.59067 65.32736 58.65402 65.32736 58.72008 curveto closepath fill
newpath 62.96129 60.41006 moveto
62.96129 60.47612 62.93504 60.53947 62.88834 60.58618 curveto
62.84163 60.63289 62.77827 60.65913 62.71222 60.65913 curveto
62.64616 60.65913 62.58281 60.63289 62.5361 60.58618 curveto
62.4894 60.53947 62.46315 60.47612 62.46315 60.41006 curveto
62.46315 60.34401 62.4894 60.28065 62.5361 60.23395 curveto
62.58281 60.18724 62.64616 60.161 62.71222 60.161 curveto
62.77827 60.161 62.84163 60.18724 62.88834 60.23395 curveto
62.93504 60.28065 62.96129 60.34401 62.96129 60.41006 curveto closepath fill
newpath 74.96869 74.71962 moveto
74.96869 74.78568 74.94244 74.84903 74.89574 74.89574 curveto
74.84903 74.94244 74.78568 74.96869 74.71962 74.96869 curveto
74.65356 74.96869 74.59021 74.94244 74.5435 74.89574 curveto
74.4968 74.84903 74.47055 74.78568 74.47055 74.71962 curveto
74.47055 74.65356 74.4968 74.59021 74.5435 74.5435 curveto
74.59021 74.4968 74.65356 74.47055 74.71962 74.47055 curveto
74.78568 74.47055 74.84903 74.4968 74.89574 74.5435 curveto
74.94244 74.59021 74.96869 74.65356 74.96869 74.71962 curveto closepath fill
newpath 72.90971 72.66064 moveto
72.90971 72.7267 72.88347 72.79005 72.83676 72.83676 curveto
72.79005 72.88347 72.7267 72.90971 72.66064 72.90971 curveto
72.59459 72.90971 72.53123 72.88347 72.48453 72.83676 curveto
72.43782 72.79005 72.41158 72.7267 72.41158 72.66064 curveto
72.41158 72.59459 72.43782 72.53123 72.48453 72.48453 curveto
72.53123 72.43782 72.59459 72.41158 72.66064 72.41158 curveto
72.7267 72.41158 72.79005 72.43782 72.83676 72.48453 curveto
72.88347 72.53123 72.90971 72.59459 72.90971 72.66064 curveto closepath fill
newpath 70.8507 70.60162 moveto
70.8507 70.66768 70.82445 70.73103 70.77774 70.77774 curveto
70.73103 70.82445 70.66768 70.8507 70.60162 70.8507 curveto
70.53557 70.8507 70.47221 70.82445 70.4255 70.77774 curveto
70.3788 70.73103 70.35255 70.66768 70.35255 70.60162 curveto
70.35255 70.53557 70.3788 70.47221 70.4255 70.4255 curveto
70.47221 70.3788 70.53557 70.35255 70.60162 70.35255 curveto
70.66768 70.35255 70.73103 70.3788 70.77774 70.4255 curveto
70.82445 70.47221 70.8507 70.53557 70.8507 70.60162 curveto closepath fill
newpath 68.79172 68.54265 moveto
68.79172 68.6087 68.76547 68.67206 68.71877 68.71877 curveto
68.67206 68.76547 68.6087 68.79172 68.54265 68.79172 curveto
68.4766 68.79172 68.41324 68.76547 68.36653 68.71877 curveto
68.31982 68.67206 68.29358 68.6087 68.29358 68.54265 curveto
68.29358 68.4766 68.31982 68.41324 68.36653 68.36653 curveto
68.41324 68.31982 68.4766 68.29358 68.54265 68.29358 curveto
68.6087 68.29358 68.67206 68.31982 68.71877 68.36653 curveto
68.76547 68.41324 68.79172 68.4766 68.79172 68.54265 curveto closepath fill
newpath 66.73271 66.48364 moveto
66.73271 66.5497 66.70647 66.61305 66.65976 66.65976 curveto
66.61305 66.70647 66.5497 66.73271 66.48364 66.73271 curveto
66.41759 66.73271 66.35423 66.70647 66.30753 66.65976 curveto
66.26082 66.61305 66.23457 66.5497 66.23457 66.48364 curveto
66.23457 66.41759 66.26082 66.35423 66.30753 66.30753 curveto
66.35423 66.26082 66.41759 66.23457 66.48364 66.23457 curveto
66.5497 66.23457 66.61305 66.26082 66.65976 66.30753 curveto
66.70647 66.35423 66.73271 66.41759 66.73271 66.48364 curveto closepath fill
newpath 64.67372 64.42465 moveto
64.67372 64.4907 64.64748 64.55406 64.60077 64.60077 curveto
64.55406 64.64748 64.4907 64.67372 64.42465 64.67372 curveto
64.3586 64.67372 64.29524 64.64748 64.24854 64.60077 curveto
64.20183 64.55406 64.17558 64.4907 64.17558 64.42465 curveto
64.17558 64.3586 64.20183 64.29524 64.24854 64.24854 curveto
64.29524 64.20183 64.3586 64.17558 64.42465 64.17558 curveto
64.4907 64.17558 64.55406 64.20183 64.60077 64.24854 curveto
64.64748 64.29524 64.67372 64.3586 64.67372 64.42465 curveto closepath fill
newpath 62.61526 62.3662 moveto
62.61526 62.43225 62.58902 62.4956 62.54231 62.54231 curveto
62.4956 62.58902 62.43225 62.61526 62.3662 62.61526 curveto
62.30014 62.61526 62.23679 62.58902 62.19008 62.54231 curveto
62.14337 62.4956 62.11713 62.43225 62.11713 62.3662 curveto
62.11713 62.30014 62.14337 62.23679 62.19008 62.19008 curveto
62.23679 62.14337 62.30014 62.11713 62.3662 62.11713 curveto
62.43225 62.11713 62.4956 62.14337 62.54231 62.19008 curveto
62.58902 62.23679 62.61526 62.30014 62.61526 62.3662 curveto closepath fill
newpath 60.55627 60.3072 moveto
60.55627 60.37326 60.53003 60.43661 60.48332 60.48332 curveto
60.43661 60.53003 60.37326 60.55627 60.3072 60.55627 curveto
60.24115 60.55627 60.1778 60.53003 60.13109 60.48332 curveto
60.08438 60.43661 60.05814 60.37326 60.05814 60.3072 curveto
60.05814 60.24115 60.08438 60.1778 60.13109 60.13109 curveto
60.1778 60.08438 60.24115 60.05814 60.3072 60.05814 curveto
60.37326 60.05814 60.43661 60.08438 60.48332 60.13109 curveto
60.53003 60.1778 60.55627 60.24115 60.55627 60.3072 curveto closepath fill
newpath 58.49727 58.2482 moveto
58.49727 58.31425 58.47102 58.37761 58.42432 58.42432 curveto
58.37761 58.47102 58.31425 58.49727 58.2482 58.49727 curveto
58.18214 58.49727 58.11879 58.47102 58.07208 58.42432 curveto
58.02538 58.37761 57.99913 58.31425 57.99913 58.2482 curveto
57.99913 58.18214 58.02538 58.11879 58.07208 58.07208 curveto
58.11879 58.02538 58.18214 57.99913 58.2482 57.99913 curveto
58.31425 57.99913 58.37761 58.02538 58.42432 58.07208 curveto
58.47102 58.11879 58.49727 58.18214 58.49727 58.2482 curveto closepath fill
newpath 56.43825 56.18918 moveto
56.43825 56.25523 56.412 56.31859 56.3653 56.3653 curveto
56.31859 56.412 56.25523 56.43825 56.18918 56.43825 curveto
56.12312 56.43825 56.05977 56.412 56.01306 56.3653 curveto
55.96635 56.31859 55.94011 56.25523 55.94011 56.18918 curveto
55.94011 56.12312 55.96635 56.05977 56.01306 56.01306 curveto
56.05977 55.96635 56.12312 55.94011 56.18918 55.94011 curveto
56.25523 55.94011 56.31859 55.96635 56.3653 56.01306 curveto
56.412 56.05977 56.43825 56.12312 56.43825 56.18918 curveto closepath fill
newpath 54.37924 54.13017 moveto
54.37924 54.19623 54.353 54.25958 54.30629 54.30629 curveto
54.25958 54.353 54.19623 54.37924 54.13017 54.37924 curveto
54.06412 54.37924 54.00076 54.353 53.95406 54.30629 curveto
53.90735 54.25958 53.8811 54.19623 53.8811 54.13017 curveto
53.8811 54.06412 53.90735 54.00076 53.95406 53.95406 curveto
54.00076 53.90735 54.06412 53.8811 54.13017 53.8811 curveto
54.19623 53.8811 54.25958 53.90735 54.30629 53.95406 curveto
54.353 54.00076 54.37924 54.06412 54.37924 54.13017 curveto closepath fill
newpath 52.32024 52.07117 moveto
52.32024 52.13722 52.29399 52.20058 52.24728 52.24728 curveto
52.20058 52.29399 52.13722 52.32024 52.07117 52.32024 curveto
52.00511 52.32024 51.94176 52.29399 51.89505 52.24728 curveto
51.84834 52.20058 51.8221 52.13722 51.8221 52.07117 curveto
51.8221 52.00511 51.84834 51.94176 51.89505 51.89505 curveto
51.94176 51.84834 52.00511 51.8221 52.07117 51.8221 curveto
52.13722 51.8221 52.20058 51.84834 52.24728 51.89505 curveto
52.29399 51.94176 52.32024 52.00511 52.32024 52.07117 curveto closepath fill
newpath 50.26125 50.01218 moveto
50.26125 50.07823 50.235 50.14159 50.1883 50.1883 curveto
50.14159 50.235 50.07823 50.26125 50.01218 50.26125 curveto
49.94612 50.26125 49.88277 50.235 49.83606 50.1883 curveto
49.78935 50.14159 49.7631 50.07823 49.7631 50.01218 curveto
49.7631 49.94612 49.78935 49.88277 49.83606 49.83606 curveto
49.88277 49.78935 49.94612 49.7631 50.01218 49.7631 curveto
50.07823 49.7631 50.14159 49.78935 50.1883 49.83606 curveto
50.235 49.88277 50.26125 49.94612 50.26125 50.01218 curveto closepath fill
newpath 48.20279 47.95372 moveto
48.20279 48.01978 48.17654 48.08313 48.12984 48.12984 curveto
48.08313 48.17654 48.01978 48.20279 47.95372 48.20279 curveto
47.88766 48.20279 47.82431 48.17654 47.7776 48.12984 curveto
47.7309 48.08313 47.70465 48.01978 47.70465 47.95372 curveto
47.70465 47.88766 47.7309 47.82431 47.7776 47.7776 curveto
47.82431 47.7309 47.88766 47.70465 47.95372 47.70465 curveto
48.01978 47.70465 48.08313 47.7309 48.12984 47.7776 curveto
48.17654 47.82431 48.20279 47.88766 48.20279 47.95372 curveto closepath fill
newpath 46.1438 45.89473 moveto
46.1438 45.96078 46.11755 46.02414 46.07085 46.07085 curveto
46.02414 46.11755 45.96078 46.1438 45.89473 46.1438 curveto
45.82867 46.1438 45.76532 46.11755 45.71861 46.07085 curveto
45.6719 46.02414 45.64566 45.96078 45.64566 45.89473 curveto
45.64566 45.82867 45.6719 45.76532 45.71861 45.71861 curveto
45.76532 45.6719 45.82867 45.64566 45.89473 45.64566 curveto
45.96078 45.64566 46.02414 45.6719 46.07085 45.71861 curveto
46.11755 45.76532 46.1438 45.82867 46.1438 45.89473 curveto closepath fill
newpath 44.0848 43.83572 moveto
44.0848 43.90178 44.05855 43.96513 44.01184 44.01184 curveto
43.96513 44.05855 43.90178 44.0848 43.83572 44.0848 curveto
43.76967 44.0848 43.70631 44.05855 43.6596 44.01184 curveto
43.6129 43.96513 43.58665 43.90178 43.58665 43.83572 curveto
43.58665 43.76967 43.6129 43.70631 43.6596 43.6596 curveto
43.70631 43.6129 43.76967 43.58665 43.83572 43.58665 curveto
43.90178 43.58665 43.96513 43.6129 44.01184 43.6596 curveto
44.05855 43.70631 44.0848 43.76967 44.0848 43.83572 curveto closepath fill
newpath 42.02582 41.77675 moveto
42.02582 41.8428 41.99957 41.90616 41.95287 41.95287 curveto
41.90616 41.99957 41.8428 42.02582 41.77675 42.02582 curveto
41.7107 42.02582 41.64734 41.99957 41.60063 41.95287 curveto
41.55392 41.90616 41.52768 41.8428 41.52768 41.77675 curveto
41.52768 41.7107 41.55392 41.64734 41.60063 41.60063 curveto
41.64734 41.55392 41.7107 41.52768 41.77675 41.52768 curveto
41.8428 41.52768 41.90616 41.55392 41.95287 41.60063 curveto
41.99957 41.64734 42.02582 41.7107 42.02582 41.77675 curveto closepath fill
newpath 39.9668 39.71773 moveto
39.9668 39.78378 39.94055 39.84714 39.89384 39.89384 curveto
39.84714 39.94055 39.78378 39.9668 39.71773 39.9668 curveto
39.65167 39.9668 39.58832 39.94055 39.54161 39.89384 curveto
39.4949 39.84714 39.46866 39.78378 39.46866 39.71773 curveto
39.46866 39.65167 39.4949 39.58832 39.54161 39.54161 curveto
39.58832 39.4949 39.65167 39.46866 39.71773 39.46866 curveto
39.78378 39.46866 39.84714 39.4949 39.89384 39.54161 curveto
39.94055 39.58832 39.9668 39.65167 39.9668 39.71773 curveto closepath fill
newpath 37.90782 37.65875 moveto
37.90782 37.72481 37.88158 37.78816 37.83487 37.83487 curveto
37.78816 37.88158 37.72481 37.90782 37.65875 37.90782 curveto
37.5927 37.90782 37.52934 37.88158 37.48264 37.83487 curveto
37.43593 37.78816 37.40968 37.72481 37.40968 37.65875 curveto
37.40968 37.5927 37.43593 37.52934 37.48264 37.48264 curveto
37.52934 37.43593 37.5927 37.40968 37.65875 37.40968 curveto
37.72481 37.40968 37.78816 37.43593 37.83487 37.48264 curveto
37.88158 37.52934 37.90782 37.5927 37.90782 37.65875 curveto closepath fill
showpage
%%EOF
