%!PS
%%BoundingBox: -1 -1 150 150 
%%HiResBoundingBox: -0.24907 -0.24907 149.68831 149.68831 
%%Creator: MetaPost 2.000
%%CreationDate: 2017.07.04:1542
%%Pages: 1
%%BeginProlog
%%EndProlog
%%Page: 1 1
 0 0 0 setrgbcolor 0 0.49814 dtransform truncate idtransform setlinewidth pop [] 0 setdash 1 setlinecap
 1 setlinejoin 10 setmiterlimit
newpath 0 74.71962 moveto
149.43924 74.71962 lineto stroke
newpath 144.45793 77.21028 moveto
145.63387 75.64236 147.47935 74.71962 149.43924 74.71962 curveto
147.47935 74.71962 145.63387 73.79688 144.45793 72.22896 curveto stroke
 0.49814 0 dtransform exch truncate exch idtransform pop setlinewidth
newpath 74.71962 0 moveto
74.71962 149.43924 lineto stroke
 0 0.49814 dtransform truncate idtransform setlinewidth pop
newpath 72.22896 144.45793 moveto
73.79688 145.63387 74.71962 147.47935 74.71962 149.43924 curveto
74.71962 147.47935 75.64236 145.63387 77.21028 144.45793 curveto stroke
 0.49814 0 dtransform exch truncate exch idtransform pop setlinewidth
newpath 14.94392 72.7271 moveto
14.94392 76.71214 lineto stroke
newpath 29.88785 72.7271 moveto
29.88785 76.71214 lineto stroke
newpath 44.83177 72.7271 moveto
44.83177 76.71214 lineto stroke
newpath 59.7757 72.7271 moveto
59.7757 76.71214 lineto stroke
newpath 89.66354 72.7271 moveto
89.66354 76.71214 lineto stroke
newpath 104.60747 72.7271 moveto
104.60747 76.71214 lineto stroke
newpath 119.55139 72.7271 moveto
119.55139 76.71214 lineto stroke
newpath 134.49532 72.7271 moveto
134.49532 76.71214 lineto stroke
 0 0.49814 dtransform truncate idtransform setlinewidth pop
newpath 76.71214 14.94392 moveto
72.7271 14.94392 lineto stroke
newpath 76.71214 29.88785 moveto
72.7271 29.88785 lineto stroke
newpath 76.71214 44.83177 moveto
72.7271 44.83177 lineto stroke
newpath 76.71214 59.7757 moveto
72.7271 59.7757 lineto stroke
newpath 76.71214 89.66354 moveto
72.7271 89.66354 lineto stroke
newpath 76.71214 104.60747 moveto
72.7271 104.60747 lineto stroke
newpath 76.71214 119.55139 moveto
72.7271 119.55139 lineto stroke
newpath 76.71214 134.49532 moveto
72.7271 134.49532 lineto stroke
newpath 74.71962 76.21402 moveto
74.32326 76.21402 73.94319 76.05653 73.66295 75.77629 curveto
73.3827 75.49605 73.22522 75.11598 73.22522 74.71962 curveto
73.22522 74.32326 73.3827 73.94319 73.66295 73.66295 curveto
73.94319 73.3827 74.32326 73.22522 74.71962 73.22522 curveto
75.11598 73.22522 75.49605 73.3827 75.77629 73.66295 curveto
76.05653 73.94319 76.21402 74.32326 76.21402 74.71962 curveto
76.21402 75.11598 76.05653 75.49605 75.77629 75.77629 curveto
75.49605 76.05653 75.11598 76.21402 74.71962 76.21402 curveto closepath fill
newpath 74.71962 31.38225 moveto
74.32326 31.38225 73.94319 31.22476 73.66295 30.94452 curveto
73.3827 30.66428 73.22522 30.28421 73.22522 29.88785 curveto
73.22522 29.49149 73.3827 29.11142 73.66295 28.83118 curveto
73.94319 28.55093 74.32326 28.39345 74.71962 28.39345 curveto
75.11598 28.39345 75.49605 28.55093 75.77629 28.83118 curveto
76.05653 29.11142 76.21402 29.49149 76.21402 29.88785 curveto
76.21402 30.28421 76.05653 30.66428 75.77629 30.94452 curveto
75.49605 31.22476 75.11598 31.38225 74.71962 31.38225 curveto closepath fill
newpath 85.88492 75.69649 moveto
85.85664 76.0212 85.81401 76.34453 85.75746 76.66559 curveto
85.7009 76.98688 85.63022 77.30566 85.54562 77.6208 curveto
85.46124 77.9357 85.3632 78.24673 85.2517 78.55296 curveto
85.14018 78.85944 85.01523 79.16066 84.8775 79.45618 curveto
84.73955 79.75192 84.58882 80.04152 84.42578 80.32405 curveto
84.26274 80.60634 84.08762 80.88135 83.90063 81.14836 curveto
83.71365 81.41537 83.51505 81.6742 83.3055 81.92387 curveto
83.09593 82.17357 82.87566 82.41391 82.64513 82.64444 curveto
82.41437 82.8752 82.1738 83.0957 81.92387 83.3055 curveto
81.6742 83.51505 81.41537 83.71365 81.14836 83.90063 curveto
80.88135 84.08762 80.60634 84.26274 80.32405 84.42578 curveto
80.04152 84.58882 79.75171 84.73955 79.45595 84.8775 curveto
79.16043 85.01523 78.8592 85.14018 78.55296 85.2517 curveto
78.2465 85.3632 77.93547 85.46124 77.62057 85.54562 curveto
77.30544 85.62999 76.98688 85.7009 76.66559 85.75746 curveto
76.34453 85.81401 76.02097 85.85664 75.69626 85.88492 curveto
75.37155 85.9132 75.0457 85.92757 74.71985 85.92757 curveto
74.39354 85.92757 74.06746 85.91342 73.7423 85.88492 curveto
73.41759 85.85664 73.09425 85.81378 72.7732 85.75723 curveto
72.45213 85.70068 72.1338 85.62999 71.8189 85.54562 curveto
71.504 85.46124 71.19296 85.3632 70.8865 85.2517 curveto
70.5798 85.14018 70.27835 85.01523 69.9826 84.87727 curveto
69.68732 84.73955 69.39795 84.58905 69.11565 84.42601 curveto
68.83336 84.26297 68.55835 84.08784 68.29134 83.90086 curveto
68.0241 83.71365 67.76505 83.51505 67.51514 83.30527 curveto
67.26544 83.0957 67.02487 82.87543 66.79434 82.6449 curveto
66.56381 82.41437 66.34354 82.1738 66.13397 81.9241 curveto
65.9242 81.6742 65.72559 81.41515 65.53838 81.1479 curveto
65.3514 80.88089 65.17627 80.60588 65.01323 80.3236 curveto
64.85019 80.04129 64.69969 79.75192 64.56197 79.45663 curveto
64.42401 79.16089 64.29906 78.85944 64.18755 78.55273 curveto
64.07603 78.24628 63.978 77.93524 63.89362 77.62035 curveto
63.80925 77.30544 63.73856 76.9871 63.682 76.66605 curveto
63.62546 76.34499 63.5826 76.02165 63.55432 75.69695 curveto
63.52582 75.37178 63.51167 75.0457 63.51167 74.71939 curveto
63.51167 74.39354 63.52605 74.06769 63.55432 73.74298 curveto
63.5826 73.41827 63.62523 73.09471 63.68178 72.77365 curveto
63.73834 72.45236 63.80925 72.1338 63.89362 71.81866 curveto
63.978 71.50377 64.07603 71.19273 64.18755 70.88628 curveto
64.29906 70.58003 64.42401 70.27881 64.56174 69.98329 curveto
64.69969 69.68753 64.85042 69.39772 65.01346 69.11519 curveto
65.1765 68.8329 65.35162 68.55789 65.5386 68.29088 curveto
65.72559 68.02386 65.9242 67.76505 66.13374 67.51537 curveto
66.34354 67.26544 66.56404 67.02487 66.7948 66.79411 curveto
67.02533 66.56358 67.26567 66.3433 67.51537 66.13374 curveto
67.76505 65.9242 68.02386 65.72559 68.29088 65.5386 curveto
68.55789 65.35162 68.8329 65.1765 69.11519 65.01346 curveto
69.39772 64.85042 69.68732 64.69969 69.98306 64.56174 curveto
70.27858 64.42401 70.5798 64.29906 70.88628 64.18755 curveto
71.1925 64.07603 71.50354 63.978 71.81844 63.89362 curveto
72.13358 63.80902 72.45236 63.73834 72.77365 63.68178 curveto
73.09471 63.62523 73.41805 63.5826 73.74275 63.55432 curveto stroke
newpath 70.89487 65.30235 moveto
71.51614 64.30394 72.57124 63.65633 73.74275 63.55432 curveto
72.57124 63.65633 71.4201 63.20082 70.63559 62.32481 curveto stroke
showpage
%%EOF
