%!PS
%%BoundingBox: -1 -1 120 105 
%%HiResBoundingBox: -0.24907 -0.24907 119.80046 104.85654 
%%Creator: MetaPost 2.000
%%CreationDate: 2017.07.04:1542
%%Pages: 1
%%BeginProlog
%%EndProlog
%%Page: 1 1
 0 0 0 setrgbcolor 0 0.49814 dtransform truncate idtransform setlinewidth pop [] 0 setdash 1 setlinecap
 1 setlinejoin 10 setmiterlimit
newpath 0 44.83177 moveto
119.55139 44.83177 lineto stroke
newpath 114.57008 47.32243 moveto
115.74602 45.75452 117.5915 44.83177 119.55139 44.83177 curveto
117.5915 44.83177 115.74602 43.90903 114.57008 42.34111 curveto stroke
 0.49814 0 dtransform exch truncate exch idtransform pop setlinewidth
newpath 14.94392 0 moveto
14.94392 104.60747 lineto stroke
 0 0.49814 dtransform truncate idtransform setlinewidth pop
newpath 12.45326 99.62616 moveto
14.02118 100.8021 14.94392 102.64758 14.94392 104.60747 curveto
14.94392 102.64758 15.86667 100.8021 17.43459 99.62616 curveto stroke
 0.49814 0 dtransform exch truncate exch idtransform pop setlinewidth
newpath 29.88785 42.83925 moveto
29.88785 46.8243 lineto stroke
newpath 44.83177 42.83925 moveto
44.83177 46.8243 lineto stroke
newpath 59.7757 42.83925 moveto
59.7757 46.8243 lineto stroke
newpath 74.71962 42.83925 moveto
74.71962 46.8243 lineto stroke
newpath 89.66354 42.83925 moveto
89.66354 46.8243 lineto stroke
newpath 104.60747 42.83925 moveto
104.60747 46.8243 lineto stroke
 0 0.49814 dtransform truncate idtransform setlinewidth pop
newpath 16.93645 14.94392 moveto
12.9514 14.94392 lineto stroke
newpath 16.93645 29.88785 moveto
12.9514 29.88785 lineto stroke
newpath 16.93645 59.7757 moveto
12.9514 59.7757 lineto stroke
newpath 16.93645 74.71962 moveto
12.9514 74.71962 lineto stroke
newpath 16.93645 89.66354 moveto
12.9514 89.66354 lineto stroke
newpath 53.76949 68.74207 moveto
53.37312 68.74207 52.99306 68.58458 52.71281 68.30434 curveto
52.43257 68.0241 52.27509 67.64403 52.27509 67.24767 curveto
52.27509 66.8513 52.43257 66.47124 52.71281 66.191 curveto
52.99306 65.91075 53.37312 65.75327 53.76949 65.75327 curveto
54.16585 65.75327 54.54591 65.91075 54.82616 66.191 curveto
55.1064 66.47124 55.26389 66.8513 55.26389 67.24767 curveto
55.26389 67.64403 55.1064 68.0241 54.82616 68.30434 curveto
54.54591 68.58458 54.16585 68.74207 53.76949 68.74207 curveto closepath fill
newpath 59.7757 44.83177 moveto
59.77592 46.13608 59.71915 47.43994 59.60536 48.73923 curveto
59.49158 50.03876 59.32079 51.33257 59.09436 52.61726 curveto
58.86792 53.90152 58.58563 55.17549 58.24815 56.43512 curveto
57.91045 57.69496 57.51778 58.93953 57.07153 60.16539 curveto
56.62552 61.39081 56.12636 62.59615 55.57545 63.77802 curveto
55.0243 64.96033 54.42165 66.11801 53.76949 67.24767 curveto
53.11732 68.3773 52.41615 69.47775 51.668 70.54628 curveto
50.91985 71.61482 50.12585 72.65005 49.2874 73.64926 curveto
48.44894 74.64847 47.56717 75.61029 46.6448 76.53265 curveto
45.72244 77.45502 44.76062 78.33679 43.76141 79.17525 curveto
42.7622 80.0137 41.72697 80.8077 40.65843 81.55585 curveto
39.5899 82.304 38.48946 83.00517 37.35982 83.65733 curveto
36.23016 84.3095 35.07248 84.91216 33.89017 85.4633 curveto
32.7083 86.0142 31.50296 86.51337 30.27754 86.95938 curveto
29.05168 87.40562 27.80711 87.7983 26.54727 88.136 curveto
25.28764 88.47348 24.01367 88.75577 22.72942 88.98221 curveto
21.44472 89.20863 20.15091 89.37943 18.85138 89.49321 curveto
17.5521 89.607 16.24823 89.66377 14.94392 89.66354 curveto stroke
newpath 0.24907 36.16428 moveto
0.24907 36.23033 0.22282 36.29369 0.17612 36.3404 curveto
0.12941 36.3871 0.06606 36.41335 0 36.41335 curveto
-0.06606 36.41335 -0.12941 36.3871 -0.17612 36.3404 curveto
-0.22282 36.29369 -0.24907 36.23033 -0.24907 36.16428 curveto
-0.24907 36.09822 -0.22282 36.03487 -0.17612 35.98816 curveto
-0.12941 35.94145 -0.06606 35.9152 0 35.9152 curveto
0.06606 35.9152 0.12941 35.94145 0.17612 35.98816 curveto
0.22282 36.03487 0.24907 36.09822 0.24907 36.16428 curveto closepath fill
newpath 2.82211 37.65 moveto
2.82211 37.71605 2.79587 37.7794 2.74916 37.82611 curveto
2.70245 37.87282 2.6391 37.89906 2.57304 37.89906 curveto
2.50699 37.89906 2.44363 37.87282 2.39693 37.82611 curveto
2.35022 37.7794 2.32397 37.71605 2.32397 37.65 curveto
2.32397 37.58394 2.35022 37.52058 2.39693 37.47388 curveto
2.44363 37.42717 2.50699 37.40092 2.57304 37.40092 curveto
2.6391 37.40092 2.70245 37.42717 2.74916 37.47388 curveto
2.79587 37.52058 2.82211 37.58394 2.82211 37.65 curveto closepath fill
newpath 5.39658 39.13654 moveto
5.39658 39.20259 5.37033 39.26595 5.32362 39.31265 curveto
5.27692 39.35936 5.21356 39.3856 5.1475 39.3856 curveto
5.08145 39.3856 5.0181 39.35936 4.97139 39.31265 curveto
4.92468 39.26595 4.89844 39.20259 4.89844 39.13654 curveto
4.89844 39.07048 4.92468 39.00713 4.97139 38.96042 curveto
5.0181 38.91371 5.08145 38.88747 5.1475 38.88747 curveto
5.21356 38.88747 5.27692 38.91371 5.32362 38.96042 curveto
5.37033 39.00713 5.39658 39.07048 5.39658 39.13654 curveto closepath fill
newpath 7.96962 40.62225 moveto
7.96962 40.68831 7.94337 40.75166 7.89667 40.79837 curveto
7.84996 40.84508 7.7866 40.87132 7.72055 40.87132 curveto
7.6545 40.87132 7.59114 40.84508 7.54443 40.79837 curveto
7.49773 40.75166 7.47148 40.68831 7.47148 40.62225 curveto
7.47148 40.5562 7.49773 40.49284 7.54443 40.44614 curveto
7.59114 40.39943 7.6545 40.37318 7.72055 40.37318 curveto
7.7866 40.37318 7.84996 40.39943 7.89667 40.44614 curveto
7.94337 40.49284 7.96962 40.5562 7.96962 40.62225 curveto closepath fill
newpath 10.54408 42.1088 moveto
10.54408 42.17485 10.51784 42.2382 10.47113 42.28491 curveto
10.42442 42.33162 10.36107 42.35786 10.29501 42.35786 curveto
10.22896 42.35786 10.1656 42.33162 10.1189 42.28491 curveto
10.07219 42.2382 10.04594 42.17485 10.04594 42.1088 curveto
10.04594 42.04274 10.07219 41.97939 10.1189 41.93268 curveto
10.1656 41.88597 10.22896 41.85973 10.29501 41.85973 curveto
10.36107 41.85973 10.42442 41.88597 10.47113 41.93268 curveto
10.51784 41.97939 10.54408 42.04274 10.54408 42.1088 curveto closepath fill
newpath 13.11713 43.59453 moveto
13.11713 43.66058 13.09088 43.72394 13.04417 43.77065 curveto
12.99747 43.81735 12.93411 43.8436 12.86806 43.8436 curveto
12.802 43.8436 12.73865 43.81735 12.69194 43.77065 curveto
12.64523 43.72394 12.61899 43.66058 12.61899 43.59453 curveto
12.61899 43.52847 12.64523 43.46512 12.69194 43.41841 curveto
12.73865 43.3717 12.802 43.34546 12.86806 43.34546 curveto
12.93411 43.34546 12.99747 43.3717 13.04417 43.41841 curveto
13.09088 43.46512 13.11713 43.52847 13.11713 43.59453 curveto closepath fill
newpath 15.69159 45.08107 moveto
15.69159 45.14713 15.66534 45.21048 15.61864 45.25719 curveto
15.57193 45.3039 15.50858 45.33014 15.44252 45.33014 curveto
15.37646 45.33014 15.31311 45.3039 15.2664 45.25719 curveto
15.2197 45.21048 15.19345 45.14713 15.19345 45.08107 curveto
15.19345 45.01501 15.2197 44.95166 15.2664 44.90495 curveto
15.31311 44.85825 15.37646 44.832 15.44252 44.832 curveto
15.50858 44.832 15.57193 44.85825 15.61864 44.90495 curveto
15.66534 44.95166 15.69159 45.01501 15.69159 45.08107 curveto closepath fill
newpath 18.26463 46.5668 moveto
18.26463 46.63286 18.23839 46.69621 18.19168 46.74292 curveto
18.14497 46.78963 18.08162 46.81587 18.01556 46.81587 curveto
17.94951 46.81587 17.88615 46.78963 17.83945 46.74292 curveto
17.79274 46.69621 17.7665 46.63286 17.7665 46.5668 curveto
17.7665 46.50075 17.79274 46.4374 17.83945 46.39069 curveto
17.88615 46.34398 17.94951 46.31773 18.01556 46.31773 curveto
18.08162 46.31773 18.14497 46.34398 18.19168 46.39069 curveto
18.23839 46.4374 18.26463 46.50075 18.26463 46.5668 curveto closepath fill
newpath 20.83768 48.05252 moveto
20.83768 48.11858 20.81143 48.18193 20.76472 48.22864 curveto
20.71802 48.27534 20.65466 48.30159 20.58861 48.30159 curveto
20.52255 48.30159 20.4592 48.27534 20.41249 48.22864 curveto
20.36578 48.18193 20.33954 48.11858 20.33954 48.05252 curveto
20.33954 47.98647 20.36578 47.92311 20.41249 47.8764 curveto
20.4592 47.8297 20.52255 47.80345 20.58861 47.80345 curveto
20.65466 47.80345 20.71802 47.8297 20.76472 47.8764 curveto
20.81143 47.92311 20.83768 47.98647 20.83768 48.05252 curveto closepath fill
newpath 23.41214 49.53908 moveto
23.41214 49.60513 23.3859 49.66849 23.33919 49.7152 curveto
23.29248 49.7619 23.22913 49.78815 23.16307 49.78815 curveto
23.09702 49.78815 23.03366 49.7619 22.98695 49.7152 curveto
22.94025 49.66849 22.914 49.60513 22.914 49.53908 curveto
22.914 49.47302 22.94025 49.40967 22.98695 49.36296 curveto
23.03366 49.31625 23.09702 49.29001 23.16307 49.29001 curveto
23.22913 49.29001 23.29248 49.31625 23.33919 49.36296 curveto
23.3859 49.40967 23.41214 49.47302 23.41214 49.53908 curveto closepath fill
newpath 25.98518 51.0248 moveto
25.98518 51.09085 25.95894 51.1542 25.91223 51.20091 curveto
25.86552 51.24762 25.80217 51.27386 25.73611 51.27386 curveto
25.67006 51.27386 25.6067 51.24762 25.56 51.20091 curveto
25.51329 51.1542 25.48705 51.09085 25.48705 51.0248 curveto
25.48705 50.95874 25.51329 50.89539 25.56 50.84868 curveto
25.6067 50.80197 25.67006 50.77573 25.73611 50.77573 curveto
25.80217 50.77573 25.86552 50.80197 25.91223 50.84868 curveto
25.95894 50.89539 25.98518 50.95874 25.98518 51.0248 curveto closepath fill
newpath 28.55965 52.51135 moveto
28.55965 52.57741 28.5334 52.64076 28.4867 52.68747 curveto
28.43999 52.73418 28.37663 52.76042 28.31058 52.76042 curveto
28.24452 52.76042 28.18117 52.73418 28.13446 52.68747 curveto
28.08775 52.64076 28.06151 52.57741 28.06151 52.51135 curveto
28.06151 52.4453 28.08775 52.38194 28.13446 52.33524 curveto
28.18117 52.28853 28.24452 52.26228 28.31058 52.26228 curveto
28.37663 52.26228 28.43999 52.28853 28.4867 52.33524 curveto
28.5334 52.38194 28.55965 52.4453 28.55965 52.51135 curveto closepath fill
newpath 31.13269 53.99707 moveto
31.13269 54.06313 31.10645 54.12648 31.05974 54.17319 curveto
31.01303 54.2199 30.94968 54.24614 30.88362 54.24614 curveto
30.81757 54.24614 30.75421 54.2199 30.7075 54.17319 curveto
30.6608 54.12648 30.63455 54.06313 30.63455 53.99707 curveto
30.63455 53.93102 30.6608 53.86766 30.7075 53.82095 curveto
30.75421 53.77425 30.81757 53.748 30.88362 53.748 curveto
30.94968 53.748 31.01303 53.77425 31.05974 53.82095 curveto
31.10645 53.86766 31.13269 53.93102 31.13269 53.99707 curveto closepath fill
newpath 33.70715 55.48361 moveto
33.70715 55.54967 33.68091 55.61302 33.6342 55.65973 curveto
33.5875 55.70644 33.52414 55.73268 33.45808 55.73268 curveto
33.39203 55.73268 33.32867 55.70644 33.28197 55.65973 curveto
33.23526 55.61302 33.20901 55.54967 33.20901 55.48361 curveto
33.20901 55.41756 33.23526 55.3542 33.28197 55.3075 curveto
33.32867 55.26079 33.39203 55.23454 33.45808 55.23454 curveto
33.52414 55.23454 33.5875 55.26079 33.6342 55.3075 curveto
33.68091 55.3542 33.70715 55.41756 33.70715 55.48361 curveto closepath fill
newpath 36.2802 56.96935 moveto
36.2802 57.0354 36.25395 57.09875 36.20724 57.14546 curveto
36.16054 57.19217 36.09718 57.21841 36.03113 57.21841 curveto
35.96507 57.21841 35.90172 57.19217 35.85501 57.14546 curveto
35.8083 57.09875 35.78206 57.0354 35.78206 56.96935 curveto
35.78206 56.90329 35.8083 56.83994 35.85501 56.79323 curveto
35.90172 56.74652 35.96507 56.72028 36.03113 56.72028 curveto
36.09718 56.72028 36.16054 56.74652 36.20724 56.79323 curveto
36.25395 56.83994 36.2802 56.90329 36.2802 56.96935 curveto closepath fill
newpath 38.85324 58.45508 moveto
38.85324 58.52113 38.827 58.58449 38.78029 58.6312 curveto
38.73358 58.6779 38.67023 58.70415 38.60417 58.70415 curveto
38.53812 58.70415 38.47476 58.6779 38.42805 58.6312 curveto
38.38135 58.58449 38.3551 58.52113 38.3551 58.45508 curveto
38.3551 58.38902 38.38135 58.32567 38.42805 58.27896 curveto
38.47476 58.23225 38.53812 58.20601 38.60417 58.20601 curveto
38.67023 58.20601 38.73358 58.23225 38.78029 58.27896 curveto
38.827 58.32567 38.85324 58.38902 38.85324 58.45508 curveto closepath fill
newpath 41.4277 59.94164 moveto
41.4277 60.00769 41.40146 60.07104 41.35475 60.11775 curveto
41.30804 60.16446 41.24469 60.1907 41.17863 60.1907 curveto
41.11258 60.1907 41.04922 60.16446 41.00252 60.11775 curveto
40.95581 60.07104 40.92957 60.00769 40.92957 59.94164 curveto
40.92957 59.87558 40.95581 59.81223 41.00252 59.76552 curveto
41.04922 59.71881 41.11258 59.69257 41.17863 59.69257 curveto
41.24469 59.69257 41.30804 59.71881 41.35475 59.76552 curveto
41.40146 59.81223 41.4277 59.87558 41.4277 59.94164 curveto closepath fill
newpath 44.00075 61.42735 moveto
44.00075 61.49341 43.9745 61.55676 43.9278 61.60347 curveto
43.88109 61.65018 43.81773 61.67642 43.75168 61.67642 curveto
43.68562 61.67642 43.62227 61.65018 43.57556 61.60347 curveto
43.52885 61.55676 43.50261 61.49341 43.50261 61.42735 curveto
43.50261 61.3613 43.52885 61.29794 43.57556 61.25124 curveto
43.62227 61.20453 43.68562 61.17828 43.75168 61.17828 curveto
43.81773 61.17828 43.88109 61.20453 43.9278 61.25124 curveto
43.9745 61.29794 44.00075 61.3613 44.00075 61.42735 curveto closepath fill
newpath 46.57521 62.91391 moveto
46.57521 62.97997 46.54897 63.04332 46.50226 63.09003 curveto
46.45555 63.13673 46.3922 63.16298 46.32614 63.16298 curveto
46.26009 63.16298 46.19673 63.13673 46.15002 63.09003 curveto
46.10332 63.04332 46.07707 62.97997 46.07707 62.91391 curveto
46.07707 62.84785 46.10332 62.7845 46.15002 62.7378 curveto
46.19673 62.69109 46.26009 62.66484 46.32614 62.66484 curveto
46.3922 62.66484 46.45555 62.69109 46.50226 62.7378 curveto
46.54897 62.7845 46.57521 62.84785 46.57521 62.91391 curveto closepath fill
newpath 49.14825 64.39963 moveto
49.14825 64.46568 49.12201 64.52904 49.0753 64.57574 curveto
49.0286 64.62245 48.96524 64.6487 48.89919 64.6487 curveto
48.83313 64.6487 48.76978 64.62245 48.72307 64.57574 curveto
48.67636 64.52904 48.65012 64.46568 48.65012 64.39963 curveto
48.65012 64.33357 48.67636 64.27022 48.72307 64.22351 curveto
48.76978 64.1768 48.83313 64.15056 48.89919 64.15056 curveto
48.96524 64.15056 49.0286 64.1768 49.0753 64.22351 curveto
49.12201 64.27022 49.14825 64.33357 49.14825 64.39963 curveto closepath fill
newpath 51.72272 65.88617 moveto
51.72272 65.95222 51.69647 66.01558 51.64977 66.06229 curveto
51.60306 66.109 51.5397 66.13524 51.47365 66.13524 curveto
51.4076 66.13524 51.34424 66.109 51.29753 66.06229 curveto
51.25082 66.01558 51.22458 65.95222 51.22458 65.88617 curveto
51.22458 65.82011 51.25082 65.75676 51.29753 65.71005 curveto
51.34424 65.66335 51.4076 65.6371 51.47365 65.6371 curveto
51.5397 65.6371 51.60306 65.66335 51.64977 65.71005 curveto
51.69647 65.75676 51.72272 65.82011 51.72272 65.88617 curveto closepath fill
newpath 54.29576 67.37192 moveto
54.29576 67.43797 54.26952 67.50133 54.22281 67.54803 curveto
54.1761 67.59474 54.11275 67.62099 54.04669 67.62099 curveto
53.98064 67.62099 53.91728 67.59474 53.87057 67.54803 curveto
53.82387 67.50133 53.79762 67.43797 53.79762 67.37192 curveto
53.79762 67.30586 53.82387 67.24251 53.87057 67.1958 curveto
53.91728 67.1491 53.98064 67.12285 54.04669 67.12285 curveto
54.11275 67.12285 54.1761 67.1491 54.22281 67.1958 curveto
54.26952 67.24251 54.29576 67.30586 54.29576 67.37192 curveto closepath fill
newpath 56.8688 68.85764 moveto
56.8688 68.92369 56.84256 68.98705 56.79585 69.03375 curveto
56.74915 69.08046 56.68579 69.1067 56.61974 69.1067 curveto
56.55368 69.1067 56.49033 69.08046 56.44362 69.03375 curveto
56.39691 68.98705 56.37067 68.92369 56.37067 68.85764 curveto
56.37067 68.79158 56.39691 68.72823 56.44362 68.68152 curveto
56.49033 68.63481 56.55368 68.60857 56.61974 68.60857 curveto
56.68579 68.60857 56.74915 68.63481 56.79585 68.68152 curveto
56.84256 68.72823 56.8688 68.79158 56.8688 68.85764 curveto closepath fill
newpath 59.44327 70.3442 moveto
59.44327 70.41025 59.41702 70.4736 59.37032 70.52031 curveto
59.32361 70.56702 59.26025 70.59326 59.1942 70.59326 curveto
59.12814 70.59326 59.06479 70.56702 59.01808 70.52031 curveto
58.97137 70.4736 58.94513 70.41025 58.94513 70.3442 curveto
58.94513 70.27814 58.97137 70.21478 59.01808 70.16808 curveto
59.06479 70.12137 59.12814 70.09512 59.1942 70.09512 curveto
59.26025 70.09512 59.32361 70.12137 59.37032 70.16808 curveto
59.41702 70.21478 59.44327 70.27814 59.44327 70.3442 curveto closepath fill
newpath 62.01631 71.82993 moveto
62.01631 71.89598 61.99007 71.95934 61.94336 72.00604 curveto
61.89665 72.05275 61.8333 72.079 61.76724 72.079 curveto
61.70119 72.079 61.63783 72.05275 61.59113 72.00604 curveto
61.54442 71.95934 61.51817 71.89598 61.51817 71.82993 curveto
61.51817 71.76387 61.54442 71.70052 61.59113 71.65381 curveto
61.63783 71.6071 61.70119 71.58086 61.76724 71.58086 curveto
61.8333 71.58086 61.89665 71.6071 61.94336 71.65381 curveto
61.99007 71.70052 62.01631 71.76387 62.01631 71.82993 curveto closepath fill
newpath 64.59077 73.31647 moveto
64.59077 73.38252 64.56453 73.44588 64.51782 73.49258 curveto
64.47112 73.53929 64.40776 73.56554 64.3417 73.56554 curveto
64.27565 73.56554 64.2123 73.53929 64.16559 73.49258 curveto
64.11888 73.44588 64.09264 73.38252 64.09264 73.31647 curveto
64.09264 73.25041 64.11888 73.18706 64.16559 73.14035 curveto
64.2123 73.09364 64.27565 73.0674 64.3417 73.0674 curveto
64.40776 73.0674 64.47112 73.09364 64.51782 73.14035 curveto
64.56453 73.18706 64.59077 73.25041 64.59077 73.31647 curveto closepath fill
newpath 67.16382 74.8022 moveto
67.16382 74.86826 67.13757 74.93161 67.09087 74.97832 curveto
67.04416 75.02502 66.9808 75.05127 66.91475 75.05127 curveto
66.8487 75.05127 66.78534 75.02502 66.73863 74.97832 curveto
66.69193 74.93161 66.66568 74.86826 66.66568 74.8022 curveto
66.66568 74.73615 66.69193 74.67279 66.73863 74.62608 curveto
66.78534 74.57938 66.8487 74.55313 66.91475 74.55313 curveto
66.9808 74.55313 67.04416 74.57938 67.09087 74.62608 curveto
67.13757 74.67279 67.16382 74.73615 67.16382 74.8022 curveto closepath fill
newpath 69.73686 76.28792 moveto
69.73686 76.35397 69.71062 76.41733 69.66391 76.46404 curveto
69.6172 76.51074 69.55385 76.53699 69.4878 76.53699 curveto
69.42174 76.53699 69.35838 76.51074 69.31168 76.46404 curveto
69.26497 76.41733 69.23872 76.35397 69.23872 76.28792 curveto
69.23872 76.22186 69.26497 76.15851 69.31168 76.1118 curveto
69.35838 76.0651 69.42174 76.03885 69.4878 76.03885 curveto
69.55385 76.03885 69.6172 76.0651 69.66391 76.1118 curveto
69.71062 76.15851 69.73686 76.22186 69.73686 76.28792 curveto closepath fill
newpath 72.31133 77.77448 moveto
72.31133 77.84053 72.28508 77.90388 72.23837 77.95059 curveto
72.19167 77.9973 72.12831 78.02354 72.06226 78.02354 curveto
71.9962 78.02354 71.93285 77.9973 71.88614 77.95059 curveto
71.83943 77.90388 71.81319 77.84053 71.81319 77.77448 curveto
71.81319 77.70842 71.83943 77.64507 71.88614 77.59836 curveto
71.93285 77.55165 71.9962 77.5254 72.06226 77.5254 curveto
72.12831 77.5254 72.19167 77.55165 72.23837 77.59836 curveto
72.28508 77.64507 72.31133 77.70842 72.31133 77.77448 curveto closepath fill
newpath 74.88437 79.2602 moveto
74.88437 79.32625 74.85812 79.3896 74.81142 79.43631 curveto
74.76471 79.48302 74.70135 79.50926 74.6353 79.50926 curveto
74.56924 79.50926 74.50589 79.48302 74.45918 79.43631 curveto
74.41248 79.3896 74.38623 79.32625 74.38623 79.2602 curveto
74.38623 79.19414 74.41248 79.13078 74.45918 79.08408 curveto
74.50589 79.03737 74.56924 79.01112 74.6353 79.01112 curveto
74.70135 79.01112 74.76471 79.03737 74.81142 79.08408 curveto
74.85812 79.13078 74.88437 79.19414 74.88437 79.2602 curveto closepath fill
newpath 77.45883 80.74675 moveto
77.45883 80.8128 77.43259 80.87616 77.38588 80.92287 curveto
77.33917 80.96957 77.27582 80.99582 77.20976 80.99582 curveto
77.1437 80.99582 77.08035 80.96957 77.03365 80.92287 curveto
76.98694 80.87616 76.9607 80.8128 76.9607 80.74675 curveto
76.9607 80.6807 76.98694 80.61734 77.03365 80.57063 curveto
77.08035 80.52393 77.1437 80.49768 77.20976 80.49768 curveto
77.27582 80.49768 77.33917 80.52393 77.38588 80.57063 curveto
77.43259 80.61734 77.45883 80.6807 77.45883 80.74675 curveto closepath fill
newpath 80.03188 82.23247 moveto
80.03188 82.29852 80.00563 82.36188 79.95892 82.40858 curveto
79.91222 82.45529 79.84886 82.48154 79.7828 82.48154 curveto
79.71675 82.48154 79.6534 82.45529 79.60669 82.40858 curveto
79.55998 82.36188 79.53374 82.29852 79.53374 82.23247 curveto
79.53374 82.16641 79.55998 82.10306 79.60669 82.05635 curveto
79.6534 82.00964 79.71675 81.9834 79.7828 81.9834 curveto
79.84886 81.9834 79.91222 82.00964 79.95892 82.05635 curveto
80.00563 82.10306 80.03188 82.16641 80.03188 82.23247 curveto closepath fill
newpath 82.60634 83.71902 moveto
82.60634 83.78508 82.5801 83.84843 82.53339 83.89514 curveto
82.48668 83.94185 82.42332 83.9681 82.35727 83.9681 curveto
82.29121 83.9681 82.22786 83.94185 82.18115 83.89514 curveto
82.13445 83.84843 82.1082 83.78508 82.1082 83.71902 curveto
82.1082 83.65297 82.13445 83.58961 82.18115 83.54291 curveto
82.22786 83.4962 82.29121 83.46996 82.35727 83.46996 curveto
82.42332 83.46996 82.48668 83.4962 82.53339 83.54291 curveto
82.5801 83.58961 82.60634 83.65297 82.60634 83.71902 curveto closepath fill
newpath 85.17938 85.20474 moveto
85.17938 85.2708 85.15314 85.33415 85.10643 85.38086 curveto
85.05972 85.42757 84.99637 85.45381 84.93031 85.45381 curveto
84.86426 85.45381 84.8009 85.42757 84.7542 85.38086 curveto
84.70749 85.33415 84.68124 85.2708 84.68124 85.20474 curveto
84.68124 85.13869 84.70749 85.07533 84.7542 85.02863 curveto
84.8009 84.98192 84.86426 84.95567 84.93031 84.95567 curveto
84.99637 84.95567 85.05972 84.98192 85.10643 85.02863 curveto
85.15314 85.07533 85.17938 85.13869 85.17938 85.20474 curveto closepath fill
newpath 87.75243 86.69046 moveto
87.75243 86.75652 87.72618 86.81987 87.67947 86.86658 curveto
87.63277 86.91328 87.56941 86.93953 87.50336 86.93953 curveto
87.4373 86.93953 87.37395 86.91328 87.32724 86.86658 curveto
87.28053 86.81987 87.25429 86.75652 87.25429 86.69046 curveto
87.25429 86.6244 87.28053 86.56105 87.32724 86.51434 curveto
87.37395 86.46764 87.4373 86.44139 87.50336 86.44139 curveto
87.56941 86.44139 87.63277 86.46764 87.67947 86.51434 curveto
87.72618 86.56105 87.75243 86.6244 87.75243 86.69046 curveto closepath fill
newpath 90.32689 88.177 moveto
90.32689 88.24306 90.30064 88.30641 90.25394 88.35312 curveto
90.20723 88.39983 90.14388 88.42607 90.07782 88.42607 curveto
90.01176 88.42607 89.94841 88.39983 89.9017 88.35312 curveto
89.855 88.30641 89.82875 88.24306 89.82875 88.177 curveto
89.82875 88.11095 89.855 88.04759 89.9017 88.00089 curveto
89.94841 87.95418 90.01176 87.92793 90.07782 87.92793 curveto
90.14388 87.92793 90.20723 87.95418 90.25394 88.00089 curveto
90.30064 88.04759 90.32689 88.11095 90.32689 88.177 curveto closepath fill
newpath 92.90135 89.66354 moveto
92.90135 89.7296 92.8751 89.79295 92.8284 89.83966 curveto
92.7817 89.88637 92.71834 89.91261 92.65228 89.91261 curveto
92.58623 89.91261 92.52287 89.88637 92.47617 89.83966 curveto
92.42946 89.79295 92.40321 89.7296 92.40321 89.66354 curveto
92.40321 89.59749 92.42946 89.53413 92.47617 89.48743 curveto
92.52287 89.44072 92.58623 89.41447 92.65228 89.41447 curveto
92.71834 89.41447 92.7817 89.44072 92.8284 89.48743 curveto
92.8751 89.53413 92.90135 89.59749 92.90135 89.66354 curveto closepath fill
 0 1.025 dtransform truncate idtransform setlinewidth pop
newpath 104.60747 44.83177 moveto
104.59265 47.48851 104.01392 50.11172 102.90936 52.52788 curveto
101.7145 55.14175 99.99472 57.47673 97.91855 59.46353 curveto
95.57649 61.70457 92.87027 63.5249 89.94926 64.92932 curveto
86.63103 66.52481 83.10779 67.64738 79.48878 68.3244 curveto
75.43266 69.08327 71.30219 69.36215 67.17924 69.18953 curveto
62.65498 69.00005 58.16287 68.34424 53.76949 67.24767 curveto
49.06029 66.07219 44.47263 64.45479 40.06511 62.4217 curveto
35.45032 60.29309 31.03528 57.75562 26.87221 54.84076 curveto
22.61221 51.85794 18.62108 48.50893 14.94392 44.83177 curveto stroke
showpage
%%EOF
