%!PS
%%BoundingBox: -1 -1 143 150 
%%HiResBoundingBox: -0.24907 -0.24907 142.21635 149.68831 
%%Creator: MetaPost 2.000
%%CreationDate: 2017.07.04:1542
%%Pages: 1
%%BeginProlog
%%EndProlog
%%Page: 1 1
 0 0 0 setrgbcolor 0 0.49814 dtransform truncate idtransform setlinewidth pop [] 0 setdash 1 setlinecap
 1 setlinejoin 10 setmiterlimit
newpath 0 74.71962 moveto
141.96729 74.71962 lineto stroke
newpath 136.98598 77.21028 moveto
138.16191 75.64236 140.0074 74.71962 141.96729 74.71962 curveto
140.0074 74.71962 138.16191 73.79688 136.98598 72.22896 curveto stroke
 0.49814 0 dtransform exch truncate exch idtransform pop setlinewidth
newpath 67.24767 0 moveto
67.24767 149.43924 lineto stroke
 0 0.49814 dtransform truncate idtransform setlinewidth pop
newpath 64.757 144.45793 moveto
66.32492 145.63387 67.24767 147.47935 67.24767 149.43924 curveto
67.24767 147.47935 68.17041 145.63387 69.73833 144.45793 curveto stroke
 0.7 setgray
newpath 67.24767 74.71962 moveto
67.24767 74.71962 lineto
77.58797 75.6242 lineto
87.3817 78.26976 lineto
96.11714 82.45518 lineto
 closepath fill
newpath 67.24767 74.71962 moveto
96.11714 82.45518 lineto
95.33319 84.94203 lineto
94.33536 87.3509 lineto
93.13138 89.66354 lineto
91.73038 91.86263 lineto
90.14333 93.93127 lineto
88.38159 95.85355 lineto
 closepath fill
 0 0 0 setrgbcolor 0.49814 0 dtransform exch truncate exch idtransform pop setlinewidth
newpath 7.47197 72.7271 moveto
7.47197 76.71214 lineto stroke
newpath 127.02336 72.7271 moveto
127.02336 76.71214 lineto stroke
 0 0.49814 dtransform truncate idtransform setlinewidth pop
newpath 69.24019 14.94392 moveto
65.25514 14.94392 lineto stroke
newpath 69.24019 134.49532 moveto
65.25514 134.49532 lineto stroke
 0 1.24533 dtransform truncate idtransform setlinewidth pop
newpath 67.24767 74.71962 moveto
70.71321 74.71962 74.17213 75.02222 77.58524 75.62375 curveto
80.92125 76.21182 84.19844 77.09612 87.37668 78.26793 curveto
90.41559 79.38823 93.34344 80.78967 96.12012 82.457 curveto
98.70729 84.01031 101.13304 85.81879 103.35425 87.86168 curveto
105.37866 89.72351 107.19374 91.80174 108.74797 94.07106 curveto
110.1346 96.0957 111.26698 98.28499 112.07898 100.60081 curveto
112.79453 102.64188 113.2125 104.77826 113.26016 106.94086 curveto
113.30234 108.85536 113.01184 110.76578 112.3428 112.56056 curveto
111.72417 114.22014 110.76805 115.73492 109.51552 116.98747 curveto
108.26297 118.24 106.74818 119.19612 105.08861 119.81476 curveto
103.29382 120.4838 101.3834 120.77429 99.4689 120.73212 curveto
97.3063 120.68445 95.16992 120.26648 93.12886 119.55093 curveto
90.81303 118.73894 88.62375 117.60655 86.5991 116.21992 curveto
84.32979 114.6657 82.25156 112.85062 80.38972 110.8262 curveto
78.34683 108.605 76.53836 106.17924 74.98505 103.59207 curveto
73.31772 100.8154 71.91628 97.88754 70.79597 94.84863 curveto
69.62416 91.6704 68.73987 88.3932 68.1518 85.05719 curveto
67.55026 81.64409 67.24767 78.18517 67.24767 74.71962 curveto
67.24767 71.25407 67.55026 67.79515 68.1518 64.38205 curveto
68.73987 61.04604 69.62416 57.76884 70.79597 54.5906 curveto
71.91628 51.5517 73.31772 48.62384 74.98505 45.84717 curveto
76.53836 43.26 78.34683 40.83424 80.38972 38.61304 curveto
82.25156 36.58862 84.32979 34.77354 86.5991 33.21931 curveto
88.62375 31.83269 90.81303 30.7003 93.12886 29.8883 curveto
95.16992 29.17276 97.3063 28.75479 99.4689 28.70712 curveto
101.3834 28.66495 103.29382 28.95544 105.08861 29.62448 curveto
106.74818 30.24312 108.26297 31.19923 109.51552 32.45177 curveto
110.76805 33.70432 111.72417 35.2191 112.3428 36.87868 curveto
113.01184 38.67346 113.30234 40.58388 113.26016 42.49838 curveto
113.2125 44.66098 112.79453 46.79736 112.07898 48.83842 curveto
111.26698 51.15425 110.1346 53.34354 108.74797 55.36818 curveto
107.19374 57.6375 105.37866 59.71573 103.35425 61.57756 curveto
101.13304 63.62045 98.70729 65.42892 96.12012 66.98224 curveto
93.34344 68.64957 90.41559 70.05101 87.37668 71.17131 curveto
84.19844 72.34312 80.92125 73.22742 77.58524 73.81549 curveto
74.17213 74.41702 70.71321 74.71962 67.24767 74.71962 curveto
63.78212 74.71962 60.3232 74.41702 56.9101 73.81549 curveto
53.57408 73.22742 50.29689 72.34312 47.11865 71.17131 curveto
44.07974 70.05101 41.15189 68.64957 38.37521 66.98224 curveto
35.78804 65.42892 33.36229 63.62045 31.14108 61.57756 curveto
29.11667 59.71573 27.30159 57.6375 25.74736 55.36818 curveto
24.36073 53.34354 23.22835 51.15425 22.41635 48.83842 curveto
21.7008 46.79736 21.28284 44.66098 21.23517 42.49838 curveto
21.193 40.58388 21.48349 38.67346 22.15253 36.87868 curveto
22.77116 35.2191 23.72728 33.70432 24.97981 32.45177 curveto
26.23236 31.19923 27.74715 30.24312 29.40672 29.62448 curveto
31.2015 28.95544 33.11192 28.66495 35.02643 28.70712 curveto
37.18903 28.75479 39.32541 29.17276 41.36647 29.8883 curveto
43.6823 30.7003 45.87158 31.83269 47.89622 33.21931 curveto
50.16554 34.77354 52.24377 36.58862 54.1056 38.61304 curveto
56.1485 40.83424 57.95697 43.26 59.51028 45.84717 curveto
61.17761 48.62384 62.57906 51.5517 63.69936 54.5906 curveto
64.87117 57.76884 65.75546 61.04604 66.34354 64.38205 curveto
66.94507 67.79515 67.24767 71.25407 67.24767 74.71962 curveto
67.24767 78.18517 66.94507 81.64409 66.34354 85.05719 curveto
65.75546 88.3932 64.87117 91.6704 63.69936 94.84863 curveto
62.57906 97.88754 61.17761 100.8154 59.51028 103.59207 curveto
57.95697 106.17924 56.1485 108.605 54.1056 110.8262 curveto
52.24377 112.85062 50.16554 114.6657 47.89622 116.21992 curveto
45.87158 117.60655 43.6823 118.73894 41.36647 119.55093 curveto
39.32541 120.26648 37.18903 120.68445 35.02643 120.73212 curveto
33.11192 120.77429 31.2015 120.4838 29.40672 119.81476 curveto
27.74715 119.19612 26.23236 118.24 24.97981 116.98747 curveto
23.72728 115.73492 22.77116 114.22014 22.15253 112.56056 curveto
21.48349 110.76578 21.193 108.85536 21.23517 106.94086 curveto
21.28284 104.77826 21.7008 102.64188 22.41635 100.60081 curveto
23.22835 98.28499 24.36073 96.0957 25.74736 94.07106 curveto
27.30159 91.80174 29.11667 89.72351 31.14108 87.86168 curveto
33.36229 85.81879 35.78804 84.01031 38.37521 82.457 curveto
41.15189 80.78967 44.07974 79.38823 47.11865 78.26793 curveto
50.29689 77.09612 53.57408 76.21182 56.9101 75.62375 curveto
60.3232 75.02222 63.78212 74.71962 67.24767 74.71962 curveto stroke
newpath 97.13551 74.71962 moveto
97.13551 75.58885 97.09766 76.45787 97.02196 77.32368 curveto
96.94626 78.18973 96.83269 79.05212 96.68175 79.90813 curveto
96.53056 80.76527 96.34198 81.61536 96.1167 82.45609 curveto
95.89163 83.29568 95.63008 84.12524 95.33273 84.94203 curveto
95.03539 85.75905 94.7027 86.56262 94.33536 87.35045 curveto
93.968 88.13828 93.56645 88.90991 93.13184 89.66263 curveto
92.69653 90.41626 92.22862 91.15073 91.72946 91.86354 curveto
91.231 92.57567 90.70152 93.2659 90.14287 93.93173 curveto
89.58397 94.59781 88.99635 95.23878 88.38159 95.85355 curveto
87.76683 96.4683 87.12585 97.05592 86.45978 97.61482 curveto
85.79395 98.17348 85.10371 98.70296 84.39159 99.20142 curveto
83.67877 99.70058 82.9443 100.16849 82.19067 100.60379 curveto
81.43796 101.0384 80.66632 101.43996 79.8785 101.80731 curveto
79.09067 102.17465 78.2871 102.50734 77.47008 102.80469 curveto
76.65329 103.10204 75.82373 103.36359 74.98413 103.58865 curveto
74.1434 103.81393 73.29332 104.00252 72.43617 104.1537 curveto
71.58017 104.30464 70.71777 104.41821 69.85173 104.49391 curveto
68.98592 104.56961 68.1169 104.60747 67.24767 104.60747 curveto
66.37843 104.60747 65.50941 104.56961 64.6436 104.49391 curveto
63.77756 104.41821 62.91516 104.30464 62.05916 104.1537 curveto
61.20201 104.00252 60.35193 103.81393 59.5112 103.58865 curveto
58.6716 103.36359 57.84204 103.10204 57.02525 102.80469 curveto
56.20824 102.50734 55.40466 102.17465 54.61684 101.80731 curveto
53.82901 101.43996 53.05737 101.0384 52.30466 100.60379 curveto
51.55103 100.16849 50.81656 99.70058 50.10374 99.20142 curveto
49.39162 98.70296 48.70139 98.17348 48.03555 97.61482 curveto
47.36948 97.05592 46.7285 96.4683 46.11374 95.85355 curveto
45.49898 95.23878 44.91136 94.59781 44.35246 93.93173 curveto
43.79381 93.2659 43.26433 92.57567 42.76587 91.86354 curveto
42.26671 91.15073 41.7988 90.41626 41.3635 89.66263 curveto
40.92888 88.90991 40.52733 88.13828 40.15997 87.35045 curveto
39.79263 86.56262 39.45995 85.75905 39.1626 84.94203 curveto
38.86525 84.12524 38.6037 83.29568 38.37863 82.45609 curveto
38.15335 81.61536 37.96477 80.76527 37.81358 79.90813 curveto
37.66264 79.05212 37.54907 78.18973 37.47337 77.32368 curveto
37.39767 76.45787 37.35982 75.58885 37.35982 74.71962 curveto
37.35982 73.85039 37.39767 72.98137 37.47337 72.11555 curveto
37.54907 71.24951 37.66264 70.38712 37.81358 69.53111 curveto
37.96477 68.67397 38.15335 67.82388 38.37863 66.98315 curveto
38.6037 66.14355 38.86525 65.314 39.1626 64.49721 curveto
39.45995 63.68019 39.79263 62.87662 40.15997 62.08879 curveto
40.52733 61.30096 40.92888 60.52933 41.3635 59.77661 curveto
41.7988 59.02298 42.26671 58.28851 42.76587 57.5757 curveto
43.26433 56.86357 43.79381 56.17334 44.35246 55.5075 curveto
44.91136 54.84143 45.49898 54.20045 46.11374 53.5857 curveto
46.7285 52.97093 47.36948 52.38332 48.03555 51.82442 curveto
48.70139 51.26576 49.39162 50.73628 50.10374 50.23782 curveto
50.81656 49.73866 51.55103 49.27075 52.30466 48.83545 curveto
53.05737 48.40083 53.82901 47.99928 54.61684 47.63193 curveto
55.40466 47.26459 56.20824 46.9319 57.02525 46.63455 curveto
57.84204 46.3372 58.6716 46.07565 59.5112 45.85059 curveto
60.35193 45.6253 61.20201 45.43672 62.05916 45.28554 curveto
62.91516 45.1346 63.77756 45.02103 64.6436 44.94533 curveto
65.50941 44.86963 66.37843 44.83177 67.24767 44.83177 curveto
68.1169 44.83177 68.98592 44.86963 69.85173 44.94533 curveto
70.71777 45.02103 71.58017 45.1346 72.43617 45.28554 curveto
73.29332 45.43672 74.1434 45.6253 74.98413 45.85059 curveto
75.82373 46.07565 76.65329 46.3372 77.47008 46.63455 curveto
78.2871 46.9319 79.09067 47.26459 79.8785 47.63193 curveto
80.66632 47.99928 81.43796 48.40083 82.19067 48.83545 curveto
82.9443 49.27075 83.67877 49.73866 84.39159 50.23782 curveto
85.10371 50.73628 85.79395 51.26576 86.45978 51.82442 curveto
87.12585 52.38332 87.76683 52.97093 88.38159 53.5857 curveto
88.99635 54.20045 89.58397 54.84143 90.14287 55.5075 curveto
90.70152 56.17334 91.231 56.86357 91.72946 57.5757 curveto
92.22862 58.28851 92.69653 59.02298 93.13184 59.77661 curveto
93.56645 60.52933 93.968 61.30096 94.33536 62.08879 curveto
94.7027 62.87662 95.03539 63.68019 95.33273 64.49721 curveto
95.63008 65.314 95.89163 66.14355 96.1167 66.98315 curveto
96.34198 67.82388 96.53056 68.67397 96.68175 69.53111 curveto
96.83269 70.38712 96.94626 71.24951 97.02196 72.11555 curveto
97.09766 72.98137 97.13551 73.85039 97.13551 74.71962 curveto stroke
newpath 67.24767 74.71962 moveto
88.3784 95.85036 lineto stroke
showpage
%%EOF
