%!PS
%%BoundingBox: -1 -1 120 120 
%%HiResBoundingBox: -0.24907 -0.24907 119.80046 119.80046 
%%Creator: MetaPost 1.9991
%%CreationDate: 2017.07.24:2101
%%Pages: 1
%%BeginProlog
%%EndProlog
%%Page: 1 1
 0 0 0 setrgbcolor 0 0.49814 dtransform truncate idtransform setlinewidth pop
 [] 0 setdash 1 setlinecap 1 setlinejoin 10 setmiterlimit
newpath 0 59.7757 moveto
119.55139 59.7757 lineto stroke
newpath 114.57008 62.26636 moveto
115.74602 60.69844 117.5915 59.7757 119.55139 59.7757 curveto
117.5915 59.7757 115.74602 58.85295 114.57008 57.28503 curveto stroke
 0.49814 0 dtransform exch truncate exch idtransform pop setlinewidth
newpath 59.7757 0 moveto
59.7757 119.55139 lineto stroke
 0 0.49814 dtransform truncate idtransform setlinewidth pop
newpath 57.28503 114.57008 moveto
58.85295 115.74602 59.7757 117.5915 59.7757 119.55139 curveto
59.7757 117.5915 60.69844 115.74602 62.26636 114.57008 curveto stroke
 0 1.24533 dtransform truncate idtransform setlinewidth pop
newpath 28.38766 108.76985 moveto
31.86232 100.17305 35.68906 91.72285 39.85806 83.44048 curveto
42.1413 78.90459 44.86598 74.61177 47.70125 70.40012 curveto
49.21284 68.15474 51.01038 66.12395 52.851 64.14058 curveto
53.81532 63.10146 54.94109 62.232 56.07278 61.37895 curveto
56.65584 60.93932 57.31325 60.61415 57.96494 60.28603 curveto
58.29079 60.12184 58.64264 60.02014 58.99014 59.90977 curveto
59.15204 59.85825 59.32079 59.83362 59.4877 59.8026 curveto
59.55588 59.79005 59.62497 59.78618 59.69383 59.77934 curveto
59.76042 59.77592 lineto
59.77455 59.7757 lineto
59.7757 59.7757 lineto
59.7757 59.7757 lineto
59.77684 59.7757 lineto
59.79074 59.77592 lineto
59.8131 59.77684 59.83543 59.77684 59.85756 59.77911 curveto
59.92642 59.78595 59.99551 59.79005 60.06346 59.8026 curveto
60.23038 59.83362 60.39912 59.85825 60.56102 59.90977 curveto
60.90852 60.02014 61.26038 60.12184 61.58623 60.28603 curveto
62.23814 60.61415 62.89532 60.93932 63.4786 61.37895 curveto
64.6103 62.23177 65.73607 63.10123 66.7004 64.14035 curveto
68.54102 66.12372 70.33832 68.15474 71.84991 70.40012 curveto
74.68518 74.61198 77.4101 78.90459 79.69333 83.44048 curveto
83.8621 91.72263 87.68884 100.17259 91.1635 108.76918 curveto stroke
newpath 88.65797 106.55821 moveto
89.79457 106.85982 90.72282 107.67894 91.1635 108.76918 curveto
90.72282 107.67894 90.82118 106.44487 91.42897 105.43819 curveto stroke
newpath 28.12213 105.43884 moveto
28.72995 106.4455 28.82832 107.6796 28.38766 108.76985 curveto
28.82832 107.6796 29.75656 106.86044 30.89316 106.5588 curveto stroke
newpath 59.7757 61.76822 moveto
59.24722 61.76822 58.74046 61.55826 58.36679 61.1846 curveto
57.99313 60.81093 57.78317 60.30417 57.78317 59.7757 curveto
57.78317 59.24722 57.99313 58.74046 58.36679 58.36679 curveto
58.74046 57.99313 59.24722 57.78317 59.7757 57.78317 curveto
60.30417 57.78317 60.81093 57.99313 61.1846 58.36679 curveto
61.55826 58.74046 61.76822 59.24722 61.76822 59.7757 curveto
61.76822 60.30417 61.55826 60.81093 61.1846 61.1846 curveto
60.81093 61.55826 60.30417 61.76822 59.7757 61.76822 curveto closepath fill
newpath 74.71962 76.71214 moveto
74.19115 76.71214 73.68439 76.50218 73.31071 76.12852 curveto
72.93706 75.75485 72.7271 75.2481 72.7271 74.71962 curveto
72.7271 74.19115 72.93706 73.68439 73.31071 73.31071 curveto
73.68439 72.93706 74.19115 72.7271 74.71962 72.7271 curveto
75.2481 72.7271 75.75485 72.93706 76.12852 73.31071 curveto
76.50218 73.68439 76.71214 74.19115 76.71214 74.71962 curveto
76.71214 75.2481 76.50218 75.75485 76.12852 76.12852 curveto
75.75485 76.50218 75.2481 76.71214 74.71962 76.71214 curveto closepath fill
newpath 44.83177 76.71214 moveto
44.3033 76.71214 43.79654 76.50218 43.42287 76.12852 curveto
43.04921 75.75485 42.83925 75.2481 42.83925 74.71962 curveto
42.83925 74.19115 43.04921 73.68439 43.42287 73.31071 curveto
43.79654 72.93706 44.3033 72.7271 44.83177 72.7271 curveto
45.36024 72.7271 45.867 72.93706 46.24068 73.31071 curveto
46.61433 73.68439 46.8243 74.19115 46.8243 74.71962 curveto
46.8243 75.2481 46.61433 75.75485 46.24068 76.12852 curveto
45.867 76.50218 45.36024 76.71214 44.83177 76.71214 curveto closepath fill
showpage
%%EOF
