%!PS
%%BoundingBox: -1 -1 140 120 
%%HiResBoundingBox: -0.24907 -0.24907 139.7257 119.80046 
%%Creator: MetaPost 1.9991
%%CreationDate: 2017.07.24:2101
%%Pages: 1
%%BeginProlog
%%EndProlog
%%Page: 1 1
 0 0 0 setrgbcolor 0 0.49814 dtransform truncate idtransform setlinewidth pop
 [] 0 setdash 1 setlinecap 1 setlinejoin 10 setmiterlimit
newpath 0 39.85046 moveto
139.47662 39.85046 lineto stroke
newpath 134.49532 42.34113 moveto
135.67125 40.77321 137.51674 39.85046 139.47662 39.85046 curveto
137.51674 39.85046 135.67125 38.92772 134.49532 37.3598 curveto stroke
 0.49814 0 dtransform exch truncate exch idtransform pop setlinewidth
newpath 39.85046 0 moveto
39.85046 119.55139 lineto stroke
 0 0.49814 dtransform truncate idtransform setlinewidth pop
newpath 37.3598 114.57008 moveto
38.92772 115.74602 39.85046 117.5915 39.85046 119.55139 curveto
39.85046 117.5915 40.77321 115.74602 42.34113 114.57008 curveto stroke
 0.49814 0 dtransform exch truncate exch idtransform pop setlinewidth
newpath 19.92523 37.85794 moveto
19.92523 41.84299 lineto stroke
newpath 39.85046 37.85794 moveto
39.85046 41.84299 lineto stroke
newpath 59.7757 37.85794 moveto
59.7757 41.84299 lineto stroke
newpath 79.70093 37.85794 moveto
79.70093 41.84299 lineto stroke
newpath 99.62616 37.85794 moveto
99.62616 41.84299 lineto stroke
newpath 119.55139 37.85794 moveto
119.55139 41.84299 lineto stroke
 0 0.49814 dtransform truncate idtransform setlinewidth pop
newpath 41.84299 19.92523 moveto
37.85794 19.92523 lineto stroke
newpath 41.84299 39.85046 moveto
37.85794 39.85046 lineto stroke
newpath 41.84299 59.7757 moveto
37.85794 59.7757 lineto stroke
newpath 41.84299 79.70093 moveto
37.85794 79.70093 lineto stroke
newpath 41.84299 99.62616 moveto
37.85794 99.62616 lineto stroke
newpath 39.85046 41.84299 moveto
39.32199 41.84299 38.81523 41.63303 38.44156 41.25937 curveto
38.0679 40.8857 37.85794 40.37894 37.85794 39.85046 curveto
37.85794 39.32199 38.0679 38.81523 38.44156 38.44156 curveto
38.81523 38.0679 39.32199 37.85794 39.85046 37.85794 curveto
40.37894 37.85794 40.8857 38.0679 41.25937 38.44156 curveto
41.63303 38.81523 41.84299 39.32199 41.84299 39.85046 curveto
41.84299 40.37894 41.63303 40.8857 41.25937 41.25937 curveto
40.8857 41.63303 40.37894 41.84299 39.85046 41.84299 curveto closepath fill
newpath 99.62616 41.84299 moveto
99.09769 41.84299 98.59093 41.63303 98.21725 41.25937 curveto
97.8436 40.8857 97.63364 40.37894 97.63364 39.85046 curveto
97.63364 39.32199 97.8436 38.81523 98.21725 38.44156 curveto
98.59093 38.0679 99.09769 37.85794 99.62616 37.85794 curveto
100.15463 37.85794 100.66139 38.0679 101.03506 38.44156 curveto
101.40872 38.81523 101.61868 39.32199 101.61868 39.85046 curveto
101.61868 40.37894 101.40872 40.8857 101.03506 41.25937 curveto
100.66139 41.63303 100.15463 41.84299 99.62616 41.84299 curveto closepath fill
newpath 69.73831 71.73083 moveto
69.20984 71.73083 68.70308 71.52087 68.3294 71.14722 curveto
67.95575 70.77354 67.74579 70.26678 67.74579 69.73831 curveto
67.74579 69.20984 67.95575 68.70308 68.3294 68.3294 curveto
68.70308 67.95575 69.20984 67.74579 69.73831 67.74579 curveto
70.26678 67.74579 70.77354 67.95575 71.14722 68.3294 curveto
71.52087 68.70308 71.73083 69.20984 71.73083 69.73831 curveto
71.73083 70.26678 71.52087 70.77354 71.14722 71.14722 curveto
70.77354 71.52087 70.26678 71.73083 69.73831 71.73083 curveto closepath fill
 0 1.24533 dtransform truncate idtransform setlinewidth pop
newpath 39.85046 39.85046 moveto
40.23628 43.47365 40.90273 47.06126 41.84341 50.58138 curveto
42.24413 52.08057 43.08539 53.40495 43.83545 54.76064 curveto
44.42041 55.81776 45.11179 56.81075 45.8284 57.78336 curveto
46.44347 58.61824 47.11932 59.40599 47.82043 60.17003 curveto
48.4504 60.85684 49.1211 61.50444 49.81339 62.12802 curveto
50.45155 62.70294 51.11952 63.24321 51.80542 63.76038 curveto
52.44968 64.24623 53.11673 64.70137 53.79837 65.1331 curveto
54.44658 65.54355 55.11241 65.92511 55.7904 66.28416 curveto
56.44226 66.62926 57.10779 66.94727 57.78336 67.2431 curveto
58.43764 67.5295 59.10257 67.79036 59.77539 68.02902 curveto
60.43211 68.26192 61.09703 68.46988 61.76834 68.65625 curveto
62.42657 68.83897 63.0912 68.99738 63.76038 69.1342 curveto
64.42075 69.26918 65.08536 69.38107 65.75333 69.47107 curveto
66.4149 69.56046 67.07922 69.62733 67.74536 69.67203 curveto
68.40877 69.71642 69.0734 69.73831 69.73831 69.73831 curveto
70.40323 69.73831 71.06786 69.71642 71.73126 69.67203 curveto
72.3974 69.62733 73.06172 69.56046 73.7233 69.47107 curveto
74.39127 69.38107 75.05588 69.26918 75.71625 69.1342 curveto
76.38542 68.99738 77.05005 68.83897 77.70828 68.65625 curveto
78.3796 68.46988 79.04451 68.26192 79.70123 68.02902 curveto
80.37405 67.79036 81.03899 67.5295 81.69327 67.2431 curveto
82.36884 66.94727 83.03436 66.62926 83.68622 66.28416 curveto
84.36421 65.92511 85.03004 65.54355 85.67825 65.1331 curveto
86.3599 64.70137 87.02695 64.24623 87.6712 63.76038 curveto
88.3571 63.24321 89.02507 62.70294 89.66324 62.12802 curveto
90.35553 61.50444 91.02623 60.85684 91.65619 60.17003 curveto
92.3573 59.40599 93.03316 58.61824 93.64822 57.78336 curveto
94.36484 56.81075 95.05621 55.81776 95.64117 54.76064 curveto
96.39124 53.40495 97.2325 52.08057 97.63321 50.58138 curveto
98.5739 47.06126 99.24034 43.47365 99.62616 39.85046 curveto stroke
showpage
%%EOF
