%!PS
%%BoundingBox: -1 -1 120 160 
%%HiResBoundingBox: -0.24907 -0.24907 119.80046 159.65092 
%%Creator: MetaPost 1.9991
%%CreationDate: 2017.07.24:2101
%%Pages: 1
%%BeginProlog
%%EndProlog
%%Page: 1 1
 0 0 0 setrgbcolor 0 0.49814 dtransform truncate idtransform setlinewidth pop
 [] 0 setdash 1 setlinecap 1 setlinejoin 10 setmiterlimit
newpath 0 79.70093 moveto
119.55139 79.70093 lineto stroke
newpath 114.57008 82.19159 moveto
115.74602 80.62367 117.5915 79.70093 119.55139 79.70093 curveto
117.5915 79.70093 115.74602 78.77818 114.57008 77.21027 curveto stroke
 0.49814 0 dtransform exch truncate exch idtransform pop setlinewidth
newpath 39.85046 0 moveto
39.85046 159.40186 lineto stroke
 0 0.49814 dtransform truncate idtransform setlinewidth pop
newpath 37.3598 154.42055 moveto
38.92772 155.59648 39.85046 157.44197 39.85046 159.40186 curveto
39.85046 157.44197 40.77321 155.59648 42.34113 154.42055 curveto stroke
 0 1.24533 dtransform truncate idtransform setlinewidth pop
newpath 33.02548 2.32465 moveto
34.55995 20.70872 36.68242 39.03929 39.38924 57.28748 curveto
40.23476 62.98843 41.84859 68.53494 43.65851 74.00453 curveto
44.21214 75.67793 45.29543 77.09747 46.39755 78.46898 curveto
46.81226 78.98492 47.46289 79.20747 48.06154 79.48384 curveto
48.35463 79.61914 48.68451 79.62401 49.00282 79.67174 curveto
49.16306 79.69576 49.32571 79.6915 49.48746 79.6982 curveto
49.56042 79.70123 49.63339 79.70032 49.70636 79.70093 curveto
49.78784 79.70093 lineto
49.80974 79.70093 lineto
49.81308 79.70093 lineto
49.81308 79.70093 lineto
49.81308 79.70093 lineto
49.81642 79.70093 lineto
49.83832 79.70093 lineto
49.9198 79.70093 lineto
49.99277 79.70154 50.06604 79.70032 50.139 79.70335 curveto
50.30075 79.71005 50.46341 79.7061 50.62364 79.73012 curveto
50.94196 79.77785 51.27184 79.78241 51.56493 79.91771 curveto
52.16357 80.19408 52.8139 80.41693 53.2286 80.93288 curveto
54.33073 82.30469 55.41432 83.72392 55.96796 85.39702 curveto
57.77788 90.86691 59.3914 96.41373 60.23692 102.11469 curveto
62.94374 120.36285 65.06621 138.69283 66.60068 157.0766 curveto stroke
newpath 64.86285 154.22246 moveto
65.85904 154.84732 66.50287 155.90474 66.60068 157.0766 curveto
66.50287 155.90474 66.9625 154.75522 67.84131 153.97386 curveto stroke
newpath 34.7633 5.17879 moveto
33.76712 4.55392 33.12329 3.4965 33.02548 2.32465 curveto
33.12329 3.4965 32.66367 4.64603 31.78485 5.42738 curveto stroke
newpath 39.85046 61.76822 moveto
39.32199 61.76822 38.81523 61.55826 38.44156 61.1846 curveto
38.0679 60.81093 37.85794 60.30417 37.85794 59.7757 curveto
37.85794 59.24722 38.0679 58.74046 38.44156 58.36679 curveto
38.81523 57.99313 39.32199 57.78317 39.85046 57.78317 curveto
40.37894 57.78317 40.8857 57.99313 41.25937 58.36679 curveto
41.63303 58.74046 41.84299 59.24722 41.84299 59.7757 curveto
41.84299 60.30417 41.63303 60.81093 41.25937 61.1846 curveto
40.8857 61.55826 40.37894 61.76822 39.85046 61.76822 curveto closepath fill
newpath 49.81308 81.69345 moveto
49.2846 81.69345 48.77785 81.48349 48.40417 81.10983 curveto
48.03052 80.73616 47.82056 80.2294 47.82056 79.70093 curveto
47.82056 79.17245 48.03052 78.6657 48.40417 78.29202 curveto
48.77785 77.91837 49.2846 77.7084 49.81308 77.7084 curveto
50.34155 77.7084 50.84831 77.91837 51.22198 78.29202 curveto
51.59564 78.6657 51.8056 79.17245 51.8056 79.70093 curveto
51.8056 80.2294 51.59564 80.73616 51.22198 81.10983 curveto
50.84831 81.48349 50.34155 81.69345 49.81308 81.69345 curveto closepath fill
newpath 59.7757 101.61868 moveto
59.24722 101.61868 58.74046 101.40872 58.36679 101.03506 curveto
57.99313 100.66139 57.78317 100.15463 57.78317 99.62616 curveto
57.78317 99.09769 57.99313 98.59093 58.36679 98.21725 curveto
58.74046 97.8436 59.24722 97.63364 59.7757 97.63364 curveto
60.30417 97.63364 60.81093 97.8436 61.1846 98.21725 curveto
61.55826 98.59093 61.76822 99.09769 61.76822 99.62616 curveto
61.76822 100.15463 61.55826 100.66139 61.1846 101.03506 curveto
60.81093 101.40872 60.30417 101.61868 59.7757 101.61868 curveto closepath fill
showpage
%%EOF
