%!PS
%%BoundingBox: -1 -1 160 100 
%%HiResBoundingBox: -0.24907 -0.24907 159.65092 99.87523 
%%Creator: MetaPost 1.9991
%%CreationDate: 2017.07.24:2101
%%Pages: 1
%%BeginProlog
%%EndProlog
%%Page: 1 1
 0 0 0 setrgbcolor 0 0.49814 dtransform truncate idtransform setlinewidth pop
 [] 0 setdash 1 setlinecap 1 setlinejoin 10 setmiterlimit
newpath 0 19.92523 moveto
159.40186 19.92523 lineto stroke
newpath 154.42055 22.4159 moveto
155.59648 20.84798 157.44197 19.92523 159.40186 19.92523 curveto
157.44197 19.92523 155.59648 19.00249 154.42055 17.43457 curveto stroke
 0.49814 0 dtransform exch truncate exch idtransform pop setlinewidth
newpath 79.70093 0 moveto
79.70093 99.62616 lineto stroke
 0 0.49814 dtransform truncate idtransform setlinewidth pop
newpath 77.21027 94.64485 moveto
78.77818 95.82079 79.70093 97.66628 79.70093 99.62616 curveto
79.70093 97.66628 80.62367 95.82079 82.19159 94.64485 curveto stroke
 0 1.24533 dtransform truncate idtransform setlinewidth pop
newpath 12.45326 34.86916 moveto
16.66994 36.7411 20.86166 38.66777 25.02846 40.64856 curveto
28.6869 42.38763 32.31921 44.18175 35.92506 46.02724 curveto
39.06818 47.63588 42.18362 49.29774 45.27171 51.00946 curveto
47.93657 52.48647 50.57256 54.01515 53.18027 55.59126 curveto
55.40915 56.93845 57.60762 58.33487 59.77661 59.7763 curveto
61.60721 60.99275 63.40617 62.25632 65.17505 63.56123 curveto
66.64902 64.64847 68.08952 65.78008 69.49965 66.9491 curveto
70.65498 67.9071 71.77596 68.90587 72.86623 69.93715 curveto
73.74367 70.76717 74.58524 71.63428 75.39731 72.52814 curveto
76.03488 73.23015 76.63596 73.9644 77.20998 74.71931 curveto
77.64748 75.29486 78.04819 75.89684 78.42581 76.51312 curveto
78.70065 76.96188 78.94023 77.4307 79.16278 77.90742 curveto
79.31328 78.2297 79.43155 78.56566 79.54161 78.90405 curveto
79.60486 79.09863 79.64073 79.30081 79.68086 79.50148 curveto
79.69514 79.57292 79.59877 79.70093 79.70093 79.70093 curveto
79.80309 79.70093 79.7064 79.57263 79.72069 79.50148 curveto
79.76082 79.30081 79.797 79.09863 79.86024 78.90405 curveto
79.9703 78.56566 80.08827 78.2297 80.23877 77.90742 curveto
80.46132 77.4307 80.7012 76.96188 80.97604 76.51312 curveto
81.35367 75.89684 81.75438 75.29486 82.19188 74.71931 curveto
82.7659 73.9644 83.36697 73.23015 84.00455 72.52814 curveto
84.81662 71.63428 85.65819 70.76717 86.53563 69.93715 curveto
87.6259 68.90587 88.74687 67.9071 89.9022 66.9491 curveto
91.31233 65.78008 92.75284 64.64847 94.2268 63.56123 curveto
95.99568 62.25632 97.79465 60.99275 99.62524 59.7763 curveto
101.79424 58.33487 103.99301 56.93845 106.2219 55.59126 curveto
108.8296 54.01546 111.46529 52.48647 114.13014 51.00946 curveto
117.21823 49.29774 120.33368 47.63588 123.47679 46.02724 curveto
127.08264 44.18175 130.71465 42.38763 134.3731 40.64856 curveto
138.53989 38.66777 142.73192 36.7411 146.9486 34.86916 curveto stroke
newpath 144.82324 37.44771 moveto
145.0864 36.30159 145.87381 35.34628 146.9486 34.86916 curveto
145.87381 35.34628 144.63712 35.28954 143.61053 34.71599 curveto stroke
newpath 15.79132 34.71599 moveto
14.76474 35.28954 13.52805 35.34628 12.45326 34.86916 curveto
13.52805 35.34628 14.31546 36.30159 14.57861 37.44771 curveto stroke
newpath 59.7757 61.76822 moveto
59.24722 61.76822 58.74046 61.55826 58.36679 61.1846 curveto
57.99313 60.81093 57.78317 60.30417 57.78317 59.7757 curveto
57.78317 59.24722 57.99313 58.74046 58.36679 58.36679 curveto
58.74046 57.99313 59.24722 57.78317 59.7757 57.78317 curveto
60.30417 57.78317 60.81093 57.99313 61.1846 58.36679 curveto
61.55826 58.74046 61.76822 59.24722 61.76822 59.7757 curveto
61.76822 60.30417 61.55826 60.81093 61.1846 61.1846 curveto
60.81093 61.55826 60.30417 61.76822 59.7757 61.76822 curveto closepath fill
newpath 79.70093 81.69345 moveto
79.17245 81.69345 78.6657 81.48349 78.29202 81.10983 curveto
77.91837 80.73616 77.7084 80.2294 77.7084 79.70093 curveto
77.7084 79.17245 77.91837 78.6657 78.29202 78.29202 curveto
78.6657 77.91837 79.17245 77.7084 79.70093 77.7084 curveto
80.2294 77.7084 80.73616 77.91837 81.10983 78.29202 curveto
81.48349 78.6657 81.69345 79.17245 81.69345 79.70093 curveto
81.69345 80.2294 81.48349 80.73616 81.10983 81.10983 curveto
80.73616 81.48349 80.2294 81.69345 79.70093 81.69345 curveto closepath fill
newpath 99.62616 61.76822 moveto
99.09769 61.76822 98.59093 61.55826 98.21725 61.1846 curveto
97.8436 60.81093 97.63364 60.30417 97.63364 59.7757 curveto
97.63364 59.24722 97.8436 58.74046 98.21725 58.36679 curveto
98.59093 57.99313 99.09769 57.78317 99.62616 57.78317 curveto
100.15463 57.78317 100.66139 57.99313 101.03506 58.36679 curveto
101.40872 58.74046 101.61868 59.24722 101.61868 59.7757 curveto
101.61868 60.30417 101.40872 60.81093 101.03506 61.1846 curveto
100.66139 61.55826 100.15463 61.76822 99.62616 61.76822 curveto closepath fill
showpage
%%EOF
