%!PS
%%BoundingBox: -1 -1 160 100 
%%HiResBoundingBox: -0.24907 -0.24907 159.65092 99.87523 
%%Creator: MetaPost 1.9991
%%CreationDate: 2017.07.24:2101
%%Pages: 1
%%BeginProlog
%%EndProlog
%%Page: 1 1
 0 0 0 setrgbcolor 0 0.49814 dtransform truncate idtransform setlinewidth pop
 [] 0 setdash 1 setlinecap 1 setlinejoin 10 setmiterlimit
newpath 0 39.85046 moveto
159.40186 39.85046 lineto stroke
newpath 154.42055 42.34113 moveto
155.59648 40.77321 157.44197 39.85046 159.40186 39.85046 curveto
157.44197 39.85046 155.59648 38.92772 154.42055 37.3598 curveto stroke
 0.49814 0 dtransform exch truncate exch idtransform pop setlinewidth
newpath 39.85046 0 moveto
39.85046 99.62616 lineto stroke
 0 0.49814 dtransform truncate idtransform setlinewidth pop
newpath 37.3598 94.64485 moveto
38.92772 95.82079 39.85046 97.66628 39.85046 99.62616 curveto
39.85046 97.66628 40.77321 95.82079 42.34113 94.64485 curveto stroke
 0 1.24533 dtransform truncate idtransform setlinewidth pop
newpath 12.45326 64.757 moveto
16.66994 62.88506 20.86166 60.95839 25.02846 58.9776 curveto
28.6869 57.23853 32.31921 55.44441 35.92506 53.59892 curveto
39.06818 51.99028 42.18362 50.32841 45.27171 48.6167 curveto
47.93657 47.1397 50.57256 45.61101 53.18027 44.0349 curveto
55.40915 42.68771 57.60762 41.29129 59.77661 39.84985 curveto
61.60721 38.6334 63.40617 37.36984 65.17505 36.06493 curveto
66.64902 34.97769 68.08952 33.84608 69.49965 32.67706 curveto
70.65498 31.71906 71.77596 30.72029 72.86623 29.68901 curveto
73.74367 28.859 74.58524 27.99188 75.39731 27.09802 curveto
76.03488 26.39601 76.63596 25.66176 77.20998 24.90685 curveto
77.64748 24.3313 78.04819 23.72932 78.42581 23.11304 curveto
78.70065 22.66428 78.94023 22.19547 79.16278 21.71873 curveto
79.31328 21.39645 79.43155 21.0605 79.54161 20.7221 curveto
79.60486 20.52753 79.64073 20.32535 79.68086 20.12468 curveto
79.69514 20.05324 79.59877 19.92523 79.70093 19.92523 curveto
79.80309 19.92523 79.7064 20.05353 79.72069 20.12468 curveto
79.76082 20.32535 79.797 20.52753 79.86024 20.7221 curveto
79.9703 21.0605 80.08827 21.39645 80.23877 21.71873 curveto
80.46132 22.19547 80.7012 22.66428 80.97604 23.11304 curveto
81.35367 23.72932 81.75438 24.3313 82.19188 24.90685 curveto
82.7659 25.66176 83.36697 26.39601 84.00455 27.09802 curveto
84.81662 27.99188 85.65819 28.859 86.53563 29.68901 curveto
87.6259 30.72029 88.74687 31.71906 89.9022 32.67706 curveto
91.31233 33.84608 92.75284 34.97769 94.2268 36.06493 curveto
95.99568 37.36984 97.79465 38.6334 99.62524 39.84985 curveto
101.79424 41.29129 103.99301 42.68771 106.2219 44.0349 curveto
108.8296 45.6107 111.46529 47.1397 114.13014 48.6167 curveto
117.21823 50.32841 120.33368 51.99028 123.47679 53.59892 curveto
127.08264 55.44441 130.71465 57.23853 134.3731 58.9776 curveto
138.53989 60.95839 142.73192 62.88506 146.9486 64.757 curveto stroke
newpath 143.61053 64.91017 moveto
144.63712 64.33662 145.87381 64.27988 146.9486 64.757 curveto
145.87381 64.27988 145.0864 63.32457 144.82324 62.17845 curveto stroke
newpath 14.57861 62.17845 moveto
14.31546 63.32457 13.52805 64.27988 12.45326 64.757 curveto
13.52805 64.27988 14.76474 64.33662 15.79132 64.91017 curveto stroke
newpath 59.7757 41.84299 moveto
59.24722 41.84299 58.74046 41.63303 58.36679 41.25937 curveto
57.99313 40.8857 57.78317 40.37894 57.78317 39.85046 curveto
57.78317 39.32199 57.99313 38.81523 58.36679 38.44156 curveto
58.74046 38.0679 59.24722 37.85794 59.7757 37.85794 curveto
60.30417 37.85794 60.81093 38.0679 61.1846 38.44156 curveto
61.55826 38.81523 61.76822 39.32199 61.76822 39.85046 curveto
61.76822 40.37894 61.55826 40.8857 61.1846 41.25937 curveto
60.81093 41.63303 60.30417 41.84299 59.7757 41.84299 curveto closepath fill
newpath 79.70093 21.91776 moveto
79.17245 21.91776 78.6657 21.7078 78.29202 21.33414 curveto
77.91837 20.96046 77.7084 20.4537 77.7084 19.92523 curveto
77.7084 19.39676 77.91837 18.89 78.29202 18.51633 curveto
78.6657 18.14267 79.17245 17.93271 79.70093 17.93271 curveto
80.2294 17.93271 80.73616 18.14267 81.10983 18.51633 curveto
81.48349 18.89 81.69345 19.39676 81.69345 19.92523 curveto
81.69345 20.4537 81.48349 20.96046 81.10983 21.33414 curveto
80.73616 21.7078 80.2294 21.91776 79.70093 21.91776 curveto closepath fill
newpath 99.62616 41.84299 moveto
99.09769 41.84299 98.59093 41.63303 98.21725 41.25937 curveto
97.8436 40.8857 97.63364 40.37894 97.63364 39.85046 curveto
97.63364 39.32199 97.8436 38.81523 98.21725 38.44156 curveto
98.59093 38.0679 99.09769 37.85794 99.62616 37.85794 curveto
100.15463 37.85794 100.66139 38.0679 101.03506 38.44156 curveto
101.40872 38.81523 101.61868 39.32199 101.61868 39.85046 curveto
101.61868 40.37894 101.40872 40.8857 101.03506 41.25937 curveto
100.66139 41.63303 100.15463 41.84299 99.62616 41.84299 curveto closepath fill
showpage
%%EOF
