%!PS
%%BoundingBox: -3 -3 100 61 
%%HiResBoundingBox: -2.73973 -2.73973 99.87523 60.02477 
%%Creator: MetaPost 1.9991
%%CreationDate: 2017.07.24:2101
%%Pages: 1
%%BeginProlog
%%EndProlog
%%Page: 1 1
 0 0 0 setrgbcolor 0 0.49814 dtransform truncate idtransform setlinewidth pop
 [] 0 setdash 1 setlinecap 1 setlinejoin 10 setmiterlimit
newpath 0 0 moveto
99.62616 0 lineto stroke
newpath 94.64485 2.49066 moveto
95.82079 0.92274 97.66628 0 99.62616 0 curveto
97.66628 0 95.82079 -0.92274 94.64485 -2.49066 curveto stroke
 0.49814 0 dtransform exch truncate exch idtransform pop setlinewidth
newpath 0 0 moveto
0 59.7757 lineto stroke
 0 0.49814 dtransform truncate idtransform setlinewidth pop
newpath -2.49066 54.79439 moveto
-0.92274 55.97032 0 57.81581 0 59.7757 curveto
0 57.81581 0.92274 55.97032 2.49066 54.79439 curveto stroke
 0 1.24533 dtransform truncate idtransform setlinewidth pop
newpath 98.39664 8.9663 moveto
87.34436 9.46065 76.3009 10.1417 65.27142 11.0088 curveto
58.97578 11.50377 52.69989 12.2143 46.44072 13.0513 curveto
42.51047 13.57698 38.60666 14.28021 34.72565 15.0932 curveto
32.09848 15.64351 29.50568 16.34279 26.94145 17.1354 curveto
25.0914 17.70729 23.2833 18.40445 21.50835 19.17792 curveto
20.15053 19.76956 18.84105 20.4652 17.56714 21.22041 curveto
16.53737 21.83092 15.5599 22.52473 14.61769 23.26292 curveto
13.81686 23.89015 13.06924 24.58153 12.35385 25.30482 curveto
11.71872 25.94695 11.13376 26.6359 10.57738 27.34734 curveto
10.0663 28.0007 9.6002 28.68782 9.15845 29.38983 curveto
8.74191 30.05142 8.364 30.73671 8.00676 31.43204 curveto
7.6638 32.0997 7.35309 32.78378 7.0597 33.47455 curveto
6.7742 34.14616 6.51578 34.82872 6.27133 35.51645 curveto
6.03145 36.1911 5.81345 36.87335 5.60762 37.55896 curveto
5.40453 38.23543 5.21936 38.91708 5.04425 39.60146 curveto
4.87064 40.27916 4.71193 40.9608 4.56143 41.64397 curveto
4.41216 42.32257 4.27504 43.00362 4.14491 43.68617 curveto
4.0154 44.36508 3.89621 45.04611 3.78311 45.72807 curveto
3.6703 46.40788 3.56602 47.08893 3.4666 47.77057 curveto
3.3675 48.4507 3.27477 49.13144 3.18811 49.81308 curveto stroke
newpath 2.08257 46.65968 moveto
2.92683 47.47824 3.33641 48.64653 3.18811 49.81308 curveto
3.33641 48.64653 4.02528 47.61789 5.0475 47.0366 curveto stroke
newpath 95.47758 10.59274 moveto
96.1404 9.6214 97.22186 9.01883 98.39664 8.9663 curveto
97.22186 9.01883 96.09093 8.5152 95.34404 7.6069 curveto stroke
newpath 19.92523 21.91776 moveto
19.39676 21.91776 18.89 21.7078 18.51633 21.33414 curveto
18.14267 20.96046 17.93271 20.4537 17.93271 19.92523 curveto
17.93271 19.39676 18.14267 18.89 18.51633 18.51633 curveto
18.89 18.14267 19.39676 17.93271 19.92523 17.93271 curveto
20.4537 17.93271 20.96046 18.14267 21.33414 18.51633 curveto
21.7078 18.89 21.91776 19.39676 21.91776 19.92523 curveto
21.91776 20.4537 21.7078 20.96046 21.33414 21.33414 curveto
20.96046 21.7078 20.4537 21.91776 19.92523 21.91776 curveto closepath fill
showpage
%%EOF
