%!PS
%%BoundingBox: -1 -1 120 160 
%%HiResBoundingBox: -0.24907 -0.24907 119.80046 159.65092 
%%Creator: MetaPost 1.9991
%%CreationDate: 2017.07.24:2101
%%Pages: 1
%%BeginProlog
%%EndProlog
%%Page: 1 1
 0 0 0 setrgbcolor 0 0.49814 dtransform truncate idtransform setlinewidth pop
 [] 0 setdash 1 setlinecap 1 setlinejoin 10 setmiterlimit
newpath 0 79.70093 moveto
119.55139 79.70093 lineto stroke
newpath 114.57008 82.19159 moveto
115.74602 80.62367 117.5915 79.70093 119.55139 79.70093 curveto
117.5915 79.70093 115.74602 78.77818 114.57008 77.21027 curveto stroke
 0.49814 0 dtransform exch truncate exch idtransform pop setlinewidth
newpath 39.85046 0 moveto
39.85046 159.40186 lineto stroke
 0 0.49814 dtransform truncate idtransform setlinewidth pop
newpath 37.3598 154.42055 moveto
38.92772 155.59648 39.85046 157.44197 39.85046 159.40186 curveto
39.85046 157.44197 40.77321 155.59648 42.34113 154.42055 curveto stroke
 0 1.24533 dtransform truncate idtransform setlinewidth pop
newpath 26.20052 2.32465 moveto
29.32387 20.8869 33.57426 39.24179 38.92802 57.28748 curveto
40.71878 63.32408 43.99477 68.75871 47.46623 74.00453 curveto
48.78575 75.9984 50.92038 77.20937 52.94464 78.46898 curveto
53.93974 79.0883 55.1337 79.22116 56.27231 79.48384 curveto
56.88828 79.62613 57.52493 79.62431 58.15489 79.67174 curveto
58.47716 79.69606 58.80096 79.6915 59.12415 79.6982 curveto
59.27008 79.70123 59.41632 79.70032 59.56226 79.70093 curveto
59.72491 79.70093 lineto
59.76901 79.70093 lineto
59.77539 79.70093 lineto
59.7757 79.70093 lineto
59.7757 79.70093 lineto
59.78207 79.70093 lineto
59.82617 79.70093 lineto
59.98914 79.70093 lineto
60.13507 79.70154 60.28131 79.70032 60.42725 79.70335 curveto
60.75043 79.71005 61.07423 79.7058 61.3965 79.73012 curveto
62.02646 79.77754 62.66281 79.77542 63.27908 79.91771 curveto
64.4177 80.18039 65.61165 80.31355 66.60675 80.93288 curveto
68.63101 82.19249 70.76564 83.40317 72.08516 85.39702 curveto
75.55663 90.64314 78.8323 96.07808 80.62337 102.11469 curveto
85.97713 120.16006 90.22722 138.51466 93.35088 157.0766 curveto stroke
newpath 91.3812 154.37727 moveto
92.426 154.9169 93.15573 155.91698 93.35088 157.0766 curveto
93.15573 155.91698 93.51794 154.73315 94.32855 153.88127 curveto stroke
newpath 28.17012 5.02406 moveto
27.12534 4.48439 26.39563 3.48428 26.20052 2.32465 curveto
26.39563 3.48428 26.03339 4.6681 25.22273 5.51997 curveto stroke
newpath 39.85046 61.76822 moveto
39.32199 61.76822 38.81523 61.55826 38.44156 61.1846 curveto
38.0679 60.81093 37.85794 60.30417 37.85794 59.7757 curveto
37.85794 59.24722 38.0679 58.74046 38.44156 58.36679 curveto
38.81523 57.99313 39.32199 57.78317 39.85046 57.78317 curveto
40.37894 57.78317 40.8857 57.99313 41.25937 58.36679 curveto
41.63303 58.74046 41.84299 59.24722 41.84299 59.7757 curveto
41.84299 60.30417 41.63303 60.81093 41.25937 61.1846 curveto
40.8857 61.55826 40.37894 61.76822 39.85046 61.76822 curveto closepath fill
newpath 59.7757 81.69345 moveto
59.24722 81.69345 58.74046 81.48349 58.36679 81.10983 curveto
57.99313 80.73616 57.78317 80.2294 57.78317 79.70093 curveto
57.78317 79.17245 57.99313 78.6657 58.36679 78.29202 curveto
58.74046 77.91837 59.24722 77.7084 59.7757 77.7084 curveto
60.30417 77.7084 60.81093 77.91837 61.1846 78.29202 curveto
61.55826 78.6657 61.76822 79.17245 61.76822 79.70093 curveto
61.76822 80.2294 61.55826 80.73616 61.1846 81.10983 curveto
60.81093 81.48349 60.30417 81.69345 59.7757 81.69345 curveto closepath fill
newpath 79.70093 101.61868 moveto
79.17245 101.61868 78.6657 101.40872 78.29202 101.03506 curveto
77.91837 100.66139 77.7084 100.15463 77.7084 99.62616 curveto
77.7084 99.09769 77.91837 98.59093 78.29202 98.21725 curveto
78.6657 97.8436 79.17245 97.63364 79.70093 97.63364 curveto
80.2294 97.63364 80.73616 97.8436 81.10983 98.21725 curveto
81.48349 98.59093 81.69345 99.09769 81.69345 99.62616 curveto
81.69345 100.15463 81.48349 100.66139 81.10983 101.03506 curveto
80.73616 101.40872 80.2294 101.61868 79.70093 101.61868 curveto closepath fill
showpage
%%EOF
