%!PS
%%BoundingBox: -1 -1 120 100 
%%HiResBoundingBox: -0.24907 -0.24907 119.80046 99.87523 
%%Creator: MetaPost 1.9991
%%CreationDate: 2017.07.24:2101
%%Pages: 1
%%BeginProlog
%%EndProlog
%%Page: 1 1
 0 0 0 setrgbcolor 0 0.49814 dtransform truncate idtransform setlinewidth pop
 [] 0 setdash 1 setlinecap 1 setlinejoin 10 setmiterlimit
newpath 0 19.92523 moveto
119.55139 19.92523 lineto stroke
newpath 114.57008 22.4159 moveto
115.74602 20.84798 117.5915 19.92523 119.55139 19.92523 curveto
117.5915 19.92523 115.74602 19.00249 114.57008 17.43457 curveto stroke
 0.49814 0 dtransform exch truncate exch idtransform pop setlinewidth
newpath 19.92523 0 moveto
19.92523 99.62616 lineto stroke
 0 0.49814 dtransform truncate idtransform setlinewidth pop
newpath 17.43457 94.64485 moveto
19.00249 95.82079 19.92523 97.66628 19.92523 99.62616 curveto
19.92523 97.66628 20.84798 95.82079 22.4159 94.64485 curveto stroke
 0 1.24533 dtransform truncate idtransform setlinewidth pop
newpath 19.92523 19.92523 moveto
19.92523 19.94621 lineto
19.92523 20.09276 lineto
19.92554 20.22531 19.92462 20.35788 19.92645 20.49043 curveto
19.9298 20.74857 19.92918 21.00699 19.94012 21.2651 curveto
19.95837 21.69138 19.96506 22.11885 20.014 22.54266 curveto
20.08759 23.18175 20.1408 23.826 20.3071 24.44775 curveto
20.55093 25.35803 20.77866 26.28139 21.23593 27.10654 curveto
21.94037 28.378 22.6877 29.64188 23.74088 30.64581 curveto
25.5596 32.37971 27.5033 33.99536 29.71576 35.1896 curveto
33.8713 37.43307 38.1728 39.4093 42.66673 40.8632 curveto
51.21133 43.62749 59.87877 46.00717 68.67996 47.79489 curveto
84.93002 51.09581 101.28316 53.86769 117.7132 56.1066 curveto stroke
newpath 114.54999 57.18375 moveto
115.37611 56.3469 116.54803 55.94781 117.7132 56.1066 curveto
116.54803 55.94781 115.52562 55.24973 114.95355 54.22232 curveto stroke
newpath 19.92523 21.91776 moveto
19.39676 21.91776 18.89 21.7078 18.51633 21.33414 curveto
18.14267 20.96046 17.93271 20.4537 17.93271 19.92523 curveto
17.93271 19.39676 18.14267 18.89 18.51633 18.51633 curveto
18.89 18.14267 19.39676 17.93271 19.92523 17.93271 curveto
20.4537 17.93271 20.96046 18.14267 21.33414 18.51633 curveto
21.7078 18.89 21.91776 19.39676 21.91776 19.92523 curveto
21.91776 20.4537 21.7078 20.96046 21.33414 21.33414 curveto
20.96046 21.7078 20.4537 21.91776 19.92523 21.91776 curveto closepath fill
newpath 39.85046 41.84299 moveto
39.32199 41.84299 38.81523 41.63303 38.44156 41.25937 curveto
38.0679 40.8857 37.85794 40.37894 37.85794 39.85046 curveto
37.85794 39.32199 38.0679 38.81523 38.44156 38.44156 curveto
38.81523 38.0679 39.32199 37.85794 39.85046 37.85794 curveto
40.37894 37.85794 40.8857 38.0679 41.25937 38.44156 curveto
41.63303 38.81523 41.84299 39.32199 41.84299 39.85046 curveto
41.84299 40.37894 41.63303 40.8857 41.25937 41.25937 curveto
40.8857 41.63303 40.37894 41.84299 39.85046 41.84299 curveto closepath fill
showpage
%%EOF
