%!PS
%%BoundingBox: -1 -1 160 100 
%%HiResBoundingBox: -0.24907 -0.24907 159.65092 99.87523 
%%Creator: MetaPost 1.9991
%%CreationDate: 2017.07.24:2101
%%Pages: 1
%%BeginProlog
%%EndProlog
%%Page: 1 1
 0 0 0 setrgbcolor 0 0.49814 dtransform truncate idtransform setlinewidth pop
 [] 0 setdash 1 setlinecap 1 setlinejoin 10 setmiterlimit
newpath 0 19.92523 moveto
159.40186 19.92523 lineto stroke
newpath 154.42055 22.4159 moveto
155.59648 20.84798 157.44197 19.92523 159.40186 19.92523 curveto
157.44197 19.92523 155.59648 19.00249 154.42055 17.43457 curveto stroke
 0.49814 0 dtransform exch truncate exch idtransform pop setlinewidth
newpath 79.70093 0 moveto
79.70093 99.62616 lineto stroke
 0 0.49814 dtransform truncate idtransform setlinewidth pop
newpath 77.21027 94.64485 moveto
78.77818 95.82079 79.70093 97.66628 79.70093 99.62616 curveto
79.70093 97.66628 80.62367 95.82079 82.19159 94.64485 curveto stroke
 0 1.24533 dtransform truncate idtransform setlinewidth pop
newpath 79.70093 19.92523 moveto
80.36525 19.91368 81.02956 19.91824 81.69357 19.93951 curveto
82.35849 19.9608 83.02434 19.97935 83.68591 20.05232 curveto
84.3557 20.1262 85.02458 20.21649 85.67856 20.37976 curveto
86.3593 20.54971 87.03151 20.75706 87.6709 21.04681 curveto
88.36926 21.36331 89.0424 21.73576 89.66354 22.18542 curveto
90.38046 22.70442 91.04964 23.28694 91.65588 23.93181 curveto
92.38588 24.70862 93.05049 25.5438 93.64853 26.4264 curveto
94.3843 27.51212 95.04556 28.64586 95.64148 29.81396 curveto
96.37694 31.2557 97.0367 32.73453 97.63382 34.23859 curveto
98.36655 36.08438 99.026 37.95845 99.62646 39.85138 curveto
100.35524 42.14928 101.0147 44.46844 101.6188 46.80222 curveto
102.34363 49.60269 103.00337 52.41927 103.61145 55.2471 curveto
104.33202 58.59969 104.99237 61.96475 105.60379 65.33893 curveto
106.32071 69.29655 106.98167 73.2636 107.59644 77.23825 curveto
108.31 81.85167 108.97432 86.473 109.58878 91.10072 curveto stroke
newpath 107.71399 88.33464 moveto
108.73943 88.91022 109.43399 89.93501 109.58878 91.10072 curveto
109.43399 89.93501 109.83708 88.76447 110.67679 87.94124 curveto stroke
newpath 79.70093 21.91776 moveto
79.17245 21.91776 78.6657 21.7078 78.29202 21.33414 curveto
77.91837 20.96046 77.7084 20.4537 77.7084 19.92523 curveto
77.7084 19.39676 77.91837 18.89 78.29202 18.51633 curveto
78.6657 18.14267 79.17245 17.93271 79.70093 17.93271 curveto
80.2294 17.93271 80.73616 18.14267 81.10983 18.51633 curveto
81.48349 18.89 81.69345 19.39676 81.69345 19.92523 curveto
81.69345 20.4537 81.48349 20.96046 81.10983 21.33414 curveto
80.73616 21.7078 80.2294 21.91776 79.70093 21.91776 curveto closepath fill
newpath 99.62616 41.84299 moveto
99.09769 41.84299 98.59093 41.63303 98.21725 41.25937 curveto
97.8436 40.8857 97.63364 40.37894 97.63364 39.85046 curveto
97.63364 39.32199 97.8436 38.81523 98.21725 38.44156 curveto
98.59093 38.0679 99.09769 37.85794 99.62616 37.85794 curveto
100.15463 37.85794 100.66139 38.0679 101.03506 38.44156 curveto
101.40872 38.81523 101.61868 39.32199 101.61868 39.85046 curveto
101.61868 40.37894 101.40872 40.8857 101.03506 41.25937 curveto
100.66139 41.63303 100.15463 41.84299 99.62616 41.84299 curveto closepath fill
showpage
%%EOF
