%!PS
%%BoundingBox: -1 -1 160 100 
%%HiResBoundingBox: -0.24907 -0.24907 159.65092 99.87523 
%%Creator: MetaPost 1.9991
%%CreationDate: 2017.07.24:2101
%%Pages: 1
%%BeginProlog
%%EndProlog
%%Page: 1 1
 0 0 0 setrgbcolor 0 0.49814 dtransform truncate idtransform setlinewidth pop
 [] 0 setdash 1 setlinecap 1 setlinejoin 10 setmiterlimit
newpath 0 19.92523 moveto
159.40186 19.92523 lineto stroke
newpath 154.42055 22.4159 moveto
155.59648 20.84798 157.44197 19.92523 159.40186 19.92523 curveto
157.44197 19.92523 155.59648 19.00249 154.42055 17.43457 curveto stroke
 0.49814 0 dtransform exch truncate exch idtransform pop setlinewidth
newpath 79.70093 0 moveto
79.70093 99.62616 lineto stroke
 0 0.49814 dtransform truncate idtransform setlinewidth pop
newpath 77.21027 94.64485 moveto
78.77818 95.82079 79.70093 97.66628 79.70093 99.62616 curveto
79.70093 97.66628 80.62367 95.82079 82.19159 94.64485 curveto stroke
 0.49814 0 dtransform exch truncate exch idtransform pop setlinewidth
newpath 19.92523 17.93271 moveto
19.92523 21.91776 lineto stroke
newpath 39.85046 17.93271 moveto
39.85046 21.91776 lineto stroke
newpath 59.7757 17.93271 moveto
59.7757 21.91776 lineto stroke
newpath 79.70093 17.93271 moveto
79.70093 21.91776 lineto stroke
newpath 99.62616 17.93271 moveto
99.62616 21.91776 lineto stroke
newpath 119.55139 17.93271 moveto
119.55139 21.91776 lineto stroke
newpath 139.47662 17.93271 moveto
139.47662 21.91776 lineto stroke
 0 0.49814 dtransform truncate idtransform setlinewidth pop
newpath 81.69345 39.85046 moveto
77.7084 39.85046 lineto stroke
newpath 81.69345 59.7757 moveto
77.7084 59.7757 lineto stroke
newpath 81.69345 79.70093 moveto
77.7084 79.70093 lineto stroke
newpath 79.70093 81.69345 moveto
79.17245 81.69345 78.6657 81.48349 78.29202 81.10983 curveto
77.91837 80.73616 77.7084 80.2294 77.7084 79.70093 curveto
77.7084 79.17245 77.91837 78.6657 78.29202 78.29202 curveto
78.6657 77.91837 79.17245 77.7084 79.70093 77.7084 curveto
80.2294 77.7084 80.73616 77.91837 81.10983 78.29202 curveto
81.48349 78.6657 81.69345 79.17245 81.69345 79.70093 curveto
81.69345 80.2294 81.48349 80.73616 81.10983 81.10983 curveto
80.73616 81.48349 80.2294 81.69345 79.70093 81.69345 curveto closepath fill
 0 1.24533 dtransform truncate idtransform setlinewidth pop
newpath 19.92523 19.9684 moveto
21.91727 19.97752 lineto
23.91113 19.98907 lineto
25.90317 20.00337 lineto
27.8952 20.0213 lineto
29.88724 20.04411 lineto
30.55186 20.05293 31.21648 20.06204 31.8811 20.0733 curveto
32.54512 20.08455 33.20912 20.09671 33.87314 20.111 curveto
34.53716 20.12529 35.20116 20.1411 35.86517 20.15964 curveto
36.52919 20.1785 37.19319 20.19856 37.85721 20.22319 curveto
38.52184 20.24782 39.18675 20.27457 39.85107 20.3071 curveto
40.51538 20.33963 41.1794 20.37459 41.84311 20.41777 curveto
42.50774 20.46094 43.17174 20.50807 43.83514 20.56583 curveto
44.49977 20.6236 45.16438 20.68684 45.82718 20.76468 curveto
46.49332 20.84311 47.15855 20.92854 47.82104 21.03435 curveto
48.4878 21.14107 49.15332 21.2575 49.81308 21.40163 curveto
50.48256 21.54787 51.14871 21.7081 51.80511 21.9051 curveto
52.47946 22.10759 53.14835 22.32954 53.79898 22.59921 curveto
54.48032 22.88167 55.15102 23.19057 55.79102 23.55724 curveto
56.48392 23.954 57.15643 24.38634 57.78305 24.8813 curveto
58.49054 25.44043 59.16368 26.04272 59.77509 26.70552 curveto
60.49838 27.48962 61.16939 28.32115 61.76895 29.20346 curveto
62.50258 30.2831 63.16782 31.40802 63.76099 32.57065 curveto
64.49887 34.01726 65.15802 35.50246 65.75302 37.01352 curveto
66.48756 38.87846 67.13942 40.77443 67.74506 42.68498 curveto
68.46896 44.9695 69.11383 47.27773 69.73892 49.59114 curveto
70.44276 52.1955 71.07668 54.8178 71.73096 57.43494 curveto
72.4047 60.1302 73.02463 62.83885 73.72299 65.52803 curveto
74.35265 67.9521 74.94492 70.38742 75.71503 72.77106 curveto
76.27719 74.51044 76.79678 76.27719 77.7089 77.86304 curveto
78.20294 78.72224 78.73349 79.70093 79.70093 79.70093 curveto
80.66837 79.70093 81.19891 78.72224 81.69296 77.86304 curveto
82.60507 76.27719 83.12466 74.51044 83.68683 72.77106 curveto
84.45694 70.38742 85.04921 67.9521 85.67886 65.52803 curveto
86.37723 62.83885 86.99716 60.1302 87.6709 57.43494 curveto
88.32518 54.8178 88.95909 52.1955 89.66293 49.59114 curveto
90.28802 47.27773 90.93289 44.9695 91.6568 42.68498 curveto
92.26244 40.77443 92.91429 38.87846 93.64883 37.01352 curveto
94.24384 35.50246 94.90298 34.01726 95.64087 32.57065 curveto
96.23404 31.40802 96.89928 30.2831 97.6329 29.20346 curveto
98.23247 28.32115 98.90347 27.48962 99.62677 26.70552 curveto
100.23817 26.04272 100.91132 25.44043 101.6188 24.8813 curveto
102.24542 24.38634 102.91794 23.954 103.61084 23.55724 curveto
104.25084 23.19057 104.92154 22.88167 105.60287 22.59921 curveto
106.25351 22.32954 106.9224 22.10759 107.59674 21.9051 curveto
108.25314 21.7081 108.9193 21.54787 109.58878 21.40163 curveto
110.24854 21.2575 110.91406 21.14107 111.58081 21.03435 curveto
112.2433 20.92854 112.90854 20.84311 113.57468 20.76468 curveto
114.23747 20.68684 114.90208 20.6236 115.56671 20.56583 curveto
116.23012 20.50807 116.89412 20.46094 117.55875 20.41777 curveto
118.22246 20.37459 118.88647 20.33963 119.55078 20.3071 curveto
120.2151 20.27457 120.88002 20.24782 121.54465 20.22319 curveto
122.20866 20.19856 122.87267 20.1785 123.53668 20.15964 curveto
124.2007 20.1411 124.8647 20.12529 125.52872 20.111 curveto
126.19273 20.09671 126.85674 20.08455 127.52075 20.0733 curveto
128.18538 20.06204 128.84999 20.05293 129.51462 20.04411 curveto
131.50665 20.0213 lineto
133.49869 20.00337 lineto
135.49072 19.98907 lineto
137.48459 19.97752 lineto
139.47662 19.9684 lineto stroke
newpath 136.49406 21.47514 moveto
137.19571 20.53148 138.3007 19.97327 139.47662 19.9684 curveto
138.3007 19.97327 137.19113 19.42421 136.4817 18.48637 curveto stroke
newpath 22.92015 18.48637 moveto
22.21072 19.42421 21.10115 19.97327 19.92523 19.9684 curveto
21.10115 19.97327 22.20615 20.53148 22.90779 21.47514 curveto stroke
showpage
%%EOF
