%!PS
%%BoundingBox: -1 -1 120 120 
%%HiResBoundingBox: -0.24907 -0.24907 119.80046 119.80046 
%%Creator: MetaPost 1.9991
%%CreationDate: 2017.07.24:2101
%%Pages: 1
%%BeginProlog
%%EndProlog
%%Page: 1 1
 0 0 0 setrgbcolor 0 0.49814 dtransform truncate idtransform setlinewidth pop
 [] 0 setdash 1 setlinecap 1 setlinejoin 10 setmiterlimit
newpath 0 59.7757 moveto
119.55139 59.7757 lineto stroke
newpath 114.57008 62.26636 moveto
115.74602 60.69844 117.5915 59.7757 119.55139 59.7757 curveto
117.5915 59.7757 115.74602 58.85295 114.57008 57.28503 curveto stroke
 0.49814 0 dtransform exch truncate exch idtransform pop setlinewidth
newpath 59.7757 0 moveto
59.7757 119.55139 lineto stroke
 0 0.49814 dtransform truncate idtransform setlinewidth pop
newpath 57.28503 114.57008 moveto
58.85295 115.74602 59.7757 117.5915 59.7757 119.55139 curveto
59.7757 117.5915 60.69844 115.74602 62.26636 114.57008 curveto stroke
 0 1.24533 dtransform truncate idtransform setlinewidth pop
newpath 29.88785 57.9077 moveto
30.40775 57.8124 30.92514 57.70453 31.43956 57.58391 curveto
31.96014 57.46191 32.47868 57.33102 32.99152 57.1803 curveto
33.51392 57.02661 34.03337 56.86176 34.54346 56.67111 curveto
35.06929 56.47456 35.58987 56.26387 36.0954 56.01988 curveto
36.62648 55.76358 37.14911 55.48903 37.64713 55.17322 curveto
38.18686 54.83095 38.71223 54.4652 39.19907 54.0511 curveto
39.75111 53.58136 40.27946 53.08336 40.75102 52.53267 curveto
41.31926 51.86911 41.84987 51.17319 42.30296 50.42639 curveto
42.88922 49.46025 43.42052 48.46103 43.85468 47.41759 curveto
44.45895 45.96506 44.99094 44.48267 45.40663 42.96538 curveto
46.028 40.69789 46.56067 38.40668 46.95857 36.08948 curveto
47.59659 32.37425 48.13176 28.64124 48.51051 24.89066 curveto
49.16678 18.39145 49.68417 11.87903 50.06224 5.3577 curveto stroke
newpath 51.38116 8.42795 moveto
50.48282 7.66914 49.99419 6.53166 50.06224 5.3577 curveto
49.99419 6.53166 49.37738 7.60506 48.39737 8.25497 curveto stroke
newpath 32.5582 55.89888 moveto
32.03384 56.95143 31.04451 57.69566 29.88785 57.9077 curveto
31.04451 57.69566 32.23349 58.04057 33.0971 58.8387 curveto stroke
newpath 69.48915 114.1937 moveto
69.86722 107.67236 70.38461 101.15994 71.04088 94.66074 curveto
71.41963 90.90993 71.9548 87.17714 72.59282 83.46169 curveto
72.99072 81.14471 73.52339 78.85327 74.14476 76.58601 curveto
74.56046 75.0685 75.09244 73.5861 75.69672 72.13358 curveto
76.13087 71.09013 76.66217 70.09091 77.24843 69.12477 curveto
77.70152 68.37799 78.23213 67.68205 78.80037 67.0185 curveto
79.27193 66.4678 79.80028 65.9698 80.35233 65.50006 curveto
80.83916 65.08597 81.36476 64.72044 81.90427 64.37817 curveto
82.40228 64.06236 82.92491 63.78781 83.456 63.53151 curveto
83.96152 63.28752 84.4821 63.0766 85.00793 62.88005 curveto
85.51802 62.6894 86.03748 62.52478 86.55988 62.3711 curveto
87.07271 62.22037 87.59125 62.08948 88.11183 61.96748 curveto
88.62625 61.84686 89.14365 61.739 89.66354 61.64369 curveto stroke
newpath 86.9932 63.65251 moveto
87.51755 62.59996 88.50688 61.85573 89.66354 61.64369 curveto
88.50688 61.85573 87.3179 61.51082 86.45428 60.71269 curveto stroke
newpath 68.17023 111.12344 moveto
69.06857 111.88225 69.5572 113.01973 69.48915 114.1937 curveto
69.5572 113.01973 70.17401 111.94633 71.15402 111.29642 curveto stroke
newpath 74.71962 76.71214 moveto
74.19115 76.71214 73.68439 76.50218 73.31071 76.12852 curveto
72.93706 75.75485 72.7271 75.2481 72.7271 74.71962 curveto
72.7271 74.19115 72.93706 73.68439 73.31071 73.31071 curveto
73.68439 72.93706 74.19115 72.7271 74.71962 72.7271 curveto
75.2481 72.7271 75.75485 72.93706 76.12852 73.31071 curveto
76.50218 73.68439 76.71214 74.19115 76.71214 74.71962 curveto
76.71214 75.2481 76.50218 75.75485 76.12852 76.12852 curveto
75.75485 76.50218 75.2481 76.71214 74.71962 76.71214 curveto closepath fill
newpath 44.83177 46.8243 moveto
44.3033 46.8243 43.79654 46.61433 43.42287 46.24068 curveto
43.04921 45.867 42.83925 45.36024 42.83925 44.83177 curveto
42.83925 44.3033 43.04921 43.79654 43.42287 43.42287 curveto
43.79654 43.04921 44.3033 42.83925 44.83177 42.83925 curveto
45.36024 42.83925 45.867 43.04921 46.24068 43.42287 curveto
46.61433 43.79654 46.8243 44.3033 46.8243 44.83177 curveto
46.8243 45.36024 46.61433 45.867 46.24068 46.24068 curveto
45.867 46.61433 45.36024 46.8243 44.83177 46.8243 curveto closepath fill
showpage
%%EOF
