%!PS
%%BoundingBox: -1 -1 120 100 
%%HiResBoundingBox: -0.24907 -0.24907 119.80046 99.87523 
%%Creator: MetaPost 1.9991
%%CreationDate: 2017.07.24:2101
%%Pages: 1
%%BeginProlog
%%EndProlog
%%Page: 1 1
 0 0 0 setrgbcolor 0 0.49814 dtransform truncate idtransform setlinewidth pop
 [] 0 setdash 1 setlinecap 1 setlinejoin 10 setmiterlimit
newpath 0 79.70093 moveto
119.55139 79.70093 lineto stroke
newpath 114.57008 82.19159 moveto
115.74602 80.62367 117.5915 79.70093 119.55139 79.70093 curveto
117.5915 79.70093 115.74602 78.77818 114.57008 77.21027 curveto stroke
 0.49814 0 dtransform exch truncate exch idtransform pop setlinewidth
newpath 79.70093 0 moveto
79.70093 99.62616 lineto stroke
 0 0.49814 dtransform truncate idtransform setlinewidth pop
newpath 77.21027 94.64485 moveto
78.77818 95.82079 79.70093 97.66628 79.70093 99.62616 curveto
79.70093 97.66628 80.62367 95.82079 82.19159 94.64485 curveto stroke
 0 1.24533 dtransform truncate idtransform setlinewidth pop
newpath 19.92523 79.70093 moveto
19.92523 79.65897 lineto
19.92523 79.36588 lineto
19.92554 79.10077 19.92462 78.83565 19.92645 78.57053 curveto
19.9298 78.05397 19.92918 77.53741 19.94012 77.02116 curveto
19.95837 76.16927 19.96506 75.31674 20.014 74.46605 curveto
20.08728 73.19397 20.13806 71.91916 20.3071 70.65588 curveto
20.54607 68.87029 20.75464 67.07497 21.23593 65.33832 curveto
21.90602 62.91972 22.57399 60.4841 23.74088 58.25978 curveto
25.43192 55.0358 27.2397 51.84555 29.71576 49.17218 curveto
33.63052 44.94548 37.82712 40.95624 42.66673 37.82498 curveto
50.93405 32.47609 59.55557 27.6684 68.67996 23.9616 curveto
84.68285 17.46042 101.05603 11.90965 117.7132 7.33818 curveto stroke
newpath 115.2265 9.57031 moveto
115.65791 8.47638 116.5792 7.64941 117.7132 7.33818 curveto
116.5792 7.64941 115.36485 7.40857 114.43549 6.68808 curveto stroke
newpath 19.92523 81.69345 moveto
19.39676 81.69345 18.89 81.48349 18.51633 81.10983 curveto
18.14267 80.73616 17.93271 80.2294 17.93271 79.70093 curveto
17.93271 79.17245 18.14267 78.6657 18.51633 78.29202 curveto
18.89 77.91837 19.39676 77.7084 19.92523 77.7084 curveto
20.4537 77.7084 20.96046 77.91837 21.33414 78.29202 curveto
21.7078 78.6657 21.91776 79.17245 21.91776 79.70093 curveto
21.91776 80.2294 21.7078 80.73616 21.33414 81.10983 curveto
20.96046 81.48349 20.4537 81.69345 19.92523 81.69345 curveto closepath fill
newpath 39.85046 41.84299 moveto
39.32199 41.84299 38.81523 41.63303 38.44156 41.25937 curveto
38.0679 40.8857 37.85794 40.37894 37.85794 39.85046 curveto
37.85794 39.32199 38.0679 38.81523 38.44156 38.44156 curveto
38.81523 38.0679 39.32199 37.85794 39.85046 37.85794 curveto
40.37894 37.85794 40.8857 38.0679 41.25937 38.44156 curveto
41.63303 38.81523 41.84299 39.32199 41.84299 39.85046 curveto
41.84299 40.37894 41.63303 40.8857 41.25937 41.25937 curveto
40.8857 41.63303 40.37894 41.84299 39.85046 41.84299 curveto closepath fill
showpage
%%EOF
