%!PS
%%BoundingBox: -1 -1 160 100 
%%HiResBoundingBox: -0.24907 -0.24907 159.65092 99.87523 
%%Creator: MetaPost 1.9991
%%CreationDate: 2017.07.24:2101
%%Pages: 1
%%BeginProlog
%%EndProlog
%%Page: 1 1
 0 0 0 setrgbcolor 0 0.49814 dtransform truncate idtransform setlinewidth pop
 [] 0 setdash 1 setlinecap 1 setlinejoin 10 setmiterlimit
newpath 0 19.92523 moveto
159.40186 19.92523 lineto stroke
newpath 154.42055 22.4159 moveto
155.59648 20.84798 157.44197 19.92523 159.40186 19.92523 curveto
157.44197 19.92523 155.59648 19.00249 154.42055 17.43457 curveto stroke
 0.49814 0 dtransform exch truncate exch idtransform pop setlinewidth
newpath 129.514 0 moveto
129.514 99.62616 lineto stroke
 0 0.49814 dtransform truncate idtransform setlinewidth pop
newpath 127.02335 94.64485 moveto
128.59126 95.82079 129.514 97.66628 129.514 99.62616 curveto
129.514 97.66628 130.43675 95.82079 132.00467 94.64485 curveto stroke
 0 1.24533 dtransform truncate idtransform setlinewidth pop
newpath 38.89366 90.85931 moveto
41.32018 88.83809 43.71506 86.77885 46.0771 84.68224 curveto
48.20595 82.79297 50.30045 80.86539 52.36302 78.90436 curveto
54.21338 77.14522 56.02876 75.3505 57.81285 73.52415 curveto
59.40416 71.89545 60.96053 70.23328 62.48557 68.54254 curveto
63.8373 67.04427 65.15407 65.51497 66.44044 63.96013 curveto
67.57268 62.59166 68.67055 61.19493 69.73831 59.7757 curveto
70.67018 58.53706 71.5683 57.27318 72.43784 55.99016 curveto
73.1894 54.88104 73.90785 53.74973 74.59982 52.6026 curveto
75.19057 51.623 75.74939 50.62485 76.28387 49.61363 curveto
76.73294 48.76385 77.1516 47.89857 77.54897 47.02356 curveto
77.87611 46.3036 78.17467 45.57118 78.4556 44.83177 curveto
78.67998 44.24164 78.87851 43.64209 79.06337 43.03827 curveto
79.20413 42.57826 79.32271 42.11188 79.43185 41.64366 curveto
79.50877 41.31439 79.56715 40.98117 79.62128 40.64734 curveto
79.6535 40.44911 79.67082 40.24936 79.69089 40.0496 curveto
79.6982 39.97481 79.59969 39.85046 79.70093 39.85046 curveto
79.80217 39.85046 79.70335 39.97511 79.71066 40.0496 curveto
79.73073 40.24936 79.74835 40.44911 79.78058 40.64734 curveto
79.8347 40.98117 79.89308 41.31439 79.9697 41.64366 curveto
80.07884 42.11218 80.19772 42.57857 80.33849 43.03857 curveto
80.52335 43.64209 80.72188 44.24164 80.94626 44.83177 curveto
81.22719 45.57118 81.52574 46.3036 81.85289 47.02356 curveto
82.25026 47.89857 82.66891 48.76385 83.11798 49.61363 curveto
83.65247 50.62485 84.21098 51.623 84.80173 52.6026 curveto
85.4937 53.74973 86.21214 54.88104 86.96371 55.99016 curveto
87.83325 57.27318 88.73137 58.53706 89.66354 59.7757 curveto
90.73161 61.19493 91.82918 62.59166 92.96141 63.96013 curveto
94.24779 65.51527 95.56487 67.04486 96.9169 68.54346 curveto
98.44164 70.23389 99.9977 71.89574 101.5887 73.52415 curveto
103.37279 75.3505 105.18848 77.14522 107.03883 78.90436 curveto
109.10141 80.86539 111.1959 82.79297 113.32475 84.68224 curveto
115.6868 86.77885 118.08168 88.83809 120.5082 90.85931 curveto stroke
newpath 117.25528 90.09464 moveto
118.3995 89.82338 119.60466 90.10667 120.5082 90.85931 curveto
119.60466 90.10667 119.10822 88.97258 119.16821 87.79816 curveto stroke
newpath 40.23364 87.79816 moveto
40.29364 88.97258 39.7972 90.10667 38.89366 90.85931 curveto
39.7972 90.10667 41.00235 89.82338 42.14658 90.09464 curveto stroke
newpath 69.73831 61.76822 moveto
69.20984 61.76822 68.70308 61.55826 68.3294 61.1846 curveto
67.95575 60.81093 67.74579 60.30417 67.74579 59.7757 curveto
67.74579 59.24722 67.95575 58.74046 68.3294 58.36679 curveto
68.70308 57.99313 69.20984 57.78317 69.73831 57.78317 curveto
70.26678 57.78317 70.77354 57.99313 71.14722 58.36679 curveto
71.52087 58.74046 71.73083 59.24722 71.73083 59.7757 curveto
71.73083 60.30417 71.52087 60.81093 71.14722 61.1846 curveto
70.77354 61.55826 70.26678 61.76822 69.73831 61.76822 curveto closepath fill
newpath 79.70093 41.84299 moveto
79.17245 41.84299 78.6657 41.63303 78.29202 41.25937 curveto
77.91837 40.8857 77.7084 40.37894 77.7084 39.85046 curveto
77.7084 39.32199 77.91837 38.81523 78.29202 38.44156 curveto
78.6657 38.0679 79.17245 37.85794 79.70093 37.85794 curveto
80.2294 37.85794 80.73616 38.0679 81.10983 38.44156 curveto
81.48349 38.81523 81.69345 39.32199 81.69345 39.85046 curveto
81.69345 40.37894 81.48349 40.8857 81.10983 41.25937 curveto
80.73616 41.63303 80.2294 41.84299 79.70093 41.84299 curveto closepath fill
newpath 89.66354 61.76822 moveto
89.13507 61.76822 88.62831 61.55826 88.25464 61.1846 curveto
87.88098 60.81093 87.67102 60.30417 87.67102 59.7757 curveto
87.67102 59.24722 87.88098 58.74046 88.25464 58.36679 curveto
88.62831 57.99313 89.13507 57.78317 89.66354 57.78317 curveto
90.19202 57.78317 90.69878 57.99313 91.07245 58.36679 curveto
91.4461 58.74046 91.65607 59.24722 91.65607 59.7757 curveto
91.65607 60.30417 91.4461 60.81093 91.07245 61.1846 curveto
90.69878 61.55826 90.19202 61.76822 89.66354 61.76822 curveto closepath fill
showpage
%%EOF
