%!PS
%%BoundingBox: -1 -1 140 120 
%%HiResBoundingBox: -0.62267 -0.24907 139.7257 119.80046 
%%Creator: MetaPost 1.9991
%%CreationDate: 2017.07.24:2101
%%Pages: 1
%%BeginProlog
%%EndProlog
%%Page: 1 1
 0 0 0 setrgbcolor 0 0.49814 dtransform truncate idtransform setlinewidth pop
 [] 0 setdash 1 setlinecap 1 setlinejoin 10 setmiterlimit
newpath 0 39.85046 moveto
139.47662 39.85046 lineto stroke
newpath 134.49532 42.34113 moveto
135.67125 40.77321 137.51674 39.85046 139.47662 39.85046 curveto
137.51674 39.85046 135.67125 38.92772 134.49532 37.3598 curveto stroke
 0.49814 0 dtransform exch truncate exch idtransform pop setlinewidth
newpath 39.85046 0 moveto
39.85046 119.55139 lineto stroke
 0 0.49814 dtransform truncate idtransform setlinewidth pop
newpath 37.3598 114.57008 moveto
38.92772 115.74602 39.85046 117.5915 39.85046 119.55139 curveto
39.85046 117.5915 40.77321 115.74602 42.34113 114.57008 curveto stroke
 0.49814 0 dtransform exch truncate exch idtransform pop setlinewidth
newpath 19.92523 37.85794 moveto
19.92523 41.84299 lineto stroke
newpath 39.85046 37.85794 moveto
39.85046 41.84299 lineto stroke
newpath 59.7757 37.85794 moveto
59.7757 41.84299 lineto stroke
newpath 79.70093 37.85794 moveto
79.70093 41.84299 lineto stroke
newpath 99.62616 37.85794 moveto
99.62616 41.84299 lineto stroke
newpath 119.55139 37.85794 moveto
119.55139 41.84299 lineto stroke
 0 0.49814 dtransform truncate idtransform setlinewidth pop
newpath 41.84299 19.92523 moveto
37.85794 19.92523 lineto stroke
newpath 41.84299 39.85046 moveto
37.85794 39.85046 lineto stroke
newpath 41.84299 59.7757 moveto
37.85794 59.7757 lineto stroke
newpath 41.84299 79.70093 moveto
37.85794 79.70093 lineto stroke
newpath 41.84299 99.62616 moveto
37.85794 99.62616 lineto stroke
newpath 39.85046 41.84299 moveto
39.32199 41.84299 38.81523 41.63303 38.44156 41.25937 curveto
38.0679 40.8857 37.85794 40.37894 37.85794 39.85046 curveto
37.85794 39.32199 38.0679 38.81523 38.44156 38.44156 curveto
38.81523 38.0679 39.32199 37.85794 39.85046 37.85794 curveto
40.37894 37.85794 40.8857 38.0679 41.25937 38.44156 curveto
41.63303 38.81523 41.84299 39.32199 41.84299 39.85046 curveto
41.84299 40.37894 41.63303 40.8857 41.25937 41.25937 curveto
40.8857 41.63303 40.37894 41.84299 39.85046 41.84299 curveto closepath fill
newpath 99.62616 41.84299 moveto
99.09769 41.84299 98.59093 41.63303 98.21725 41.25937 curveto
97.8436 40.8857 97.63364 40.37894 97.63364 39.85046 curveto
97.63364 39.32199 97.8436 38.81523 98.21725 38.44156 curveto
98.59093 38.0679 99.09769 37.85794 99.62616 37.85794 curveto
100.15463 37.85794 100.66139 38.0679 101.03506 38.44156 curveto
101.40872 38.81523 101.61868 39.32199 101.61868 39.85046 curveto
101.61868 40.37894 101.40872 40.8857 101.03506 41.25937 curveto
100.66139 41.63303 100.15463 41.84299 99.62616 41.84299 curveto closepath fill
newpath 63.76068 72.34863 moveto
63.23221 72.34863 62.72545 72.13867 62.35178 71.76501 curveto
61.97812 71.39134 61.76816 70.88458 61.76816 70.35611 curveto
61.76816 69.82764 61.97812 69.32088 62.35178 68.9472 curveto
62.72545 68.57355 63.23221 68.36359 63.76068 68.36359 curveto
64.28915 68.36359 64.79591 68.57355 65.16959 68.9472 curveto
65.54324 69.32088 65.7532 69.82764 65.7532 70.35611 curveto
65.7532 70.88458 65.54324 71.39134 65.16959 71.76501 curveto
64.79591 72.13867 64.28915 72.34863 63.76068 72.34863 curveto closepath fill
 0 1.24533 dtransform truncate idtransform setlinewidth pop
newpath 0 108.90622 moveto
1.99265 106.68828 lineto
3.98529 104.45393 lineto
4.65082 103.70448 5.31514 102.95383 5.97733 102.20134 curveto
6.64316 101.4449 7.30779 100.68755 7.96997 99.92776 curveto
8.63611 99.16342 9.30074 98.39725 9.96262 97.62926 curveto
10.62906 96.85579 11.29369 96.08081 11.95526 95.30339 curveto
12.62201 94.5199 13.28664 93.73457 13.9479 92.94621 curveto
14.61496 92.15085 15.27928 91.35367 15.93994 90.55284 curveto
16.6076 89.7435 17.27252 88.93173 17.93259 88.11601 curveto
18.60117 87.28964 19.26608 86.46054 19.92523 85.62688 curveto
20.5944 84.78044 21.25964 83.93097 21.91788 83.07571 curveto
22.58827 82.20465 23.2538 81.32994 23.91052 80.44855 curveto
24.58214 79.54709 25.24828 78.64137 25.90256 77.72713 curveto
26.5766 76.78554 27.24365 75.83878 27.8952 74.88136 curveto
28.5723 73.88657 29.24086 72.88599 29.88785 71.87141 curveto
30.56949 70.80243 31.2411 69.72707 31.8805 68.63223 curveto
32.57004 67.45166 33.24774 66.2641 33.87314 65.04826 curveto
34.57698 63.67981 35.27292 62.30557 35.86517 60.88481 curveto
36.60489 59.11017 37.49936 57.38203 37.85782 55.49033 curveto
38.83711 50.32204 39.50235 45.09901 39.85046 39.85046 curveto stroke
newpath 0.89133 105.68576 moveto
1.11761 106.8397 0.78738 108.03282 0 108.90622 curveto
0.78738 108.03282 1.94003 107.58113 3.11118 107.68701 curveto stroke
newpath 39.85046 39.85046 moveto
40.16028 44.90018 40.82611 49.92192 41.84341 54.87799 curveto
42.16904 56.46384 43.06259 57.84628 43.83545 59.26462 curveto
44.40126 60.30289 45.09962 61.25969 45.8284 62.19034 curveto
46.43343 62.96289 47.11264 63.67342 47.82043 64.35324 curveto
48.44522 64.95341 49.11806 65.50128 49.81339 66.01814 curveto
50.44972 66.49152 51.11922 66.91838 51.80542 67.31607 curveto
52.45058 67.68973 53.11794 68.02234 53.79837 68.32668 curveto
54.4487 68.61765 55.11514 68.8712 55.7904 69.098 curveto
56.4456 69.31813 57.11143 69.50421 57.78336 69.66504 curveto
58.44159 69.82253 59.10652 69.94962 59.77539 70.05177 curveto
60.43637 70.15271 61.1016 70.22507 61.76834 70.27432 curveto
62.43114 70.32327 63.09576 70.34578 63.76038 70.34608 curveto
64.42531 70.34637 65.08992 70.32205 65.75333 70.27646 curveto
66.41946 70.23085 67.08379 70.16214 67.74536 70.07275 curveto
68.41302 69.98245 69.07764 69.86996 69.73831 69.738 curveto
70.4072 69.60423 71.07181 69.44978 71.73126 69.27588 curveto
72.40074 69.09923 73.06537 68.90282 73.7233 68.68726 curveto
74.3943 68.46745 75.05893 68.22847 75.71625 67.97035 curveto
76.38786 67.70676 77.05247 67.4246 77.70828 67.12361 curveto
78.38141 66.81471 79.04634 66.48787 79.70123 66.14159 curveto
80.37558 65.78525 81.0402 65.41098 81.69327 65.01756 curveto
82.36914 64.61046 83.03436 64.18542 83.68622 63.74062 curveto
84.3636 63.27818 85.02914 62.79842 85.67825 62.29736 curveto
86.35808 61.7726 87.02422 61.22989 87.6712 60.665 curveto
88.35376 60.06879 89.02081 59.45494 89.66324 58.81586 curveto
90.35005 58.13269 91.01955 57.43158 91.65619 56.7013 curveto
92.34909 55.90685 93.02222 55.09447 93.64822 54.24622 curveto
94.35237 53.29214 95.03706 52.32259 95.64117 51.30225 curveto
96.36964 50.07121 97.16257 48.86601 97.63321 47.51366 curveto
98.50214 45.01692 99.1686 42.45422 99.62616 39.85046 curveto stroke
newpath 99.62616 39.85046 moveto
100.1041 37.18378 100.76994 34.55388 101.6188 31.98112 curveto
102.10648 30.50291 102.89848 29.153 103.61115 27.77055 curveto
104.22894 26.57234 104.91302 25.41032 105.60379 24.25256 curveto
106.24196 23.18266 106.9148 22.13374 107.59613 21.0909 curveto
108.24342 20.10036 108.9126 19.1241 109.58878 18.15332 curveto
110.24094 17.2172 110.90799 16.29141 111.58142 15.37048 curveto
112.23662 14.47449 112.90245 13.58641 113.57376 12.70258 curveto
114.23077 11.8373 114.89662 10.9784 115.5664 10.12285 curveto
116.22495 9.28157 116.88988 8.44548 117.55875 7.61243 curveto
118.2182 6.79092 118.8825 5.97307 119.55139 5.15886 curveto stroke
newpath 118.80894 8.4169 moveto
118.52988 7.27457 118.80495 6.0675 119.55139 5.15886 curveto
118.80495 6.0675 117.67426 6.57169 116.4995 6.51971 curveto stroke
showpage
%%EOF
