%!PS
%%BoundingBox: -10 -1 200 160 
%%HiResBoundingBox: -9.97037 -0.24907 199.50139 159.65092 
%%Creator: MetaPost 1.9991
%%CreationDate: 2017.07.24:2101
%%Pages: 1
%%BeginProlog
%%EndProlog
%%Page: 1 1
 0 0 0 setrgbcolor 0 0.49814 dtransform truncate idtransform setlinewidth pop
 [] 0 setdash 1 setlinecap 1 setlinejoin 10 setmiterlimit
newpath 0 39.85046 moveto
199.25232 39.85046 lineto stroke
newpath 194.27101 42.34113 moveto
195.44695 40.77321 197.29243 39.85046 199.25232 39.85046 curveto
197.29243 39.85046 195.44695 38.92772 194.27101 37.3598 curveto stroke
 0.49814 0 dtransform exch truncate exch idtransform pop setlinewidth
newpath 99.62616 0 moveto
99.62616 159.40186 lineto stroke
 0 0.49814 dtransform truncate idtransform setlinewidth pop
newpath 97.1355 154.42055 moveto
98.70341 155.59648 99.62616 157.44197 99.62616 159.40186 curveto
99.62616 157.44197 100.5489 155.59648 102.11682 154.42055 curveto stroke
 0 1.24533 dtransform truncate idtransform setlinewidth pop
newpath -9.3477 27.44766 moveto
-4.94437 30.17668 -0.55046 32.9662 3.83388 35.8153 curveto
7.82936 38.41177 11.81494 41.06873 15.79051 43.78468 curveto
19.3985 46.24948 22.99614 48.77419 26.58345 51.35696 curveto
29.82263 53.68922 33.05103 56.08046 36.26863 58.52916 curveto
39.1597 60.72945 42.03967 62.98813 44.90823 65.30336 curveto
47.47263 67.37292 50.02515 69.49995 52.56596 71.68262 curveto
54.8207 73.61963 57.0631 75.61287 59.29335 77.66055 curveto
61.25938 79.4656 63.21281 81.32599 65.15317 83.23898 curveto
66.85089 84.91269 68.5351 86.64021 70.20592 88.41882 curveto
71.65541 89.9615 73.0906 91.55676 74.51196 93.20068 curveto
75.73282 94.61263 76.93892 96.07503 78.13043 97.58365 curveto
79.14287 98.86516 80.13965 100.19531 81.12154 101.56833 curveto
81.94531 102.72032 82.75282 103.91821 83.54515 105.15533 curveto
84.19989 106.17781 84.83775 107.24284 85.46027 108.34283 curveto
85.96602 109.23671 86.45415 110.16948 86.92723 111.13235 curveto
87.30362 111.89822 87.66177 112.69875 88.00565 113.52328 curveto
88.27213 114.16237 88.52052 114.83095 88.75584 115.51715 curveto
88.93158 116.02914 89.08922 116.56456 89.23653 117.1109 curveto
89.3405 117.49641 89.42746 117.89896 89.50787 118.30606 curveto
89.55896 118.5648 89.59514 118.83386 89.62994 119.10324 curveto
89.64682 119.23367 89.65077 119.36897 89.66232 119.50153 curveto
89.66263 119.50427 89.66446 119.50427 89.66476 119.50153 curveto
89.67632 119.36897 89.68027 119.23367 89.69714 119.10324 curveto
89.73195 118.83417 89.76797 118.5648 89.81906 118.30606 curveto
89.89948 117.89865 89.98659 117.49641 90.09056 117.1109 curveto
90.23787 116.56456 90.39551 116.02914 90.57124 115.51715 curveto
90.80656 114.83095 91.05481 114.16237 91.32129 113.52328 curveto
91.66516 112.69875 92.02347 111.89822 92.39986 111.13235 curveto
92.87294 110.16948 93.36092 109.23671 93.86667 108.34283 curveto
94.48918 107.24284 95.12704 106.17781 95.78194 105.15533 curveto
96.57426 103.91821 97.38177 102.72032 98.20555 101.56833 curveto
99.18744 100.19531 100.18422 98.86516 101.1965 97.58365 curveto
102.38817 96.07503 103.59427 94.61263 104.81512 93.20068 curveto
106.23648 91.55676 107.67168 89.9615 109.12102 88.41882 curveto
110.79184 86.64021 112.4762 84.91269 114.17392 83.23898 curveto
116.11427 81.32599 118.0677 79.4656 120.03374 77.66055 curveto
122.26399 75.61287 124.5064 73.61963 126.76112 71.68262 curveto
129.30194 69.49995 131.85446 67.37323 134.41885 65.30336 curveto
137.28741 62.98813 140.16724 60.72945 143.0583 58.52916 curveto
146.27591 56.08046 149.50446 53.68922 152.74364 51.35696 curveto
156.33095 48.77419 159.92845 46.24948 163.53642 43.78468 curveto
167.512 41.06873 171.49757 38.41177 175.49306 35.8153 curveto
179.8774 32.9662 184.27145 30.17668 188.67494 27.44766 curveto stroke
newpath 186.92168 30.29234 moveto
187.02583 29.12103 187.67538 28.06712 188.67494 27.44766 curveto
187.67538 28.06712 186.44252 28.17981 185.34724 27.75185 curveto stroke
newpath -6.02002 27.7519 moveto
-7.11531 28.17986 -8.34818 28.06714 -9.3477 27.44766 curveto
-8.34818 28.06714 -7.69862 29.12105 -7.59451 30.29237 curveto stroke
newpath 9.96262 41.84299 moveto
9.43414 41.84299 8.92738 41.63303 8.55371 41.25937 curveto
8.18005 40.8857 7.9701 40.37894 7.9701 39.85046 curveto
7.9701 39.32199 8.18005 38.81523 8.55371 38.44156 curveto
8.92738 38.0679 9.43414 37.85794 9.96262 37.85794 curveto
10.49109 37.85794 10.99785 38.0679 11.37152 38.44156 curveto
11.74518 38.81523 11.95514 39.32199 11.95514 39.85046 curveto
11.95514 40.37894 11.74518 40.8857 11.37152 41.25937 curveto
10.99785 41.63303 10.49109 41.84299 9.96262 41.84299 curveto closepath fill
newpath 169.36447 41.84299 moveto
168.836 41.84299 168.32924 41.63303 167.95557 41.25937 curveto
167.58191 40.8857 167.37195 40.37894 167.37195 39.85046 curveto
167.37195 39.32199 167.58191 38.81523 167.95557 38.44156 curveto
168.32924 38.0679 168.836 37.85794 169.36447 37.85794 curveto
169.89294 37.85794 170.3997 38.0679 170.77338 38.44156 curveto
171.14703 38.81523 171.357 39.32199 171.357 39.85046 curveto
171.357 40.37894 171.14703 40.8857 170.77338 41.25937 curveto
170.3997 41.63303 169.89294 41.84299 169.36447 41.84299 curveto closepath fill
newpath 99.62616 101.61868 moveto
99.09769 101.61868 98.59093 101.40872 98.21725 101.03506 curveto
97.8436 100.66139 97.63364 100.15463 97.63364 99.62616 curveto
97.63364 99.09769 97.8436 98.59093 98.21725 98.21725 curveto
98.59093 97.8436 99.09769 97.63364 99.62616 97.63364 curveto
100.15463 97.63364 100.66139 97.8436 101.03506 98.21725 curveto
101.40872 98.59093 101.61868 99.09769 101.61868 99.62616 curveto
101.61868 100.15463 101.40872 100.66139 101.03506 101.03506 curveto
100.66139 101.40872 100.15463 101.61868 99.62616 101.61868 curveto closepath fill
newpath 89.66354 121.54391 moveto
89.13507 121.54391 88.62831 121.33395 88.25464 120.9603 curveto
87.88098 120.58662 87.67102 120.07986 87.67102 119.55139 curveto
87.67102 119.02292 87.88098 118.51616 88.25464 118.14249 curveto
88.62831 117.76883 89.13507 117.55887 89.66354 117.55887 curveto
90.19202 117.55887 90.69878 117.76883 91.07245 118.14249 curveto
91.4461 118.51616 91.65607 119.02292 91.65607 119.55139 curveto
91.65607 120.07986 91.4461 120.58662 91.07245 120.9603 curveto
90.69878 121.33395 90.19202 121.54391 89.66354 121.54391 curveto closepath fill
showpage
%%EOF
