%!PS
%%BoundingBox: -1 -1 160 100 
%%HiResBoundingBox: -0.24907 -0.24907 159.65092 99.87523 
%%Creator: MetaPost 1.9991
%%CreationDate: 2017.07.24:2101
%%Pages: 1
%%BeginProlog
%%EndProlog
%%Page: 1 1
 0 0 0 setrgbcolor 0 0.49814 dtransform truncate idtransform setlinewidth pop
 [] 0 setdash 1 setlinecap 1 setlinejoin 10 setmiterlimit
newpath 0 39.85046 moveto
159.40186 39.85046 lineto stroke
newpath 154.42055 42.34113 moveto
155.59648 40.77321 157.44197 39.85046 159.40186 39.85046 curveto
157.44197 39.85046 155.59648 38.92772 154.42055 37.3598 curveto stroke
 0.49814 0 dtransform exch truncate exch idtransform pop setlinewidth
newpath 79.70093 0 moveto
79.70093 99.62616 lineto stroke
 0 0.49814 dtransform truncate idtransform setlinewidth pop
newpath 77.21027 94.64485 moveto
78.77818 95.82079 79.70093 97.66628 79.70093 99.62616 curveto
79.70093 97.66628 80.62367 95.82079 82.19159 94.64485 curveto stroke
 0 1.24533 dtransform truncate idtransform setlinewidth pop
newpath 19.92523 19.92523 moveto
20.58955 19.9237 21.25386 19.92432 21.91818 19.92676 curveto
22.5822 19.92918 23.2462 19.93132 23.91022 19.93951 curveto
24.57454 19.94772 25.23885 19.95776 25.90317 19.97661 curveto
26.56749 19.99547 27.23149 20.01826 27.8952 20.05232 curveto
28.55983 20.08636 29.22444 20.1271 29.88785 20.18153 curveto
30.55307 20.23627 31.21739 20.2995 31.87988 20.37946 curveto
32.54633 20.46002 33.21095 20.55185 33.87283 20.66283 curveto
34.54019 20.7747 35.20541 20.89996 35.86578 21.04681 curveto
36.53435 21.1955 37.19928 21.36058 37.85782 21.54878 curveto
38.52852 21.74033 39.19405 21.95071 39.85077 22.18573 curveto
40.5233 22.42653 41.18852 22.6874 41.8428 22.97409 curveto
42.51807 23.26991 43.1836 23.58794 43.83575 23.93211 curveto
44.51344 24.28966 45.17838 24.6703 45.82779 25.0768 curveto
46.50822 25.50275 47.17345 25.95212 47.82074 26.42702 curveto
48.5033 26.92776 49.16823 27.45161 49.81339 27.99979 curveto
50.49777 28.5814 51.16238 29.18614 51.80542 29.81335 curveto
52.49193 30.48285 53.15656 31.17453 53.79837 31.88687 curveto
54.4861 32.65031 55.15012 33.43411 55.7904 34.23767 curveto
56.47935 35.10205 57.14336 35.98587 57.78336 36.88704 curveto
58.4726 37.85782 59.1363 38.84593 59.77539 39.85046 curveto
60.46524 40.93434 61.12926 42.03496 61.76834 43.14955 curveto
62.4585 44.35323 63.12221 45.5721 63.76129 46.80344 curveto
64.45084 48.13237 65.11424 49.47469 65.75333 50.82855 curveto
66.44287 52.28975 67.10658 53.7631 67.74597 55.2471 curveto
68.43492 56.84662 69.09831 58.45679 69.738 60.07669 curveto
70.42696 61.82124 71.09096 63.57582 71.73096 65.33893 curveto
72.4193 67.23428 73.0827 69.13875 73.72299 71.05113 curveto
74.41103 73.1058 75.07535 75.16808 75.71594 77.23825 curveto stroke
newpath 73.40482 74.8248 moveto
74.5121 75.22073 75.36833 76.11487 75.71594 77.23825 curveto
75.36833 76.11487 75.5699 74.8934 76.26004 73.94128 curveto stroke
newpath 19.92523 21.91776 moveto
19.39676 21.91776 18.89 21.7078 18.51633 21.33414 curveto
18.14267 20.96046 17.93271 20.4537 17.93271 19.92523 curveto
17.93271 19.39676 18.14267 18.89 18.51633 18.51633 curveto
18.89 18.14267 19.39676 17.93271 19.92523 17.93271 curveto
20.4537 17.93271 20.96046 18.14267 21.33414 18.51633 curveto
21.7078 18.89 21.91776 19.39676 21.91776 19.92523 curveto
21.91776 20.4537 21.7078 20.96046 21.33414 21.33414 curveto
20.96046 21.7078 20.4537 21.91776 19.92523 21.91776 curveto closepath fill
newpath 59.7757 41.84299 moveto
59.24722 41.84299 58.74046 41.63303 58.36679 41.25937 curveto
57.99313 40.8857 57.78317 40.37894 57.78317 39.85046 curveto
57.78317 39.32199 57.99313 38.81523 58.36679 38.44156 curveto
58.74046 38.0679 59.24722 37.85794 59.7757 37.85794 curveto
60.30417 37.85794 60.81093 38.0679 61.1846 38.44156 curveto
61.55826 38.81523 61.76822 39.32199 61.76822 39.85046 curveto
61.76822 40.37894 61.55826 40.8857 61.1846 41.25937 curveto
60.81093 41.63303 60.30417 41.84299 59.7757 41.84299 curveto closepath fill
showpage
%%EOF
