%!PS
%%BoundingBox: -1 -1 168 160 
%%HiResBoundingBox: -0.24907 -0.24907 167.49649 159.65092 
%%Creator: MetaPost 1.9991
%%CreationDate: 2017.07.24:2101
%%Pages: 1
%%BeginProlog
%%EndProlog
%%Page: 1 1
 0 0 0 setrgbcolor 0 0.49814 dtransform truncate idtransform setlinewidth pop
 [] 0 setdash 1 setlinecap 1 setlinejoin 10 setmiterlimit
newpath 0 79.70093 moveto
159.40186 79.70093 lineto stroke
newpath 154.42055 82.19159 moveto
155.59648 80.62367 157.44197 79.70093 159.40186 79.70093 curveto
157.44197 79.70093 155.59648 78.77818 154.42055 77.21027 curveto stroke
 0.49814 0 dtransform exch truncate exch idtransform pop setlinewidth
newpath 79.70093 0 moveto
79.70093 159.40186 lineto stroke
 0 0.49814 dtransform truncate idtransform setlinewidth pop
newpath 77.21027 154.42055 moveto
78.77818 155.59648 79.70093 157.44197 79.70093 159.40186 curveto
79.70093 157.44197 80.62367 155.59648 82.19159 154.42055 curveto stroke
 0 1.24533 dtransform truncate idtransform setlinewidth pop
newpath 32.3785 129.514 moveto
36.635 125.73181 40.82733 121.87848 44.95369 117.95522 curveto
48.65288 114.43813 52.28337 110.849 55.8503 107.19785 curveto
59.03294 103.94011 62.14626 100.61519 65.19695 97.2334 curveto
67.89981 94.23714 70.53336 91.17885 73.1055 88.0698 curveto
75.37025 85.33226 77.56569 82.53848 79.70184 79.6997 curveto
81.56557 77.22304 83.3612 74.6956 85.10028 72.12985 curveto
86.60403 69.9113 88.04091 67.64899 89.42488 65.35413 curveto
90.60605 63.39584 91.72278 61.39986 92.79146 59.37802 curveto
93.68988 57.67816 94.5275 55.94669 95.32254 54.19604 curveto
95.97653 52.75613 96.57365 51.2919 97.13521 49.81369 curveto
97.58365 48.63312 97.98132 47.4337 98.35104 46.22607 curveto
98.63257 45.30637 98.86942 44.3742 99.08801 43.43747 curveto
99.24187 42.77863 99.3583 42.11188 99.46684 41.44421 curveto
99.5313 41.04836 99.56627 40.64856 99.6061 40.24936 curveto
99.62099 40.09978 99.42368 39.85046 99.62616 39.85046 curveto
99.82895 39.85046 99.63103 40.09978 99.64592 40.24936 curveto
99.68575 40.64856 99.72102 41.04836 99.78548 41.44421 curveto
99.89401 42.11188 100.01016 42.77863 100.164 43.43747 curveto
100.3826 44.3742 100.61975 45.30637 100.90128 46.22607 curveto
101.27129 47.4337 101.66867 48.63312 102.11711 49.81369 curveto
102.67867 51.2919 103.27579 52.75613 103.92978 54.19604 curveto
104.72482 55.94669 105.56244 57.67816 106.46086 59.37802 curveto
107.52954 61.39986 108.64627 63.39584 109.82744 65.35413 curveto
111.21141 67.64899 112.64828 69.9113 114.15204 72.12985 curveto
115.89111 74.6956 117.68675 77.22304 119.55048 79.6997 curveto
121.68694 82.53848 123.88237 85.33226 126.14713 88.0698 curveto
128.71925 91.17885 131.35251 94.23714 134.05537 97.2334 curveto
137.10606 100.61519 140.21938 103.94011 143.40202 107.19785 curveto
146.96895 110.849 150.59914 114.43813 154.29832 117.95522 curveto
158.42499 121.87878 162.61732 125.73212 166.87383 129.514 curveto stroke
newpath 163.64694 128.64601 moveto
164.79924 128.41136 165.99475 128.73296 166.87383 129.514 curveto
165.99475 128.73296 165.53471 127.5836 165.63211 126.4117 curveto stroke
newpath 33.62007 126.41165 moveto
33.71753 127.58356 33.25754 128.73291 32.3785 129.514 curveto
33.25754 128.73291 34.45303 128.41129 35.60533 128.64587 curveto stroke
newpath 79.70093 81.69345 moveto
79.17245 81.69345 78.6657 81.48349 78.29202 81.10983 curveto
77.91837 80.73616 77.7084 80.2294 77.7084 79.70093 curveto
77.7084 79.17245 77.91837 78.6657 78.29202 78.29202 curveto
78.6657 77.91837 79.17245 77.7084 79.70093 77.7084 curveto
80.2294 77.7084 80.73616 77.91837 81.10983 78.29202 curveto
81.48349 78.6657 81.69345 79.17245 81.69345 79.70093 curveto
81.69345 80.2294 81.48349 80.73616 81.10983 81.10983 curveto
80.73616 81.48349 80.2294 81.69345 79.70093 81.69345 curveto closepath fill
newpath 99.62616 41.84299 moveto
99.09769 41.84299 98.59093 41.63303 98.21725 41.25937 curveto
97.8436 40.8857 97.63364 40.37894 97.63364 39.85046 curveto
97.63364 39.32199 97.8436 38.81523 98.21725 38.44156 curveto
98.59093 38.0679 99.09769 37.85794 99.62616 37.85794 curveto
100.15463 37.85794 100.66139 38.0679 101.03506 38.44156 curveto
101.40872 38.81523 101.61868 39.32199 101.61868 39.85046 curveto
101.61868 40.37894 101.40872 40.8857 101.03506 41.25937 curveto
100.66139 41.63303 100.15463 41.84299 99.62616 41.84299 curveto closepath fill
newpath 119.55139 81.69345 moveto
119.02292 81.69345 118.51616 81.48349 118.14249 81.10983 curveto
117.76883 80.73616 117.55887 80.2294 117.55887 79.70093 curveto
117.55887 79.17245 117.76883 78.6657 118.14249 78.29202 curveto
118.51616 77.91837 119.02292 77.7084 119.55139 77.7084 curveto
120.07986 77.7084 120.58662 77.91837 120.9603 78.29202 curveto
121.33395 78.6657 121.54391 79.17245 121.54391 79.70093 curveto
121.54391 80.2294 121.33395 80.73616 120.9603 81.10983 curveto
120.58662 81.48349 120.07986 81.69345 119.55139 81.69345 curveto closepath fill
showpage
%%EOF
