%!PS
%%BoundingBox: -1 -1 120 120 
%%HiResBoundingBox: -0.24907 -0.24907 119.80046 119.80046 
%%Creator: MetaPost 1.9991
%%CreationDate: 2017.07.24:2101
%%Pages: 1
%%BeginProlog
%%EndProlog
%%Page: 1 1
 0 0 0 setrgbcolor 0 0.49814 dtransform truncate idtransform setlinewidth pop
 [] 0 setdash 1 setlinecap 1 setlinejoin 10 setmiterlimit
newpath 0 59.7757 moveto
119.55139 59.7757 lineto stroke
newpath 114.57008 62.26636 moveto
115.74602 60.69844 117.5915 59.7757 119.55139 59.7757 curveto
117.5915 59.7757 115.74602 58.85295 114.57008 57.28503 curveto stroke
 0.49814 0 dtransform exch truncate exch idtransform pop setlinewidth
newpath 59.7757 0 moveto
59.7757 119.55139 lineto stroke
 0 0.49814 dtransform truncate idtransform setlinewidth pop
newpath 57.28503 114.57008 moveto
58.85295 115.74602 59.7757 117.5915 59.7757 119.55139 curveto
59.7757 117.5915 60.69844 115.74602 62.26636 114.57008 curveto stroke
 0 1.24533 dtransform truncate idtransform setlinewidth pop
newpath 26.9438 4.28963 moveto
29.12761 10.4484 31.4651 16.55151 33.95378 22.59329 curveto
35.78165 27.03091 37.77641 31.39693 39.8852 35.708 curveto
41.4059 38.8169 43.07278 41.85124 44.83177 44.83177 curveto
46.07565 46.9392 47.44336 48.96999 48.8806 50.95016 curveto
49.8789 52.32562 50.978 53.62424 52.12428 54.87883 curveto
52.9064 55.73485 53.76424 56.5163 54.65012 57.26422 curveto
55.2439 57.76564 55.88968 58.20071 56.54776 58.61368 curveto
56.97964 58.88457 57.44185 59.10188 57.9077 59.3087 curveto
58.20186 59.43936 58.5106 59.53194 58.81935 59.6227 curveto
59.00018 59.67583 59.1867 59.7066 59.37231 59.73944 curveto
59.46603 59.75609 59.56136 59.76201 59.6562 59.7709 curveto
59.69087 59.7741 59.72575 59.7741 59.76065 59.77547 curveto
59.7757 59.7757 lineto
59.79051 59.7757 lineto
59.82541 59.77707 59.86052 59.77707 59.89519 59.78026 curveto
59.99004 59.78915 60.08536 59.7953 60.17908 59.81195 curveto
60.36469 59.84479 60.55098 59.87556 60.73181 59.9287 curveto
61.04056 60.01945 61.34953 60.11203 61.64369 60.24269 curveto
62.10954 60.44951 62.57175 60.66682 63.00363 60.93771 curveto
63.66171 61.35068 64.3075 61.78575 64.90128 62.28717 curveto
65.78716 63.0351 66.64499 63.81654 67.42711 64.67256 curveto
68.5734 65.92715 69.67226 67.22554 70.67056 68.601 curveto
72.1078 70.5814 73.47574 72.6122 74.71962 74.71962 curveto
76.4786 77.70015 78.1457 80.73473 79.66641 83.84363 curveto
81.77498 88.15446 83.76997 92.5207 85.59761 96.9581 curveto
88.08629 103.0001 90.42378 109.10323 92.60759 115.262 curveto stroke
newpath 90.20027 112.94447 moveto
91.32272 113.29506 92.2146 114.15367 92.60759 115.262 curveto
92.2146 114.15367 92.36636 112.925 93.01723 111.94563 curveto stroke
newpath 29.35112 6.60715 moveto
28.22867 6.25656 27.33679 5.39795 26.9438 4.28963 curveto
27.33679 5.39795 27.18503 6.62662 26.53416 7.60599 curveto stroke
newpath 59.7757 61.76822 moveto
59.24722 61.76822 58.74046 61.55826 58.36679 61.1846 curveto
57.99313 60.81093 57.78317 60.30417 57.78317 59.7757 curveto
57.78317 59.24722 57.99313 58.74046 58.36679 58.36679 curveto
58.74046 57.99313 59.24722 57.78317 59.7757 57.78317 curveto
60.30417 57.78317 60.81093 57.99313 61.1846 58.36679 curveto
61.55826 58.74046 61.76822 59.24722 61.76822 59.7757 curveto
61.76822 60.30417 61.55826 60.81093 61.1846 61.1846 curveto
60.81093 61.55826 60.30417 61.76822 59.7757 61.76822 curveto closepath fill
newpath 74.71962 76.71214 moveto
74.19115 76.71214 73.68439 76.50218 73.31071 76.12852 curveto
72.93706 75.75485 72.7271 75.2481 72.7271 74.71962 curveto
72.7271 74.19115 72.93706 73.68439 73.31071 73.31071 curveto
73.68439 72.93706 74.19115 72.7271 74.71962 72.7271 curveto
75.2481 72.7271 75.75485 72.93706 76.12852 73.31071 curveto
76.50218 73.68439 76.71214 74.19115 76.71214 74.71962 curveto
76.71214 75.2481 76.50218 75.75485 76.12852 76.12852 curveto
75.75485 76.50218 75.2481 76.71214 74.71962 76.71214 curveto closepath fill
newpath 44.83177 46.8243 moveto
44.3033 46.8243 43.79654 46.61433 43.42287 46.24068 curveto
43.04921 45.867 42.83925 45.36024 42.83925 44.83177 curveto
42.83925 44.3033 43.04921 43.79654 43.42287 43.42287 curveto
43.79654 43.04921 44.3033 42.83925 44.83177 42.83925 curveto
45.36024 42.83925 45.867 43.04921 46.24068 43.42287 curveto
46.61433 43.79654 46.8243 44.3033 46.8243 44.83177 curveto
46.8243 45.36024 46.61433 45.867 46.24068 46.24068 curveto
45.867 46.61433 45.36024 46.8243 44.83177 46.8243 curveto closepath fill
showpage
%%EOF
