%!PS
%%BoundingBox: -1 -1 160 100 
%%HiResBoundingBox: -0.24907 -0.24907 159.65092 99.87523 
%%Creator: MetaPost 1.9991
%%CreationDate: 2017.07.24:2101
%%Pages: 1
%%BeginProlog
%%EndProlog
%%Page: 1 1
 0 0 0 setrgbcolor 0 0.49814 dtransform truncate idtransform setlinewidth pop
 [] 0 setdash 1 setlinecap 1 setlinejoin 10 setmiterlimit
newpath 0 59.7757 moveto
159.40186 59.7757 lineto stroke
newpath 154.42055 62.26636 moveto
155.59648 60.69844 157.44197 59.7757 159.40186 59.7757 curveto
157.44197 59.7757 155.59648 58.85295 154.42055 57.28503 curveto stroke
 0.49814 0 dtransform exch truncate exch idtransform pop setlinewidth
newpath 79.70093 0 moveto
79.70093 99.62616 lineto stroke
 0 0.49814 dtransform truncate idtransform setlinewidth pop
newpath 77.21027 94.64485 moveto
78.77818 95.82079 79.70093 97.66628 79.70093 99.62616 curveto
79.70093 97.66628 80.62367 95.82079 82.19159 94.64485 curveto stroke
 0 1.24533 dtransform truncate idtransform setlinewidth pop
newpath 69.73831 91.10072 moveto
70.35307 86.4724 71.01709 81.85045 71.73096 77.23642 curveto
72.34572 73.26237 73.00638 69.29594 73.7233 65.33893 curveto
74.33472 61.96445 74.99507 58.59877 75.71594 55.24588 curveto
76.324 52.41835 76.98346 49.60208 77.70828 46.80222 curveto
78.3124 44.46814 78.97215 42.14867 79.70093 39.85046 curveto
80.30139 37.95784 80.96054 36.08408 81.69327 34.23859 curveto
82.29039 32.73422 82.95045 31.2551 83.68591 29.81335 curveto
84.28181 28.64526 84.9434 27.5115 85.67886 26.4261 curveto
86.2766 25.5438 86.94151 24.70862 87.6712 23.93181 curveto
88.27745 23.28664 88.94662 22.70412 89.66385 22.18512 curveto
90.28499 21.73546 90.95782 21.36331 91.65619 21.04681 curveto
92.29558 20.75706 92.96779 20.54942 93.64883 20.37946 curveto
94.3025 20.21619 94.97139 20.1262 95.64117 20.05232 curveto
96.30275 19.97935 96.9686 19.9608 97.63382 19.93951 curveto
98.29784 19.91824 98.96214 19.91368 99.62616 19.92523 curveto stroke
newpath 68.65045 87.94122 moveto
69.49011 88.7645 69.89314 89.93503 69.73831 91.10072 curveto
69.89314 89.93503 70.58777 88.91028 71.61322 88.33475 curveto stroke
newpath 79.70093 41.84299 moveto
79.17245 41.84299 78.6657 41.63303 78.29202 41.25937 curveto
77.91837 40.8857 77.7084 40.37894 77.7084 39.85046 curveto
77.7084 39.32199 77.91837 38.81523 78.29202 38.44156 curveto
78.6657 38.0679 79.17245 37.85794 79.70093 37.85794 curveto
80.2294 37.85794 80.73616 38.0679 81.10983 38.44156 curveto
81.48349 38.81523 81.69345 39.32199 81.69345 39.85046 curveto
81.69345 40.37894 81.48349 40.8857 81.10983 41.25937 curveto
80.73616 41.63303 80.2294 41.84299 79.70093 41.84299 curveto closepath fill
newpath 99.62616 21.91776 moveto
99.09769 21.91776 98.59093 21.7078 98.21725 21.33414 curveto
97.8436 20.96046 97.63364 20.4537 97.63364 19.92523 curveto
97.63364 19.39676 97.8436 18.89 98.21725 18.51633 curveto
98.59093 18.14267 99.09769 17.93271 99.62616 17.93271 curveto
100.15463 17.93271 100.66139 18.14267 101.03506 18.51633 curveto
101.40872 18.89 101.61868 19.39676 101.61868 19.92523 curveto
101.61868 20.4537 101.40872 20.96046 101.03506 21.33414 curveto
100.66139 21.7078 100.15463 21.91776 99.62616 21.91776 curveto closepath fill
showpage
%%EOF
