%!PS
%%BoundingBox: -1 -2 150 150 
%%HiResBoundingBox: -0.24907 -1.2078 149.68831 149.68831 
%%Creator: MetaPost 1.9991
%%CreationDate: 2017.07.24:1130
%%Pages: 1
%%BeginProlog
%%EndProlog
%%Page: 1 1
 0 0 0 setrgbcolor 0 0.49814 dtransform truncate idtransform setlinewidth pop
 [] 0 setdash 1 setlinecap 1 setlinejoin 10 setmiterlimit
newpath 0 74.71962 moveto
149.43924 74.71962 lineto stroke
newpath 144.45793 77.21028 moveto
145.63387 75.64236 147.47935 74.71962 149.43924 74.71962 curveto
147.47935 74.71962 145.63387 73.79688 144.45793 72.22896 curveto stroke
 0.49814 0 dtransform exch truncate exch idtransform pop setlinewidth
newpath 74.71962 0 moveto
74.71962 149.43924 lineto stroke
 0 0.49814 dtransform truncate idtransform setlinewidth pop
newpath 72.22896 144.45793 moveto
73.79688 145.63387 74.71962 147.47935 74.71962 149.43924 curveto
74.71962 147.47935 75.64236 145.63387 77.21028 144.45793 curveto stroke
 0.49814 0 dtransform exch truncate exch idtransform pop setlinewidth
newpath 14.94392 72.7271 moveto
14.94392 76.71214 lineto stroke
newpath 29.88785 72.7271 moveto
29.88785 76.71214 lineto stroke
newpath 44.83177 72.7271 moveto
44.83177 76.71214 lineto stroke
newpath 59.7757 72.7271 moveto
59.7757 76.71214 lineto stroke
newpath 89.66354 72.7271 moveto
89.66354 76.71214 lineto stroke
newpath 104.60747 72.7271 moveto
104.60747 76.71214 lineto stroke
newpath 119.55139 72.7271 moveto
119.55139 76.71214 lineto stroke
newpath 134.49532 72.7271 moveto
134.49532 76.71214 lineto stroke
 0 0.49814 dtransform truncate idtransform setlinewidth pop
newpath 76.71214 14.94392 moveto
72.7271 14.94392 lineto stroke
newpath 76.71214 29.88785 moveto
72.7271 29.88785 lineto stroke
newpath 76.71214 44.83177 moveto
72.7271 44.83177 lineto stroke
newpath 76.71214 59.7757 moveto
72.7271 59.7757 lineto stroke
newpath 76.71214 89.66354 moveto
72.7271 89.66354 lineto stroke
newpath 76.71214 104.60747 moveto
72.7271 104.60747 lineto stroke
newpath 76.71214 119.55139 moveto
72.7271 119.55139 lineto stroke
newpath 76.71214 134.49532 moveto
72.7271 134.49532 lineto stroke
 0 1.24533 dtransform truncate idtransform setlinewidth pop
newpath 39.2278 0 moveto
40.85796 0.48227 42.48334 0.98029 44.10391 1.49403 curveto
45.62735 1.97699 47.14601 2.47499 48.6592 2.98943 curveto
50.07729 3.47147 51.48991 3.96902 52.8966 4.48344 curveto
54.21437 4.96527 55.5262 5.46283 56.83142 5.97748 curveto
58.05273 6.45885 59.26743 6.95662 60.47505 7.47151 curveto
61.60469 7.9531 62.72726 8.45134 63.84163 8.9669 curveto
64.8812 9.44781 65.91302 9.94559 66.93594 10.46092 curveto
67.89046 10.94183 68.83655 11.43939 69.77283 11.95496 curveto
70.64616 12.43587 71.50992 12.93341 72.36319 13.44899 curveto
73.1597 13.93011 73.94592 14.42859 74.7203 14.94438 curveto
75.44223 15.4253 76.15321 15.9233 76.85121 16.4384 curveto
77.50336 16.91977 78.1432 17.41779 78.76913 17.93243 curveto
79.35516 18.41426 79.92773 18.91226 80.48549 19.42647 curveto
81.00949 19.90942 81.51868 20.40811 82.01259 20.92186 curveto
82.4773 21.40527 82.92628 21.90373 83.35907 22.41588 curveto
83.76862 22.90044 84.1615 23.39891 84.53752 23.90991 curveto
84.89552 24.39629 85.23619 24.89545 85.55998 25.4053 curveto
85.86964 25.89282 86.16106 26.39153 86.43584 26.89934 curveto
86.70058 27.38846 86.94684 27.88715 87.17714 28.39337 curveto
87.40039 28.88408 87.60538 29.38277 87.79532 29.88739 curveto
87.98071 30.38016 88.14832 30.8793 88.302 31.38278 curveto
88.4525 31.87646 88.58612 32.37515 88.7072 32.87682 curveto
88.82646 33.37163 88.9302 33.87033 89.0228 34.37085 curveto
89.11446 34.8668 89.19176 35.36526 89.25993 35.86487 curveto
89.32767 36.36197 89.38261 36.86066 89.43004 37.36026 curveto
89.47725 37.85759 89.5135 38.35583 89.54405 38.8543 curveto
89.57462 39.35185 89.59583 39.85008 89.61314 40.34833 curveto
89.63048 40.8461 89.64052 41.34435 89.6485 41.84235 curveto
89.65671 42.34082 89.65921 42.83928 89.66171 43.33774 curveto
89.66423 43.83575 89.66286 44.33376 89.66354 44.83177 curveto
89.66423 45.32979 89.66286 45.82779 89.66537 46.3258 curveto
89.66788 46.82426 89.67038 47.32272 89.67859 47.8212 curveto
89.68657 48.3192 89.69661 48.81744 89.71394 49.31522 curveto
89.73126 49.81346 89.75247 50.31169 89.78304 50.80925 curveto
89.81358 51.30771 89.84984 51.80595 89.89705 52.30328 curveto
89.94447 52.80289 89.99942 53.30157 90.06715 53.79868 curveto
90.13533 54.29828 90.21263 54.79674 90.30429 55.2927 curveto
90.39688 55.79321 90.50063 56.29192 90.61989 56.78673 curveto
90.74097 57.28839 90.87459 57.78708 91.02509 58.28076 curveto
91.17877 58.78424 91.34637 59.28339 91.53177 59.77615 curveto
91.72171 60.28078 91.9267 60.77946 92.14995 61.27017 curveto
92.38025 61.7764 92.62651 62.27509 92.89125 62.7642 curveto
93.16603 63.27202 93.45744 63.77072 93.7671 64.25824 curveto
94.0909 64.7681 94.43156 65.26726 94.78957 65.75363 curveto
95.16559 66.26463 95.55847 66.7631 95.96802 67.24765 curveto
96.4008 67.75981 96.8498 68.25827 97.3145 68.74168 curveto
97.80841 69.25543 98.3176 69.75412 98.8416 70.23708 curveto
99.39935 70.75128 99.97192 71.24928 100.55795 71.73111 curveto
101.18388 72.24576 101.82373 72.74377 102.47588 73.22514 curveto
103.17387 73.74025 103.88486 74.23825 104.60678 74.71916 curveto
105.38116 75.23495 106.16739 75.73343 106.9639 76.21455 curveto
107.81717 76.73013 108.68092 77.22768 109.55426 77.70859 curveto
110.49054 78.22415 111.43663 78.72171 112.39114 79.20262 curveto
113.41406 79.71796 114.44589 80.21573 115.48546 80.69664 curveto
116.59982 81.2122 117.7224 81.71045 118.85204 82.19203 curveto
120.05966 82.70692 121.27435 83.2047 122.49567 83.68607 curveto
123.80089 84.20071 125.11272 84.69827 126.43048 85.1801 curveto
127.83717 85.69452 129.2498 86.19208 130.6679 86.67412 curveto
132.18108 87.18855 133.69974 87.68655 135.22318 88.16951 curveto
136.84375 88.68326 138.46913 89.18127 140.09929 89.66354 curveto stroke
newpath 136.80933 90.24867 moveto
137.75278 89.54672 138.97166 89.32994 140.09929 89.66354 curveto
138.97166 89.32994 138.0669 88.4849 137.65723 87.38264 curveto stroke
newpath 42.51776 -0.58513 moveto
41.57431 0.11682 40.35542 0.3336 39.2278 0 curveto
40.35542 0.3336 41.2602 1.17865 41.66986 2.2809 curveto stroke
newpath 104.60747 76.71214 moveto
104.079 76.71214 103.57224 76.50218 103.19856 76.12852 curveto
102.8249 75.75485 102.61494 75.2481 102.61494 74.71962 curveto
102.61494 74.19115 102.8249 73.68439 103.19856 73.31071 curveto
103.57224 72.93706 104.079 72.7271 104.60747 72.7271 curveto
105.13594 72.7271 105.6427 72.93706 106.01637 73.31071 curveto
106.39003 73.68439 106.59999 74.19115 106.59999 74.71962 curveto
106.59999 75.2481 106.39003 75.75485 106.01637 76.12852 curveto
105.6427 76.50218 105.13594 76.71214 104.60747 76.71214 curveto closepath fill
newpath 74.71962 16.93645 moveto
74.19115 16.93645 73.68439 16.72649 73.31071 16.35283 curveto
72.93706 15.97916 72.7271 15.4724 72.7271 14.94392 curveto
72.7271 14.41545 72.93706 13.90869 73.31071 13.53502 curveto
73.68439 13.16136 74.19115 12.9514 74.71962 12.9514 curveto
75.2481 12.9514 75.75485 13.16136 76.12852 13.53502 curveto
76.50218 13.90869 76.71214 14.41545 76.71214 14.94392 curveto
76.71214 15.4724 76.50218 15.97916 76.12852 16.35283 curveto
75.75485 16.72649 75.2481 16.93645 74.71962 16.93645 curveto closepath fill
newpath 89.66354 46.8243 moveto
89.13507 46.8243 88.62831 46.61433 88.25464 46.24068 curveto
87.88098 45.867 87.67102 45.36024 87.67102 44.83177 curveto
87.67102 44.3033 87.88098 43.79654 88.25464 43.42287 curveto
88.62831 43.04921 89.13507 42.83925 89.66354 42.83925 curveto
90.19202 42.83925 90.69878 43.04921 91.07245 43.42287 curveto
91.4461 43.79654 91.65607 44.3033 91.65607 44.83177 curveto
91.65607 45.36024 91.4461 45.867 91.07245 46.24068 curveto
90.69878 46.61433 90.19202 46.8243 89.66354 46.8243 curveto closepath fill
showpage
%%EOF
