%!PS
%%BoundingBox: -1 -1 150 100 
%%HiResBoundingBox: -0.24907 -0.24907 149.68831 99.87523 
%%Creator: MetaPost 1.9991
%%CreationDate: 2017.07.24:1130
%%Pages: 1
%%BeginProlog
%%EndProlog
%%Page: 1 1
 0 0 0 setrgbcolor 0 0.49814 dtransform truncate idtransform setlinewidth pop
 [] 0 setdash 1 setlinecap 1 setlinejoin 10 setmiterlimit
newpath 0 39.85046 moveto
149.43924 39.85046 lineto stroke
newpath 144.45793 42.34113 moveto
145.63387 40.77321 147.47935 39.85046 149.43924 39.85046 curveto
147.47935 39.85046 145.63387 38.92772 144.45793 37.3598 curveto stroke
 0.49814 0 dtransform exch truncate exch idtransform pop setlinewidth
newpath 74.71962 0 moveto
74.71962 99.62616 lineto stroke
 0 0.49814 dtransform truncate idtransform setlinewidth pop
newpath 72.22896 94.64485 moveto
73.79688 95.82079 74.71962 97.66628 74.71962 99.62616 curveto
74.71962 97.66628 75.64236 95.82079 77.21028 94.64485 curveto stroke
 0.49814 0 dtransform exch truncate exch idtransform pop setlinewidth
newpath 24.90654 37.85794 moveto
24.90654 41.84299 lineto stroke
newpath 124.5327 37.85794 moveto
124.5327 41.84299 lineto stroke
 0 0.49814 dtransform truncate idtransform setlinewidth pop
newpath 76.71214 0 moveto
72.7271 0 lineto stroke
newpath 76.71214 79.70093 moveto
72.7271 79.70093 lineto stroke
newpath 24.90654 41.84299 moveto
24.37807 41.84299 23.8713 41.63303 23.49763 41.25937 curveto
23.12398 40.8857 22.91402 40.37894 22.91402 39.85046 curveto
22.91402 39.32199 23.12398 38.81523 23.49763 38.44156 curveto
23.8713 38.0679 24.37807 37.85794 24.90654 37.85794 curveto
25.43501 37.85794 25.94177 38.0679 26.31544 38.44156 curveto
26.6891 38.81523 26.89906 39.32199 26.89906 39.85046 curveto
26.89906 40.37894 26.6891 40.8857 26.31544 41.25937 curveto
25.94177 41.63303 25.43501 41.84299 24.90654 41.84299 curveto closepath fill
newpath 124.5327 41.84299 moveto
124.00423 41.84299 123.49747 41.63303 123.1238 41.25937 curveto
122.75014 40.8857 122.54018 40.37894 122.54018 39.85046 curveto
122.54018 39.32199 122.75014 38.81523 123.1238 38.44156 curveto
123.49747 38.0679 124.00423 37.85794 124.5327 37.85794 curveto
125.06117 37.85794 125.56793 38.0679 125.9416 38.44156 curveto
126.31526 38.81523 126.52522 39.32199 126.52522 39.85046 curveto
126.52522 40.37894 126.31526 40.8857 125.9416 41.25937 curveto
125.56793 41.63303 125.06117 41.84299 124.5327 41.84299 curveto closepath fill
newpath 74.71962 41.84299 moveto
74.19115 41.84299 73.68439 41.63303 73.31071 41.25937 curveto
72.93706 40.8857 72.7271 40.37894 72.7271 39.85046 curveto
72.7271 39.32199 72.93706 38.81523 73.31071 38.44156 curveto
73.68439 38.0679 74.19115 37.85794 74.71962 37.85794 curveto
75.2481 37.85794 75.75485 38.0679 76.12852 38.44156 curveto
76.50218 38.81523 76.71214 39.32199 76.71214 39.85046 curveto
76.71214 40.37894 76.50218 40.8857 76.12852 41.25937 curveto
75.75485 41.63303 75.2481 41.84299 74.71962 41.84299 curveto closepath fill
newpath 39.50174 21.91776 moveto
38.97327 21.91776 38.4665 21.7078 38.09283 21.33414 curveto
37.71918 20.96046 37.50922 20.4537 37.50922 19.92523 curveto
37.50922 19.39676 37.71918 18.89 38.09283 18.51633 curveto
38.4665 18.14267 38.97327 17.93271 39.50174 17.93271 curveto
40.03021 17.93271 40.53697 18.14267 40.91064 18.51633 curveto
41.2843 18.89 41.49426 19.39676 41.49426 19.92523 curveto
41.49426 20.4537 41.2843 20.96046 40.91064 21.33414 curveto
40.53697 21.7078 40.03021 21.91776 39.50174 21.91776 curveto closepath fill
newpath 109.9375 61.76822 moveto
109.40903 61.76822 108.90227 61.55826 108.5286 61.1846 curveto
108.15494 60.81093 107.94498 60.30417 107.94498 59.7757 curveto
107.94498 59.24722 108.15494 58.74046 108.5286 58.36679 curveto
108.90227 57.99313 109.40903 57.78317 109.9375 57.78317 curveto
110.46597 57.78317 110.97273 57.99313 111.3464 58.36679 curveto
111.72006 58.74046 111.93002 59.24722 111.93002 59.7757 curveto
111.93002 60.30417 111.72006 60.81093 111.3464 61.1846 curveto
110.97273 61.55826 110.46597 61.76822 109.9375 61.76822 curveto closepath fill
 0 1.24533 dtransform truncate idtransform setlinewidth pop
newpath 124.5327 39.85046 moveto
124.53574 41.19005 124.4506 42.529 124.27731 43.8613 curveto
124.10933 45.15405 123.86154 46.4389 123.51266 47.70795 curveto
123.18355 48.9028 122.77538 50.08366 122.24864 51.23232 curveto
121.76523 52.28732 121.19667 53.31738 120.49588 54.29152 curveto
119.86197 55.17322 119.13531 56.01175 118.27338 56.75967 curveto
117.48517 57.44374 116.59967 58.05363 115.60472 58.53523 curveto
114.647 58.99858 113.60645 59.34396 112.51648 59.54585 curveto
111.37787 59.75685 110.2043 59.81522 109.03831 59.75015 curveto
107.73553 59.6778 106.45479 59.45403 105.20976 59.13965 curveto
103.77776 58.77846 102.40276 58.29018 101.0688 57.73927 curveto
99.54027 57.1081 98.08014 56.37901 96.6565 55.60677 curveto
95.05728 54.73906 93.52419 53.79776 92.01921 52.82849 curveto
90.37134 51.76741 88.77896 50.65161 87.20557 49.5206 curveto
85.52579 48.31297 83.89084 47.06642 82.26196 45.81502 curveto
80.56924 44.51436 78.90923 43.18755 77.24236 41.86621 curveto
75.5542 40.52785 73.88504 39.17308 72.19688 37.83472 curveto
70.53001 36.51338 68.87 35.18657 67.17728 33.88591 curveto
65.5484 32.6345 63.91422 31.38795 62.23442 30.18094 curveto
60.66028 29.04932 59.06866 27.93411 57.42003 26.87244 curveto
55.91582 25.90378 54.38196 24.96248 52.78351 24.09477 curveto
51.35986 23.32253 49.89973 22.59344 48.3712 21.96227 curveto
47.03725 21.41136 45.66148 20.92247 44.22948 20.56128 curveto
42.98445 20.2469 41.7037 20.02313 40.40092 19.95078 curveto
39.23494 19.88571 38.06137 19.94408 36.92276 20.15508 curveto
35.8328 20.35696 34.79224 20.70235 33.83452 21.1657 curveto
32.83957 21.6473 31.95407 22.25719 31.16586 22.94064 curveto
30.30392 23.68858 29.57727 24.5271 28.94336 25.4088 curveto
28.24257 26.38293 27.67401 27.41301 27.1906 28.468 curveto
26.66386 29.61665 26.25569 30.79752 25.92657 31.99237 curveto
25.5777 33.26141 25.32991 34.54688 25.16193 35.83963 curveto
24.98863 37.17192 24.9035 38.51088 24.90654 39.85046 curveto stroke
showpage
%%EOF
