%!PS
%%BoundingBox: -1 -3 150 51 
%%HiResBoundingBox: -0.62267 -2.73973 149.68831 50.06215 
%%Creator: MetaPost 1.9991
%%CreationDate: 2017.07.24:1130
%%Pages: 1
%%BeginProlog
%%EndProlog
%%Page: 1 1
 0 0 0 setrgbcolor 0 0.49814 dtransform truncate idtransform setlinewidth pop
 [] 0 setdash 1 setlinecap 1 setlinejoin 10 setmiterlimit
newpath 0 0 moveto
149.43924 0 lineto stroke
newpath 144.45793 2.49066 moveto
145.63387 0.92274 147.47935 0 149.43924 0 curveto
147.47935 0 145.63387 -0.92274 144.45793 -2.49066 curveto stroke
 0.49814 0 dtransform exch truncate exch idtransform pop setlinewidth
newpath 99.62616 0 moveto
99.62616 49.81308 lineto stroke
 0 0.49814 dtransform truncate idtransform setlinewidth pop
newpath 97.1355 44.83177 moveto
98.70341 46.0077 99.62616 47.8532 99.62616 49.81308 curveto
99.62616 47.8532 100.5489 46.0077 102.11682 44.83177 curveto stroke
 1 1 1 setrgbcolor
newpath 89.2582 19.77785 moveto
109.99413 19.77785 lineto
109.99413 30.03523 lineto
89.2582 30.03523 lineto
 closepath fill
 0 0 0 setrgbcolor 0 1.24533 dtransform truncate idtransform setlinewidth pop
newpath 112.07944 0 moveto
112.07639 0.21358 112.03421 0.42451 111.95477 0.6229 curveto
111.8647 0.84863 111.7336 1.05537 111.58157 1.2454 curveto
111.39763 1.47533 111.18481 1.6798 110.95868 1.8683 curveto
110.68391 2.09708 110.39052 2.30154 110.08723 2.4908 curveto
109.72469 2.71732 109.34882 2.92215 108.96611 3.11331 curveto
108.51729 3.33754 108.05933 3.54315 107.59644 3.73582 curveto
107.06247 3.95816 106.52205 4.16414 105.97707 4.35872 curveto
105.35912 4.57953 104.73584 4.7855 104.10953 4.98123 curveto
103.4076 5.2009 102.7011 5.40726 101.99231 5.60413 curveto
101.20676 5.82227 100.41779 6.029 99.62654 6.22664 curveto
98.757 6.44402 97.8848 6.65076 97.0107 6.84953 curveto
96.05792 7.06615 95.10326 7.27289 94.14706 7.47203 curveto
93.11069 7.6879 92.0728 7.89465 91.03337 8.09454 curveto
89.91414 8.30965 88.7934 8.51678 87.67151 8.71706 curveto
86.46867 8.9318 85.2647 9.13892 84.05957 9.33995 curveto
82.7735 9.55429 81.4863 9.76141 80.19795 9.96284 curveto
78.8294 10.1768 77.46011 10.38393 76.08968 10.58536 curveto
74.63715 10.79893 73.18387 11.00644 71.72981 11.20825 curveto
70.1952 11.42145 68.65944 11.62857 67.1233 11.83076 curveto
65.5047 12.04358 63.88533 12.2507 62.2656 12.45328 curveto
60.56451 12.66571 58.86305 12.87321 57.16084 13.07578 curveto
55.37616 13.28822 53.59071 13.49573 51.80489 13.69867 curveto
49.93773 13.91074 48.0702 14.11824 46.20229 14.32118 curveto
44.25153 14.53325 42.3 14.74075 40.3481 14.94408 curveto
38.31487 15.15576 36.28125 15.36327 34.24725 15.56659 curveto
32.13004 15.77827 30.0128 15.98578 27.89482 16.18948 curveto
25.69551 16.40079 23.4962 16.60829 21.29613 16.812 curveto
19.01282 17.0233 16.72952 17.2308 14.44547 17.43451 curveto
12.08044 17.64581 9.71468 17.85294 7.3489 18.057 curveto
4.89952 18.26831 2.44977 18.47581 0 18.6799 curveto stroke
newpath 2.85442 16.94252 moveto
2.2294 17.9386 1.17188 18.58228 0 18.6799 curveto
1.17188 18.58228 2.32132 19.04208 3.10255 19.921 curveto stroke
newpath 112.07944 1.99252 moveto
111.55096 1.99252 111.0442 1.78256 110.67053 1.4089 curveto
110.29688 1.03523 110.08691 0.52847 110.08691 0 curveto
110.08691 -0.52847 110.29688 -1.03523 110.67053 -1.4089 curveto
111.0442 -1.78256 111.55096 -1.99252 112.07944 -1.99252 curveto
112.60791 -1.99252 113.11467 -1.78256 113.48834 -1.4089 curveto
113.862 -1.03523 114.07196 -0.52847 114.07196 0 curveto
114.07196 0.52847 113.862 1.03523 113.48834 1.4089 curveto
113.11467 1.78256 112.60791 1.99252 112.07944 1.99252 curveto closepath fill
newpath 99.62616 8.21916 moveto
99.09769 8.21916 98.59093 8.0092 98.21725 7.63554 curveto
97.8436 7.26187 97.63364 6.75511 97.63364 6.22664 curveto
97.63364 5.69817 97.8436 5.1914 98.21725 4.81773 curveto
98.59093 4.44408 99.09769 4.23412 99.62616 4.23412 curveto
100.15463 4.23412 100.66139 4.44408 101.03506 4.81773 curveto
101.40872 5.1914 101.61868 5.69817 101.61868 6.22664 curveto
101.61868 6.75511 101.40872 7.26187 101.03506 7.63554 curveto
100.66139 8.0092 100.15463 8.21916 99.62616 8.21916 curveto closepath fill
newpath 62.26634 14.4458 moveto
61.73787 14.4458 61.23111 14.23584 60.85744 13.86218 curveto
60.48378 13.48851 60.27382 12.98175 60.27382 12.45328 curveto
60.27382 11.9248 60.48378 11.41805 60.85744 11.04437 curveto
61.23111 10.67072 61.73787 10.46075 62.26634 10.46075 curveto
62.79482 10.46075 63.30157 10.67072 63.67525 11.04437 curveto
64.0489 11.41805 64.25887 11.9248 64.25887 12.45328 curveto
64.25887 12.98175 64.0489 13.48851 63.67525 13.86218 curveto
63.30157 14.23584 62.79482 14.4458 62.26634 14.4458 curveto closepath fill
showpage
%%EOF
