%!PS
%%BoundingBox: -1 -3 150 47 
%%HiResBoundingBox: -0.62267 -2.73973 149.68831 46.33406 
%%Creator: MetaPost 1.9991
%%CreationDate: 2017.07.24:1130
%%Pages: 1
%%BeginProlog
%%EndProlog
%%Page: 1 1
 0 0 0 setrgbcolor 0 0.49814 dtransform truncate idtransform setlinewidth pop
 [] 0 setdash 1 setlinecap 1 setlinejoin 10 setmiterlimit
newpath 0 0 moveto
149.43924 0 lineto stroke
newpath 144.45793 2.49066 moveto
145.63387 0.92274 147.47935 0 149.43924 0 curveto
147.47935 0 145.63387 -0.92274 144.45793 -2.49066 curveto stroke
 0.49814 0 dtransform exch truncate exch idtransform pop setlinewidth
newpath 99.62616 0 moveto
99.62616 44.83177 lineto stroke
 0 0.49814 dtransform truncate idtransform setlinewidth pop
newpath 97.1355 39.85046 moveto
98.70341 41.0264 99.62616 42.87189 99.62616 44.83177 curveto
99.62616 42.87189 100.5489 41.0264 102.11682 39.85046 curveto stroke
 1 1 1 setrgbcolor
newpath 91.38377 22.70958 moveto
107.86855 22.70958 lineto
107.86855 29.59415 lineto
91.38377 29.59415 lineto
 closepath fill
 0 0 0 setrgbcolor 0 1.24533 dtransform truncate idtransform setlinewidth pop
newpath 112.07944 0 moveto
112.07906 0.49915 112.03763 0.99808 111.95477 1.4947 curveto
111.87117 1.99614 111.74612 2.49461 111.58157 2.98874 curveto
111.41359 3.49268 111.20457 3.99115 110.95868 4.48344 curveto
110.70595 4.98898 110.41408 5.48746 110.08723 5.97748 curveto
109.74901 6.48506 109.37352 6.9833 108.96611 7.47218 curveto
108.54236 7.98068 108.08403 8.4787 107.59644 8.96622 curveto
107.08679 9.47586 106.54523 9.97386 105.97707 10.46092 curveto
105.38193 10.97102 104.75789 11.46858 104.10953 11.95496 curveto
103.4285 12.46573 102.72162 12.96352 101.99231 13.44966 curveto
101.22615 13.96045 100.43642 14.458 99.62654 14.9437 curveto
98.77486 15.4547 97.9019 15.95248 97.0107 16.4384 curveto
96.07465 16.94896 95.11884 17.44652 94.14706 17.93243 curveto
93.1259 18.4432 92.08723 18.94077 91.03337 19.42714 curveto
89.92783 19.93747 88.80632 20.4348 87.67151 20.92117 curveto
86.48122 21.43127 85.27647 21.92905 84.05957 22.4159 curveto
82.78491 22.92575 81.49693 23.42354 80.19795 23.9106 curveto
78.84006 24.41978 77.47 24.91756 76.08968 25.40463 curveto
74.64703 25.9138 73.19298 26.41159 71.72981 26.89934 curveto
70.20393 27.40807 68.6678 27.90561 67.1233 28.39337 curveto
65.51306 28.90186 63.89331 29.39987 62.2656 29.88808 curveto
60.57211 30.39612 58.87029 30.89368 57.16084 31.38211 curveto
55.383 31.89015 53.59717 32.38792 51.80489 32.87682 curveto
49.94458 33.38417 48.07666 33.88196 46.20229 34.37085 curveto
44.25722 34.8782 42.3057 35.3762 40.3481 35.86555 curveto
38.32056 36.37245 36.28656 36.87024 34.24725 37.35959 curveto
32.13535 37.86649 30.01775 38.36449 27.89482 38.8543 curveto
25.70045 39.36073 23.50076 39.85829 21.29613 40.34833 curveto
19.01738 40.85477 16.7337 41.35278 14.44547 41.84303 curveto
12.08463 42.34903 9.71886 42.8468 7.3489 43.33707 curveto
4.9037 43.84305 2.45395 44.3413 0 44.83177 curveto stroke
newpath 2.63791 42.78055 moveto
2.13043 43.84135 1.15312 44.60129 0 44.83177 curveto
1.15312 44.60129 2.34747 44.92717 3.22372 45.7114 curveto stroke
newpath 112.07944 1.99252 moveto
111.55096 1.99252 111.0442 1.78256 110.67053 1.4089 curveto
110.29688 1.03523 110.08691 0.52847 110.08691 0 curveto
110.08691 -0.52847 110.29688 -1.03523 110.67053 -1.4089 curveto
111.0442 -1.78256 111.55096 -1.99252 112.07944 -1.99252 curveto
112.60791 -1.99252 113.11467 -1.78256 113.48834 -1.4089 curveto
113.862 -1.03523 114.07196 -0.52847 114.07196 0 curveto
114.07196 0.52847 113.862 1.03523 113.48834 1.4089 curveto
113.11467 1.78256 112.60791 1.99252 112.07944 1.99252 curveto closepath fill
newpath 99.62616 16.93645 moveto
99.09769 16.93645 98.59093 16.72649 98.21725 16.35283 curveto
97.8436 15.97916 97.63364 15.4724 97.63364 14.94392 curveto
97.63364 14.41545 97.8436 13.90869 98.21725 13.53502 curveto
98.59093 13.16136 99.09769 12.9514 99.62616 12.9514 curveto
100.15463 12.9514 100.66139 13.16136 101.03506 13.53502 curveto
101.40872 13.90869 101.61868 14.41545 101.61868 14.94392 curveto
101.61868 15.4724 101.40872 15.97916 101.03506 16.35283 curveto
100.66139 16.72649 100.15463 16.93645 99.62616 16.93645 curveto closepath fill
newpath 62.26634 31.88037 moveto
61.73787 31.88037 61.23111 31.67041 60.85744 31.29675 curveto
60.48378 30.92308 60.27382 30.41632 60.27382 29.88785 curveto
60.27382 29.35938 60.48378 28.85262 60.85744 28.47894 curveto
61.23111 28.10529 61.73787 27.89532 62.26634 27.89532 curveto
62.79482 27.89532 63.30157 28.10529 63.67525 28.47894 curveto
64.0489 28.85262 64.25887 29.35938 64.25887 29.88785 curveto
64.25887 30.41632 64.0489 30.92308 63.67525 31.29675 curveto
63.30157 31.67041 62.79482 31.88037 62.26634 31.88037 curveto closepath fill
showpage
%%EOF
