%!PS
%%BoundingBox: -1 -1 150 83 
%%HiResBoundingBox: -0.24907 -0.24907 149.68831 82.44035 
%%Creator: MetaPost 1.9991
%%CreationDate: 2017.07.24:1130
%%Pages: 1
%%BeginProlog
%%EndProlog
%%Page: 1 1
 0 0 0 setrgbcolor 0 0.49814 dtransform truncate idtransform setlinewidth pop
 [] 0 setdash 1 setlinecap 1 setlinejoin 10 setmiterlimit
newpath 0 7.47166 moveto
149.43924 7.47166 lineto stroke
newpath 144.45793 9.96233 moveto
145.63387 8.39441 147.47935 7.47166 149.43924 7.47166 curveto
147.47935 7.47166 145.63387 6.54892 144.45793 4.981 curveto stroke
 0.49814 0 dtransform exch truncate exch idtransform pop setlinewidth
newpath 74.71962 0 moveto
74.71962 82.19128 lineto stroke
 0 0.49814 dtransform truncate idtransform setlinewidth pop
newpath 72.22896 77.20998 moveto
73.79688 78.38591 74.71962 80.2314 74.71962 82.19128 curveto
74.71962 80.2314 75.64236 78.38591 77.21028 77.20998 curveto stroke
 0.49814 0 dtransform exch truncate exch idtransform pop setlinewidth
newpath 24.90654 5.47914 moveto
24.90654 9.46419 lineto stroke
newpath 124.5327 5.47914 moveto
124.5327 9.46419 lineto stroke
 0 0.49814 dtransform truncate idtransform setlinewidth pop
newpath 76.71214 57.28474 moveto
72.7271 57.28474 lineto stroke
newpath 74.71962 59.27727 moveto
74.19115 59.27727 73.68439 59.0673 73.31071 58.69365 curveto
72.93706 58.31998 72.7271 57.81322 72.7271 57.28474 curveto
72.7271 56.75627 72.93706 56.24951 73.31071 55.87584 curveto
73.68439 55.50218 74.19115 55.29222 74.71962 55.29222 curveto
75.2481 55.29222 75.75485 55.50218 76.12852 55.87584 curveto
76.50218 56.24951 76.71214 56.75627 76.71214 57.28474 curveto
76.71214 57.81322 76.50218 58.31998 76.12852 58.69365 curveto
75.75485 59.0673 75.2481 59.27727 74.71962 59.27727 curveto closepath fill
newpath 24.90654 9.46419 moveto
24.37807 9.46419 23.8713 9.25423 23.49763 8.88057 curveto
23.12398 8.5069 22.91402 8.00014 22.91402 7.47166 curveto
22.91402 6.94319 23.12398 6.43643 23.49763 6.06276 curveto
23.8713 5.6891 24.37807 5.47914 24.90654 5.47914 curveto
25.43501 5.47914 25.94177 5.6891 26.31544 6.06276 curveto
26.6891 6.43643 26.89906 6.94319 26.89906 7.47166 curveto
26.89906 8.00014 26.6891 8.5069 26.31544 8.88057 curveto
25.94177 9.25423 25.43501 9.46419 24.90654 9.46419 curveto closepath fill
newpath 124.5327 9.46419 moveto
124.00423 9.46419 123.49747 9.25423 123.1238 8.88057 curveto
122.75014 8.5069 122.54018 8.00014 122.54018 7.47166 curveto
122.54018 6.94319 122.75014 6.43643 123.1238 6.06276 curveto
123.49747 5.6891 124.00423 5.47914 124.5327 5.47914 curveto
125.06117 5.47914 125.56793 5.6891 125.9416 6.06276 curveto
126.31526 6.43643 126.52522 6.94319 126.52522 7.47166 curveto
126.52522 8.00014 126.31526 8.5069 125.9416 8.88057 curveto
125.56793 9.25423 125.06117 9.46419 124.5327 9.46419 curveto closepath fill
 0 1.24533 dtransform truncate idtransform setlinewidth pop
newpath 124.5327 7.47166 moveto
124.5327 9.1545 124.44757 10.83658 124.27731 12.51105 curveto
124.10706 14.18552 123.85165 15.85011 123.51266 17.49873 curveto
123.17366 19.14737 122.75258 20.777 122.24864 22.38306 curveto
121.7447 23.98912 121.15944 25.56783 120.49588 27.1146 curveto
119.83232 28.66138 119.09047 30.17395 118.27338 31.64548 curveto
117.45628 33.117 116.56622 34.54597 115.60472 35.92781 curveto
114.6432 37.30888 113.61252 38.64056 112.51648 39.91751 curveto
111.41968 41.19522 110.25902 42.41667 109.03831 43.57657 curveto
107.81837 44.7357 106.54068 45.83327 105.20976 46.86319 curveto
103.87885 47.89311 102.49701 48.85538 101.0688 49.74544 curveto
99.63985 50.6355 98.16756 51.45335 96.6565 52.19444 curveto
95.14545 52.93553 93.5979 53.59984 92.01921 54.18434 curveto
90.44127 54.76886 88.83444 55.2728 87.20557 55.69464 curveto
85.57594 56.11649 83.9258 56.45549 82.26196 56.71011 curveto
80.59813 56.96475 78.9229 57.13577 77.24236 57.2209 curveto
75.5618 57.30603 73.87744 57.30603 72.19688 57.2209 curveto
70.51634 57.13577 68.84111 56.96475 67.17728 56.71011 curveto
65.51344 56.45549 63.86406 56.11649 62.23442 55.69464 curveto
60.6048 55.2728 58.99797 54.76886 57.42003 54.18434 curveto
55.84209 53.59984 54.29456 52.93553 52.78351 52.19444 curveto
51.27245 51.45335 49.80016 50.6355 48.3712 49.74544 curveto
46.943 48.85538 45.5604 47.89311 44.22948 46.86319 curveto
42.89856 45.83327 41.62086 44.73647 40.40092 43.57733 curveto
39.18022 42.41667 38.01956 41.19522 36.92276 39.91751 curveto
35.82672 38.64056 34.79604 37.30888 33.83452 35.92781 curveto
32.87378 34.54674 31.9822 33.11777 31.16586 31.64624 curveto
30.34877 30.17471 29.60692 28.66214 28.94336 27.11536 curveto
28.2798 25.56859 27.69453 23.98988 27.1906 22.38382 curveto
26.68666 20.77776 26.26558 19.14813 25.92657 17.4995 curveto
25.58759 15.85086 25.33218 14.18552 25.16193 12.51105 curveto
24.99167 10.83658 24.90654 9.1545 24.90654 7.47166 curveto stroke
showpage
%%EOF
