%!PS
%%BoundingBox: -1 -1 150 120 
%%HiResBoundingBox: -0.24907 -0.24907 149.68831 119.80046 
%%Creator: MetaPost 1.9991
%%CreationDate: 2017.07.24:1130
%%Pages: 1
%%BeginProlog
%%EndProlog
%%Page: 1 1
 0 0 0 setrgbcolor 0 0.49814 dtransform truncate idtransform setlinewidth pop
 [] 0 setdash 1 setlinecap 1 setlinejoin 10 setmiterlimit
newpath 0 44.83177 moveto
149.43924 44.83177 lineto stroke
newpath 144.45793 47.32243 moveto
145.63387 45.75452 147.47935 44.83177 149.43924 44.83177 curveto
147.47935 44.83177 145.63387 43.90903 144.45793 42.34111 curveto stroke
 0.49814 0 dtransform exch truncate exch idtransform pop setlinewidth
newpath 74.71962 0 moveto
74.71962 119.55139 lineto stroke
 0 0.49814 dtransform truncate idtransform setlinewidth pop
newpath 72.22896 114.57008 moveto
73.79688 115.74602 74.71962 117.5915 74.71962 119.55139 curveto
74.71962 117.5915 75.64236 115.74602 77.21028 114.57008 curveto stroke
newpath 29.88785 16.93645 moveto
29.35938 16.93645 28.85262 16.72649 28.47894 16.35283 curveto
28.10529 15.97916 27.89532 15.4724 27.89532 14.94392 curveto
27.89532 14.41545 28.10529 13.90869 28.47894 13.53502 curveto
28.85262 13.16136 29.35938 12.9514 29.88785 12.9514 curveto
30.41632 12.9514 30.92308 13.16136 31.29675 13.53502 curveto
31.67041 13.90869 31.88037 14.41545 31.88037 14.94392 curveto
31.88037 15.4724 31.67041 15.97916 31.29675 16.35283 curveto
30.92308 16.72649 30.41632 16.93645 29.88785 16.93645 curveto closepath fill
newpath 44.83177 31.88037 moveto
44.3033 31.88037 43.79654 31.67041 43.42287 31.29675 curveto
43.04921 30.92308 42.83925 30.41632 42.83925 29.88785 curveto
42.83925 29.35938 43.04921 28.85262 43.42287 28.47894 curveto
43.79654 28.10529 44.3033 27.89532 44.83177 27.89532 curveto
45.36024 27.89532 45.867 28.10529 46.24068 28.47894 curveto
46.61433 28.85262 46.8243 29.35938 46.8243 29.88785 curveto
46.8243 30.41632 46.61433 30.92308 46.24068 31.29675 curveto
45.867 31.67041 45.36024 31.88037 44.83177 31.88037 curveto closepath fill
newpath 89.66354 46.8243 moveto
89.13507 46.8243 88.62831 46.61433 88.25464 46.24068 curveto
87.88098 45.867 87.67102 45.36024 87.67102 44.83177 curveto
87.67102 44.3033 87.88098 43.79654 88.25464 43.42287 curveto
88.62831 43.04921 89.13507 42.83925 89.66354 42.83925 curveto
90.19202 42.83925 90.69878 43.04921 91.07245 43.42287 curveto
91.4461 43.79654 91.65607 44.3033 91.65607 44.83177 curveto
91.65607 45.36024 91.4461 45.867 91.07245 46.24068 curveto
90.69878 46.61433 90.19202 46.8243 89.66354 46.8243 curveto closepath fill
newpath 76.71214 14.94392 moveto
72.7271 14.94392 lineto stroke
newpath 76.71214 29.88785 moveto
72.7271 29.88785 lineto stroke
newpath 76.71214 59.7757 moveto
72.7271 59.7757 lineto stroke
newpath 76.71214 74.71962 moveto
72.7271 74.71962 lineto stroke
newpath 76.71214 89.66354 moveto
72.7271 89.66354 lineto stroke
newpath 76.71214 104.60747 moveto
72.7271 104.60747 lineto stroke
 0.49814 0 dtransform exch truncate exch idtransform pop setlinewidth
newpath 14.94392 42.83925 moveto
14.94392 46.8243 lineto stroke
newpath 29.88785 42.83925 moveto
29.88785 46.8243 lineto stroke
newpath 44.83177 42.83925 moveto
44.83177 46.8243 lineto stroke
newpath 59.7757 42.83925 moveto
59.7757 46.8243 lineto stroke
newpath 89.66354 42.83925 moveto
89.66354 46.8243 lineto stroke
newpath 104.60747 42.83925 moveto
104.60747 46.8243 lineto stroke
newpath 119.55139 42.83925 moveto
119.55139 46.8243 lineto stroke
newpath 134.49532 42.83925 moveto
134.49532 46.8243 lineto stroke
 0 1.24533 dtransform truncate idtransform setlinewidth pop
newpath 29.88785 14.94392 moveto
29.88899 15.44582 29.93892 15.94655 30.03743 16.43863 curveto
30.13959 16.94942 30.29214 17.44902 30.4855 17.93266 curveto
30.69278 18.45074 30.94589 18.94897 31.23297 19.42737 curveto
31.54605 19.94933 31.89859 20.4462 32.2787 20.9214 curveto
32.69759 21.44518 33.14954 21.94159 33.62383 22.41588 curveto
34.1476 22.93967 34.69829 23.43562 35.26721 23.90991 curveto
35.8952 24.43323 36.54507 24.92941 37.21022 25.40463 curveto
37.94128 25.9268 38.69057 26.42322 39.45241 26.89934 curveto
40.28539 27.41992 41.1334 27.91634 41.99216 28.39337 curveto
42.92752 28.91304 43.87543 29.40945 44.83223 29.88808 curveto
45.86838 30.40616 46.91502 30.90279 47.96964 31.38211 curveto
49.10727 31.89926 50.25401 32.39613 51.4076 32.87682 curveto
52.64531 33.39261 53.89102 33.88948 55.14265 34.37085 curveto
56.48163 34.88573 57.82721 35.38306 59.17827 35.86555 curveto
60.61757 36.37953 62.06258 36.87685 63.51236 37.36003 curveto
65.05132 37.8731 66.5955 38.3702 68.1438 38.85406 curveto
69.78354 39.36644 71.42828 39.864 73.07646 40.34877 curveto
74.81561 40.86024 76.55888 41.35756 78.30556 41.8428 curveto
80.14551 42.3538 81.98909 42.8516 83.83588 43.33751 curveto
85.77501 43.84784 87.71735 44.34517 89.66263 44.83154 curveto
91.70256 45.34142 93.74544 45.83919 95.79083 46.32625 curveto
97.93063 46.83566 100.07317 47.33345 102.21822 47.82097 curveto
104.45697 48.3297 106.69801 48.82724 108.94133 49.31499 curveto
111.28043 49.82349 113.62202 50.32127 115.96545 50.80948 curveto
118.40373 51.31752 120.84407 51.81508 123.28624 52.30351 curveto
125.8253 52.81133 128.36642 53.30933 130.90915 53.79822 curveto
133.54695 54.30557 136.18636 54.80313 138.82759 55.29225 curveto
141.56618 55.79938 144.3066 56.2976 147.04839 56.78696 curveto stroke
newpath 143.84355 57.73296 moveto
144.70341 56.93082 145.89075 56.58034 147.04839 56.78696 curveto
145.89075 56.58034 144.89796 55.84076 144.3687 54.79066 curveto stroke
showpage
%%EOF
