%!PS
%%BoundingBox: -1 -1 150 120 
%%HiResBoundingBox: -0.62267 -0.24907 149.68831 119.80046 
%%Creator: MetaPost 1.9991
%%CreationDate: 2017.07.24:1130
%%Pages: 1
%%BeginProlog
%%EndProlog
%%Page: 1 1
 0 0 0 setrgbcolor 0 0.49814 dtransform truncate idtransform setlinewidth pop
 [] 0 setdash 1 setlinecap 1 setlinejoin 10 setmiterlimit
newpath 0 44.83177 moveto
149.43924 44.83177 lineto stroke
newpath 144.45793 47.32243 moveto
145.63387 45.75452 147.47935 44.83177 149.43924 44.83177 curveto
147.47935 44.83177 145.63387 43.90903 144.45793 42.34111 curveto stroke
 0.49814 0 dtransform exch truncate exch idtransform pop setlinewidth
newpath 74.71962 0 moveto
74.71962 119.55139 lineto stroke
 0 0.49814 dtransform truncate idtransform setlinewidth pop
newpath 72.22896 114.57008 moveto
73.79688 115.74602 74.71962 117.5915 74.71962 119.55139 curveto
74.71962 117.5915 75.64236 115.74602 77.21028 114.57008 curveto stroke
newpath 134.49532 31.88037 moveto
133.96684 31.88037 133.46008 31.67041 133.08641 31.29675 curveto
132.71275 30.92308 132.50279 30.41632 132.50279 29.88785 curveto
132.50279 29.35938 132.71275 28.85262 133.08641 28.47894 curveto
133.46008 28.10529 133.96684 27.89532 134.49532 27.89532 curveto
135.02379 27.89532 135.53055 28.10529 135.90422 28.47894 curveto
136.27788 28.85262 136.48784 29.35938 136.48784 29.88785 curveto
136.48784 30.41632 136.27788 30.92308 135.90422 31.29675 curveto
135.53055 31.67041 135.02379 31.88037 134.49532 31.88037 curveto closepath fill
newpath 119.55139 46.8243 moveto
119.02292 46.8243 118.51616 46.61433 118.14249 46.24068 curveto
117.76883 45.867 117.55887 45.36024 117.55887 44.83177 curveto
117.55887 44.3033 117.76883 43.79654 118.14249 43.42287 curveto
118.51616 43.04921 119.02292 42.83925 119.55139 42.83925 curveto
120.07986 42.83925 120.58662 43.04921 120.9603 43.42287 curveto
121.33395 43.79654 121.54391 44.3033 121.54391 44.83177 curveto
121.54391 45.36024 121.33395 45.867 120.9603 46.24068 curveto
120.58662 46.61433 120.07986 46.8243 119.55139 46.8243 curveto closepath fill
newpath 74.71962 61.76822 moveto
74.19115 61.76822 73.68439 61.55826 73.31071 61.1846 curveto
72.93706 60.81093 72.7271 60.30417 72.7271 59.7757 curveto
72.7271 59.24722 72.93706 58.74046 73.31071 58.36679 curveto
73.68439 57.99313 74.19115 57.78317 74.71962 57.78317 curveto
75.2481 57.78317 75.75485 57.99313 76.12852 58.36679 curveto
76.50218 58.74046 76.71214 59.24722 76.71214 59.7757 curveto
76.71214 60.30417 76.50218 60.81093 76.12852 61.1846 curveto
75.75485 61.55826 75.2481 61.76822 74.71962 61.76822 curveto closepath fill
newpath 76.71214 14.94392 moveto
72.7271 14.94392 lineto stroke
newpath 76.71214 29.88785 moveto
72.7271 29.88785 lineto stroke
newpath 76.71214 59.7757 moveto
72.7271 59.7757 lineto stroke
newpath 76.71214 74.71962 moveto
72.7271 74.71962 lineto stroke
newpath 76.71214 89.66354 moveto
72.7271 89.66354 lineto stroke
newpath 76.71214 104.60747 moveto
72.7271 104.60747 lineto stroke
 0.49814 0 dtransform exch truncate exch idtransform pop setlinewidth
newpath 14.94392 42.83925 moveto
14.94392 46.8243 lineto stroke
newpath 29.88785 42.83925 moveto
29.88785 46.8243 lineto stroke
newpath 44.83177 42.83925 moveto
44.83177 46.8243 lineto stroke
newpath 59.7757 42.83925 moveto
59.7757 46.8243 lineto stroke
newpath 89.66354 42.83925 moveto
89.66354 46.8243 lineto stroke
newpath 104.60747 42.83925 moveto
104.60747 46.8243 lineto stroke
newpath 119.55139 42.83925 moveto
119.55139 46.8243 lineto stroke
newpath 134.49532 42.83925 moveto
134.49532 46.8243 lineto stroke
 0 1.24533 dtransform truncate idtransform setlinewidth pop
newpath 134.49532 29.88785 moveto
134.49417 30.38974 134.44424 30.89047 134.34573 31.38255 curveto
134.24358 31.89334 134.09102 32.39294 133.89766 32.87659 curveto
133.69038 33.39467 133.43727 33.8929 133.15019 34.37129 curveto
132.83711 34.89325 132.4848 35.39012 132.10446 35.86533 curveto
131.68535 36.3891 131.2334 36.88574 130.75911 37.36003 curveto
130.23534 37.88382 129.68465 38.38 129.11572 38.85406 curveto
128.48773 39.37738 127.83763 39.87357 127.17249 40.34877 curveto
126.44167 40.87073 125.69305 41.36691 124.93144 41.8428 curveto
124.098 42.36362 123.24976 42.86026 122.39055 43.33751 curveto
121.45564 43.85696 120.5082 44.35315 119.55185 44.83154 curveto
118.51524 45.34985 117.46814 45.84671 116.41307 46.32625 curveto
115.2759 46.84319 114.12961 47.33983 112.97672 47.82028 curveto
111.7383 48.3363 110.49214 48.8334 109.24005 49.31499 curveto
107.90154 49.82965 106.55641 50.32675 105.20604 50.80902 curveto
103.76674 51.323 102.3215 51.82031 100.87149 52.30374 curveto
99.33185 52.81702 97.78674 53.31435 96.23776 53.79845 curveto
94.59871 54.3106 92.95511 54.80792 91.30762 55.29248 curveto
89.56778 55.80417 87.82338 56.30171 86.076 56.78719 curveto
84.23697 57.29796 82.39407 57.79552 80.5482 58.28122 curveto
78.60815 58.79176 76.66492 59.28932 74.7187 59.77592 curveto
72.6797 60.28557 70.63773 60.78311 68.59325 61.26996 curveto
66.45345 61.77936 64.31091 62.27715 62.16586 62.76466 curveto
59.92711 63.27339 57.68607 63.77094 55.44275 64.2587 curveto
53.1032 64.76718 50.7616 65.2652 48.41771 65.7534 curveto
45.97943 66.26144 43.5391 66.759 41.09692 67.24744 curveto
38.55786 67.75525 36.01674 68.25325 33.47401 68.74214 curveto
30.83621 69.2495 28.19681 69.74706 25.55557 70.23618 curveto
22.81699 70.7433 20.07657 71.2413 17.33478 71.73088 curveto
14.49768 72.23755 11.65875 72.73534 8.81868 73.22491 curveto
5.88057 73.73158 2.94109 74.22981 0 74.71962 curveto stroke
newpath 2.7027 72.75453 moveto
2.16127 73.79842 1.15996 74.52644 0 74.71962 curveto
1.15996 74.52644 2.34319 74.89067 3.1937 75.70274 curveto stroke
showpage
%%EOF
