%!PS
%%BoundingBox: -1 -1 121 90 
%%HiResBoundingBox: -0.57797 -0.24907 120.12936 89.9127 
%%Creator: MetaPost 1.9991
%%CreationDate: 2017.07.24:1130
%%Pages: 1
%%BeginProlog
%%EndProlog
%%Page: 1 1
 0 0 0 setrgbcolor 0 0.49814 dtransform truncate idtransform setlinewidth pop
 [] 0 setdash 1 setlinecap 1 setlinejoin 10 setmiterlimit
newpath 0 37.35985 moveto
119.55139 37.35985 lineto stroke
newpath 114.57008 39.85051 moveto
115.74602 38.2826 117.5915 37.35985 119.55139 37.35985 curveto
117.5915 37.35985 115.74602 36.4371 114.57008 34.86919 curveto stroke
 0.49814 0 dtransform exch truncate exch idtransform pop setlinewidth
newpath 104.60747 0 moveto
104.60747 89.66364 lineto stroke
 0 0.49814 dtransform truncate idtransform setlinewidth pop
newpath 102.1168 84.68233 moveto
103.68472 85.85826 104.60747 87.70375 104.60747 89.66364 curveto
104.60747 87.70375 105.53021 85.85826 107.09813 84.68233 curveto stroke
 0 1.24533 dtransform truncate idtransform setlinewidth pop
newpath 0.0447 68.54793 moveto
3.56587 68.08424 7.07109 67.5901 10.55807 67.06577 curveto
13.64464 66.60161 16.7141 66.10907 19.76097 65.58336 curveto
22.44257 65.12057 25.10364 64.62816 27.73734 64.1012 curveto
30.04495 63.63943 32.32727 63.1469 34.57721 62.61879 curveto
36.54028 62.15794 38.47304 61.6653 40.36633 61.13661 curveto
42.01543 60.67612 43.62756 60.18301 45.19273 59.65445 curveto
46.55838 59.19327 47.87889 58.69948 49.14511 58.17204 curveto
50.25652 57.70915 51.31342 57.21445 52.3092 56.68988 curveto
53.19485 56.22345 54.01666 55.7276 54.77371 55.2077 curveto
55.46053 54.73615 56.07483 54.2394 56.62598 53.72531 curveto
57.13812 53.2477 57.57343 52.75072 57.95285 52.24313 curveto
58.3145 51.75949 58.60045 51.26273 58.84239 50.76073 curveto
59.07794 50.27219 59.24486 49.77634 59.3819 49.27856 curveto
59.51735 48.78682 59.59555 48.29178 59.65895 47.79639 curveto
59.7221 47.30293 59.74171 46.80847 59.76111 46.314 curveto
59.78049 45.81998 59.7709 45.32584 59.7757 44.83182 curveto
59.78049 44.3378 59.77068 43.84366 59.79005 43.34964 curveto
59.80945 42.85516 59.82906 42.3607 59.89221 41.86725 curveto
59.95561 41.37186 60.03383 40.87682 60.16927 40.38507 curveto
60.30653 39.88718 60.47345 39.39122 60.709 38.90268 curveto
60.95094 38.40079 61.2369 37.90414 61.59854 37.4205 curveto
61.97797 36.91292 62.41327 36.41594 62.92542 35.93832 curveto
63.47656 35.42424 64.09087 34.92749 64.77768 34.45593 curveto
65.53473 33.93604 66.35631 33.44019 67.24196 32.97375 curveto
68.23798 32.44919 69.29488 31.95448 70.40628 31.4916 curveto
71.6725 30.96416 72.99301 30.47037 74.35866 30.00919 curveto
75.92406 29.48062 77.5362 28.98752 79.18529 28.52702 curveto
81.07881 27.99823 83.0118 27.50546 84.9751 27.04462 curveto
87.22458 26.51651 89.5069 26.02408 91.81406 25.56244 curveto
94.44775 25.03548 97.10883 24.54306 99.79042 24.08028 curveto
102.83707 23.55457 105.90654 23.06203 108.99309 22.59787 curveto
112.4803 22.07353 115.98529 21.57939 119.5067 21.1157 curveto stroke
newpath 116.7386 22.98752 moveto
117.31529 21.96269 118.34084 21.26923 119.5067 21.1157 curveto
118.34084 21.26923 117.17073 20.86488 116.3484 20.02429 curveto stroke
newpath 2.81279 66.67612 moveto
2.2361 67.70094 1.21056 68.39441 0.0447 68.54793 curveto
1.21056 68.39441 2.38066 68.79875 3.20299 69.63934 curveto stroke
newpath 74.71962 31.8804 moveto
74.19115 31.8804 73.68439 31.67044 73.31071 31.29678 curveto
72.93706 30.92311 72.7271 30.41635 72.7271 29.88788 curveto
72.7271 29.3594 72.93706 28.85265 73.31071 28.47897 curveto
73.68439 28.10532 74.19115 27.89536 74.71962 27.89536 curveto
75.2481 27.89536 75.75485 28.10532 76.12852 28.47897 curveto
76.50218 28.85265 76.71214 29.3594 76.71214 29.88788 curveto
76.71214 30.41635 76.50218 30.92311 76.12852 31.29678 curveto
75.75485 31.67044 75.2481 31.8804 74.71962 31.8804 curveto closepath fill
newpath 59.7757 46.82434 moveto
59.24722 46.82434 58.74046 46.61438 58.36679 46.24072 curveto
57.99313 45.86705 57.78317 45.36029 57.78317 44.83182 curveto
57.78317 44.30334 57.99313 43.79659 58.36679 43.42291 curveto
58.74046 43.04926 59.24722 42.8393 59.7757 42.8393 curveto
60.30417 42.8393 60.81093 43.04926 61.1846 43.42291 curveto
61.55826 43.79659 61.76822 44.30334 61.76822 44.83182 curveto
61.76822 45.36029 61.55826 45.86705 61.1846 46.24072 curveto
60.81093 46.61438 60.30417 46.82434 59.7757 46.82434 curveto closepath fill
newpath 44.83177 61.76828 moveto
44.3033 61.76828 43.79654 61.55832 43.42287 61.18466 curveto
43.04921 60.81099 42.83925 60.30423 42.83925 59.77576 curveto
42.83925 59.24728 43.04921 58.74052 43.42287 58.36685 curveto
43.79654 57.9932 44.3033 57.78323 44.83177 57.78323 curveto
45.36024 57.78323 45.867 57.9932 46.24068 58.36685 curveto
46.61433 58.74052 46.8243 59.24728 46.8243 59.77576 curveto
46.8243 60.30423 46.61433 60.81099 46.24068 61.18466 curveto
45.867 61.55832 45.36024 61.76828 44.83177 61.76828 curveto closepath fill
showpage
%%EOF
