%!PS
%%BoundingBox: -1 -1 153 150 
%%HiResBoundingBox: -0.24907 -0.24907 152.98064 149.68831 
%%Creator: MetaPost 1.9991
%%CreationDate: 2017.07.24:1130
%%Pages: 1
%%BeginProlog
%%EndProlog
%%Page: 1 1
 0 0 0 setrgbcolor 0 0.49814 dtransform truncate idtransform setlinewidth pop
 [] 0 setdash 1 setlinecap 1 setlinejoin 10 setmiterlimit
newpath 0 74.71962 moveto
149.43924 74.71962 lineto stroke
newpath 144.45793 77.21028 moveto
145.63387 75.64236 147.47935 74.71962 149.43924 74.71962 curveto
147.47935 74.71962 145.63387 73.79688 144.45793 72.22896 curveto stroke
 0.49814 0 dtransform exch truncate exch idtransform pop setlinewidth
newpath 74.71962 0 moveto
74.71962 149.43924 lineto stroke
 0 0.49814 dtransform truncate idtransform setlinewidth pop
newpath 72.22896 144.45793 moveto
73.79688 145.63387 74.71962 147.47935 74.71962 149.43924 curveto
74.71962 147.47935 75.64236 145.63387 77.21028 144.45793 curveto stroke
 0.49814 0 dtransform exch truncate exch idtransform pop setlinewidth
newpath 14.94392 72.7271 moveto
14.94392 76.71214 lineto stroke
newpath 29.88785 72.7271 moveto
29.88785 76.71214 lineto stroke
newpath 44.83177 72.7271 moveto
44.83177 76.71214 lineto stroke
newpath 59.7757 72.7271 moveto
59.7757 76.71214 lineto stroke
newpath 89.66354 72.7271 moveto
89.66354 76.71214 lineto stroke
newpath 104.60747 72.7271 moveto
104.60747 76.71214 lineto stroke
newpath 119.55139 72.7271 moveto
119.55139 76.71214 lineto stroke
newpath 134.49532 72.7271 moveto
134.49532 76.71214 lineto stroke
 0 0.49814 dtransform truncate idtransform setlinewidth pop
newpath 76.71214 14.94392 moveto
72.7271 14.94392 lineto stroke
newpath 76.71214 29.88785 moveto
72.7271 29.88785 lineto stroke
newpath 76.71214 44.83177 moveto
72.7271 44.83177 lineto stroke
newpath 76.71214 59.7757 moveto
72.7271 59.7757 lineto stroke
newpath 76.71214 89.66354 moveto
72.7271 89.66354 lineto stroke
newpath 76.71214 104.60747 moveto
72.7271 104.60747 lineto stroke
newpath 76.71214 119.55139 moveto
72.7271 119.55139 lineto stroke
newpath 76.71214 134.49532 moveto
72.7271 134.49532 lineto stroke
 0 1.24533 dtransform truncate idtransform setlinewidth pop
newpath 152.35797 41.0958 moveto
148.6977 41.57648 145.04016 42.08041 141.38626 42.6076 curveto
138.05229 43.08875 134.72151 43.59177 131.39462 44.12033 curveto
128.37532 44.6001 125.35968 45.10266 122.34859 45.63214 curveto
119.62436 46.111 116.90446 46.61403 114.19003 47.1451 curveto
111.74948 47.62259 109.31393 48.12492 106.88454 48.6569 curveto
104.70985 49.13303 102.54086 49.6356 100.37941 50.16873 curveto
98.45349 50.6437 96.53488 51.1465 94.62471 51.68146 curveto
92.93459 52.15483 91.25243 52.65718 89.581 53.19327 curveto
88.10931 53.66528 86.64745 54.16762 85.19833 54.70508 curveto
83.92845 55.17618 82.67044 55.67876 81.42792 56.2178 curveto
80.34547 56.68753 79.2774 57.18988 78.22826 57.72961 curveto
77.3157 58.1989 76.42093 58.70192 75.5485 59.24234 curveto
74.79099 59.71162 74.05515 60.21487 73.346 60.75415 curveto
72.72713 61.22481 72.13426 61.72897 71.57217 62.26598 curveto
71.07599 62.7398 70.6115 63.24557 70.17984 63.77893 curveto
69.7929 64.25732 69.44196 64.76376 69.12454 65.29074 curveto
68.83267 65.7753 68.58047 66.2822 68.35883 66.80255 curveto
68.1495 67.29395 67.98007 67.80107 67.83574 68.31528 curveto
67.69641 68.81192 67.59425 69.31813 67.50989 69.82709 curveto
67.42665 70.32806 67.37558 70.8336 67.33408 71.33981 curveto
67.2928 71.84262 67.27661 72.34723 67.26225 72.85162 curveto
67.24788 73.35535 67.25085 73.85951 67.24788 74.36345 curveto
67.24492 74.86761 67.25131 75.37201 67.24423 75.87617 curveto
67.23717 76.38034 67.23169 76.8845 67.20502 77.38799 curveto
67.17834 77.8933 67.14551 78.39859 67.08394 78.90094 curveto
67.02191 79.4083 66.94553 79.91383 66.83447 80.41275 curveto
66.72069 80.92398 66.585 81.43066 66.41034 81.92456 curveto
66.22723 82.44218 66.01585 82.94931 65.76434 83.43729 curveto
65.49437 83.96129 65.19177 84.46797 64.8511 84.9491 curveto
64.47577 85.47949 64.06647 85.98526 63.62364 86.46092 curveto
63.12494 86.99655 62.5941 87.50163 62.03474 87.97365 curveto
61.3965 88.51224 60.72998 89.01572 60.03952 89.48546 curveto
59.24576 90.02565 58.42738 90.5289 57.58961 90.99818 curveto
56.62575 91.53815 55.64113 92.04071 54.641 92.51 curveto
53.49174 93.04927 52.3254 93.55162 51.14627 94.0218 curveto
49.79567 94.56041 48.43117 95.06297 47.05571 95.53476 curveto
45.49077 96.07176 43.9142 96.57365 42.32874 97.04657 curveto
40.53348 97.58199 38.72865 98.08432 36.9163 98.5584 curveto
34.87433 99.09265 32.82414 99.59546 30.7678 100.07112 curveto
28.46634 100.60356 26.15825 101.10612 23.8447 101.58293 curveto
21.26572 102.11446 18.68105 102.61725 16.09181 103.09566 curveto
13.22324 103.62558 10.34966 104.12953 7.47195 104.60747 curveto stroke
newpath 10.1755 102.6436 moveto
9.6336 103.68724 8.63199 104.41481 7.47195 104.60747 curveto
8.63199 104.41481 9.81503 104.77956 10.66516 105.592 curveto stroke
newpath 149.58922 42.96661 moveto
150.16626 41.94202 151.19205 41.2489 152.35797 41.0958 curveto
151.19205 41.2489 150.0221 40.84415 149.20006 40.00327 curveto stroke
newpath 67.24765 76.71214 moveto
66.71918 76.71214 66.21242 76.50218 65.83875 76.12852 curveto
65.46509 75.75485 65.25513 75.2481 65.25513 74.71962 curveto
65.25513 74.19115 65.46509 73.68439 65.83875 73.31071 curveto
66.21242 72.93706 66.71918 72.7271 67.24765 72.7271 curveto
67.77612 72.7271 68.28288 72.93706 68.65656 73.31071 curveto
69.03021 73.68439 69.24017 74.19115 69.24017 74.71962 curveto
69.24017 75.2481 69.03021 75.75485 68.65656 76.12852 curveto
68.28288 76.50218 67.77612 76.71214 67.24765 76.71214 curveto closepath fill
newpath 74.71962 61.76822 moveto
74.19115 61.76822 73.68439 61.55826 73.31071 61.1846 curveto
72.93706 60.81093 72.7271 60.30417 72.7271 59.7757 curveto
72.7271 59.24722 72.93706 58.74046 73.31071 58.36679 curveto
73.68439 57.99313 74.19115 57.78317 74.71962 57.78317 curveto
75.2481 57.78317 75.75485 57.99313 76.12852 58.36679 curveto
76.50218 58.74046 76.71214 59.24722 76.71214 59.7757 curveto
76.71214 60.30417 76.50218 60.81093 76.12852 61.1846 curveto
75.75485 61.55826 75.2481 61.76822 74.71962 61.76822 curveto closepath fill
newpath 59.7757 91.65607 moveto
59.24722 91.65607 58.74046 91.4461 58.36679 91.07245 curveto
57.99313 90.69878 57.78317 90.19202 57.78317 89.66354 curveto
57.78317 89.13507 57.99313 88.62831 58.36679 88.25464 curveto
58.74046 87.88098 59.24722 87.67102 59.7757 87.67102 curveto
60.30417 87.67102 60.81093 87.88098 61.1846 88.25464 curveto
61.55826 88.62831 61.76822 89.13507 61.76822 89.66354 curveto
61.76822 90.19202 61.55826 90.69878 61.1846 91.07245 curveto
60.81093 91.4461 60.30417 91.65607 59.7757 91.65607 curveto closepath fill
showpage
%%EOF
