%!PS
%%BoundingBox: -1 -1 120 150 
%%HiResBoundingBox: -0.24907 -0.24907 119.80046 149.68831 
%%Creator: MetaPost 1.9991
%%CreationDate: 2017.08.07:2143
%%Pages: 1
%%BeginProlog
%%EndProlog
%%Page: 1 1
 0 0 0 setrgbcolor
newpath 74.71962 22.43439 moveto
74.19115 22.43439 73.68439 22.22443 73.31071 21.85077 curveto
72.93706 21.4771 72.7271 20.97034 72.7271 20.44186 curveto
72.7271 19.91339 72.93706 19.40663 73.31071 19.03296 curveto
73.68439 18.6593 74.19115 18.44934 74.71962 18.44934 curveto
75.2481 18.44934 75.75485 18.6593 76.12852 19.03296 curveto
76.50218 19.40663 76.71214 19.91339 76.71214 20.44186 curveto
76.71214 20.97034 76.50218 21.4771 76.12852 21.85077 curveto
75.75485 22.22443 75.2481 22.43439 74.71962 22.43439 curveto closepath fill
newpath 59.7757 31.88037 moveto
59.24722 31.88037 58.74046 31.67041 58.36679 31.29675 curveto
57.99313 30.92308 57.78317 30.41632 57.78317 29.88785 curveto
57.78317 29.35938 57.99313 28.85262 58.36679 28.47894 curveto
58.74046 28.10529 59.24722 27.89532 59.7757 27.89532 curveto
60.30417 27.89532 60.81093 28.10529 61.1846 28.47894 curveto
61.55826 28.85262 61.76822 29.35938 61.76822 29.88785 curveto
61.76822 30.41632 61.55826 30.92308 61.1846 31.29675 curveto
60.81093 31.67041 60.30417 31.88037 59.7757 31.88037 curveto closepath fill
newpath 44.83177 57.55406 moveto
44.3033 57.55406 43.79654 57.3441 43.42287 56.97044 curveto
43.04921 56.59677 42.83925 56.09001 42.83925 55.56154 curveto
42.83925 55.03307 43.04921 54.5263 43.42287 54.15263 curveto
43.79654 53.77898 44.3033 53.56902 44.83177 53.56902 curveto
45.36024 53.56902 45.867 53.77898 46.24068 54.15263 curveto
46.61433 54.5263 46.8243 55.03307 46.8243 55.56154 curveto
46.8243 56.09001 46.61433 56.59677 46.24068 56.97044 curveto
45.867 57.3441 45.36024 57.55406 44.83177 57.55406 curveto closepath fill
 0 0.49814 dtransform truncate idtransform setlinewidth pop [] 0 setdash
 1 setlinecap 1 setlinejoin 10 setmiterlimit
newpath 0 14.94392 moveto
119.55139 14.94392 lineto stroke
newpath 114.57008 17.43459 moveto
115.74602 15.86667 117.5915 14.94392 119.55139 14.94392 curveto
117.5915 14.94392 115.74602 14.02118 114.57008 12.45326 curveto stroke
 0.49814 0 dtransform exch truncate exch idtransform pop setlinewidth
newpath 59.7757 0 moveto
59.7757 149.43924 lineto stroke
 0 0.49814 dtransform truncate idtransform setlinewidth pop
newpath 57.28503 144.45793 moveto
58.85295 145.63387 59.7757 147.47935 59.7757 149.43924 curveto
59.7757 147.47935 60.69844 145.63387 62.26636 144.45793 curveto stroke
 0.49814 0 dtransform exch truncate exch idtransform pop setlinewidth
newpath 14.94392 12.9514 moveto
14.94392 16.93645 lineto stroke
newpath 29.88785 12.9514 moveto
29.88785 16.93645 lineto stroke
newpath 44.83177 12.9514 moveto
44.83177 16.93645 lineto stroke
newpath 74.71962 12.9514 moveto
74.71962 16.93645 lineto stroke
newpath 89.66354 12.9514 moveto
89.66354 16.93645 lineto stroke
newpath 104.60747 12.9514 moveto
104.60747 16.93645 lineto stroke
 0 0.49814 dtransform truncate idtransform setlinewidth pop
newpath 61.76822 29.88785 moveto
57.78317 29.88785 lineto stroke
newpath 61.76822 44.83177 moveto
57.78317 44.83177 lineto stroke
newpath 61.76822 59.7757 moveto
57.78317 59.7757 lineto stroke
newpath 61.76822 74.71962 moveto
57.78317 74.71962 lineto stroke
newpath 61.76822 89.66354 moveto
57.78317 89.66354 lineto stroke
newpath 61.76822 104.60747 moveto
57.78317 104.60747 lineto stroke
newpath 61.76822 119.55139 moveto
57.78317 119.55139 lineto stroke
newpath 61.76822 134.49532 moveto
57.78317 134.49532 lineto stroke
 0 1.24533 dtransform truncate idtransform setlinewidth pop
newpath 27.64635 143.23465 moveto
28.12543 139.11581 28.62936 134.99994 29.15862 130.88725 curveto
29.63792 127.16199 30.14232 123.44038 30.6718 119.72195 curveto
31.15088 116.35721 31.65482 112.99632 32.18384 109.6391 curveto
32.66338 106.5954 33.16777 103.55559 33.69702 100.5201 curveto
34.17633 97.7701 34.6805 95.02467 35.20929 92.2838 curveto
35.68906 89.79625 36.19368 87.3135 36.72247 84.836 curveto
37.20224 82.58858 37.70618 80.34662 38.23451 78.11014 curveto
38.71474 76.0766 39.21936 74.049 39.7477 72.02731 curveto
40.22792 70.18965 40.73232 68.35814 41.25996 66.53348 curveto
41.74065 64.8714 42.24504 63.21616 42.77223 61.5682 curveto
43.25337 60.06415 43.75822 58.56761 44.28519 57.07906 curveto
44.76678 55.71889 45.27118 54.36714 45.79747 53.0236 curveto
46.27997 51.7925 46.78459 50.57005 47.31064 49.35672 curveto
47.79338 48.24304 48.298 47.13895 48.82292 46.04465 curveto
49.3068 45.03632 49.8114 44.03778 50.33586 43.04997 curveto
50.82019 42.13742 51.32504 41.2358 51.84814 40.3449 curveto
52.33337 39.51854 52.83823 38.7038 53.36041 37.90024 curveto
53.84702 37.1514 54.3521 36.41464 54.8736 35.68951 curveto
55.36111 35.01183 55.86574 34.34645 56.38564 33.69315 curveto
56.87474 33.07861 57.37982 32.47708 57.89882 31.88763 curveto
58.38884 31.33102 58.89369 30.78787 59.41109 30.25679 curveto
59.90271 29.7524 60.40779 29.26146 60.92427 28.78238 curveto
61.4168 28.32564 61.92165 27.88213 62.43631 27.4507 curveto
62.93044 27.03638 63.43552 26.63574 63.9495 26.24628 curveto
64.44453 25.87117 64.94939 25.5093 65.46176 25.15836 curveto
65.95795 24.8186 66.4628 24.49184 66.97403 24.17534 curveto
67.47157 23.86751 67.97643 23.57198 68.48698 23.28648 curveto
68.98521 23.00784 69.48984 22.74106 69.99925 22.48361 curveto
70.49863 22.23141 71.00348 21.98993 71.51244 21.75757 curveto
72.01227 21.52933 72.51666 21.31155 73.0247 21.10178 curveto
73.52545 20.89496 74.03008 20.69794 74.53766 20.50868 curveto
75.03864 20.3217 75.54324 20.14406 76.04993 19.97327 curveto
76.55136 19.80408 77.05597 19.64354 77.5622 19.48917 curveto
78.06453 19.33617 78.56915 19.19069 79.07538 19.05136 curveto
79.57748 18.91295 80.08188 18.78206 80.58742 18.65619 curveto
81.09044 18.531 81.59483 18.41243 82.1006 18.29865 curveto
82.60362 18.18555 83.10779 18.07837 83.61287 17.97575 curveto
84.11635 17.87338 84.62074 17.77669 85.12605 17.68388 curveto
85.6293 17.59154 86.13324 17.50374 86.63809 17.42006 curveto
87.1418 17.33638 87.6462 17.25748 88.15128 17.18178 curveto
88.65475 17.1063 89.15892 17.03447 89.66354 16.9663 curveto stroke
newpath 86.90175 18.84743 moveto
87.47499 17.82066 88.4982 17.12375 89.66354 16.9663 curveto
88.4982 17.12375 87.32674 16.72334 86.50157 15.88554 curveto stroke
newpath 26.50728 140.09322 moveto
27.36021 140.90274 27.78221 142.06659 27.64635 143.23465 curveto
27.78221 142.06659 28.4601 141.03067 29.47606 140.43855 curveto stroke
showpage
%%EOF
