%!PS
%%BoundingBox: -1 -1 120 135 
%%HiResBoundingBox: -0.24907 -0.24907 119.80046 134.74438 
%%Creator: MetaPost 1.9991
%%CreationDate: 2017.08.07:2143
%%Pages: 1
%%BeginProlog
%%EndProlog
%%Page: 1 1
 0 0 0 setrgbcolor 0 0.49814 dtransform truncate idtransform setlinewidth pop
 [] 0 setdash 1 setlinecap 1 setlinejoin 10 setmiterlimit
newpath 0 14.94392 moveto
119.55139 14.94392 lineto stroke
newpath 114.57008 17.43459 moveto
115.74602 15.86667 117.5915 14.94392 119.55139 14.94392 curveto
117.5915 14.94392 115.74602 14.02118 114.57008 12.45326 curveto stroke
 0.49814 0 dtransform exch truncate exch idtransform pop setlinewidth
newpath 59.7757 0 moveto
59.7757 134.49532 lineto stroke
 0 0.49814 dtransform truncate idtransform setlinewidth pop
newpath 57.28503 129.514 moveto
58.85295 130.68994 59.7757 132.53543 59.7757 134.49532 curveto
59.7757 132.53543 60.69844 130.68994 62.26636 129.514 curveto stroke
newpath 61.76822 29.88785 moveto
57.78317 29.88785 lineto stroke
newpath 61.76822 44.83177 moveto
57.78317 44.83177 lineto stroke
newpath 61.76822 59.7757 moveto
57.78317 59.7757 lineto stroke
newpath 61.76822 74.71962 moveto
57.78317 74.71962 lineto stroke
newpath 61.76822 89.66354 moveto
57.78317 89.66354 lineto stroke
newpath 61.76822 104.60747 moveto
57.78317 104.60747 lineto stroke
newpath 61.76822 119.55139 moveto
57.78317 119.55139 lineto stroke
 0.49814 0 dtransform exch truncate exch idtransform pop setlinewidth
newpath 14.94392 12.9514 moveto
14.94392 16.93645 lineto stroke
newpath 29.88785 12.9514 moveto
29.88785 16.93645 lineto stroke
newpath 44.83177 12.9514 moveto
44.83177 16.93645 lineto stroke
newpath 74.71962 12.9514 moveto
74.71962 16.93645 lineto stroke
newpath 89.66354 12.9514 moveto
89.66354 16.93645 lineto stroke
newpath 104.60747 12.9514 moveto
104.60747 16.93645 lineto stroke
 0 1.24533 dtransform truncate idtransform setlinewidth pop
newpath 14.94392 15.68797 moveto
16.43863 15.76619 lineto
17.9322 15.85262 lineto
19.42693 15.94815 lineto
20.92163 16.05373 lineto
21.42009 16.0909 21.91833 16.12943 22.41634 16.17047 curveto
22.91435 16.21152 23.41235 16.2544 23.90991 16.29955 curveto
24.40839 16.34491 24.90662 16.39212 25.40463 16.44206 curveto
25.90309 16.49199 26.40132 16.54443 26.89934 16.59962 curveto
27.39757 16.65503 27.89536 16.71272 28.39291 16.77383 curveto
28.8916 16.83495 29.38983 16.89879 29.88762 16.9663 curveto
30.3863 17.03378 30.88455 17.10448 31.38232 17.17903 curveto
31.88126 17.25383 32.37949 17.33182 32.87704 17.41414 curveto
33.3755 17.49667 33.87352 17.58287 34.37062 17.67386 curveto
34.86977 17.76506 35.368 17.86038 35.86533 17.96094 curveto
36.3647 18.06195 36.86295 18.1673 37.36003 18.27835 curveto
37.85942 18.39009 38.35788 18.50638 38.85475 18.62906 curveto
39.35413 18.75241 39.85214 18.88103 40.34833 19.01646 curveto
40.84839 19.15306 41.34685 19.29512 41.84303 19.44493 curveto
42.34332 19.59589 42.84201 19.75299 43.33774 19.91832 curveto
43.83803 20.08524 44.33627 20.25899 44.83131 20.4414 curveto
45.33252 20.62611 45.8312 20.8181 46.32603 21.01968 curveto
46.82791 21.224 47.3266 21.43628 47.82074 21.65862 curveto
48.3233 21.88481 48.822 22.11967 49.31544 22.36504 curveto
49.81848 22.61517 50.31671 22.87445 50.80902 23.14511 curveto
51.31319 23.42216 51.8121 23.70901 52.30373 24.00774 curveto
52.8088 24.31467 53.30774 24.63185 53.79845 24.96135 curveto
54.30421 25.30087 54.80267 25.65112 55.29202 26.01414 curveto
55.79938 26.39061 56.2983 26.77803 56.78673 27.17867 curveto
57.29523 27.59573 57.79414 28.02419 58.28143 28.46588 curveto
58.79108 28.92786 59.29022 29.40147 59.77615 29.8883 curveto
60.2867 30.39977 60.7854 30.92285 61.26973 31.45918 curveto
61.78188 32.02605 62.28102 32.60478 62.76443 33.19627 curveto
63.27795 33.8245 63.77664 34.46434 64.25914 35.11649 curveto
64.77335 35.81174 65.2718 36.51816 65.75272 37.23668 curveto
66.26828 38.00717 66.76721 38.78885 67.24744 39.58192 curveto
67.76413 40.43497 68.26283 41.29897 68.74214 42.17368 curveto
69.25977 43.11815 69.75845 44.07314 70.23685 45.03813 curveto
70.75493 46.08295 71.25316 47.13734 71.73042 48.20131 curveto
72.24963 49.35855 72.74811 50.52467 73.22514 51.69969 curveto
73.74481 52.98006 74.2435 54.26909 74.71985 55.56633 curveto
75.23997 56.98306 75.73866 58.40732 76.21455 59.83954 curveto
76.73491 61.4054 77.23315 62.97832 77.70813 64.55855 curveto
78.22917 66.29178 78.72786 68.03162 79.20284 69.77783 curveto
79.72433 71.6944 80.22281 73.61734 80.69756 75.54599 curveto
81.21883 77.66367 81.71683 79.78705 82.19113 81.9159 curveto
82.71307 84.2591 83.21155 86.60754 83.68584 88.961 curveto
84.20802 91.55183 84.70625 94.14722 85.18054 96.74718 curveto
85.70296 99.61142 86.20119 102.47975 86.67526 105.35243 curveto
87.19743 108.5163 87.69522 111.6838 88.16884 114.8552 curveto
88.69147 118.35516 89.18971 121.85857 89.66354 125.36537 curveto stroke
newpath 87.78241 122.60358 moveto
88.80917 123.17682 89.50609 124.20003 89.66354 125.36537 curveto
89.50609 124.20003 89.9065 123.02856 90.7443 122.2034 curveto stroke
newpath 18.00285 14.34299 moveto
17.25171 15.24774 16.11842 15.74603 14.94392 15.68797 curveto
16.11842 15.74603 17.19702 16.3537 17.85527 17.32813 curveto stroke
newpath 59.7757 31.88037 moveto
59.24722 31.88037 58.74046 31.67041 58.36679 31.29675 curveto
57.99313 30.92308 57.78317 30.41632 57.78317 29.88785 curveto
57.78317 29.35938 57.99313 28.85262 58.36679 28.47894 curveto
58.74046 28.10529 59.24722 27.89532 59.7757 27.89532 curveto
60.30417 27.89532 60.81093 28.10529 61.1846 28.47894 curveto
61.55826 28.85262 61.76822 29.35938 61.76822 29.88785 curveto
61.76822 30.41632 61.55826 30.92308 61.1846 31.29675 curveto
60.81093 31.67041 60.30417 31.88037 59.7757 31.88037 curveto closepath fill
newpath 74.71962 57.55406 moveto
74.19115 57.55406 73.68439 57.3441 73.31071 56.97044 curveto
72.93706 56.59677 72.7271 56.09001 72.7271 55.56154 curveto
72.7271 55.03307 72.93706 54.5263 73.31071 54.15263 curveto
73.68439 53.77898 74.19115 53.56902 74.71962 53.56902 curveto
75.2481 53.56902 75.75485 53.77898 76.12852 54.15263 curveto
76.50218 54.5263 76.71214 55.03307 76.71214 55.56154 curveto
76.71214 56.09001 76.50218 56.59677 76.12852 56.97044 curveto
75.75485 57.3441 75.2481 57.55406 74.71962 57.55406 curveto closepath fill
newpath 44.83177 22.43576 moveto
44.3033 22.43576 43.79654 22.2258 43.42287 21.85214 curveto
43.04921 21.47847 42.83925 20.97171 42.83925 20.44324 curveto
42.83925 19.91476 43.04921 19.408 43.42287 19.03433 curveto
43.79654 18.66068 44.3033 18.45071 44.83177 18.45071 curveto
45.36024 18.45071 45.867 18.66068 46.24068 19.03433 curveto
46.61433 19.408 46.8243 19.91476 46.8243 20.44324 curveto
46.8243 20.97171 46.61433 21.47847 46.24068 21.85214 curveto
45.867 22.2258 45.36024 22.43576 44.83177 22.43576 curveto closepath fill
showpage
%%EOF
