%!PS
%%BoundingBox: -1 -1 78 130 
%%HiResBoundingBox: -0.24907 -0.24907 77.95747 129.76308 
%%Creator: MetaPost 1.9991
%%CreationDate: 2017.08.07:2143
%%Pages: 1
%%BeginProlog
%%EndProlog
%%Page: 1 1
 0 0 0 setrgbcolor 0 0.49814 dtransform truncate idtransform setlinewidth pop
 [] 0 setdash 1 setlinecap 1 setlinejoin 10 setmiterlimit
newpath 0 12.9514 moveto
77.7084 12.9514 lineto stroke
newpath 72.7271 15.44206 moveto
73.90303 13.87415 75.74852 12.9514 77.7084 12.9514 curveto
75.74852 12.9514 73.90303 12.02866 72.7271 10.46074 curveto stroke
 0.49814 0 dtransform exch truncate exch idtransform pop setlinewidth
newpath 12.9514 0 moveto
12.9514 129.514 lineto stroke
 0 0.49814 dtransform truncate idtransform setlinewidth pop
newpath 10.46074 124.5327 moveto
12.02866 125.70863 12.9514 127.55412 12.9514 129.514 curveto
12.9514 127.55412 13.87415 125.70863 15.44206 124.5327 curveto stroke
 0.49814 0 dtransform exch truncate exch idtransform pop setlinewidth
newpath 25.9028 10.95888 moveto
25.9028 14.94392 lineto stroke
newpath 38.8542 10.95888 moveto
38.8542 14.94392 lineto stroke
newpath 51.8056 10.95888 moveto
51.8056 14.94392 lineto stroke
newpath 64.757 10.95888 moveto
64.757 14.94392 lineto stroke
 0 0.49814 dtransform truncate idtransform setlinewidth pop
newpath 14.94392 25.9028 moveto
10.95888 25.9028 lineto stroke
newpath 14.94392 38.8542 moveto
10.95888 38.8542 lineto stroke
newpath 14.94392 51.8056 moveto
10.95888 51.8056 lineto stroke
newpath 14.94392 64.757 moveto
10.95888 64.757 lineto stroke
newpath 14.94392 77.7084 moveto
10.95888 77.7084 lineto stroke
newpath 14.94392 90.6598 moveto
10.95888 90.6598 lineto stroke
newpath 14.94392 103.6112 moveto
10.95888 103.6112 lineto stroke
newpath 14.94392 116.5626 moveto
10.95888 116.5626 lineto stroke
 0 1.24533 dtransform truncate idtransform setlinewidth pop
newpath 29.14066 14.09604 moveto
29.57285 14.1488 30.00465 14.20552 30.43587 14.26639 curveto
30.86827 14.32745 31.30008 14.39188 31.7311 14.46184 curveto
32.16368 14.53198 32.59549 14.6063 33.02611 14.68652 curveto
33.45891 14.76715 33.89091 14.85234 34.32133 14.94443 curveto
34.75432 15.03711 35.18652 15.13513 35.61655 15.24086 curveto
36.05014 15.34738 36.48213 15.46002 36.91177 15.58136 curveto
37.34595 15.70389 37.77795 15.83333 38.20699 15.97246 curveto
38.64175 16.11356 39.07376 16.26218 39.50201 16.42166 curveto
39.93738 16.58391 40.36957 16.75465 40.79663 16.93745 curveto
41.23318 17.1244 41.66579 17.32065 42.09186 17.53032 curveto
42.52959 17.74553 42.96239 17.97122 43.38707 18.21114 curveto
43.82639 18.45915 44.25879 18.71883 44.6821 18.99332 curveto
45.12299 19.27948 45.55598 19.57768 45.97731 19.89171 curveto
46.42018 20.22174 46.85298 20.56482 47.27254 20.92389 curveto
47.71718 21.30472 48.15038 21.69897 48.56775 22.10944 curveto
49.01457 22.54875 49.44757 23.00209 49.86298 23.47125 curveto
50.31177 23.97815 50.74477 24.49908 51.15799 25.03543 curveto
51.60876 25.62039 52.04176 26.219 52.45322 26.83241 curveto
52.90596 27.5071 53.33856 28.19502 53.74843 28.89659 curveto
54.20276 29.67442 54.63536 30.46472 55.04366 31.26767 curveto
55.49937 32.16408 55.93176 33.07216 56.33887 33.9917 curveto
56.79578 35.02388 57.22798 36.06673 57.6339 37.12006 curveto
58.09178 38.30856 58.52419 39.50656 58.92911 40.71404 curveto
59.38779 42.08157 59.81999 43.45802 60.22433 44.84256 curveto
60.68361 46.41486 61.11542 47.99524 61.51895 49.58275 curveto
61.97862 51.39139 62.41083 53.20714 62.81398 55.02922 curveto
63.27425 57.10901 63.70624 59.19492 64.10919 61.28654 curveto
64.56985 63.6772 65.00166 66.07336 65.40442 68.47429 curveto
65.86526 71.22183 66.29707 73.97412 66.69963 76.73096 curveto
67.16069 79.88838 67.5925 83.05014 67.99486 86.21567 curveto
68.4559 89.84323 68.88771 93.47435 69.28987 97.10883 curveto
69.75113 101.27728 70.18294 105.4491 70.5851 109.62367 curveto
71.04654 114.41287 71.47815 119.20482 71.88031 123.99954 curveto stroke
newpath 70.1413 121.1461 moveto
71.13774 121.77057 71.78201 122.82771 71.88031 123.99954 curveto
71.78201 122.82771 72.24117 121.67801 73.11966 120.89629 curveto stroke
newpath 32.28851 12.97485 moveto
31.47415 13.82315 30.30792 14.23854 29.14066 14.09604 curveto
30.30792 14.23854 31.33997 14.9223 31.9263 15.94162 curveto stroke
newpath 45.32991 21.41963 moveto
44.80144 21.41963 44.29468 21.20967 43.921 20.83601 curveto
43.54735 20.46234 43.33739 19.95558 43.33739 19.42711 curveto
43.33739 18.89864 43.54735 18.39188 43.921 18.0182 curveto
44.29468 17.64455 44.80144 17.43459 45.32991 17.43459 curveto
45.85838 17.43459 46.36514 17.64455 46.73882 18.0182 curveto
47.11247 18.39188 47.32243 18.89864 47.32243 19.42711 curveto
47.32243 19.95558 47.11247 20.46234 46.73882 20.83601 curveto
46.36514 21.20967 45.85838 21.41963 45.32991 21.41963 curveto closepath fill
newpath 51.8056 27.89532 moveto
51.27713 27.89532 50.77037 27.68536 50.3967 27.3117 curveto
50.02304 26.93803 49.81308 26.43127 49.81308 25.9028 curveto
49.81308 25.37433 50.02304 24.86757 50.3967 24.4939 curveto
50.77037 24.12024 51.27713 23.91028 51.8056 23.91028 curveto
52.33408 23.91028 52.84084 24.12024 53.21451 24.4939 curveto
53.58817 24.86757 53.79813 25.37433 53.79813 25.9028 curveto
53.79813 26.43127 53.58817 26.93803 53.21451 27.3117 curveto
52.84084 27.68536 52.33408 27.89532 51.8056 27.89532 curveto closepath fill
newpath 58.28131 40.84673 moveto
57.75284 40.84673 57.24608 40.63676 56.8724 40.2631 curveto
56.49875 39.88943 56.28879 39.38268 56.28879 38.8542 curveto
56.28879 38.32573 56.49875 37.81897 56.8724 37.4453 curveto
57.24608 37.07164 57.75284 36.86168 58.28131 36.86168 curveto
58.80978 36.86168 59.31654 37.07164 59.69022 37.4453 curveto
60.06387 37.81897 60.27383 38.32573 60.27383 38.8542 curveto
60.27383 39.38268 60.06387 39.88943 59.69022 40.2631 curveto
59.31654 40.63676 58.80978 40.84673 58.28131 40.84673 curveto closepath fill
showpage
%%EOF
