%!PS
%%BoundingBox: -1 -1 120 150 
%%HiResBoundingBox: -0.24907 -0.24907 119.80046 149.68831 
%%Creator: MetaPost 1.9991
%%CreationDate: 2017.08.07:2143
%%Pages: 1
%%BeginProlog
%%EndProlog
%%Page: 1 1
 0 0 0 setrgbcolor
newpath 44.83177 46.8243 moveto
44.3033 46.8243 43.79654 46.61433 43.42287 46.24068 curveto
43.04921 45.867 42.83925 45.36024 42.83925 44.83177 curveto
42.83925 44.3033 43.04921 43.79654 43.42287 43.42287 curveto
43.79654 43.04921 44.3033 42.83925 44.83177 42.83925 curveto
45.36024 42.83925 45.867 43.04921 46.24068 43.42287 curveto
46.61433 43.79654 46.8243 44.3033 46.8243 44.83177 curveto
46.8243 45.36024 46.61433 45.867 46.24068 46.24068 curveto
45.867 46.61433 45.36024 46.8243 44.83177 46.8243 curveto closepath fill
newpath 59.7757 31.88037 moveto
59.24722 31.88037 58.74046 31.67041 58.36679 31.29675 curveto
57.99313 30.92308 57.78317 30.41632 57.78317 29.88785 curveto
57.78317 29.35938 57.99313 28.85262 58.36679 28.47894 curveto
58.74046 28.10529 59.24722 27.89532 59.7757 27.89532 curveto
60.30417 27.89532 60.81093 28.10529 61.1846 28.47894 curveto
61.55826 28.85262 61.76822 29.35938 61.76822 29.88785 curveto
61.76822 30.41632 61.55826 30.92308 61.1846 31.29675 curveto
60.81093 31.67041 60.30417 31.88037 59.7757 31.88037 curveto closepath fill
newpath 74.71962 24.40842 moveto
74.19115 24.40842 73.68439 24.19846 73.31071 23.8248 curveto
72.93706 23.45113 72.7271 22.94437 72.7271 22.4159 curveto
72.7271 21.88742 72.93706 21.38066 73.31071 21.00699 curveto
73.68439 20.63333 74.19115 20.42337 74.71962 20.42337 curveto
75.2481 20.42337 75.75485 20.63333 76.12852 21.00699 curveto
76.50218 21.38066 76.71214 21.88742 76.71214 22.4159 curveto
76.71214 22.94437 76.50218 23.45113 76.12852 23.8248 curveto
75.75485 24.19846 75.2481 24.40842 74.71962 24.40842 curveto closepath fill
 0 0.49814 dtransform truncate idtransform setlinewidth pop [] 0 setdash
 1 setlinecap 1 setlinejoin 10 setmiterlimit
newpath 0 14.94392 moveto
119.55139 14.94392 lineto stroke
newpath 114.57008 17.43459 moveto
115.74602 15.86667 117.5915 14.94392 119.55139 14.94392 curveto
117.5915 14.94392 115.74602 14.02118 114.57008 12.45326 curveto stroke
 0.49814 0 dtransform exch truncate exch idtransform pop setlinewidth
newpath 59.7757 0 moveto
59.7757 149.43924 lineto stroke
 0 0.49814 dtransform truncate idtransform setlinewidth pop
newpath 57.28503 144.45793 moveto
58.85295 145.63387 59.7757 147.47935 59.7757 149.43924 curveto
59.7757 147.47935 60.69844 145.63387 62.26636 144.45793 curveto stroke
 0.49814 0 dtransform exch truncate exch idtransform pop setlinewidth
newpath 14.94392 12.9514 moveto
14.94392 16.93645 lineto stroke
newpath 29.88785 12.9514 moveto
29.88785 16.93645 lineto stroke
newpath 44.83177 12.9514 moveto
44.83177 16.93645 lineto stroke
newpath 74.71962 12.9514 moveto
74.71962 16.93645 lineto stroke
newpath 89.66354 12.9514 moveto
89.66354 16.93645 lineto stroke
newpath 104.60747 12.9514 moveto
104.60747 16.93645 lineto stroke
 0 0.49814 dtransform truncate idtransform setlinewidth pop
newpath 61.76822 29.88785 moveto
57.78317 29.88785 lineto stroke
newpath 61.76822 44.83177 moveto
57.78317 44.83177 lineto stroke
newpath 61.76822 59.7757 moveto
57.78317 59.7757 lineto stroke
newpath 61.76822 74.71962 moveto
57.78317 74.71962 lineto stroke
newpath 61.76822 89.66354 moveto
57.78317 89.66354 lineto stroke
newpath 61.76822 104.60747 moveto
57.78317 104.60747 lineto stroke
newpath 61.76822 119.55139 moveto
57.78317 119.55139 lineto stroke
newpath 61.76822 134.49532 moveto
57.78317 134.49532 lineto stroke
 0 1.24533 dtransform truncate idtransform setlinewidth pop
newpath 14.94392 134.49532 moveto
15.4253 131.82422 15.9233 129.15608 16.43796 126.49113 curveto
16.91977 123.9963 17.41824 121.50444 17.93335 119.01622 curveto
18.4147 116.69012 18.91295 114.36768 19.42737 112.04865 curveto
19.90897 109.87784 20.40698 107.71045 20.9214 105.54716 curveto
21.40323 103.52115 21.90123 101.49901 22.41544 99.48122 curveto
22.8977 97.58882 23.39616 95.7003 23.91083 93.81636 curveto
24.39287 92.05167 24.89088 90.2913 25.40485 88.53572 curveto
25.88713 86.88869 26.38513 85.24622 26.89888 83.60876 curveto
27.38115 82.07118 27.8794 80.53885 28.39291 79.01154 curveto
28.87587 77.57497 29.37456 76.1441 29.8883 74.71825 curveto
30.37103 73.3786 30.86928 72.04465 31.38232 70.71638 curveto
31.86552 69.46567 32.36353 68.2211 32.87636 66.98224 curveto
33.35954 65.81451 33.85802 64.6534 34.37039 63.49823 curveto
34.85449 62.40712 35.35318 61.32263 35.86578 60.24452 curveto
36.34966 59.22661 36.84811 58.216 37.3598 57.21178 curveto
37.84413 56.26135 38.34238 55.31801 38.85384 54.38173 curveto
39.33908 53.49335 39.838 52.61272 40.34923 51.73914 curveto
40.83447 50.91026 41.3327 50.08914 41.84326 49.27554 curveto
42.32895 48.5014 42.82742 47.73546 43.3373 46.97704 curveto
43.82344 46.25397 44.3219 45.53934 44.83131 44.83246 curveto
45.3186 44.15636 45.8173 43.48892 46.3267 42.82947 curveto
46.81401 42.19853 47.31247 41.57669 47.82074 40.96262 curveto
48.30872 40.37317 48.80695 39.79285 49.31477 39.2205 curveto
49.80319 38.67004 50.30167 38.12848 50.80879 37.59514 curveto
51.29837 37.08047 51.79729 36.57472 52.30418 36.0774 curveto
52.79376 35.59717 53.29222 35.12561 53.79822 34.66249 curveto
54.28847 34.21373 54.78694 33.77386 55.29225 33.34222 curveto
55.78296 32.92311 56.28142 32.51266 56.78627 32.11041 curveto
57.27812 31.71844 57.77705 31.33513 58.28166 30.96002 curveto
58.77351 30.59427 59.27199 30.23718 59.7757 29.88785 curveto
60.26823 29.54626 60.76646 29.21289 61.26973 28.88727 curveto
61.76317 28.56804 62.2621 28.257 62.76512 27.95305 curveto
63.25856 27.65501 63.75703 27.36496 64.25914 27.08199 curveto
64.75305 26.80356 65.25128 26.53313 65.75317 26.2693 curveto
66.24753 26.00935 66.74577 25.75716 67.24721 25.51111 curveto
67.74225 25.26826 68.24117 25.03249 68.7426 24.80286 curveto
69.23764 24.5762 69.73589 24.35684 70.23662 24.14296 curveto
70.7319 23.93135 71.23013 23.72635 71.73065 23.52705 curveto
72.22638 23.32959 72.72462 23.13828 73.22469 22.95244 curveto
73.7211 22.76796 74.21979 22.58919 74.72008 22.41566 curveto
75.21626 22.2435 75.7145 22.07704 76.2141 21.91537 curveto
76.71051 21.75461 77.20853 21.59932 77.70813 21.4486 curveto
78.20477 21.29878 78.70277 21.15399 79.20216 21.01329 curveto
79.69948 20.87329 80.19795 20.73784 80.69756 20.60649 curveto
81.19443 20.47585 81.69266 20.34975 82.19159 20.2273 curveto
82.68867 20.1053 83.18669 19.98787 83.68561 19.87363 curveto
84.18317 19.75984 84.68185 19.6497 85.181 19.54321 curveto
85.67833 19.43695 86.17635 19.3348 86.67503 19.23538 curveto
87.17236 19.13641 87.67036 19.04065 88.16907 18.94806 curveto
88.66661 18.85548 89.16463 18.76633 89.66309 18.6799 curveto
90.1611 18.59349 90.65956 18.51025 91.15848 18.42953 curveto
91.65604 18.34904 92.15405 18.27151 92.65251 18.19626 curveto
93.15007 18.12125 93.64807 18.04872 94.14655 17.9785 curveto
94.64432 17.9085 95.14233 17.84077 95.64056 17.77533 curveto
96.13881 17.70988 96.63727 17.64671 97.13596 17.5856 curveto
97.63374 17.52449 98.13176 17.46567 98.62999 17.40866 curveto
99.12778 17.35165 99.62578 17.29669 100.12402 17.24356 curveto
101.61804 17.08965 lineto
102.11629 17.03995 102.61475 16.99228 103.11343 16.946 curveto
104.60747 16.81192 lineto stroke
newpath 101.75858 18.55829 moveto
102.38043 17.56024 103.43591 16.91324 104.60747 16.81192 curveto
103.43591 16.91324 102.28503 16.45706 101.50104 15.58063 curveto stroke
newpath 14.0033 131.28888 moveto
14.80399 132.15009 15.15248 133.33803 14.94392 134.49532 curveto
15.15248 133.33803 15.89374 132.34647 16.9447 131.81894 curveto stroke
showpage
%%EOF
