%!PS
%%BoundingBox: -1 -1 120 165 
%%HiResBoundingBox: -0.24907 -0.24907 119.80046 164.63223 
%%Creator: MetaPost 1.9991
%%CreationDate: 2017.08.07:2143
%%Pages: 1
%%BeginProlog
%%EndProlog
%%Page: 1 1
 0 0 0 setrgbcolor
newpath 59.7757 61.76822 moveto
59.24722 61.76822 58.74046 61.55826 58.36679 61.1846 curveto
57.99313 60.81093 57.78317 60.30417 57.78317 59.7757 curveto
57.78317 59.24722 57.99313 58.74046 58.36679 58.36679 curveto
58.74046 57.99313 59.24722 57.78317 59.7757 57.78317 curveto
60.30417 57.78317 60.81093 57.99313 61.1846 58.36679 curveto
61.55826 58.74046 61.76822 59.24722 61.76822 59.7757 curveto
61.76822 60.30417 61.55826 60.81093 61.1846 61.1846 curveto
60.81093 61.55826 60.30417 61.76822 59.7757 61.76822 curveto closepath fill
newpath 74.71962 31.88037 moveto
74.19115 31.88037 73.68439 31.67041 73.31071 31.29675 curveto
72.93706 30.92308 72.7271 30.41632 72.7271 29.88785 curveto
72.7271 29.35938 72.93706 28.85262 73.31071 28.47894 curveto
73.68439 28.10529 74.19115 27.89532 74.71962 27.89532 curveto
75.2481 27.89532 75.75485 28.10529 76.12852 28.47894 curveto
76.50218 28.85262 76.71214 29.35938 76.71214 29.88785 curveto
76.71214 30.41632 76.50218 30.92308 76.12852 31.29675 curveto
75.75485 31.67041 75.2481 31.88037 74.71962 31.88037 curveto closepath fill
newpath 89.66354 21.91722 moveto
89.13507 21.91722 88.62831 21.70726 88.25464 21.3336 curveto
87.88098 20.95993 87.67102 20.45317 87.67102 19.9247 curveto
87.67102 19.39622 87.88098 18.88947 88.25464 18.5158 curveto
88.62831 18.14214 89.13507 17.93217 89.66354 17.93217 curveto
90.19202 17.93217 90.69878 18.14214 91.07245 18.5158 curveto
91.4461 18.88947 91.65607 19.39622 91.65607 19.9247 curveto
91.65607 20.45317 91.4461 20.95993 91.07245 21.3336 curveto
90.69878 21.70726 90.19202 21.91722 89.66354 21.91722 curveto closepath fill
 0 0.49814 dtransform truncate idtransform setlinewidth pop [] 0 setdash
 1 setlinecap 1 setlinejoin 10 setmiterlimit
newpath 0 14.94392 moveto
119.55139 14.94392 lineto stroke
newpath 114.57008 17.43459 moveto
115.74602 15.86667 117.5915 14.94392 119.55139 14.94392 curveto
117.5915 14.94392 115.74602 14.02118 114.57008 12.45326 curveto stroke
 0.49814 0 dtransform exch truncate exch idtransform pop setlinewidth
newpath 59.7757 0 moveto
59.7757 164.38316 lineto stroke
 0 0.49814 dtransform truncate idtransform setlinewidth pop
newpath 57.28503 159.40186 moveto
58.85295 160.57779 59.7757 162.42328 59.7757 164.38316 curveto
59.7757 162.42328 60.69844 160.57779 62.26636 159.40186 curveto stroke
 0.49814 0 dtransform exch truncate exch idtransform pop setlinewidth
newpath 14.94392 12.9514 moveto
14.94392 16.93645 lineto stroke
newpath 29.88785 12.9514 moveto
29.88785 16.93645 lineto stroke
newpath 44.83177 12.9514 moveto
44.83177 16.93645 lineto stroke
newpath 74.71962 12.9514 moveto
74.71962 16.93645 lineto stroke
newpath 89.66354 12.9514 moveto
89.66354 16.93645 lineto stroke
newpath 104.60747 12.9514 moveto
104.60747 16.93645 lineto stroke
 0 0.49814 dtransform truncate idtransform setlinewidth pop
newpath 61.76822 29.88785 moveto
57.78317 29.88785 lineto stroke
newpath 61.76822 44.83177 moveto
57.78317 44.83177 lineto stroke
newpath 61.76822 59.7757 moveto
57.78317 59.7757 lineto stroke
newpath 61.76822 74.71962 moveto
57.78317 74.71962 lineto stroke
newpath 61.76822 89.66354 moveto
57.78317 89.66354 lineto stroke
newpath 61.76822 104.60747 moveto
57.78317 104.60747 lineto stroke
newpath 61.76822 119.55139 moveto
57.78317 119.55139 lineto stroke
newpath 61.76822 134.49532 moveto
57.78317 134.49532 lineto stroke
newpath 61.76822 149.43924 moveto
57.78317 149.43924 lineto stroke
 0 1.24533 dtransform truncate idtransform setlinewidth pop
newpath 44.08453 157.03433 moveto
44.56042 152.05287 45.0639 147.07439 45.5952 142.09862 curveto
46.07155 137.63774 46.57526 133.18005 47.1068 128.72534 curveto
47.5829 124.7351 48.0864 120.74854 48.61746 116.76537 curveto
49.09358 113.19402 49.59729 109.62633 50.12814 106.06273 curveto
50.6047 102.86398 51.10864 99.66956 51.63972 96.47948 curveto
52.11607 93.61798 52.61978 90.7608 53.15039 87.90889 curveto
53.62697 85.34723 54.13068 82.7906 54.66107 80.23946 curveto
55.13832 77.9446 55.64226 75.65521 56.17265 73.37198 curveto
56.64969 71.31837 57.15363 69.27094 57.68333 67.23033 curveto
58.16104 65.39015 58.6652 63.55705 59.19492 61.73125 curveto
59.67262 60.08421 60.17679 58.4447 60.70558 56.8134 curveto
61.18399 55.33784 61.68793 53.87073 62.21626 52.41228 curveto
62.69557 51.08926 63.19974 49.7756 63.72784 48.47153 curveto
64.20761 47.2867 64.71155 46.11191 65.23853 44.94739 curveto
65.71896 43.88524 66.22313 42.83403 66.74919 41.79355 curveto
67.23102 40.84062 67.73563 39.89934 68.26077 38.96968 curveto
68.74329 38.1155 69.24768 37.27385 69.77145 36.44429 curveto
70.25533 35.67789 70.75972 34.92494 71.28212 34.18431 curveto
71.7676 33.49614 72.27245 32.82208 72.79372 32.16081 curveto
73.28032 31.54355 73.78471 30.94064 74.30438 30.35097 curveto
74.79236 29.79709 75.29698 29.25758 75.81506 28.73152 curveto
76.30508 28.23398 76.80994 27.75124 77.32664 27.28151 curveto
77.81781 26.83504 78.32243 26.40338 78.83731 25.9845 curveto
79.3303 25.58362 79.83516 25.19734 80.3489 24.82338 curveto
80.84303 24.46379 81.34743 24.11856 81.85957 23.78496 curveto
82.35507 23.46207 82.85947 23.15332 83.37025 22.85551 curveto
83.86734 22.56593 84.37173 22.28934 84.88184 22.02345 curveto
85.37962 21.76396 85.88379 21.51678 86.3925 21.2794 curveto
86.8912 21.04659 87.39537 20.82541 87.90318 20.61334 curveto
88.40302 20.4047 88.90741 20.20677 89.41476 20.01704 curveto
89.91505 19.83006 90.41899 19.65335 90.92545 19.48393 curveto
91.4262 19.31633 91.93013 19.15808 92.43611 19.00667 curveto
92.93777 18.85663 93.44194 18.7148 93.9477 18.57935 curveto
94.44936 18.44504 94.9533 18.31825 95.45837 18.19717 curveto
95.96048 18.07678 96.4642 17.96344 96.96904 17.85513 curveto
97.47185 17.74728 97.97578 17.64603 98.48064 17.54912 curveto
98.9832 17.45267 99.48691 17.36191 99.9913 17.27527 curveto
100.49432 17.18884 100.99828 17.10744 101.50288 17.0299 curveto
102.00592 16.9526 102.5094 16.8801 103.01357 16.81078 curveto
103.51659 16.74168 104.0203 16.67647 104.52423 16.61444 curveto
105.02773 16.55241 105.53166 16.49428 106.03583 16.43863 curveto
106.53908 16.38322 107.04256 16.33124 107.5465 16.28152 curveto
108.04974 16.23204 108.55347 16.18553 109.05717 16.14107 curveto
109.56088 16.0966 110.06482 16.05487 110.56876 16.0152 curveto
111.07224 15.97551 111.57571 15.9379 112.07944 15.90254 curveto stroke
newpath 109.2026 17.60251 moveto
109.84058 16.61467 110.90639 15.98486 112.07944 15.90254 curveto
110.90639 15.98486 109.76306 15.51009 108.99338 14.62106 curveto stroke
newpath 42.88112 153.91699 moveto
43.7505 154.7088 44.19635 155.86372 44.08453 157.03433 curveto
44.19635 155.86372 44.8528 154.81409 45.85637 154.2012 curveto stroke
showpage
%%EOF
