%!PS
%%BoundingBox: -1 -1 135 173 
%%HiResBoundingBox: -0.24907 -0.24907 134.74438 172.10419 
%%Creator: MetaPost 1.9991
%%CreationDate: 2017.08.08:1215
%%Pages: 1
%%BeginProlog
%%EndProlog
%%Page: 1 1
 0 0 0 setrgbcolor 0 0.49814 dtransform truncate idtransform setlinewidth pop
 [] 0 setdash 1 setlinecap 1 setlinejoin 10 setmiterlimit
newpath 0 48.56775 moveto
134.49532 48.56775 lineto stroke
newpath 129.514 51.05841 moveto
130.68994 49.4905 132.53543 48.56775 134.49532 48.56775 curveto
132.53543 48.56775 130.68994 47.645 129.514 46.07709 curveto stroke
 0.49814 0 dtransform exch truncate exch idtransform pop setlinewidth
newpath 59.7757 0 moveto
59.7757 171.85512 lineto stroke
 0 0.49814 dtransform truncate idtransform setlinewidth pop
newpath 57.28503 166.87381 moveto
58.85295 168.04974 59.7757 169.89523 59.7757 171.85512 curveto
59.7757 169.89523 60.69844 168.04974 62.26636 166.87381 curveto stroke
 0.49814 0 dtransform exch truncate exch idtransform pop setlinewidth
newpath 14.94392 46.57523 moveto
14.94392 50.56027 lineto stroke
newpath 29.88785 46.57523 moveto
29.88785 50.56027 lineto stroke
newpath 44.83177 46.57523 moveto
44.83177 50.56027 lineto stroke
newpath 74.71962 46.57523 moveto
74.71962 50.56027 lineto stroke
newpath 89.66354 46.57523 moveto
89.66354 50.56027 lineto stroke
newpath 104.60747 46.57523 moveto
104.60747 50.56027 lineto stroke
newpath 119.55139 46.57523 moveto
119.55139 50.56027 lineto stroke
 0 0.49814 dtransform truncate idtransform setlinewidth pop
newpath 61.76822 3.73598 moveto
57.78317 3.73598 lineto stroke
newpath 61.76822 18.6799 moveto
57.78317 18.6799 lineto stroke
newpath 61.76822 33.62383 moveto
57.78317 33.62383 lineto stroke
newpath 61.76822 63.51167 moveto
57.78317 63.51167 lineto stroke
newpath 61.76822 78.4556 moveto
57.78317 78.4556 lineto stroke
newpath 61.76822 93.39952 moveto
57.78317 93.39952 lineto stroke
newpath 61.76822 108.34344 moveto
57.78317 108.34344 lineto stroke
newpath 61.76822 123.28737 moveto
57.78317 123.28737 lineto stroke
newpath 61.76822 138.2313 moveto
57.78317 138.2313 lineto stroke
newpath 61.76822 153.17522 moveto
57.78317 153.17522 lineto stroke
 0 1.24533 dtransform truncate idtransform setlinewidth pop
newpath 7.47195 49.88847 moveto
8.96599 49.98334 lineto
10.46002 50.08481 lineto
11.95564 50.19403 lineto
13.44966 50.31055 lineto
14.9437 50.43575 lineto
16.43773 50.56982 lineto
16.93642 50.6161 17.43488 50.66377 17.93312 50.71347 curveto
19.42714 50.86739 lineto
19.92538 50.92052 20.42339 50.97548 20.92117 51.03249 curveto
21.41942 51.0895 21.91742 51.14832 22.4152 51.20943 curveto
22.9139 51.27054 23.41258 51.33371 23.91083 51.39915 curveto
24.40906 51.4646 24.90707 51.53232 25.40485 51.60233 curveto
25.90332 51.67255 26.40132 51.74507 26.89888 51.82008 curveto
27.39734 51.89534 27.89536 51.97287 28.39291 52.05336 curveto
28.89183 52.13408 29.39029 52.21732 29.8883 52.30373 curveto
30.38676 52.39015 30.88478 52.47931 31.38232 52.57188 curveto
31.88103 52.66447 32.37903 52.76024 32.87636 52.8592 curveto
33.37505 52.95862 33.87306 53.06078 34.37039 53.16704 curveto
34.86977 53.27353 35.36823 53.38367 35.86601 53.49745 curveto
36.36493 53.6117 36.86295 53.72913 37.36003 53.85112 curveto
37.85896 53.97357 38.3572 54.09967 38.85406 54.23032 curveto
39.35321 54.36143 39.85123 54.49666 40.3481 54.63667 curveto
40.84793 54.77759 41.34639 54.9226 41.84349 55.07265 curveto
42.3431 55.22337 42.84111 55.37866 43.33751 55.53943 curveto
43.83713 55.7011 44.33536 55.86755 44.83154 56.03972 curveto
45.33138 56.21301 45.82962 56.39156 46.32558 56.5758 curveto
46.82632 56.76187 47.32501 56.95319 47.8212 57.15088 curveto
48.32172 57.35017 48.81995 57.55518 49.31522 57.76678 curveto
49.81596 57.98067 50.31421 58.20026 50.80925 58.42691 curveto
51.31023 58.65631 51.80869 58.89186 52.30328 59.13448 curveto
52.80516 59.38075 53.30386 59.63318 53.79868 59.89336 curveto
54.30055 60.15718 54.7988 60.42761 55.2927 60.70604 curveto
55.79482 60.98901 56.29327 61.27907 56.78673 61.5771 curveto
57.28929 61.88083 57.78777 62.19164 58.28076 62.51064 curveto
58.78447 62.83672 59.28339 63.17009 59.77638 63.51213 curveto
60.28009 63.86147 60.77855 64.21878 61.2704 64.58453 curveto
61.77457 64.95941 62.27304 65.34227 62.76443 65.7338 curveto
63.26929 66.13603 63.76775 66.54625 64.25847 66.96536 curveto
64.76422 67.39746 65.26315 67.83778 65.75386 68.287 curveto
66.25984 68.75012 66.75832 69.22168 67.24788 69.7019 curveto
67.75433 70.19878 68.25279 70.70407 68.74191 71.21828 curveto
69.24904 71.75163 69.74751 72.29318 70.23595 72.84364 curveto
70.74422 73.41644 71.24313 73.99745 71.73157 74.58736 curveto
72.23984 75.20143 72.7383 75.82372 73.22559 76.45467 curveto
73.73454 77.11343 74.23302 77.78018 74.71962 78.4556 curveto
75.22903 79.16248 75.7275 79.8771 76.21365 80.60019 curveto
76.72397 81.35928 77.22289 82.12613 77.70905 82.90097 curveto
78.21936 83.71457 78.71783 84.53546 79.20306 85.36433 curveto
79.71408 86.23721 80.21231 87.11717 80.6971 88.00488 curveto
81.20833 88.94115 81.7068 89.88426 82.19113 90.83469 curveto
82.7035 91.84006 83.2022 92.8518 83.68675 93.87085 curveto
84.1989 94.94781 84.69713 96.0314 85.18077 97.1216 curveto
85.69315 98.27678 86.19162 99.43788 86.6748 100.6056 curveto
87.18764 101.84424 87.68587 103.0888 88.16884 104.33954 curveto
88.68234 105.66916 89.18105 107.00424 89.66423 108.34528 curveto
90.17752 109.76974 90.67575 111.19948 91.15825 112.63467 curveto
91.67177 114.16199 92.17001 115.69432 92.65228 117.2319 curveto
93.16603 118.86935 93.66426 120.51184 94.14632 122.15887 curveto
94.66074 123.91649 95.15942 125.67868 95.64194 127.4452 curveto
96.15613 129.32756 96.65414 131.21425 97.13596 133.10504 curveto
97.65016 135.12283 98.14816 137.14497 98.62999 139.17099 curveto
99.14441 141.33427 99.64243 143.50166 100.12402 145.67247 curveto
100.6389 147.99377 101.13736 150.31851 101.61942 152.64688 curveto
102.13406 155.13283 102.63208 157.6224 103.11343 160.11496 curveto
103.6281 162.7799 104.1261 165.44804 104.60747 168.11914 curveto stroke
newpath 102.60669 165.44276 moveto
103.65765 165.97029 104.39891 166.96185 104.60747 168.11914 curveto
104.39891 166.96185 104.7474 165.77391 105.5481 164.9127 curveto stroke
newpath 10.54666 48.57994 moveto
9.7848 49.47571 8.64568 49.9605 7.47195 49.88847 curveto
8.64568 49.9605 9.717 50.58093 10.36359 51.56313 curveto stroke
newpath 44.83177 58.03224 moveto
44.3033 58.03224 43.79654 57.82228 43.42287 57.44862 curveto
43.04921 57.07495 42.83925 56.56819 42.83925 56.03972 curveto
42.83925 55.51125 43.04921 55.00449 43.42287 54.63081 curveto
43.79654 54.25716 44.3033 54.0472 44.83177 54.0472 curveto
45.36024 54.0472 45.867 54.25716 46.24068 54.63081 curveto
46.61433 55.00449 46.8243 55.51125 46.8243 56.03972 curveto
46.8243 56.56819 46.61433 57.07495 46.24068 57.44862 curveto
45.867 57.82228 45.36024 58.03224 44.83177 58.03224 curveto closepath fill
newpath 59.7757 65.5042 moveto
59.24722 65.5042 58.74046 65.29424 58.36679 64.92058 curveto
57.99313 64.5469 57.78317 64.04015 57.78317 63.51167 curveto
57.78317 62.9832 57.99313 62.47644 58.36679 62.10277 curveto
58.74046 61.72911 59.24722 61.51915 59.7757 61.51915 curveto
60.30417 61.51915 60.81093 61.72911 61.1846 62.10277 curveto
61.55826 62.47644 61.76822 62.9832 61.76822 63.51167 curveto
61.76822 64.04015 61.55826 64.5469 61.1846 64.92058 curveto
60.81093 65.29424 60.30417 65.5042 59.7757 65.5042 curveto closepath fill
newpath 74.71962 80.44812 moveto
74.19115 80.44812 73.68439 80.23816 73.31071 79.8645 curveto
72.93706 79.49083 72.7271 78.98407 72.7271 78.4556 curveto
72.7271 77.92712 72.93706 77.42036 73.31071 77.04669 curveto
73.68439 76.67303 74.19115 76.46307 74.71962 76.46307 curveto
75.2481 76.46307 75.75485 76.67303 76.12852 77.04669 curveto
76.50218 77.42036 76.71214 77.92712 76.71214 78.4556 curveto
76.71214 78.98407 76.50218 79.49083 76.12852 79.8645 curveto
75.75485 80.23816 75.2481 80.44812 74.71962 80.44812 curveto closepath fill
showpage
%%EOF
