%!PS
%%BoundingBox: -1 -1 150 120 
%%HiResBoundingBox: -0.24907 -0.24907 149.68831 119.80046 
%%Creator: MetaPost 1.9991
%%CreationDate: 2017.08.08:1215
%%Pages: 1
%%BeginProlog
%%EndProlog
%%Page: 1 1
 0 0 0 setrgbcolor
newpath 44.83177 46.8243 moveto
44.3033 46.8243 43.79654 46.61433 43.42287 46.24068 curveto
43.04921 45.867 42.83925 45.36024 42.83925 44.83177 curveto
42.83925 44.3033 43.04921 43.79654 43.42287 43.42287 curveto
43.79654 43.04921 44.3033 42.83925 44.83177 42.83925 curveto
45.36024 42.83925 45.867 43.04921 46.24068 43.42287 curveto
46.61433 43.79654 46.8243 44.3033 46.8243 44.83177 curveto
46.8243 45.36024 46.61433 45.867 46.24068 46.24068 curveto
45.867 46.61433 45.36024 46.8243 44.83177 46.8243 curveto closepath fill
newpath 29.88785 61.76822 moveto
29.35938 61.76822 28.85262 61.55826 28.47894 61.1846 curveto
28.10529 60.81093 27.89532 60.30417 27.89532 59.7757 curveto
27.89532 59.24722 28.10529 58.74046 28.47894 58.36679 curveto
28.85262 57.99313 29.35938 57.78317 29.88785 57.78317 curveto
30.41632 57.78317 30.92308 57.99313 31.29675 58.36679 curveto
31.67041 58.74046 31.88037 59.24722 31.88037 59.7757 curveto
31.88037 60.30417 31.67041 60.81093 31.29675 61.1846 curveto
30.92308 61.55826 30.41632 61.76822 29.88785 61.76822 curveto closepath fill
newpath 22.4159 76.71214 moveto
21.88742 76.71214 21.38066 76.50218 21.00699 76.12852 curveto
20.63333 75.75485 20.42337 75.2481 20.42337 74.71962 curveto
20.42337 74.19115 20.63333 73.68439 21.00699 73.31071 curveto
21.38066 72.93706 21.88742 72.7271 22.4159 72.7271 curveto
22.94437 72.7271 23.45113 72.93706 23.8248 73.31071 curveto
24.19846 73.68439 24.40842 74.19115 24.40842 74.71962 curveto
24.40842 75.2481 24.19846 75.75485 23.8248 76.12852 curveto
23.45113 76.50218 22.94437 76.71214 22.4159 76.71214 curveto closepath fill
 0 0.49814 dtransform truncate idtransform setlinewidth pop [] 0 setdash
 1 setlinecap 1 setlinejoin 10 setmiterlimit
newpath 0 59.7757 moveto
149.43924 59.7757 lineto stroke
newpath 144.45793 62.26636 moveto
145.63387 60.69844 147.47935 59.7757 149.43924 59.7757 curveto
147.47935 59.7757 145.63387 58.85295 144.45793 57.28503 curveto stroke
 0.49814 0 dtransform exch truncate exch idtransform pop setlinewidth
newpath 14.94392 0 moveto
14.94392 119.55139 lineto stroke
 0 0.49814 dtransform truncate idtransform setlinewidth pop
newpath 12.45326 114.57008 moveto
14.02118 115.74602 14.94392 117.5915 14.94392 119.55139 curveto
14.94392 117.5915 15.86667 115.74602 17.43459 114.57008 curveto stroke
newpath 16.93645 14.94392 moveto
12.9514 14.94392 lineto stroke
newpath 16.93645 29.88785 moveto
12.9514 29.88785 lineto stroke
newpath 16.93645 44.83177 moveto
12.9514 44.83177 lineto stroke
newpath 16.93645 74.71962 moveto
12.9514 74.71962 lineto stroke
newpath 16.93645 89.66354 moveto
12.9514 89.66354 lineto stroke
newpath 16.93645 104.60747 moveto
12.9514 104.60747 lineto stroke
 0.49814 0 dtransform exch truncate exch idtransform pop setlinewidth
newpath 29.88785 57.78317 moveto
29.88785 61.76822 lineto stroke
newpath 44.83177 57.78317 moveto
44.83177 61.76822 lineto stroke
newpath 59.7757 57.78317 moveto
59.7757 61.76822 lineto stroke
newpath 74.71962 57.78317 moveto
74.71962 61.76822 lineto stroke
newpath 89.66354 57.78317 moveto
89.66354 61.76822 lineto stroke
newpath 104.60747 57.78317 moveto
104.60747 61.76822 lineto stroke
newpath 119.55139 57.78317 moveto
119.55139 61.76822 lineto stroke
newpath 134.49532 57.78317 moveto
134.49532 61.76822 lineto stroke
 0 1.24533 dtransform truncate idtransform setlinewidth pop
newpath 134.49532 14.94392 moveto
131.82422 15.4253 129.15608 15.9233 126.49113 16.43796 curveto
123.9963 16.91977 121.50444 17.41824 119.01622 17.93335 curveto
116.69012 18.4147 114.36768 18.91295 112.04865 19.42737 curveto
109.87784 19.90897 107.71045 20.40698 105.54716 20.9214 curveto
103.52115 21.40323 101.49901 21.90123 99.48122 22.41544 curveto
97.58882 22.8977 95.7003 23.39616 93.81636 23.91083 curveto
92.05167 24.39287 90.2913 24.89088 88.53572 25.40485 curveto
86.88869 25.88713 85.24622 26.38513 83.60876 26.89888 curveto
82.07118 27.38115 80.53885 27.8794 79.01154 28.39291 curveto
77.57497 28.87587 76.1441 29.37456 74.71825 29.8883 curveto
73.3786 30.37103 72.04465 30.86928 70.71638 31.38232 curveto
69.46567 31.86552 68.2211 32.36353 66.98224 32.87636 curveto
65.81451 33.35954 64.6534 33.85802 63.49823 34.37039 curveto
62.40712 34.85449 61.32263 35.35318 60.24452 35.86578 curveto
59.22661 36.34966 58.216 36.84811 57.21178 37.3598 curveto
56.26135 37.84413 55.31801 38.34238 54.38173 38.85384 curveto
53.49335 39.33908 52.61272 39.838 51.73914 40.34923 curveto
50.91026 40.83447 50.08914 41.3327 49.27554 41.84326 curveto
48.5014 42.32895 47.73546 42.82742 46.97704 43.3373 curveto
46.25397 43.82344 45.53934 44.3219 44.83246 44.83131 curveto
44.15636 45.3186 43.48892 45.8173 42.82947 46.3267 curveto
42.19853 46.81401 41.57669 47.31247 40.96262 47.82074 curveto
40.37317 48.30872 39.79285 48.80695 39.2205 49.31477 curveto
38.67004 49.80319 38.12848 50.30167 37.59514 50.80879 curveto
37.08047 51.29837 36.57472 51.79729 36.0774 52.30418 curveto
35.59717 52.79376 35.12561 53.29222 34.66249 53.79822 curveto
34.21373 54.28847 33.77386 54.78694 33.34222 55.29225 curveto
32.92311 55.78296 32.51266 56.28142 32.11041 56.78627 curveto
31.71844 57.27812 31.33513 57.77705 30.96002 58.28166 curveto
30.59427 58.77351 30.23718 59.27199 29.88785 59.7757 curveto
29.54626 60.26823 29.21289 60.76646 28.88727 61.26973 curveto
28.56804 61.76317 28.257 62.2621 27.95305 62.76512 curveto
27.65501 63.25856 27.36496 63.75703 27.08199 64.25914 curveto
26.80356 64.75305 26.53313 65.25128 26.2693 65.75317 curveto
26.00935 66.24753 25.75716 66.74577 25.51111 67.24721 curveto
25.26826 67.74225 25.03249 68.24117 24.80286 68.7426 curveto
24.5762 69.23764 24.35684 69.73589 24.14296 70.23662 curveto
23.93135 70.7319 23.72635 71.23013 23.52705 71.73065 curveto
23.32959 72.22638 23.13828 72.72462 22.95244 73.22469 curveto
22.76796 73.7211 22.58919 74.21979 22.41566 74.72008 curveto
22.2435 75.21626 22.07704 75.7145 21.91537 76.2141 curveto
21.75461 76.71051 21.59932 77.20853 21.4486 77.70813 curveto
21.29878 78.20477 21.15399 78.70277 21.01329 79.20216 curveto
20.87329 79.69948 20.73784 80.19795 20.60649 80.69756 curveto
20.47585 81.19443 20.34975 81.69266 20.2273 82.19159 curveto
20.1053 82.68867 19.98787 83.18669 19.87363 83.68561 curveto
19.75984 84.18317 19.6497 84.68185 19.54321 85.181 curveto
19.43695 85.67833 19.3348 86.17635 19.23538 86.67503 curveto
19.13641 87.17236 19.04065 87.67036 18.94806 88.16907 curveto
18.85548 88.66661 18.76633 89.16463 18.6799 89.66309 curveto
18.59349 90.1611 18.51025 90.65956 18.42953 91.15848 curveto
18.34904 91.65604 18.27151 92.15405 18.19626 92.65251 curveto
18.12125 93.15007 18.04872 93.64807 17.9785 94.14655 curveto
17.9085 94.64432 17.84077 95.14233 17.77533 95.64056 curveto
17.70988 96.13881 17.64671 96.63727 17.5856 97.13596 curveto
17.52449 97.63374 17.46567 98.13176 17.40866 98.62999 curveto
17.35165 99.12778 17.29669 99.62578 17.24356 100.12402 curveto
17.08965 101.61804 lineto
17.03995 102.11629 16.99228 102.61475 16.946 103.11343 curveto
16.81192 104.60747 lineto stroke
newpath 15.58063 101.50104 moveto
16.45706 102.28503 16.91324 103.43591 16.81192 104.60747 curveto
16.91324 103.43591 17.56024 102.38043 18.55829 101.75858 curveto stroke
newpath 131.81894 16.9447 moveto
132.34647 15.89374 133.33803 15.15248 134.49532 14.94392 curveto
133.33803 15.15248 132.15009 14.80399 131.28888 14.0033 curveto stroke
showpage
%%EOF
