%!PS
%%BoundingBox: -1 -1 195 135 
%%HiResBoundingBox: -0.24907 -0.24907 194.52008 134.74438 
%%Creator: MetaPost 1.9991
%%CreationDate: 2017.08.08:1215
%%Pages: 1
%%BeginProlog
%%EndProlog
%%Page: 1 1
 0 0 0 setrgbcolor 0 0.49814 dtransform truncate idtransform setlinewidth pop
 [] 0 setdash 1 setlinecap 1 setlinejoin 10 setmiterlimit
newpath 0 59.7757 moveto
194.27101 59.7757 lineto stroke
newpath 189.2897 62.26636 moveto
190.46564 60.69844 192.31113 59.7757 194.27101 59.7757 curveto
192.31113 59.7757 190.46564 58.85295 189.2897 57.28503 curveto stroke
 0.49814 0 dtransform exch truncate exch idtransform pop setlinewidth
newpath 59.7757 0 moveto
59.7757 134.49532 lineto stroke
 0 0.49814 dtransform truncate idtransform setlinewidth pop
newpath 57.28503 129.514 moveto
58.85295 130.68994 59.7757 132.53543 59.7757 134.49532 curveto
59.7757 132.53543 60.69844 130.68994 62.26636 129.514 curveto stroke
newpath 61.76822 14.94392 moveto
57.78317 14.94392 lineto stroke
newpath 61.76822 29.88785 moveto
57.78317 29.88785 lineto stroke
newpath 61.76822 44.83177 moveto
57.78317 44.83177 lineto stroke
newpath 61.76822 74.71962 moveto
57.78317 74.71962 lineto stroke
newpath 61.76822 89.66354 moveto
57.78317 89.66354 lineto stroke
newpath 61.76822 104.60747 moveto
57.78317 104.60747 lineto stroke
newpath 61.76822 119.55139 moveto
57.78317 119.55139 lineto stroke
 0.49814 0 dtransform exch truncate exch idtransform pop setlinewidth
newpath 14.94392 57.78317 moveto
14.94392 61.76822 lineto stroke
newpath 29.88785 57.78317 moveto
29.88785 61.76822 lineto stroke
newpath 44.83177 57.78317 moveto
44.83177 61.76822 lineto stroke
newpath 74.71962 57.78317 moveto
74.71962 61.76822 lineto stroke
newpath 89.66354 57.78317 moveto
89.66354 61.76822 lineto stroke
newpath 104.60747 57.78317 moveto
104.60747 61.76822 lineto stroke
newpath 119.55139 57.78317 moveto
119.55139 61.76822 lineto stroke
newpath 134.49532 57.78317 moveto
134.49532 61.76822 lineto stroke
newpath 149.43924 57.78317 moveto
149.43924 61.76822 lineto stroke
newpath 164.38316 57.78317 moveto
164.38316 61.76822 lineto stroke
newpath 179.32709 57.78317 moveto
179.32709 61.76822 lineto stroke
 0 1.24533 dtransform truncate idtransform setlinewidth pop
newpath 61.09642 7.47195 moveto
61.19128 8.96645 lineto
61.29298 10.46092 lineto
61.40175 11.95518 lineto
61.5185 13.44966 lineto
61.64369 14.94415 lineto
61.77777 16.43863 lineto
61.92142 17.93312 lineto
61.97113 18.43135 62.02222 18.92937 62.07533 19.42737 curveto
62.12846 19.92584 62.18343 20.42384 62.24043 20.92186 curveto
62.29744 21.42032 62.35626 21.91833 62.41737 22.41634 curveto
62.47849 22.91481 62.54166 23.41304 62.6071 23.91083 curveto
62.67255 24.40929 62.74026 24.90753 62.81027 25.4053 curveto
62.8805 25.90378 62.95279 26.40178 63.02803 26.89957 curveto
63.10329 27.39803 63.18105 27.89627 63.26154 28.39404 curveto
63.34225 28.89275 63.42548 29.39075 63.51167 29.88853 curveto
63.5981 30.38722 63.68726 30.88547 63.77983 31.38301 curveto
63.87242 31.88126 63.96819 32.3788 64.06715 32.8759 curveto
64.16656 33.37482 64.26872 33.87306 64.37498 34.37039 curveto
64.48148 34.86931 64.59138 35.36754 64.70517 35.86487 curveto
64.81941 36.36401 64.93707 36.86203 65.05907 37.35936 curveto
65.18152 37.8585 65.30739 38.3565 65.43805 38.8536 curveto
65.56938 39.35298 65.7046 39.85123 65.84462 40.3481 curveto
65.9853 40.84747 66.13033 41.3457 66.28036 41.84258 curveto
66.43132 42.34218 66.58638 42.84042 66.74715 43.33707 curveto
66.90881 43.8369 67.0755 44.33513 67.24767 44.83154 curveto
67.42096 45.3316 67.59927 45.82985 67.78375 46.3258 curveto
67.96982 46.8261 68.16113 47.32433 68.3586 47.82028 curveto
68.55812 48.3208 68.76312 48.81926 68.97473 49.31477 curveto
69.18861 49.8155 69.4082 50.31398 69.63486 50.80925 curveto
69.86426 51.31046 70.09981 51.80891 70.34265 52.30373 curveto
70.5887 52.80516 70.8409 53.30363 71.10085 53.79799 curveto
71.36467 54.29988 71.63533 54.79834 71.91376 55.29248 curveto
72.19696 55.79482 72.48679 56.29327 72.78505 56.78696 curveto
73.08878 57.28975 73.39981 57.78822 73.71904 58.28143 curveto
74.04466 58.7847 74.37804 59.28339 74.71962 59.77592 curveto
75.06895 60.27963 75.4265 60.77809 75.79225 61.27017 curveto
76.16736 61.77457 76.55022 62.27304 76.94196 62.76466 curveto
77.34421 63.26952 77.75465 63.7682 78.174 64.25914 curveto
78.60564 64.76468 79.04596 65.26315 79.49472 65.75363 curveto
79.95784 66.25961 80.4294 66.75832 80.90985 67.24811 curveto
81.40694 67.75479 81.91225 68.25325 82.42668 68.74237 curveto
82.96025 69.24973 83.50182 69.7482 84.0525 70.23685 curveto
84.62485 70.74467 85.20563 71.24336 85.79507 71.73134 curveto
86.40938 72.23984 87.03166 72.7383 87.66284 73.22581 curveto
88.32184 73.73477 88.98882 74.23347 89.66446 74.7203 curveto
90.37157 75.22972 91.0862 75.72841 91.8095 76.21455 curveto
92.56815 76.72466 93.33453 77.22311 94.10892 77.70905 curveto
94.92274 78.21959 95.7441 78.71829 96.5732 79.20352 curveto
97.4463 79.71454 98.32649 80.213 99.21442 80.69801 curveto
100.15001 81.20901 101.09244 81.70703 102.04218 82.1909 curveto
103.04663 82.70282 104.0577 83.20128 105.07584 83.68538 curveto
106.15326 84.19775 107.23706 84.696 108.32748 85.17987 curveto
109.4829 85.69247 110.64445 86.19093 111.81241 86.67435 curveto
113.05128 87.18718 114.29607 87.68541 115.54703 88.16861 curveto
116.87573 88.68188 118.20992 89.18013 119.55002 89.66309 curveto
120.97496 90.1766 122.4049 90.67484 123.84056 91.15758 curveto
125.36833 91.67131 126.90114 92.16956 128.43893 92.65205 curveto
130.07686 93.16603 131.71979 93.66426 133.3675 94.14655 curveto
135.12354 94.6605 136.88412 95.15875 138.64905 95.6408 curveto
140.53185 96.155 142.41922 96.65323 144.31047 97.13528 curveto
146.32896 97.6497 148.35155 98.14795 150.37802 98.62976 curveto
152.54199 99.1442 154.70984 99.64243 156.88133 100.12425 curveto
159.20103 100.6389 161.52463 101.13713 163.85141 101.61873 curveto
166.3378 102.13338 168.82762 102.63162 171.32063 103.11299 curveto
173.98625 103.62787 176.6553 104.1261 179.32709 104.60747 curveto
182.18448 105.12234 185.04507 105.62059 187.90817 106.10194 curveto stroke
newpath 184.71298 107.08012 moveto
185.56474 106.26936 186.74852 105.90697 187.90817 106.10194 curveto
186.74852 105.90697 185.74834 105.17738 185.20853 104.13268 curveto stroke
newpath 62.77103 10.36362 moveto
61.78885 9.717 61.16843 8.64568 61.09642 7.47195 curveto
61.16843 8.64568 60.68362 9.7848 59.78784 10.54663 curveto stroke
newpath 67.24767 46.8243 moveto
66.7192 46.8243 66.21243 46.61433 65.83876 46.24068 curveto
65.4651 45.867 65.25514 45.36024 65.25514 44.83177 curveto
65.25514 44.3033 65.4651 43.79654 65.83876 43.42287 curveto
66.21243 43.04921 66.7192 42.83925 67.24767 42.83925 curveto
67.77614 42.83925 68.2829 43.04921 68.65657 43.42287 curveto
69.03023 43.79654 69.24019 44.3033 69.24019 44.83177 curveto
69.24019 45.36024 69.03023 45.867 68.65657 46.24068 curveto
68.2829 46.61433 67.77614 46.8243 67.24767 46.8243 curveto closepath fill
newpath 74.71962 61.76822 moveto
74.19115 61.76822 73.68439 61.55826 73.31071 61.1846 curveto
72.93706 60.81093 72.7271 60.30417 72.7271 59.7757 curveto
72.7271 59.24722 72.93706 58.74046 73.31071 58.36679 curveto
73.68439 57.99313 74.19115 57.78317 74.71962 57.78317 curveto
75.2481 57.78317 75.75485 57.99313 76.12852 58.36679 curveto
76.50218 58.74046 76.71214 59.24722 76.71214 59.7757 curveto
76.71214 60.30417 76.50218 60.81093 76.12852 61.1846 curveto
75.75485 61.55826 75.2481 61.76822 74.71962 61.76822 curveto closepath fill
newpath 89.66354 76.71214 moveto
89.13507 76.71214 88.62831 76.50218 88.25464 76.12852 curveto
87.88098 75.75485 87.67102 75.2481 87.67102 74.71962 curveto
87.67102 74.19115 87.88098 73.68439 88.25464 73.31071 curveto
88.62831 72.93706 89.13507 72.7271 89.66354 72.7271 curveto
90.19202 72.7271 90.69878 72.93706 91.07245 73.31071 curveto
91.4461 73.68439 91.65607 74.19115 91.65607 74.71962 curveto
91.65607 75.2481 91.4461 75.75485 91.07245 76.12852 curveto
90.69878 76.50218 90.19202 76.71214 89.66354 76.71214 curveto closepath fill
showpage
%%EOF
