%!PS
%%BoundingBox: -1 -1 130 104 
%%HiResBoundingBox: -0.24907 -0.24907 129.76308 103.86028 
%%Creator: MetaPost 1.9991
%%CreationDate: 2017.08.08:1215
%%Pages: 1
%%BeginProlog
%%EndProlog
%%Page: 1 1
 0 0 0 setrgbcolor 0 0.49814 dtransform truncate idtransform setlinewidth pop
 [] 0 setdash 1 setlinecap 1 setlinejoin 10 setmiterlimit
newpath 0 51.8056 moveto
129.514 51.8056 lineto stroke
newpath 124.5327 54.29626 moveto
125.70863 52.72835 127.55412 51.8056 129.514 51.8056 curveto
127.55412 51.8056 125.70863 50.88286 124.5327 49.31494 curveto stroke
 0.49814 0 dtransform exch truncate exch idtransform pop setlinewidth
newpath 12.9514 0 moveto
12.9514 103.6112 lineto stroke
 0 0.49814 dtransform truncate idtransform setlinewidth pop
newpath 10.46074 98.6299 moveto
12.02866 99.80583 12.9514 101.65132 12.9514 103.6112 curveto
12.9514 101.65132 13.87415 99.80583 15.44206 98.6299 curveto stroke
newpath 14.94392 12.9514 moveto
10.95888 12.9514 lineto stroke
newpath 14.94392 25.9028 moveto
10.95888 25.9028 lineto stroke
newpath 14.94392 38.8542 moveto
10.95888 38.8542 lineto stroke
newpath 14.94392 64.757 moveto
10.95888 64.757 lineto stroke
newpath 14.94392 77.7084 moveto
10.95888 77.7084 lineto stroke
newpath 14.94392 90.6598 moveto
10.95888 90.6598 lineto stroke
 0.49814 0 dtransform exch truncate exch idtransform pop setlinewidth
newpath 25.9028 49.81308 moveto
25.9028 53.79813 lineto stroke
newpath 38.8542 49.81308 moveto
38.8542 53.79813 lineto stroke
newpath 51.8056 49.81308 moveto
51.8056 53.79813 lineto stroke
newpath 64.757 49.81308 moveto
64.757 53.79813 lineto stroke
newpath 77.7084 49.81308 moveto
77.7084 53.79813 lineto stroke
newpath 90.6598 49.81308 moveto
90.6598 53.79813 lineto stroke
newpath 103.6112 49.81308 moveto
103.6112 53.79813 lineto stroke
newpath 116.5626 49.81308 moveto
116.5626 53.79813 lineto stroke
 0 1.24533 dtransform truncate idtransform setlinewidth pop
newpath 129.11264 41.57408 moveto
124.11377 41.97487 119.11748 42.40509 114.12375 42.86476 curveto
109.7707 43.26553 105.42024 43.69556 101.07294 44.15503 curveto
97.27937 44.55602 93.48917 44.98624 89.70232 45.44571 curveto
86.39847 45.84668 83.09818 46.27672 79.80202 46.736 curveto
76.92226 47.13716 74.04684 47.56738 71.17578 48.02666 curveto
68.66736 48.42784 66.16328 48.85806 63.66475 49.31694 curveto
61.47804 49.7185 59.29669 50.14893 57.12126 50.60762 curveto
55.215 51.00958 53.31485 51.4402 51.42142 51.89848 curveto
49.76021 52.30064 48.10591 52.73087 46.45912 53.18857 curveto
45.00975 53.59152 43.5683 54.02214 42.13533 54.47943 curveto
40.87154 54.88278 39.61682 55.3132 38.37122 55.76952 curveto
37.26749 56.17386 36.17365 56.60468 35.09029 57.0604 curveto
34.12746 57.46532 33.1755 57.89613 32.23503 58.35046 curveto
31.39336 58.75699 30.56413 59.18819 29.74677 59.64134 curveto
29.01122 60.04924 28.2887 60.48026 27.57924 60.93202 curveto
26.93637 61.3413 26.30792 61.7725 25.69273 62.22209 curveto
25.1299 62.63354 24.58209 63.06476 24.04811 63.51297 curveto
23.55603 63.926 23.07956 64.35721 22.61693 64.80305 curveto
22.18591 65.21846 21.7709 65.64986 21.36954 66.09392 curveto
20.99248 66.51091 20.6318 66.94232 20.284 67.384 curveto
19.95396 67.80336 19.63954 68.23477 19.33777 68.67488 curveto
19.04904 69.09601 18.77554 69.52722 18.51369 69.96555 curveto
18.26132 70.38806 18.02359 70.81927 17.79633 71.25583 curveto
17.57558 71.67993 17.36827 72.11095 17.17084 72.5465 curveto
16.97816 72.97179 16.79793 73.4026 16.62659 73.83678 curveto
16.45842 74.26324 16.3013 74.69386 16.1523 75.12746 curveto
16.00546 75.55452 15.8691 75.98514 15.73965 76.41772 curveto
15.6116 76.84578 15.49164 77.276 15.37979 77.7084 curveto stroke
newpath 14.68147 74.44061 moveto
15.41556 75.35925 15.67427 76.56993 15.37979 77.7084 curveto
15.67427 76.56993 16.48758 75.63657 17.57506 75.18909 curveto stroke
newpath 126.25288 43.30257 moveto
126.88097 42.30846 127.94048 41.66808 129.11264 41.57408 curveto
127.94048 41.66808 126.79247 41.2047 126.01399 40.32335 curveto stroke
newpath 90.6598 47.32242 moveto
90.13133 47.32242 89.62457 47.11246 89.2509 46.7388 curveto
88.87724 46.36513 88.66728 45.85837 88.66728 45.3299 curveto
88.66728 44.80142 88.87724 44.29466 89.2509 43.92099 curveto
89.62457 43.54733 90.13133 43.33737 90.6598 43.33737 curveto
91.18828 43.33737 91.69504 43.54733 92.06871 43.92099 curveto
92.44237 44.29466 92.65233 44.80142 92.65233 45.3299 curveto
92.65233 45.85837 92.44237 46.36513 92.06871 46.7388 curveto
91.69504 47.11246 91.18828 47.32242 90.6598 47.32242 curveto closepath fill
newpath 51.8056 53.79813 moveto
51.27713 53.79813 50.77037 53.58817 50.3967 53.21451 curveto
50.02304 52.84084 49.81308 52.33408 49.81308 51.8056 curveto
49.81308 51.27713 50.02304 50.77037 50.3967 50.3967 curveto
50.77037 50.02304 51.27713 49.81308 51.8056 49.81308 curveto
52.33408 49.81308 52.84084 50.02304 53.21451 50.3967 curveto
53.58817 50.77037 53.79813 51.27713 53.79813 51.8056 curveto
53.79813 52.33408 53.58817 52.84084 53.21451 53.21451 curveto
52.84084 53.58817 52.33408 53.79813 51.8056 53.79813 curveto closepath fill
newpath 32.37851 60.27383 moveto
31.85004 60.27383 31.34328 60.06387 30.9696 59.69022 curveto
30.59595 59.31654 30.38599 58.80978 30.38599 58.28131 curveto
30.38599 57.75284 30.59595 57.24608 30.9696 56.8724 curveto
31.34328 56.49875 31.85004 56.28879 32.37851 56.28879 curveto
32.90698 56.28879 33.41374 56.49875 33.78741 56.8724 curveto
34.16107 57.24608 34.37103 57.75284 34.37103 58.28131 curveto
34.37103 58.80978 34.16107 59.31654 33.78741 59.69022 curveto
33.41374 60.06387 32.90698 60.27383 32.37851 60.27383 curveto closepath fill
showpage
%%EOF
