%!PS
%%BoundingBox: -1 -1 130 78 
%%HiResBoundingBox: -0.24907 -0.24907 129.76308 77.95747 
%%Creator: MetaPost 1.9991
%%CreationDate: 2017.08.08:1215
%%Pages: 1
%%BeginProlog
%%EndProlog
%%Page: 1 1
 0 0 0 setrgbcolor 0 0.49814 dtransform truncate idtransform setlinewidth pop
 [] 0 setdash 1 setlinecap 1 setlinejoin 10 setmiterlimit
newpath 0 12.9514 moveto
129.514 12.9514 lineto stroke
newpath 124.5327 15.44206 moveto
125.70863 13.87415 127.55412 12.9514 129.514 12.9514 curveto
127.55412 12.9514 125.70863 12.02866 124.5327 10.46074 curveto stroke
 0.49814 0 dtransform exch truncate exch idtransform pop setlinewidth
newpath 12.9514 0 moveto
12.9514 77.7084 lineto stroke
 0 0.49814 dtransform truncate idtransform setlinewidth pop
newpath 10.46074 72.7271 moveto
12.02866 73.90303 12.9514 75.74852 12.9514 77.7084 curveto
12.9514 75.74852 13.87415 73.90303 15.44206 72.7271 curveto stroke
newpath 14.94392 25.9028 moveto
10.95888 25.9028 lineto stroke
newpath 14.94392 38.8542 moveto
10.95888 38.8542 lineto stroke
newpath 14.94392 51.8056 moveto
10.95888 51.8056 lineto stroke
newpath 14.94392 64.757 moveto
10.95888 64.757 lineto stroke
 0.49814 0 dtransform exch truncate exch idtransform pop setlinewidth
newpath 25.9028 10.95888 moveto
25.9028 14.94392 lineto stroke
newpath 38.8542 10.95888 moveto
38.8542 14.94392 lineto stroke
newpath 51.8056 10.95888 moveto
51.8056 14.94392 lineto stroke
newpath 64.757 10.95888 moveto
64.757 14.94392 lineto stroke
newpath 77.7084 10.95888 moveto
77.7084 14.94392 lineto stroke
newpath 90.6598 10.95888 moveto
90.6598 14.94392 lineto stroke
newpath 103.6112 10.95888 moveto
103.6112 14.94392 lineto stroke
newpath 116.5626 10.95888 moveto
116.5626 14.94392 lineto stroke
 0 1.24533 dtransform truncate idtransform setlinewidth pop
newpath 14.09604 29.14066 moveto
14.1488 29.57285 14.20552 30.00465 14.26639 30.43587 curveto
14.32745 30.86827 14.39188 31.30008 14.46184 31.7311 curveto
14.53198 32.16368 14.6063 32.59549 14.68652 33.02611 curveto
14.76715 33.45891 14.85234 33.89091 14.94443 34.32133 curveto
15.03711 34.75432 15.13513 35.18652 15.24086 35.61655 curveto
15.34738 36.05014 15.46002 36.48213 15.58136 36.91177 curveto
15.70389 37.34595 15.83333 37.77795 15.97246 38.20699 curveto
16.11356 38.64175 16.26218 39.07376 16.42166 39.50201 curveto
16.58391 39.93738 16.75465 40.36957 16.93745 40.79663 curveto
17.1244 41.23318 17.32065 41.66579 17.53032 42.09186 curveto
17.74553 42.52959 17.97122 42.96239 18.21114 43.38707 curveto
18.45915 43.82639 18.71883 44.25879 18.99332 44.6821 curveto
19.27948 45.12299 19.57768 45.55598 19.89171 45.97731 curveto
20.22174 46.42018 20.56482 46.85298 20.92389 47.27254 curveto
21.30472 47.71718 21.69897 48.15038 22.10944 48.56775 curveto
22.54875 49.01457 23.00209 49.44757 23.47125 49.86298 curveto
23.97815 50.31177 24.49908 50.74477 25.03543 51.15799 curveto
25.62039 51.60876 26.219 52.04176 26.83241 52.45322 curveto
27.5071 52.90596 28.19502 53.33856 28.89659 53.74843 curveto
29.67442 54.20276 30.46472 54.63536 31.26767 55.04366 curveto
32.16408 55.49937 33.07216 55.93176 33.9917 56.33887 curveto
35.02388 56.79578 36.06673 57.22798 37.12006 57.6339 curveto
38.30856 58.09178 39.50656 58.52419 40.71404 58.92911 curveto
42.08157 59.38779 43.45802 59.81999 44.84256 60.22433 curveto
46.41486 60.68361 47.99524 61.11542 49.58275 61.51895 curveto
51.39139 61.97862 53.20714 62.41083 55.02922 62.81398 curveto
57.10901 63.27425 59.19492 63.70624 61.28654 64.10919 curveto
63.6772 64.56985 66.07336 65.00166 68.47429 65.40442 curveto
71.22183 65.86526 73.97412 66.29707 76.73096 66.69963 curveto
79.88838 67.16069 83.05014 67.5925 86.21567 67.99486 curveto
89.84323 68.4559 93.47435 68.88771 97.10883 69.28987 curveto
101.27728 69.75113 105.4491 70.18294 109.62367 70.5851 curveto
114.41287 71.04654 119.20482 71.47815 123.99954 71.88031 curveto stroke
newpath 120.89629 73.11966 moveto
121.67801 72.24117 122.82771 71.78201 123.99954 71.88031 curveto
122.82771 71.78201 121.77057 71.13774 121.1461 70.1413 curveto stroke
newpath 15.94162 31.9263 moveto
14.9223 31.33997 14.23854 30.30792 14.09604 29.14066 curveto
14.23854 30.30792 13.82315 31.47415 12.97485 32.28851 curveto stroke
newpath 19.42711 47.32243 moveto
18.89864 47.32243 18.39188 47.11247 18.0182 46.73882 curveto
17.64455 46.36514 17.43459 45.85838 17.43459 45.32991 curveto
17.43459 44.80144 17.64455 44.29468 18.0182 43.921 curveto
18.39188 43.54735 18.89864 43.33739 19.42711 43.33739 curveto
19.95558 43.33739 20.46234 43.54735 20.83601 43.921 curveto
21.20967 44.29468 21.41963 44.80144 21.41963 45.32991 curveto
21.41963 45.85838 21.20967 46.36514 20.83601 46.73882 curveto
20.46234 47.11247 19.95558 47.32243 19.42711 47.32243 curveto closepath fill
newpath 25.9028 53.79813 moveto
25.37433 53.79813 24.86757 53.58817 24.4939 53.21451 curveto
24.12024 52.84084 23.91028 52.33408 23.91028 51.8056 curveto
23.91028 51.27713 24.12024 50.77037 24.4939 50.3967 curveto
24.86757 50.02304 25.37433 49.81308 25.9028 49.81308 curveto
26.43127 49.81308 26.93803 50.02304 27.3117 50.3967 curveto
27.68536 50.77037 27.89532 51.27713 27.89532 51.8056 curveto
27.89532 52.33408 27.68536 52.84084 27.3117 53.21451 curveto
26.93803 53.58817 26.43127 53.79813 25.9028 53.79813 curveto closepath fill
newpath 38.8542 60.27383 moveto
38.32573 60.27383 37.81897 60.06387 37.4453 59.69022 curveto
37.07164 59.31654 36.86168 58.80978 36.86168 58.28131 curveto
36.86168 57.75284 37.07164 57.24608 37.4453 56.8724 curveto
37.81897 56.49875 38.32573 56.28879 38.8542 56.28879 curveto
39.38268 56.28879 39.88943 56.49875 40.2631 56.8724 curveto
40.63676 57.24608 40.84673 57.75284 40.84673 58.28131 curveto
40.84673 58.80978 40.63676 59.31654 40.2631 59.69022 curveto
39.88943 60.06387 39.38268 60.27383 38.8542 60.27383 curveto closepath fill
showpage
%%EOF
