%!PS
%%BoundingBox: -1 -1 150 120 
%%HiResBoundingBox: -0.24907 -0.24907 149.68831 119.80046 
%%Creator: MetaPost 1.9991
%%CreationDate: 2017.08.08:1215
%%Pages: 1
%%BeginProlog
%%EndProlog
%%Page: 1 1
 0 0 0 setrgbcolor
newpath 20.44186 76.71214 moveto
19.91339 76.71214 19.40663 76.50218 19.03296 76.12852 curveto
18.6593 75.75485 18.44934 75.2481 18.44934 74.71962 curveto
18.44934 74.19115 18.6593 73.68439 19.03296 73.31071 curveto
19.40663 72.93706 19.91339 72.7271 20.44186 72.7271 curveto
20.97034 72.7271 21.4771 72.93706 21.85077 73.31071 curveto
22.22443 73.68439 22.43439 74.19115 22.43439 74.71962 curveto
22.43439 75.2481 22.22443 75.75485 21.85077 76.12852 curveto
21.4771 76.50218 20.97034 76.71214 20.44186 76.71214 curveto closepath fill
newpath 29.88785 61.76822 moveto
29.35938 61.76822 28.85262 61.55826 28.47894 61.1846 curveto
28.10529 60.81093 27.89532 60.30417 27.89532 59.7757 curveto
27.89532 59.24722 28.10529 58.74046 28.47894 58.36679 curveto
28.85262 57.99313 29.35938 57.78317 29.88785 57.78317 curveto
30.41632 57.78317 30.92308 57.99313 31.29675 58.36679 curveto
31.67041 58.74046 31.88037 59.24722 31.88037 59.7757 curveto
31.88037 60.30417 31.67041 60.81093 31.29675 61.1846 curveto
30.92308 61.55826 30.41632 61.76822 29.88785 61.76822 curveto closepath fill
newpath 55.56154 46.8243 moveto
55.03307 46.8243 54.5263 46.61433 54.15263 46.24068 curveto
53.77898 45.867 53.56902 45.36024 53.56902 44.83177 curveto
53.56902 44.3033 53.77898 43.79654 54.15263 43.42287 curveto
54.5263 43.04921 55.03307 42.83925 55.56154 42.83925 curveto
56.09001 42.83925 56.59677 43.04921 56.97044 43.42287 curveto
57.3441 43.79654 57.55406 44.3033 57.55406 44.83177 curveto
57.55406 45.36024 57.3441 45.867 56.97044 46.24068 curveto
56.59677 46.61433 56.09001 46.8243 55.56154 46.8243 curveto closepath fill
 0 0.49814 dtransform truncate idtransform setlinewidth pop [] 0 setdash
 1 setlinecap 1 setlinejoin 10 setmiterlimit
newpath 0 59.7757 moveto
149.43924 59.7757 lineto stroke
newpath 144.45793 62.26636 moveto
145.63387 60.69844 147.47935 59.7757 149.43924 59.7757 curveto
147.47935 59.7757 145.63387 58.85295 144.45793 57.28503 curveto stroke
 0.49814 0 dtransform exch truncate exch idtransform pop setlinewidth
newpath 14.94392 0 moveto
14.94392 119.55139 lineto stroke
 0 0.49814 dtransform truncate idtransform setlinewidth pop
newpath 12.45326 114.57008 moveto
14.02118 115.74602 14.94392 117.5915 14.94392 119.55139 curveto
14.94392 117.5915 15.86667 115.74602 17.43459 114.57008 curveto stroke
newpath 16.93645 14.94392 moveto
12.9514 14.94392 lineto stroke
newpath 16.93645 29.88785 moveto
12.9514 29.88785 lineto stroke
newpath 16.93645 44.83177 moveto
12.9514 44.83177 lineto stroke
newpath 16.93645 74.71962 moveto
12.9514 74.71962 lineto stroke
newpath 16.93645 89.66354 moveto
12.9514 89.66354 lineto stroke
newpath 16.93645 104.60747 moveto
12.9514 104.60747 lineto stroke
 0.49814 0 dtransform exch truncate exch idtransform pop setlinewidth
newpath 29.88785 57.78317 moveto
29.88785 61.76822 lineto stroke
newpath 44.83177 57.78317 moveto
44.83177 61.76822 lineto stroke
newpath 59.7757 57.78317 moveto
59.7757 61.76822 lineto stroke
newpath 74.71962 57.78317 moveto
74.71962 61.76822 lineto stroke
newpath 89.66354 57.78317 moveto
89.66354 61.76822 lineto stroke
newpath 104.60747 57.78317 moveto
104.60747 61.76822 lineto stroke
newpath 119.55139 57.78317 moveto
119.55139 61.76822 lineto stroke
newpath 134.49532 57.78317 moveto
134.49532 61.76822 lineto stroke
 0 1.24533 dtransform truncate idtransform setlinewidth pop
newpath 143.23465 27.64635 moveto
139.11581 28.12543 134.99994 28.62936 130.88725 29.15862 curveto
127.16199 29.63792 123.44038 30.14232 119.72195 30.6718 curveto
116.35721 31.15088 112.99632 31.65482 109.6391 32.18384 curveto
106.5954 32.66338 103.55559 33.16777 100.5201 33.69702 curveto
97.7701 34.17633 95.02467 34.6805 92.2838 35.20929 curveto
89.79625 35.68906 87.3135 36.19368 84.836 36.72247 curveto
82.58858 37.20224 80.34662 37.70618 78.11014 38.23451 curveto
76.0766 38.71474 74.049 39.21936 72.02731 39.7477 curveto
70.18965 40.22792 68.35814 40.73232 66.53348 41.25996 curveto
64.8714 41.74065 63.21616 42.24504 61.5682 42.77223 curveto
60.06415 43.25337 58.56761 43.75822 57.07906 44.28519 curveto
55.71889 44.76678 54.36714 45.27118 53.0236 45.79747 curveto
51.7925 46.27997 50.57005 46.78459 49.35672 47.31064 curveto
48.24304 47.79338 47.13895 48.298 46.04465 48.82292 curveto
45.03632 49.3068 44.03778 49.8114 43.04997 50.33586 curveto
42.13742 50.82019 41.2358 51.32504 40.3449 51.84814 curveto
39.51854 52.33337 38.7038 52.83823 37.90024 53.36041 curveto
37.1514 53.84702 36.41464 54.3521 35.68951 54.8736 curveto
35.01183 55.36111 34.34645 55.86574 33.69315 56.38564 curveto
33.07861 56.87474 32.47708 57.37982 31.88763 57.89882 curveto
31.33102 58.38884 30.78787 58.89369 30.25679 59.41109 curveto
29.7524 59.90271 29.26146 60.40779 28.78238 60.92427 curveto
28.32564 61.4168 27.88213 61.92165 27.4507 62.43631 curveto
27.03638 62.93044 26.63574 63.43552 26.24628 63.9495 curveto
25.87117 64.44453 25.5093 64.94939 25.15836 65.46176 curveto
24.8186 65.95795 24.49184 66.4628 24.17534 66.97403 curveto
23.86751 67.47157 23.57198 67.97643 23.28648 68.48698 curveto
23.00784 68.98521 22.74106 69.48984 22.48361 69.99925 curveto
22.23141 70.49863 21.98993 71.00348 21.75757 71.51244 curveto
21.52933 72.01227 21.31155 72.51666 21.10178 73.0247 curveto
20.89496 73.52545 20.69794 74.03008 20.50868 74.53766 curveto
20.3217 75.03864 20.14406 75.54324 19.97327 76.04993 curveto
19.80408 76.55136 19.64354 77.05597 19.48917 77.5622 curveto
19.33617 78.06453 19.19069 78.56915 19.05136 79.07538 curveto
18.91295 79.57748 18.78206 80.08188 18.65619 80.58742 curveto
18.531 81.09044 18.41243 81.59483 18.29865 82.1006 curveto
18.18555 82.60362 18.07837 83.10779 17.97575 83.61287 curveto
17.87338 84.11635 17.77669 84.62074 17.68388 85.12605 curveto
17.59154 85.6293 17.50374 86.13324 17.42006 86.63809 curveto
17.33638 87.1418 17.25748 87.6462 17.18178 88.15128 curveto
17.1063 88.65475 17.03447 89.15892 16.9663 89.66354 curveto stroke
newpath 15.88554 86.50157 moveto
16.72334 87.32674 17.12375 88.4982 16.9663 89.66354 curveto
17.12375 88.4982 17.82066 87.47499 18.84743 86.90175 curveto stroke
newpath 140.43855 29.47606 moveto
141.03067 28.4601 142.06659 27.78221 143.23465 27.64635 curveto
142.06659 27.78221 140.90274 27.36021 140.09322 26.50728 curveto stroke
showpage
%%EOF
