%!PS
%%BoundingBox: -1 -1 165 120 
%%HiResBoundingBox: -0.24907 -0.24907 164.63223 119.80046 
%%Creator: MetaPost 1.9991
%%CreationDate: 2017.08.08:1215
%%Pages: 1
%%BeginProlog
%%EndProlog
%%Page: 1 1
 0 0 0 setrgbcolor
newpath 59.7757 61.76822 moveto
59.24722 61.76822 58.74046 61.55826 58.36679 61.1846 curveto
57.99313 60.81093 57.78317 60.30417 57.78317 59.7757 curveto
57.78317 59.24722 57.99313 58.74046 58.36679 58.36679 curveto
58.74046 57.99313 59.24722 57.78317 59.7757 57.78317 curveto
60.30417 57.78317 60.81093 57.99313 61.1846 58.36679 curveto
61.55826 58.74046 61.76822 59.24722 61.76822 59.7757 curveto
61.76822 60.30417 61.55826 60.81093 61.1846 61.1846 curveto
60.81093 61.55826 60.30417 61.76822 59.7757 61.76822 curveto closepath fill
newpath 29.88785 76.71214 moveto
29.35938 76.71214 28.85262 76.50218 28.47894 76.12852 curveto
28.10529 75.75485 27.89532 75.2481 27.89532 74.71962 curveto
27.89532 74.19115 28.10529 73.68439 28.47894 73.31071 curveto
28.85262 72.93706 29.35938 72.7271 29.88785 72.7271 curveto
30.41632 72.7271 30.92308 72.93706 31.29675 73.31071 curveto
31.67041 73.68439 31.88037 74.19115 31.88037 74.71962 curveto
31.88037 75.2481 31.67041 75.75485 31.29675 76.12852 curveto
30.92308 76.50218 30.41632 76.71214 29.88785 76.71214 curveto closepath fill
newpath 19.9247 91.65607 moveto
19.39622 91.65607 18.88947 91.4461 18.5158 91.07245 curveto
18.14214 90.69878 17.93217 90.19202 17.93217 89.66354 curveto
17.93217 89.13507 18.14214 88.62831 18.5158 88.25464 curveto
18.88947 87.88098 19.39622 87.67102 19.9247 87.67102 curveto
20.45317 87.67102 20.95993 87.88098 21.3336 88.25464 curveto
21.70726 88.62831 21.91722 89.13507 21.91722 89.66354 curveto
21.91722 90.19202 21.70726 90.69878 21.3336 91.07245 curveto
20.95993 91.4461 20.45317 91.65607 19.9247 91.65607 curveto closepath fill
 0 0.49814 dtransform truncate idtransform setlinewidth pop [] 0 setdash
 1 setlinecap 1 setlinejoin 10 setmiterlimit
newpath 0 59.7757 moveto
164.38316 59.7757 lineto stroke
newpath 159.40186 62.26636 moveto
160.57779 60.69844 162.42328 59.7757 164.38316 59.7757 curveto
162.42328 59.7757 160.57779 58.85295 159.40186 57.28503 curveto stroke
 0.49814 0 dtransform exch truncate exch idtransform pop setlinewidth
newpath 14.94392 0 moveto
14.94392 119.55139 lineto stroke
 0 0.49814 dtransform truncate idtransform setlinewidth pop
newpath 12.45326 114.57008 moveto
14.02118 115.74602 14.94392 117.5915 14.94392 119.55139 curveto
14.94392 117.5915 15.86667 115.74602 17.43459 114.57008 curveto stroke
newpath 16.93645 14.94392 moveto
12.9514 14.94392 lineto stroke
newpath 16.93645 29.88785 moveto
12.9514 29.88785 lineto stroke
newpath 16.93645 44.83177 moveto
12.9514 44.83177 lineto stroke
newpath 16.93645 74.71962 moveto
12.9514 74.71962 lineto stroke
newpath 16.93645 89.66354 moveto
12.9514 89.66354 lineto stroke
newpath 16.93645 104.60747 moveto
12.9514 104.60747 lineto stroke
 0.49814 0 dtransform exch truncate exch idtransform pop setlinewidth
newpath 29.88785 57.78317 moveto
29.88785 61.76822 lineto stroke
newpath 44.83177 57.78317 moveto
44.83177 61.76822 lineto stroke
newpath 59.7757 57.78317 moveto
59.7757 61.76822 lineto stroke
newpath 74.71962 57.78317 moveto
74.71962 61.76822 lineto stroke
newpath 89.66354 57.78317 moveto
89.66354 61.76822 lineto stroke
newpath 104.60747 57.78317 moveto
104.60747 61.76822 lineto stroke
newpath 119.55139 57.78317 moveto
119.55139 61.76822 lineto stroke
newpath 134.49532 57.78317 moveto
134.49532 61.76822 lineto stroke
newpath 149.43924 57.78317 moveto
149.43924 61.76822 lineto stroke
 0 1.24533 dtransform truncate idtransform setlinewidth pop
newpath 157.03433 44.08453 moveto
152.05287 44.56042 147.07439 45.0639 142.09862 45.5952 curveto
137.63774 46.07155 133.18005 46.57526 128.72534 47.1068 curveto
124.7351 47.5829 120.74854 48.0864 116.76537 48.61746 curveto
113.19402 49.09358 109.62633 49.59729 106.06273 50.12814 curveto
102.86398 50.6047 99.66956 51.10864 96.47948 51.63972 curveto
93.61798 52.11607 90.7608 52.61978 87.90889 53.15039 curveto
85.34723 53.62697 82.7906 54.13068 80.23946 54.66107 curveto
77.9446 55.13832 75.65521 55.64226 73.37198 56.17265 curveto
71.31837 56.64969 69.27094 57.15363 67.23033 57.68333 curveto
65.39015 58.16104 63.55705 58.6652 61.73125 59.19492 curveto
60.08421 59.67262 58.4447 60.17679 56.8134 60.70558 curveto
55.33784 61.18399 53.87073 61.68793 52.41228 62.21626 curveto
51.08926 62.69557 49.7756 63.19974 48.47153 63.72784 curveto
47.2867 64.20761 46.11191 64.71155 44.94739 65.23853 curveto
43.88524 65.71896 42.83403 66.22313 41.79355 66.74919 curveto
40.84062 67.23102 39.89934 67.73563 38.96968 68.26077 curveto
38.1155 68.74329 37.27385 69.24768 36.44429 69.77145 curveto
35.67789 70.25533 34.92494 70.75972 34.18431 71.28212 curveto
33.49614 71.7676 32.82208 72.27245 32.16081 72.79372 curveto
31.54355 73.28032 30.94064 73.78471 30.35097 74.30438 curveto
29.79709 74.79236 29.25758 75.29698 28.73152 75.81506 curveto
28.23398 76.30508 27.75124 76.80994 27.28151 77.32664 curveto
26.83504 77.81781 26.40338 78.32243 25.9845 78.83731 curveto
25.58362 79.3303 25.19734 79.83516 24.82338 80.3489 curveto
24.46379 80.84303 24.11856 81.34743 23.78496 81.85957 curveto
23.46207 82.35507 23.15332 82.85947 22.85551 83.37025 curveto
22.56593 83.86734 22.28934 84.37173 22.02345 84.88184 curveto
21.76396 85.37962 21.51678 85.88379 21.2794 86.3925 curveto
21.04659 86.8912 20.82541 87.39537 20.61334 87.90318 curveto
20.4047 88.40302 20.20677 88.90741 20.01704 89.41476 curveto
19.83006 89.91505 19.65335 90.41899 19.48393 90.92545 curveto
19.31633 91.4262 19.15808 91.93013 19.00667 92.43611 curveto
18.85663 92.93777 18.7148 93.44194 18.57935 93.9477 curveto
18.44504 94.44936 18.31825 94.9533 18.19717 95.45837 curveto
18.07678 95.96048 17.96344 96.4642 17.85513 96.96904 curveto
17.74728 97.47185 17.64603 97.97578 17.54912 98.48064 curveto
17.45267 98.9832 17.36191 99.48691 17.27527 99.9913 curveto
17.18884 100.49432 17.10744 100.99828 17.0299 101.50288 curveto
16.9526 102.00592 16.8801 102.5094 16.81078 103.01357 curveto
16.74168 103.51659 16.67647 104.0203 16.61444 104.52423 curveto
16.55241 105.02773 16.49428 105.53166 16.43863 106.03583 curveto
16.38322 106.53908 16.33124 107.04256 16.28152 107.5465 curveto
16.23204 108.04974 16.18553 108.55347 16.14107 109.05717 curveto
16.0966 109.56088 16.05487 110.06482 16.0152 110.56876 curveto
15.97551 111.07224 15.9379 111.57571 15.90254 112.07944 curveto stroke
newpath 14.62106 108.99338 moveto
15.51009 109.76306 15.98486 110.90639 15.90254 112.07944 curveto
15.98486 110.90639 16.61467 109.84058 17.60251 109.2026 curveto stroke
newpath 154.2012 45.85637 moveto
154.81409 44.8528 155.86372 44.19635 157.03433 44.08453 curveto
155.86372 44.19635 154.7088 43.7505 153.91699 42.88112 curveto stroke
showpage
%%EOF
