%!PS
%%BoundingBox: -1 -1 90 105 
%%HiResBoundingBox: -0.24907 -0.24907 89.91261 104.85654 
%%Creator: MetaPost 1.9991
%%CreationDate: 2017.07.28:1113
%%Pages: 1
%%BeginProlog
%%EndProlog
%%Page: 1 1
 0 0 0 setrgbcolor 0 0.49814 dtransform truncate idtransform setlinewidth pop
 [] 0 setdash 1 setlinecap 1 setlinejoin 10 setmiterlimit
newpath 0 29.88785 moveto
89.66354 29.88785 lineto stroke
newpath 84.68224 32.37851 moveto
85.85817 30.8106 87.70366 29.88785 89.66354 29.88785 curveto
87.70366 29.88785 85.85817 28.9651 84.68224 27.39719 curveto stroke
 0.49814 0 dtransform exch truncate exch idtransform pop setlinewidth
newpath 44.83177 0 moveto
44.83177 104.60747 lineto stroke
 0 0.49814 dtransform truncate idtransform setlinewidth pop
newpath 42.34111 99.62616 moveto
43.90903 100.8021 44.83177 102.64758 44.83177 104.60747 curveto
44.83177 102.64758 45.75452 100.8021 47.32243 99.62616 curveto stroke
 0.49814 0 dtransform exch truncate exch idtransform pop setlinewidth
newpath 14.94392 27.89532 moveto
14.94392 31.88037 lineto stroke
newpath 29.88785 27.89532 moveto
29.88785 31.88037 lineto stroke
newpath 59.7757 27.89532 moveto
59.7757 31.88037 lineto stroke
newpath 74.71962 27.89532 moveto
74.71962 31.88037 lineto stroke
 0 0.49814 dtransform truncate idtransform setlinewidth pop
newpath 46.8243 14.94392 moveto
42.83925 14.94392 lineto stroke
newpath 46.8243 44.83177 moveto
42.83925 44.83177 lineto stroke
newpath 46.8243 59.7757 moveto
42.83925 59.7757 lineto stroke
newpath 46.8243 74.71962 moveto
42.83925 74.71962 lineto stroke
newpath 46.8243 89.66354 moveto
42.83925 89.66354 lineto stroke
newpath 14.94392 91.65607 moveto
14.41545 91.65607 13.90869 91.4461 13.53502 91.07245 curveto
13.16136 90.69878 12.9514 90.19202 12.9514 89.66354 curveto
12.9514 89.13507 13.16136 88.62831 13.53502 88.25464 curveto
13.90869 87.88098 14.41545 87.67102 14.94392 87.67102 curveto
15.4724 87.67102 15.97916 87.88098 16.35283 88.25464 curveto
16.72649 88.62831 16.93645 89.13507 16.93645 89.66354 curveto
16.93645 90.19202 16.72649 90.69878 16.35283 91.07245 curveto
15.97916 91.4461 15.4724 91.65607 14.94392 91.65607 curveto closepath fill
newpath 44.83177 46.8243 moveto
44.3033 46.8243 43.79654 46.61433 43.42287 46.24068 curveto
43.04921 45.867 42.83925 45.36024 42.83925 44.83177 curveto
42.83925 44.3033 43.04921 43.79654 43.42287 43.42287 curveto
43.79654 43.04921 44.3033 42.83925 44.83177 42.83925 curveto
45.36024 42.83925 45.867 43.04921 46.24068 43.42287 curveto
46.61433 43.79654 46.8243 44.3033 46.8243 44.83177 curveto
46.8243 45.36024 46.61433 45.867 46.24068 46.24068 curveto
45.867 46.61433 45.36024 46.8243 44.83177 46.8243 curveto closepath fill
newpath 74.71962 91.65607 moveto
74.19115 91.65607 73.68439 91.4461 73.31071 91.07245 curveto
72.93706 90.69878 72.7271 90.19202 72.7271 89.66354 curveto
72.7271 89.13507 72.93706 88.62831 73.31071 88.25464 curveto
73.68439 87.88098 74.19115 87.67102 74.71962 87.67102 curveto
75.2481 87.67102 75.75485 87.88098 76.12852 88.25464 curveto
76.50218 88.62831 76.71214 89.13507 76.71214 89.66354 curveto
76.71214 90.19202 76.50218 90.69878 76.12852 91.07245 curveto
75.75485 91.4461 75.2481 91.65607 74.71962 91.65607 curveto closepath fill
 0 1.24533 dtransform truncate idtransform setlinewidth pop
newpath 14.94392 89.66354 moveto
15.42963 87.71825 15.92763 85.77592 16.43796 83.83679 curveto
16.9241 81.98978 17.42166 80.14574 17.93289 78.30556 curveto
18.41814 76.55888 18.91545 74.81561 19.42693 73.07646 curveto
19.9117 71.42805 20.40926 69.78308 20.92186 68.14311 curveto
21.40573 66.59482 21.90283 65.05063 22.41588 63.51167 curveto
22.89908 62.06235 23.39616 60.6178 23.90991 59.17896 curveto
24.39241 57.82767 24.88974 56.48186 25.40485 55.14265 curveto
25.88622 53.89102 26.38309 52.64531 26.89888 51.4076 curveto
27.37956 50.25401 27.87666 49.10704 28.39381 47.96918 curveto
28.87314 46.91457 29.36977 45.86792 29.88785 44.83177 curveto
30.36624 43.87543 30.86243 42.92798 31.38188 41.99307 curveto
31.85936 41.13387 32.35577 40.28539 32.87682 39.45172 curveto
33.3527 38.69011 33.84889 37.9415 34.37085 37.21068 curveto
34.84605 36.5453 35.34247 35.89543 35.86578 35.26721 curveto
36.33984 34.69829 36.83603 34.1476 37.3598 33.62383 curveto
37.83388 33.14977 38.33029 32.69804 38.85384 32.27916 curveto
39.32927 31.8988 39.8266 31.54605 40.34877 31.23274 curveto
40.82695 30.94589 41.32495 30.69278 41.8428 30.48573 curveto
42.3269 30.29214 42.8265 30.13936 43.33774 30.0372 curveto
43.82982 29.93869 44.33011 29.88785 44.83177 29.88785 curveto
45.33344 29.88785 45.83372 29.93869 46.3258 30.0372 curveto
46.83704 30.13936 47.33664 30.29214 47.82074 30.48573 curveto
48.3386 30.69278 48.8366 30.94589 49.31477 31.23274 curveto
49.83694 31.54605 50.33427 31.8988 50.80971 32.27916 curveto
51.33325 32.69804 51.82967 33.14977 52.30374 33.62383 curveto
52.82751 34.1476 53.3237 34.69829 53.79776 35.26721 curveto
54.32108 35.89543 54.81749 36.5453 55.2927 37.21068 curveto
55.81465 37.9415 56.31084 38.69011 56.78673 39.45172 curveto
57.30777 40.28539 57.80418 41.13387 58.28166 41.99307 curveto
58.80112 42.92798 59.2973 43.87543 59.7757 44.83177 curveto
60.29378 45.86792 60.7904 46.91457 61.26973 47.96918 curveto
61.78688 49.10704 62.28398 50.25401 62.76466 51.4076 curveto
63.28046 52.64531 63.77733 53.89102 64.2587 55.14265 curveto
64.7738 56.48186 65.27113 57.82767 65.75363 59.17896 curveto
66.26738 60.6178 66.76447 62.06235 67.24767 63.51167 curveto
67.76071 65.05063 68.25781 66.59482 68.74168 68.14311 curveto
69.25429 69.78308 69.75185 71.42805 70.23662 73.07646 curveto
70.7481 74.81561 71.2454 76.55888 71.73065 78.30556 curveto
72.24188 80.14574 72.73944 81.98978 73.22559 83.83679 curveto
73.73592 85.77592 74.23392 87.71825 74.71962 89.66354 curveto stroke
 1 1 1 setrgbcolor
newpath 44.83177 31.88037 moveto
44.3033 31.88037 43.79654 31.67041 43.42287 31.29675 curveto
43.04921 30.92308 42.83925 30.41632 42.83925 29.88785 curveto
42.83925 29.35938 43.04921 28.85262 43.42287 28.47894 curveto
43.79654 28.10529 44.3033 27.89532 44.83177 27.89532 curveto
45.36024 27.89532 45.867 28.10529 46.24068 28.47894 curveto
46.61433 28.85262 46.8243 29.35938 46.8243 29.88785 curveto
46.8243 30.41632 46.61433 30.92308 46.24068 31.29675 curveto
45.867 31.67041 45.36024 31.88037 44.83177 31.88037 curveto closepath fill
 0 0 0 setrgbcolor
newpath 44.83177 31.88037 moveto
44.3033 31.88037 43.79654 31.67041 43.42287 31.29675 curveto
43.04921 30.92308 42.83925 30.41632 42.83925 29.88785 curveto
42.83925 29.35938 43.04921 28.85262 43.42287 28.47894 curveto
43.79654 28.10529 44.3033 27.89532 44.83177 27.89532 curveto
45.36024 27.89532 45.867 28.10529 46.24068 28.47894 curveto
46.61433 28.85262 46.8243 29.35938 46.8243 29.88785 curveto
46.8243 30.41632 46.61433 30.92308 46.24068 31.29675 curveto
45.867 31.67041 45.36024 31.88037 44.83177 31.88037 curveto stroke
showpage
%%EOF
