%!PS
%%BoundingBox: -1 -1 90 105 
%%HiResBoundingBox: -0.24907 -0.24907 89.91261 104.85654 
%%Creator: MetaPost 1.9991
%%CreationDate: 2017.07.28:1113
%%Pages: 1
%%BeginProlog
%%EndProlog
%%Page: 1 1
 0 0 0 setrgbcolor 0 0.49814 dtransform truncate idtransform setlinewidth pop
 [] 0 setdash 1 setlinecap 1 setlinejoin 10 setmiterlimit
newpath 0 29.88785 moveto
89.66354 29.88785 lineto stroke
newpath 84.68224 32.37851 moveto
85.85817 30.8106 87.70366 29.88785 89.66354 29.88785 curveto
87.70366 29.88785 85.85817 28.9651 84.68224 27.39719 curveto stroke
 0.49814 0 dtransform exch truncate exch idtransform pop setlinewidth
newpath 44.83177 0 moveto
44.83177 104.60747 lineto stroke
 0 0.49814 dtransform truncate idtransform setlinewidth pop
newpath 42.34111 99.62616 moveto
43.90903 100.8021 44.83177 102.64758 44.83177 104.60747 curveto
44.83177 102.64758 45.75452 100.8021 47.32243 99.62616 curveto stroke
 0.49814 0 dtransform exch truncate exch idtransform pop setlinewidth
newpath 14.94392 27.89532 moveto
14.94392 31.88037 lineto stroke
newpath 29.88785 27.89532 moveto
29.88785 31.88037 lineto stroke
newpath 59.7757 27.89532 moveto
59.7757 31.88037 lineto stroke
newpath 74.71962 27.89532 moveto
74.71962 31.88037 lineto stroke
 0 0.49814 dtransform truncate idtransform setlinewidth pop
newpath 46.8243 14.94392 moveto
42.83925 14.94392 lineto stroke
newpath 46.8243 44.83177 moveto
42.83925 44.83177 lineto stroke
newpath 46.8243 59.7757 moveto
42.83925 59.7757 lineto stroke
newpath 46.8243 74.71962 moveto
42.83925 74.71962 lineto stroke
newpath 46.8243 89.66354 moveto
42.83925 89.66354 lineto stroke
newpath 14.94392 31.88037 moveto
14.41545 31.88037 13.90869 31.67041 13.53502 31.29675 curveto
13.16136 30.92308 12.9514 30.41632 12.9514 29.88785 curveto
12.9514 29.35938 13.16136 28.85262 13.53502 28.47894 curveto
13.90869 28.10529 14.41545 27.89532 14.94392 27.89532 curveto
15.4724 27.89532 15.97916 28.10529 16.35283 28.47894 curveto
16.72649 28.85262 16.93645 29.35938 16.93645 29.88785 curveto
16.93645 30.41632 16.72649 30.92308 16.35283 31.29675 curveto
15.97916 31.67041 15.4724 31.88037 14.94392 31.88037 curveto closepath fill
newpath 44.83177 46.8243 moveto
44.3033 46.8243 43.79654 46.61433 43.42287 46.24068 curveto
43.04921 45.867 42.83925 45.36024 42.83925 44.83177 curveto
42.83925 44.3033 43.04921 43.79654 43.42287 43.42287 curveto
43.79654 43.04921 44.3033 42.83925 44.83177 42.83925 curveto
45.36024 42.83925 45.867 43.04921 46.24068 43.42287 curveto
46.61433 43.79654 46.8243 44.3033 46.8243 44.83177 curveto
46.8243 45.36024 46.61433 45.867 46.24068 46.24068 curveto
45.867 46.61433 45.36024 46.8243 44.83177 46.8243 curveto closepath fill
newpath 74.71962 31.88037 moveto
74.19115 31.88037 73.68439 31.67041 73.31071 31.29675 curveto
72.93706 30.92308 72.7271 30.41632 72.7271 29.88785 curveto
72.7271 29.35938 72.93706 28.85262 73.31071 28.47894 curveto
73.68439 28.10529 74.19115 27.89532 74.71962 27.89532 curveto
75.2481 27.89532 75.75485 28.10529 76.12852 28.47894 curveto
76.50218 28.85262 76.71214 29.35938 76.71214 29.88785 curveto
76.71214 30.41632 76.50218 30.92308 76.12852 31.29675 curveto
75.75485 31.67041 75.2481 31.88037 74.71962 31.88037 curveto closepath fill
 0 1.24533 dtransform truncate idtransform setlinewidth pop
newpath 14.94392 29.88785 moveto
15.42963 31.83315 15.92763 33.77547 16.43796 35.7146 curveto
16.9241 37.56161 17.42166 39.40565 17.93289 41.24583 curveto
18.41814 42.99251 18.91545 44.73578 19.42693 46.47493 curveto
19.9117 48.12334 20.40926 49.76831 20.92186 51.40828 curveto
21.40573 52.95657 21.90283 54.50076 22.41588 56.03972 curveto
22.89908 57.48904 23.39616 58.9336 23.90991 60.37244 curveto
24.39241 61.72372 24.88974 63.06953 25.40485 64.40874 curveto
25.88622 65.66037 26.38309 66.90608 26.89888 68.1438 curveto
27.37956 69.29738 27.87666 70.44435 28.39381 71.58221 curveto
28.87314 72.63683 29.36977 73.68347 29.88785 74.71962 curveto
30.36624 75.67596 30.86243 76.62341 31.38188 77.55832 curveto
31.85936 78.41753 32.35577 79.266 32.87682 80.09967 curveto
33.3527 80.86128 33.84889 81.6099 34.37085 82.34071 curveto
34.84605 83.00609 35.34247 83.65596 35.86578 84.28418 curveto
36.33984 84.8531 36.83603 85.4038 37.3598 85.92757 curveto
37.83388 86.40163 38.33029 86.85335 38.85384 87.27223 curveto
39.32927 87.65259 39.8266 88.00534 40.34877 88.31865 curveto
40.82695 88.6055 41.32495 88.85861 41.8428 89.06566 curveto
42.3269 89.25925 42.8265 89.41203 43.33774 89.51419 curveto
43.82982 89.6127 44.33011 89.66354 44.83177 89.66354 curveto
45.33344 89.66354 45.83372 89.6127 46.3258 89.51419 curveto
46.83704 89.41203 47.33664 89.25925 47.82074 89.06566 curveto
48.3386 88.85861 48.8366 88.6055 49.31477 88.31865 curveto
49.83694 88.00534 50.33427 87.65259 50.80971 87.27223 curveto
51.33325 86.85335 51.82967 86.40163 52.30374 85.92757 curveto
52.82751 85.4038 53.3237 84.8531 53.79776 84.28418 curveto
54.32108 83.65596 54.81749 83.00609 55.2927 82.34071 curveto
55.81465 81.6099 56.31084 80.86128 56.78673 80.09967 curveto
57.30777 79.266 57.80418 78.41753 58.28166 77.55832 curveto
58.80112 76.62341 59.2973 75.67596 59.7757 74.71962 curveto
60.29378 73.68347 60.7904 72.63683 61.26973 71.58221 curveto
61.78688 70.44435 62.28398 69.29738 62.76466 68.1438 curveto
63.28046 66.90608 63.77733 65.66037 64.2587 64.40874 curveto
64.7738 63.06953 65.27113 61.72372 65.75363 60.37244 curveto
66.26738 58.9336 66.76447 57.48904 67.24767 56.03972 curveto
67.76071 54.50076 68.25781 52.95657 68.74168 51.40828 curveto
69.25429 49.76831 69.75185 48.12334 70.23662 46.47493 curveto
70.7481 44.73578 71.2454 42.99251 71.73065 41.24583 curveto
72.24188 39.40565 72.73944 37.56161 73.22559 35.7146 curveto
73.73592 33.77547 74.23392 31.83315 74.71962 29.88785 curveto stroke
 1 1 1 setrgbcolor
newpath 44.83177 91.65607 moveto
44.3033 91.65607 43.79654 91.4461 43.42287 91.07245 curveto
43.04921 90.69878 42.83925 90.19202 42.83925 89.66354 curveto
42.83925 89.13507 43.04921 88.62831 43.42287 88.25464 curveto
43.79654 87.88098 44.3033 87.67102 44.83177 87.67102 curveto
45.36024 87.67102 45.867 87.88098 46.24068 88.25464 curveto
46.61433 88.62831 46.8243 89.13507 46.8243 89.66354 curveto
46.8243 90.19202 46.61433 90.69878 46.24068 91.07245 curveto
45.867 91.4461 45.36024 91.65607 44.83177 91.65607 curveto closepath fill
 0 0 0 setrgbcolor
newpath 44.83177 91.65607 moveto
44.3033 91.65607 43.79654 91.4461 43.42287 91.07245 curveto
43.04921 90.69878 42.83925 90.19202 42.83925 89.66354 curveto
42.83925 89.13507 43.04921 88.62831 43.42287 88.25464 curveto
43.79654 87.88098 44.3033 87.67102 44.83177 87.67102 curveto
45.36024 87.67102 45.867 87.88098 46.24068 88.25464 curveto
46.61433 88.62831 46.8243 89.13507 46.8243 89.66354 curveto
46.8243 90.19202 46.61433 90.69878 46.24068 91.07245 curveto
45.867 91.4461 45.36024 91.65607 44.83177 91.65607 curveto stroke
showpage
%%EOF
