%!PS
%%BoundingBox: -1 -1 90 105 
%%HiResBoundingBox: -0.24907 -0.24907 89.91261 104.85654 
%%Creator: MetaPost 1.9991
%%CreationDate: 2017.07.28:1113
%%Pages: 1
%%BeginProlog
%%EndProlog
%%Page: 1 1
 0 0 0 setrgbcolor 0 0.49814 dtransform truncate idtransform setlinewidth pop
 [] 0 setdash 1 setlinecap 1 setlinejoin 10 setmiterlimit
newpath 0 14.94392 moveto
89.66354 14.94392 lineto stroke
newpath 84.68224 17.43459 moveto
85.85817 15.86667 87.70366 14.94392 89.66354 14.94392 curveto
87.70366 14.94392 85.85817 14.02118 84.68224 12.45326 curveto stroke
 0.49814 0 dtransform exch truncate exch idtransform pop setlinewidth
newpath 44.83177 0 moveto
44.83177 104.60747 lineto stroke
 0 0.49814 dtransform truncate idtransform setlinewidth pop
newpath 42.34111 99.62616 moveto
43.90903 100.8021 44.83177 102.64758 44.83177 104.60747 curveto
44.83177 102.64758 45.75452 100.8021 47.32243 99.62616 curveto stroke
 0.49814 0 dtransform exch truncate exch idtransform pop setlinewidth
newpath 14.94392 12.9514 moveto
14.94392 16.93645 lineto stroke
newpath 29.88785 12.9514 moveto
29.88785 16.93645 lineto stroke
newpath 59.7757 12.9514 moveto
59.7757 16.93645 lineto stroke
newpath 74.71962 12.9514 moveto
74.71962 16.93645 lineto stroke
 0 0.49814 dtransform truncate idtransform setlinewidth pop
newpath 46.8243 29.88785 moveto
42.83925 29.88785 lineto stroke
newpath 46.8243 44.83177 moveto
42.83925 44.83177 lineto stroke
newpath 46.8243 59.7757 moveto
42.83925 59.7757 lineto stroke
newpath 46.8243 74.71962 moveto
42.83925 74.71962 lineto stroke
newpath 46.8243 89.66354 moveto
42.83925 89.66354 lineto stroke
newpath 14.94392 16.93645 moveto
14.41545 16.93645 13.90869 16.72649 13.53502 16.35283 curveto
13.16136 15.97916 12.9514 15.4724 12.9514 14.94392 curveto
12.9514 14.41545 13.16136 13.90869 13.53502 13.53502 curveto
13.90869 13.16136 14.41545 12.9514 14.94392 12.9514 curveto
15.4724 12.9514 15.97916 13.16136 16.35283 13.53502 curveto
16.72649 13.90869 16.93645 14.41545 16.93645 14.94392 curveto
16.93645 15.4724 16.72649 15.97916 16.35283 16.35283 curveto
15.97916 16.72649 15.4724 16.93645 14.94392 16.93645 curveto closepath fill
newpath 44.83177 91.65607 moveto
44.3033 91.65607 43.79654 91.4461 43.42287 91.07245 curveto
43.04921 90.69878 42.83925 90.19202 42.83925 89.66354 curveto
42.83925 89.13507 43.04921 88.62831 43.42287 88.25464 curveto
43.79654 87.88098 44.3033 87.67102 44.83177 87.67102 curveto
45.36024 87.67102 45.867 87.88098 46.24068 88.25464 curveto
46.61433 88.62831 46.8243 89.13507 46.8243 89.66354 curveto
46.8243 90.19202 46.61433 90.69878 46.24068 91.07245 curveto
45.867 91.4461 45.36024 91.65607 44.83177 91.65607 curveto closepath fill
newpath 74.71962 16.93645 moveto
74.19115 16.93645 73.68439 16.72649 73.31071 16.35283 curveto
72.93706 15.97916 72.7271 15.4724 72.7271 14.94392 curveto
72.7271 14.41545 72.93706 13.90869 73.31071 13.53502 curveto
73.68439 13.16136 74.19115 12.9514 74.71962 12.9514 curveto
75.2481 12.9514 75.75485 13.16136 76.12852 13.53502 curveto
76.50218 13.90869 76.71214 14.41545 76.71214 14.94392 curveto
76.71214 15.4724 76.50218 15.97916 76.12852 16.35283 curveto
75.75485 16.72649 75.2481 16.93645 74.71962 16.93645 curveto closepath fill
 0 1.24533 dtransform truncate idtransform setlinewidth pop
newpath 14.94392 14.94392 moveto
15.42963 16.88922 15.92763 18.83154 16.43796 20.77068 curveto
16.9241 22.61769 17.42166 24.46173 17.93289 26.30191 curveto
18.41814 28.04858 18.91545 29.79185 19.42693 31.531 curveto
19.9117 33.17941 20.40926 34.82439 20.92186 36.46436 curveto
21.40573 38.01265 21.90283 39.55684 22.41588 41.0958 curveto
22.89908 42.54512 23.39616 43.98967 23.90991 45.42851 curveto
24.39241 46.7798 24.88974 48.12561 25.40485 49.46481 curveto
25.88622 50.71645 26.38309 51.96216 26.89888 53.19987 curveto
27.37956 54.35345 27.87666 55.50043 28.39381 56.63829 curveto
28.87314 57.6929 29.36977 58.73955 29.88785 59.7757 curveto
30.36624 60.73204 30.86243 61.67949 31.38188 62.6144 curveto
31.85936 63.4736 32.35577 64.32208 32.87682 65.15575 curveto
33.3527 65.91736 33.84889 66.66597 34.37085 67.39679 curveto
34.84605 68.06216 35.34247 68.71204 35.86578 69.34026 curveto
36.33984 69.90918 36.83603 70.45987 37.3598 70.98364 curveto
37.83388 71.4577 38.33029 71.90942 38.85384 72.32831 curveto
39.32927 72.70866 39.8266 73.06142 40.34877 73.37473 curveto
40.82695 73.66158 41.32495 73.91469 41.8428 74.12173 curveto
42.3269 74.31532 42.8265 74.46811 43.33774 74.57027 curveto
43.82982 74.66878 44.33011 74.71962 44.83177 74.71962 curveto
45.33344 74.71962 45.83372 74.66878 46.3258 74.57027 curveto
46.83704 74.46811 47.33664 74.31532 47.82074 74.12173 curveto
48.3386 73.91469 48.8366 73.66158 49.31477 73.37473 curveto
49.83694 73.06142 50.33427 72.70866 50.80971 72.32831 curveto
51.33325 71.90942 51.82967 71.4577 52.30374 70.98364 curveto
52.82751 70.45987 53.3237 69.90918 53.79776 69.34026 curveto
54.32108 68.71204 54.81749 68.06216 55.2927 67.39679 curveto
55.81465 66.66597 56.31084 65.91736 56.78673 65.15575 curveto
57.30777 64.32208 57.80418 63.4736 58.28166 62.6144 curveto
58.80112 61.67949 59.2973 60.73204 59.7757 59.7757 curveto
60.29378 58.73955 60.7904 57.6929 61.26973 56.63829 curveto
61.78688 55.50043 62.28398 54.35345 62.76466 53.19987 curveto
63.28046 51.96216 63.77733 50.71645 64.2587 49.46481 curveto
64.7738 48.12561 65.27113 46.7798 65.75363 45.42851 curveto
66.26738 43.98967 66.76447 42.54512 67.24767 41.0958 curveto
67.76071 39.55684 68.25781 38.01265 68.74168 36.46436 curveto
69.25429 34.82439 69.75185 33.17941 70.23662 31.531 curveto
70.7481 29.79185 71.2454 28.04858 71.73065 26.30191 curveto
72.24188 24.46173 72.73944 22.61769 73.22559 20.77068 curveto
73.73592 18.83154 74.23392 16.88922 74.71962 14.94392 curveto stroke
 1 1 1 setrgbcolor
newpath 44.83177 76.71214 moveto
44.3033 76.71214 43.79654 76.50218 43.42287 76.12852 curveto
43.04921 75.75485 42.83925 75.2481 42.83925 74.71962 curveto
42.83925 74.19115 43.04921 73.68439 43.42287 73.31071 curveto
43.79654 72.93706 44.3033 72.7271 44.83177 72.7271 curveto
45.36024 72.7271 45.867 72.93706 46.24068 73.31071 curveto
46.61433 73.68439 46.8243 74.19115 46.8243 74.71962 curveto
46.8243 75.2481 46.61433 75.75485 46.24068 76.12852 curveto
45.867 76.50218 45.36024 76.71214 44.83177 76.71214 curveto closepath fill
 0 0 0 setrgbcolor
newpath 44.83177 76.71214 moveto
44.3033 76.71214 43.79654 76.50218 43.42287 76.12852 curveto
43.04921 75.75485 42.83925 75.2481 42.83925 74.71962 curveto
42.83925 74.19115 43.04921 73.68439 43.42287 73.31071 curveto
43.79654 72.93706 44.3033 72.7271 44.83177 72.7271 curveto
45.36024 72.7271 45.867 72.93706 46.24068 73.31071 curveto
46.61433 73.68439 46.8243 74.19115 46.8243 74.71962 curveto
46.8243 75.2481 46.61433 75.75485 46.24068 76.12852 curveto
45.867 76.50218 45.36024 76.71214 44.83177 76.71214 curveto stroke
showpage
%%EOF
