%!PS
%%BoundingBox: -1 -1 150 180 
%%HiResBoundingBox: -0.24907 -0.24907 149.68831 179.57616 
%%Creator: MetaPost 1.9991
%%CreationDate: 2017.07.28:1113
%%Pages: 1
%%BeginProlog
%%EndProlog
%%Page: 1 1
 0 0 0 setrgbcolor 0 0.49814 dtransform truncate idtransform setlinewidth pop
 [] 0 setdash 1 setlinecap 1 setlinejoin 10 setmiterlimit
newpath 0 89.66354 moveto
149.43924 89.66354 lineto stroke
newpath 144.45793 92.1542 moveto
145.63387 90.58629 147.47935 89.66354 149.43924 89.66354 curveto
147.47935 89.66354 145.63387 88.7408 144.45793 87.17288 curveto stroke
 0.49814 0 dtransform exch truncate exch idtransform pop setlinewidth
newpath 74.71962 0 moveto
74.71962 179.32709 lineto stroke
 0 0.49814 dtransform truncate idtransform setlinewidth pop
newpath 72.22896 174.34578 moveto
73.79688 175.52171 74.71962 177.3672 74.71962 179.32709 curveto
74.71962 177.3672 75.64236 175.52171 77.21028 174.34578 curveto stroke
 0.49814 0 dtransform exch truncate exch idtransform pop setlinewidth
newpath 14.94392 87.67102 moveto
14.94392 91.65607 lineto stroke
newpath 29.88785 87.67102 moveto
29.88785 91.65607 lineto stroke
newpath 44.83177 87.67102 moveto
44.83177 91.65607 lineto stroke
newpath 59.7757 87.67102 moveto
59.7757 91.65607 lineto stroke
newpath 89.66354 87.67102 moveto
89.66354 91.65607 lineto stroke
newpath 104.60747 87.67102 moveto
104.60747 91.65607 lineto stroke
newpath 119.55139 87.67102 moveto
119.55139 91.65607 lineto stroke
newpath 134.49532 87.67102 moveto
134.49532 91.65607 lineto stroke
 0 0.49814 dtransform truncate idtransform setlinewidth pop
newpath 76.71214 14.94392 moveto
72.7271 14.94392 lineto stroke
newpath 76.71214 29.88785 moveto
72.7271 29.88785 lineto stroke
newpath 76.71214 44.83177 moveto
72.7271 44.83177 lineto stroke
newpath 76.71214 59.7757 moveto
72.7271 59.7757 lineto stroke
newpath 76.71214 74.71962 moveto
72.7271 74.71962 lineto stroke
newpath 76.71214 104.60747 moveto
72.7271 104.60747 lineto stroke
newpath 76.71214 119.55139 moveto
72.7271 119.55139 lineto stroke
newpath 76.71214 134.49532 moveto
72.7271 134.49532 lineto stroke
newpath 76.71214 149.43924 moveto
72.7271 149.43924 lineto stroke
newpath 76.71214 164.38316 moveto
72.7271 164.38316 lineto stroke
 0 1.24533 dtransform truncate idtransform setlinewidth pop
newpath 74.71962 14.94392 moveto
75.22629 14.94757 75.72955 15.02533 76.21365 15.17422 curveto
76.74039 15.33635 77.23907 15.57579 77.70859 15.86401 curveto
78.24467 16.19283 78.73882 16.58412 79.20262 17.0087 curveto
79.7403 17.501 80.23352 18.03915 80.69756 18.60147 curveto
81.2325 19.24974 81.7255 19.93132 82.19159 20.63089 curveto
82.72311 21.42876 83.21632 22.25102 83.68561 23.08675 curveto
84.21349 24.02689 84.70786 24.98506 85.18054 25.95416 curveto
85.70456 27.02817 86.19914 28.11632 86.67458 29.21266 curveto
87.19585 30.41437 87.69089 31.627 88.16951 32.84625 curveto
88.68736 34.16585 89.18286 35.4941 89.66354 36.82759 curveto
90.17888 38.2571 90.6746 39.6932 91.15758 41.13387 curveto
91.67108 42.6653 92.16704 44.20288 92.65251 45.74342 curveto
93.16351 47.36491 93.65947 48.99097 94.14655 50.61977 curveto
94.65594 52.32358 95.15236 54.0315 95.64148 55.74123 curveto
96.1486 57.51413 96.64502 59.29022 97.13551 61.06792 curveto
97.64104 62.89966 98.13745 64.73367 98.62953 66.56905 curveto
99.13393 68.4505 99.63057 70.33421 100.12447 72.2184 curveto
100.62682 74.13496 101.12346 76.05312 101.6185 77.9715 curveto
102.1197 79.9136 102.61658 81.85661 103.11343 83.79985 curveto
103.61282 85.7529 104.10945 87.70662 104.60747 89.66013 curveto
105.10548 91.61362 105.60211 93.56735 106.1015 95.5204 curveto
106.59836 97.46364 107.09523 99.40665 107.59644 101.34874 curveto
108.09148 103.26714 108.58812 105.18529 109.09047 107.10185 curveto
109.58437 108.9858 110.08124 110.86884 110.5854 112.75006 curveto
111.07748 114.58612 111.5739 116.42105 112.07944 118.25346 curveto
112.56992 120.03116 113.0661 121.80725 113.57346 123.58015 curveto
114.06258 125.28967 114.55899 126.9969 115.06839 128.70049 curveto
115.55547 130.32973 116.05142 131.95624 116.56242 133.57797 curveto
117.0479 135.11852 117.54408 136.65587 118.05736 138.18752 curveto
118.54033 139.62842 119.03606 141.0652 119.55139 142.49493 curveto
120.03207 143.82843 120.52757 145.15668 121.04543 146.47627 curveto
121.52405 147.69553 122.01909 148.90817 122.54036 150.10986 curveto
123.0158 151.2062 123.51038 152.29436 124.0344 153.36836 curveto
124.50731 154.33769 125.00145 155.29655 125.52933 156.23692 curveto
125.99861 157.07265 126.49205 157.89491 127.02336 158.69276 curveto
127.48944 159.39258 127.98244 160.07462 128.51738 160.72334 curveto
128.98141 161.28612 129.47464 161.82448 130.01231 162.31725 curveto
130.47589 162.74207 130.97049 163.13289 131.50635 163.46194 curveto
131.97609 163.7504 132.47455 163.99051 133.00128 164.15286 curveto
133.48538 164.30199 133.98888 164.37975 134.49532 164.38316 curveto stroke
newpath 14.94392 14.94392 moveto
15.45036 14.94734 15.95386 15.0251 16.43796 15.17422 curveto
16.96469 15.33658 17.46315 15.57669 17.93289 15.86514 curveto
18.46875 16.1942 18.96335 16.58502 19.42693 17.00984 curveto
19.9646 17.50261 20.45782 18.04097 20.92186 18.60374 curveto
21.4568 19.25247 21.9498 19.93451 22.41588 20.63432 curveto
22.94719 21.43217 23.44063 22.25444 23.90991 23.09016 curveto
24.43779 24.03053 24.93193 24.9894 25.40485 25.95872 curveto
25.92886 27.03273 26.42345 28.12088 26.89888 29.21722 curveto
27.42015 30.41891 27.91519 31.63156 28.39381 32.85081 curveto
28.91167 34.17041 29.40717 35.49866 29.88785 36.83215 curveto
30.40318 38.26189 30.89891 39.69867 31.38188 41.13957 curveto
31.89516 42.67122 32.39134 44.20857 32.87682 45.74911 curveto
33.38782 47.37085 33.88377 48.99736 34.37085 50.6266 curveto
34.88025 52.33018 35.37666 54.03741 35.86578 55.74693 curveto
36.37314 57.51984 36.86932 59.29593 37.3598 61.07362 curveto
37.86534 62.90604 38.36176 64.74097 38.85384 66.57703 curveto
39.358 68.45825 39.85487 70.3413 40.34877 72.22523 curveto
40.85112 74.1418 41.34776 76.05995 41.8428 77.97835 curveto
42.34401 79.92044 42.84088 81.86345 43.33774 83.80669 curveto
43.83713 85.75974 44.33376 87.71347 44.83177 89.66696 curveto
45.32979 91.62047 45.82642 93.57419 46.3258 95.52724 curveto
46.82266 97.47047 47.31953 99.41348 47.82074 101.35559 curveto
48.31578 103.27397 48.81242 105.19212 49.31477 107.10869 curveto
49.80867 108.99287 50.30531 110.87659 50.80971 112.75804 curveto
51.30179 114.59341 51.7982 116.42743 52.30373 118.25917 curveto
52.79422 120.03687 53.29063 121.81296 53.79776 123.58586 curveto
54.28688 125.2956 54.7833 127.00351 55.2927 128.70732 curveto
55.77977 130.33612 56.27573 131.96217 56.78673 133.58366 curveto
57.2722 135.1242 57.76816 136.66179 58.28166 138.19322 curveto
58.76463 139.63388 59.26036 141.06999 59.7757 142.4995 curveto
60.25638 143.833 60.75188 145.16124 61.26973 146.48083 curveto
61.74835 147.70009 62.2434 148.91272 62.76466 150.11443 curveto
63.2401 151.21077 63.73468 152.29892 64.2587 153.37292 curveto
64.73138 154.34203 65.22575 155.3002 65.75363 156.24034 curveto
66.22292 157.07607 66.71613 157.89833 67.24765 158.6962 curveto
67.71375 159.39577 68.20674 160.07735 68.74168 160.72562 curveto
69.20572 161.28793 69.69894 161.82608 70.23662 162.31839 curveto
70.70042 162.74297 71.19456 163.13426 71.73065 163.46307 curveto
72.20016 163.7513 72.69885 163.99074 73.22559 164.15286 curveto
73.70969 164.30176 74.21295 164.37952 74.71962 164.38316 curveto stroke
newpath 74.71962 16.93645 moveto
74.19115 16.93645 73.68439 16.72649 73.31071 16.35283 curveto
72.93706 15.97916 72.7271 15.4724 72.7271 14.94392 curveto
72.7271 14.41545 72.93706 13.90869 73.31071 13.53502 curveto
73.68439 13.16136 74.19115 12.9514 74.71962 12.9514 curveto
75.2481 12.9514 75.75485 13.16136 76.12852 13.53502 curveto
76.50218 13.90869 76.71214 14.41545 76.71214 14.94392 curveto
76.71214 15.4724 76.50218 15.97916 76.12852 16.35283 curveto
75.75485 16.72649 75.2481 16.93645 74.71962 16.93645 curveto closepath fill
newpath 74.71962 166.37569 moveto
74.19115 166.37569 73.68439 166.16573 73.31071 165.79207 curveto
72.93706 165.4184 72.7271 164.91164 72.7271 164.38316 curveto
72.7271 163.85469 72.93706 163.34793 73.31071 162.97426 curveto
73.68439 162.6006 74.19115 162.39064 74.71962 162.39064 curveto
75.2481 162.39064 75.75485 162.6006 76.12852 162.97426 curveto
76.50218 163.34793 76.71214 163.85469 76.71214 164.38316 curveto
76.71214 164.91164 76.50218 165.4184 76.12852 165.79207 curveto
75.75485 166.16573 75.2481 166.37569 74.71962 166.37569 curveto closepath fill
newpath 134.49532 166.37569 moveto
133.96684 166.37569 133.46008 166.16573 133.08641 165.79207 curveto
132.71275 165.4184 132.50279 164.91164 132.50279 164.38316 curveto
132.50279 163.85469 132.71275 163.34793 133.08641 162.97426 curveto
133.46008 162.6006 133.96684 162.39064 134.49532 162.39064 curveto
135.02379 162.39064 135.53055 162.6006 135.90422 162.97426 curveto
136.27788 163.34793 136.48784 163.85469 136.48784 164.38316 curveto
136.48784 164.91164 136.27788 165.4184 135.90422 165.79207 curveto
135.53055 166.16573 135.02379 166.37569 134.49532 166.37569 curveto closepath fill
newpath 14.94392 16.93645 moveto
14.41545 16.93645 13.90869 16.72649 13.53502 16.35283 curveto
13.16136 15.97916 12.9514 15.4724 12.9514 14.94392 curveto
12.9514 14.41545 13.16136 13.90869 13.53502 13.53502 curveto
13.90869 13.16136 14.41545 12.9514 14.94392 12.9514 curveto
15.4724 12.9514 15.97916 13.16136 16.35283 13.53502 curveto
16.72649 13.90869 16.93645 14.41545 16.93645 14.94392 curveto
16.93645 15.4724 16.72649 15.97916 16.35283 16.35283 curveto
15.97916 16.72649 15.4724 16.93645 14.94392 16.93645 curveto closepath fill
showpage
%%EOF
