%!PS
%%BoundingBox: -1 -1 120 158 
%%HiResBoundingBox: -0.24907 -0.24907 119.80046 157.16028 
%%Creator: MetaPost 1.9991
%%CreationDate: 2017.07.28:1113
%%Pages: 1
%%BeginProlog
%%EndProlog
%%Page: 1 1
 0 0 0 setrgbcolor 0 0.49814 dtransform truncate idtransform setlinewidth pop
 [] 0 setdash 1 setlinecap 1 setlinejoin 10 setmiterlimit
newpath 0 67.24767 moveto
119.55139 67.24767 lineto stroke
newpath 114.57008 69.73833 moveto
115.74602 68.17041 117.5915 67.24767 119.55139 67.24767 curveto
117.5915 67.24767 115.74602 66.32492 114.57008 64.757 curveto stroke
 0.49814 0 dtransform exch truncate exch idtransform pop setlinewidth
newpath 59.7757 0 moveto
59.7757 156.91121 lineto stroke
 0 0.49814 dtransform truncate idtransform setlinewidth pop
newpath 57.28503 151.9299 moveto
58.85295 153.10583 59.7757 154.95132 59.7757 156.91121 curveto
59.7757 154.95132 60.69844 153.10583 62.26636 151.9299 curveto stroke
 0.49814 0 dtransform exch truncate exch idtransform pop setlinewidth
newpath 14.94392 65.25514 moveto
14.94392 69.24019 lineto stroke
newpath 29.88785 65.25514 moveto
29.88785 69.24019 lineto stroke
newpath 44.83177 65.25514 moveto
44.83177 69.24019 lineto stroke
newpath 74.71962 65.25514 moveto
74.71962 69.24019 lineto stroke
newpath 89.66354 65.25514 moveto
89.66354 69.24019 lineto stroke
newpath 104.60747 65.25514 moveto
104.60747 69.24019 lineto stroke
 0 0.49814 dtransform truncate idtransform setlinewidth pop
newpath 61.76822 7.47197 moveto
57.78317 7.47197 lineto stroke
newpath 61.76822 22.4159 moveto
57.78317 22.4159 lineto stroke
newpath 61.76822 37.35982 moveto
57.78317 37.35982 lineto stroke
newpath 61.76822 52.30374 moveto
57.78317 52.30374 lineto stroke
newpath 61.76822 82.19159 moveto
57.78317 82.19159 lineto stroke
newpath 61.76822 97.13551 moveto
57.78317 97.13551 lineto stroke
newpath 61.76822 112.07944 moveto
57.78317 112.07944 lineto stroke
newpath 61.76822 127.02336 moveto
57.78317 127.02336 lineto stroke
newpath 61.76822 141.96729 moveto
57.78317 141.96729 lineto stroke
newpath 14.94392 143.95981 moveto
14.41545 143.95981 13.90869 143.74985 13.53502 143.37619 curveto
13.16136 143.00252 12.9514 142.49576 12.9514 141.96729 curveto
12.9514 141.43881 13.16136 140.93205 13.53502 140.55838 curveto
13.90869 140.18472 14.41545 139.97476 14.94392 139.97476 curveto
15.4724 139.97476 15.97916 140.18472 16.35283 140.55838 curveto
16.72649 140.93205 16.93645 141.43881 16.93645 141.96729 curveto
16.93645 142.49576 16.72649 143.00252 16.35283 143.37619 curveto
15.97916 143.74985 15.4724 143.95981 14.94392 143.95981 curveto closepath fill
newpath 59.7757 9.4645 moveto
59.24722 9.4645 58.74046 9.25453 58.36679 8.88087 curveto
57.99313 8.5072 57.78317 8.00044 57.78317 7.47197 curveto
57.78317 6.9435 57.99313 6.43674 58.36679 6.06306 curveto
58.74046 5.6894 59.24722 5.47945 59.7757 5.47945 curveto
60.30417 5.47945 60.81093 5.6894 61.1846 6.06306 curveto
61.55826 6.43674 61.76822 6.9435 61.76822 7.47197 curveto
61.76822 8.00044 61.55826 8.5072 61.1846 8.88087 curveto
60.81093 9.25453 60.30417 9.4645 59.7757 9.4645 curveto closepath fill
newpath 89.66354 69.24019 moveto
89.13507 69.24019 88.62831 69.03023 88.25464 68.65657 curveto
87.88098 68.2829 87.67102 67.77614 87.67102 67.24767 curveto
87.67102 66.7192 87.88098 66.21243 88.25464 65.83876 curveto
88.62831 65.4651 89.13507 65.25514 89.66354 65.25514 curveto
90.19202 65.25514 90.69878 65.4651 91.07245 65.83876 curveto
91.4461 66.21243 91.65607 66.7192 91.65607 67.24767 curveto
91.65607 67.77614 91.4461 68.2829 91.07245 68.65657 curveto
90.69878 69.03023 90.19202 69.24019 89.66354 69.24019 curveto closepath fill
newpath 104.60747 24.40842 moveto
104.079 24.40842 103.57224 24.19846 103.19856 23.8248 curveto
102.8249 23.45113 102.61494 22.94437 102.61494 22.4159 curveto
102.61494 21.88742 102.8249 21.38066 103.19856 21.00699 curveto
103.57224 20.63333 104.079 20.42337 104.60747 20.42337 curveto
105.13594 20.42337 105.6427 20.63333 106.01637 21.00699 curveto
106.39003 21.38066 106.59999 21.88742 106.59999 22.4159 curveto
106.59999 22.94437 106.39003 23.45113 106.01637 23.8248 curveto
105.6427 24.19846 105.13594 24.40842 104.60747 24.40842 curveto closepath fill
 0 1.24533 dtransform truncate idtransform setlinewidth pop
newpath 14.94392 141.96729 moveto
15.43373 139.0262 15.93196 136.08672 16.43863 133.1486 curveto
16.9282 130.30945 17.42577 127.47144 17.9322 124.63524 curveto
18.42178 121.89323 18.91978 119.15303 19.42693 116.41422 curveto
19.91626 113.77185 20.41405 111.13107 20.92163 108.49213 curveto
21.41052 105.9494 21.90852 103.40828 22.41634 100.86922 curveto
22.90454 98.42773 23.4021 95.98808 23.90991 93.55072 curveto
24.39812 91.20683 24.89613 88.865 25.40463 86.52545 curveto
25.89261 84.28122 26.39038 82.03905 26.89934 79.79936 curveto
27.3864 77.65614 27.88373 75.51521 28.39291 73.37701 curveto
28.87997 71.33139 29.37775 69.2885 29.88762 67.24858 curveto
30.37422 65.30237 30.87178 63.35913 31.38232 61.41908 curveto
31.86826 59.57231 32.36604 57.72871 32.87704 55.88876 curveto
33.36206 54.14278 33.85915 52.39973 34.37062 50.66127 curveto
34.8554 49.01309 35.35295 47.36835 35.86533 45.7286 curveto
36.34943 44.17963 36.84676 42.63475 37.36003 41.09511 curveto
37.84346 39.6451 38.34077 38.19986 38.85475 36.76056 curveto
39.33679 35.41042 39.8339 34.06598 40.34833 32.72792 curveto
40.82991 31.4756 41.32701 30.22943 41.84303 28.99103 curveto
42.32372 27.83745 42.82059 26.69093 43.33774 25.5533 curveto
43.81706 24.49892 44.31346 23.4525 44.83131 22.41681 curveto
45.30994 21.46 45.80635 20.5121 46.32603 19.57674 curveto
46.80328 18.71753 47.29993 17.86928 47.82074 17.03584 curveto
48.29686 16.274 48.79327 15.52495 49.31544 14.79388 curveto
49.7902 14.1292 50.28616 13.47978 50.80902 12.85225 curveto
51.28354 12.28287 51.77972 11.73195 52.30373 11.20795 curveto
52.77803 10.73366 53.27467 10.28194 53.79845 9.86282 curveto
54.27365 9.48271 54.7703 9.1304 55.29202 8.81732 curveto
55.77042 8.53024 56.26865 8.27713 56.78673 8.06985 curveto
57.2706 7.87627 57.7702 7.72348 58.28143 7.62132 curveto
58.77374 7.52281 59.27426 7.47197 59.77615 7.47197 curveto
60.27759 7.47197 60.77788 7.52304 61.26973 7.62132 curveto
61.78096 7.72348 62.28056 7.87604 62.76443 8.06963 curveto
63.28252 8.2769 63.78075 8.53001 64.25914 8.8171 curveto
64.78087 9.13017 65.27751 9.48248 65.75272 9.8626 curveto
66.27649 10.28171 66.77313 10.73343 67.24744 11.20772 curveto
67.77144 11.73172 68.26785 12.28241 68.74214 12.85179 curveto
69.26546 13.47978 69.76164 14.12988 70.23685 14.79503 curveto
70.7588 15.52562 71.25476 16.274 71.73042 17.03539 curveto
72.25124 17.86882 72.74788 18.71709 73.22514 19.57628 curveto
73.74481 20.51164 74.24123 21.45932 74.71985 22.41635 curveto
75.23814 23.45296 75.73502 24.50027 76.21455 25.55536 curveto
76.73126 26.69206 77.2279 27.8379 77.70813 28.99057 curveto
78.22415 30.22899 78.72125 31.47514 79.20284 32.72723 curveto
79.71773 34.06621 80.21506 35.41202 80.69756 36.76308 curveto
81.2113 38.20146 81.70816 39.64555 82.19113 41.09444 curveto
82.7044 42.63406 83.20174 44.17894 83.68584 45.72792 curveto
84.19821 47.36766 84.69577 49.0124 85.18054 50.66058 curveto
85.69225 52.40042 86.18979 54.14482 86.67526 55.8922 curveto
87.18604 57.73076 87.68314 59.57321 88.16884 61.41841 curveto
88.67938 63.35822 89.17761 65.30147 89.66354 67.24767 curveto stroke
newpath 89.66354 67.24767 moveto
104.60747 22.4159 lineto stroke
showpage
%%EOF
