%!PS
%%BoundingBox: -1 -1 108 112 
%%HiResBoundingBox: -0.24907 -0.24907 107.84532 111.03185 
%%Creator: MetaPost 1.9991
%%CreationDate: 2017.08.04:1349
%%Pages: 1
%%BeginProlog
%%EndProlog
%%Page: 1 1
 0 0 0 setrgbcolor 0 0.49814 dtransform truncate idtransform setlinewidth pop
 [] 0 setdash 1 setlinecap 1 setlinejoin 10 setmiterlimit
newpath 0 8.96635 moveto
107.59625 8.96635 lineto stroke
newpath 102.61494 11.45702 moveto
103.79088 9.8891 105.63637 8.96635 107.59625 8.96635 curveto
105.63637 8.96635 103.79088 8.04361 102.61494 6.4757 curveto stroke
 0.49814 0 dtransform exch truncate exch idtransform pop setlinewidth
newpath 53.79813 0 moveto
53.79813 107.59625 lineto stroke
 0 0.49814 dtransform truncate idtransform setlinewidth pop
newpath 51.30746 102.61494 moveto
52.87538 103.79088 53.79813 105.63637 53.79813 107.59625 curveto
53.79813 105.63637 54.72087 103.79088 56.28879 102.61494 curveto stroke
 0.49814 0 dtransform exch truncate exch idtransform pop setlinewidth
newpath 17.93271 6.97383 moveto
17.93271 10.95888 lineto stroke
newpath 35.86542 6.97383 moveto
35.86542 10.95888 lineto stroke
newpath 53.79813 6.97383 moveto
53.79813 10.95888 lineto stroke
newpath 71.73083 6.97383 moveto
71.73083 10.95888 lineto stroke
newpath 89.66354 6.97383 moveto
89.66354 10.95888 lineto stroke
 0 0.49814 dtransform truncate idtransform setlinewidth pop
newpath 55.79065 8.96635 moveto
51.8056 8.96635 lineto stroke
newpath 55.79065 26.89906 moveto
51.8056 26.89906 lineto stroke
newpath 55.79065 44.83177 moveto
51.8056 44.83177 lineto stroke
newpath 55.79065 62.76448 moveto
51.8056 62.76448 lineto stroke
newpath 55.79065 80.69719 moveto
51.8056 80.69719 lineto stroke
newpath 55.79065 98.6299 moveto
51.8056 98.6299 lineto stroke
 0 1.24533 dtransform truncate idtransform setlinewidth pop
newpath 8.96635 12.13637 moveto
9.56451 12.2097 10.1624 12.2855 10.76001 12.36403 curveto
11.3579 12.44257 11.95523 12.52356 12.55229 12.60757 curveto
13.15073 12.69185 13.74861 12.77885 14.34595 12.86916 curveto
14.94438 12.95946 15.54227 13.05276 16.1396 13.14935 curveto
16.73804 13.24622 17.33592 13.3461 17.93326 13.44954 curveto
18.53142 13.55324 19.12875 13.66023 19.72554 13.77104 curveto
20.32425 13.88242 20.92213 13.99707 21.5192 14.1161 curveto
22.1179 14.2354 22.71579 14.35826 23.31285 14.48578 curveto
23.91129 14.61356 24.50862 14.74518 25.10513 14.88171 curveto
25.70412 15.01881 26.302 15.16 26.89879 15.3064 curveto
27.49777 15.45334 28.09593 15.60466 28.69244 15.76144 curveto
29.2917 15.91905 29.88959 16.08131 30.4861 16.24933 curveto
31.08508 16.41815 31.6827 16.5922 32.27838 16.77196 curveto
32.87791 16.95311 33.47607 17.13918 34.07204 17.33209 curveto
34.67184 17.5261 35.26999 17.72612 35.86569 17.93271 curveto
36.46576 18.14095 37.06392 18.3552 37.65935 18.57657 curveto
38.25941 18.79958 38.85703 19.02887 39.45163 19.26584 curveto
40.05252 19.50526 40.65068 19.75127 41.24529 20.00519 curveto
41.84645 20.26186 42.44461 20.52563 43.03894 20.79762 curveto
43.6401 21.07263 44.23772 21.35529 44.83122 21.64644 curveto
45.43321 21.94168 46.03137 22.2446 46.62488 22.55653 curveto
47.22742 22.8734 47.82558 23.1982 48.41853 23.5323 curveto
49.02135 23.87215 49.61978 24.22021 50.21219 24.57813 curveto
50.81528 24.94232 51.41316 25.31502 52.00447 25.69781 curveto
52.60866 26.08884 53.2068 26.48889 53.79813 26.89906 curveto
54.40285 27.31854 55.00128 27.74731 55.59178 28.1865 curveto
56.1965 28.63608 56.79466 29.0955 57.38406 29.56505 curveto
57.99016 30.04802 58.5886 30.54054 59.17772 31.04376 curveto
59.78436 31.56201 60.3828 32.09012 60.97137 32.6289 curveto
61.57884 33.18492 62.17726 33.7508 62.76503 34.32733 curveto
63.37276 34.92358 63.97064 35.52968 64.55731 36.14671 curveto
65.16614 36.787 65.76457 37.43715 66.35097 38.09798 curveto
66.96062 38.78506 67.55905 39.48174 68.14462 40.18935 curveto
68.75427 40.92596 69.35243 41.67215 69.9369 42.42902 curveto
70.54793 43.22008 71.14636 44.02046 71.73056 44.83122 curveto
72.34213 45.68002 72.94057 46.53786 73.52422 47.4061 curveto
74.13632 48.31647 74.73476 49.23615 75.31787 50.16566 curveto
75.93025 51.14171 76.52814 52.12651 77.11015 53.1209 curveto
77.72363 54.16862 78.3218 55.22539 78.90381 56.29091 curveto
79.51756 57.415 80.116 58.54727 80.69746 59.68831 curveto
81.31177 60.89394 81.9102 62.1075 82.49112 63.32953 curveto
83.10542 64.62161 83.70331 65.92137 84.2834 67.22905 curveto
84.89853 68.61581 85.49696 70.00996 86.07706 71.41177 curveto
86.69273 72.89897 87.29088 74.39326 87.87071 75.89468 curveto
88.48611 77.48831 89.08372 79.08852 89.663 80.69554 curveto
90.27922 82.40575 90.87737 84.12196 91.45665 85.84502 curveto
92.07314 87.67862 92.6713 89.51825 93.2503 91.36417 curveto
93.86707 93.3302 94.46495 95.30199 95.04396 97.27953 curveto
95.66045 99.38567 96.25806 101.49728 96.83624 103.61436 curveto
97.45355 105.87402 98.05144 108.13913 98.6299 110.40918 curveto stroke
newpath 96.44373 107.88194 moveto
97.52957 108.33336 98.33952 109.26965 98.6299 110.40918 curveto
98.33952 109.26965 98.6026 108.05992 99.34 107.1439 curveto stroke
newpath 12.11478 11.01678 moveto
11.29999 11.86469 10.13354 12.27946 8.96635 12.13637 curveto
10.13354 12.27946 11.16525 12.96375 11.75107 13.98337 curveto stroke
newpath 53.79813 28.89159 moveto
53.26965 28.89159 52.7629 28.68163 52.38922 28.30797 curveto
52.01556 27.9343 51.8056 27.42754 51.8056 26.89906 curveto
51.8056 26.37059 52.01556 25.86383 52.38922 25.49016 curveto
52.7629 25.1165 53.26965 24.90654 53.79813 24.90654 curveto
54.3266 24.90654 54.83336 25.1165 55.20703 25.49016 curveto
55.58069 25.86383 55.79065 26.37059 55.79065 26.89906 curveto
55.79065 27.42754 55.58069 27.9343 55.20703 28.30797 curveto
54.83336 28.68163 54.3266 28.89159 53.79813 28.89159 curveto closepath fill
newpath 71.73083 46.8243 moveto
71.20236 46.8243 70.6956 46.61433 70.32193 46.24068 curveto
69.94827 45.867 69.73831 45.36024 69.73831 44.83177 curveto
69.73831 44.3033 69.94827 43.79654 70.32193 43.42287 curveto
70.6956 43.04921 71.20236 42.83925 71.73083 42.83925 curveto
72.25931 42.83925 72.76607 43.04921 73.13974 43.42287 curveto
73.5134 43.79654 73.72336 44.3033 73.72336 44.83177 curveto
73.72336 45.36024 73.5134 45.867 73.13974 46.24068 curveto
72.76607 46.61433 72.25931 46.8243 71.73083 46.8243 curveto closepath fill
newpath 89.66354 82.68971 moveto
89.13507 82.68971 88.62831 82.47975 88.25464 82.1061 curveto
87.88098 81.73242 87.67102 81.22566 87.67102 80.69719 curveto
87.67102 80.16872 87.88098 79.66196 88.25464 79.28828 curveto
88.62831 78.91463 89.13507 78.70467 89.66354 78.70467 curveto
90.19202 78.70467 90.69878 78.91463 91.07245 79.28828 curveto
91.4461 79.66196 91.65607 80.16872 91.65607 80.69719 curveto
91.65607 81.22566 91.4461 81.73242 91.07245 82.1061 curveto
90.69878 82.47975 90.19202 82.68971 89.66354 82.68971 curveto closepath fill
showpage
%%EOF
