%!PS
%%BoundingBox: -1 -1 150 120 
%%HiResBoundingBox: -0.24907 -0.24907 149.68831 119.80046 
%%Creator: MetaPost 1.9991
%%CreationDate: 2017.08.04:1349
%%Pages: 1
%%BeginProlog
%%EndProlog
%%Page: 1 1
 0 0 0 setrgbcolor 0 0.49814 dtransform truncate idtransform setlinewidth pop
 [] 0 setdash 1 setlinecap 1 setlinejoin 10 setmiterlimit
newpath 0 59.7757 moveto
149.43924 59.7757 lineto stroke
newpath 144.45793 62.26636 moveto
145.63387 60.69844 147.47935 59.7757 149.43924 59.7757 curveto
147.47935 59.7757 145.63387 58.85295 144.45793 57.28503 curveto stroke
 0.49814 0 dtransform exch truncate exch idtransform pop setlinewidth
newpath 74.71962 0 moveto
74.71962 119.55139 lineto stroke
 0 0.49814 dtransform truncate idtransform setlinewidth pop
newpath 72.22896 114.57008 moveto
73.79688 115.74602 74.71962 117.5915 74.71962 119.55139 curveto
74.71962 117.5915 75.64236 115.74602 77.21028 114.57008 curveto stroke
 0.49814 0 dtransform exch truncate exch idtransform pop setlinewidth
newpath 14.94392 57.78317 moveto
14.94392 61.76822 lineto stroke
newpath 29.88785 57.78317 moveto
29.88785 61.76822 lineto stroke
newpath 44.83177 57.78317 moveto
44.83177 61.76822 lineto stroke
newpath 59.7757 57.78317 moveto
59.7757 61.76822 lineto stroke
newpath 89.66354 57.78317 moveto
89.66354 61.76822 lineto stroke
newpath 104.60747 57.78317 moveto
104.60747 61.76822 lineto stroke
newpath 119.55139 57.78317 moveto
119.55139 61.76822 lineto stroke
newpath 134.49532 57.78317 moveto
134.49532 61.76822 lineto stroke
 0 0.49814 dtransform truncate idtransform setlinewidth pop
newpath 76.71214 14.94392 moveto
72.7271 14.94392 lineto stroke
newpath 76.71214 29.88785 moveto
72.7271 29.88785 lineto stroke
newpath 76.71214 44.83177 moveto
72.7271 44.83177 lineto stroke
newpath 76.71214 74.71962 moveto
72.7271 74.71962 lineto stroke
newpath 76.71214 89.66354 moveto
72.7271 89.66354 lineto stroke
newpath 76.71214 104.60747 moveto
72.7271 104.60747 lineto stroke
 0 1.24533 dtransform truncate idtransform setlinewidth pop
newpath 14.94392 14.94392 moveto
15.44215 14.9437 15.94017 14.9551 16.43796 14.97813 curveto
16.93665 15.00116 17.43488 15.03604 17.93198 15.0821 curveto
18.43181 15.1284 18.93051 15.18564 19.42783 15.2545 curveto
19.92766 15.3236 20.42567 15.40454 20.92186 15.49597 curveto
21.42215 15.5881 21.92015 15.69116 22.41588 15.80518 curveto
22.91663 15.92033 23.41441 16.04666 23.90991 16.18279 curveto
24.41089 16.32051 24.90889 16.4685 25.40395 16.62675 curveto
25.90605 16.7873 26.40453 16.95808 26.8998 17.13844 curveto
27.40144 17.32109 27.89946 17.51355 28.39381 17.71513 curveto
28.8957 17.91989 29.39372 18.134 29.88785 18.3568 curveto
30.38997 18.58322 30.88797 18.81854 31.38188 19.06207 curveto
31.88399 19.30971 32.38223 19.56555 32.8759 19.82962 curveto
33.37892 20.09868 33.8774 20.37619 34.37175 20.66077 curveto
34.8741 20.9499 35.3721 21.24702 35.86578 21.55075 curveto
36.36812 21.85995 36.86613 22.17645 37.3598 22.49957 curveto
37.86215 22.82838 38.36015 23.16405 38.85384 23.50584 curveto
39.35619 23.85382 39.85419 24.20818 40.34787 24.56822 curveto
40.85089 24.93489 41.34935 25.30771 41.84372 25.686 curveto
42.34605 26.07024 42.84384 26.46016 43.33774 26.8551 curveto
43.83986 27.25665 44.33765 27.66345 44.83177 28.07481 curveto
45.3339 28.49301 45.83167 28.91623 46.3258 29.34378 curveto
46.82768 29.77794 47.32547 30.21666 47.81982 30.65926 curveto
48.32217 31.10916 48.82063 31.56339 49.31567 32.02126 curveto
49.81734 32.48506 50.31512 32.95297 50.80971 33.4243 curveto
51.31114 33.90202 51.80891 34.38383 52.30373 34.8684 curveto
52.80493 35.35933 53.30272 35.8537 53.79776 36.3508 curveto
54.29874 36.85405 54.79651 37.36049 55.2918 37.86945 curveto
55.79321 38.38455 56.29169 38.90263 56.78764 39.42299 curveto
57.28839 39.94836 57.78593 40.47647 58.28166 41.00664 curveto
58.78218 41.54181 59.27997 42.0795 59.7757 42.619 curveto
60.27599 43.1633 60.77377 43.70988 61.26973 44.25806 curveto
61.76979 44.81056 62.26756 45.36513 62.76375 45.92105 curveto
64.2596 47.6073 lineto
65.75363 49.30998 lineto
67.24765 51.02975 lineto
68.74168 52.76184 lineto
70.23572 54.50555 lineto
71.73157 56.25885 lineto
73.22559 58.01625 lineto
74.71962 59.7757 lineto
76.21365 61.53514 lineto
77.70767 63.29254 lineto
79.20352 65.04584 lineto
80.69756 66.78955 lineto
82.19159 68.52164 lineto
83.68561 70.24141 lineto
85.17964 71.94409 lineto
86.67549 73.63034 lineto
87.17168 74.18626 87.66945 74.74083 88.16951 75.29333 curveto
88.66547 75.8415 89.16325 76.38809 89.66354 76.93239 curveto
90.15927 77.4719 90.65706 78.00958 91.15758 78.54475 curveto
91.6533 79.07492 92.15085 79.60303 92.6516 80.1284 curveto
93.14755 80.64876 93.64603 81.16684 94.14745 81.68195 curveto
94.64273 82.1909 95.1405 82.69734 95.64148 83.20059 curveto
96.13652 83.6977 96.63431 84.19206 97.13551 84.683 curveto
97.63033 85.16756 98.1281 85.64937 98.62953 86.12709 curveto
99.12411 86.59842 99.6219 87.06633 100.12357 87.53014 curveto
100.6186 87.988 101.11707 88.44223 101.61942 88.89214 curveto
102.11377 89.33473 102.61156 89.77345 103.11343 90.20761 curveto
103.60757 90.63516 104.10535 91.05838 104.60747 91.47658 curveto
105.1016 91.88794 105.59938 92.29474 106.1015 92.69629 curveto
106.5954 93.09123 107.09319 93.48116 107.59552 93.86539 curveto
108.08989 94.24368 108.58835 94.6165 109.09137 94.98317 curveto
109.58505 95.34322 110.08305 95.69757 110.5854 96.04555 curveto
111.07909 96.38734 111.57709 96.723 112.07944 97.05182 curveto
112.5731 97.37494 113.07112 97.69144 113.57346 98.00064 curveto
114.06714 98.30437 114.56514 98.60149 115.06749 98.89063 curveto
115.56184 99.1752 116.06032 99.45271 116.56334 99.72177 curveto
117.057 99.98584 117.55525 100.24168 118.05736 100.48932 curveto
118.55127 100.73285 119.04927 100.96817 119.55139 101.1946 curveto
120.04552 101.41739 120.54353 101.6315 121.04543 101.83626 curveto
121.53978 102.03784 122.0378 102.2303 122.53944 102.41295 curveto
123.03471 102.5933 123.53319 102.7641 124.0353 102.92464 curveto
124.53035 103.08289 125.02835 103.23088 125.52933 103.3686 curveto
126.02483 103.50473 126.52261 103.63106 127.02336 103.74622 curveto
127.51909 103.86023 128.01709 103.96329 128.51738 104.05542 curveto
129.01357 104.14685 129.51158 104.2278 130.01141 104.29689 curveto
130.50873 104.36575 131.00743 104.42299 131.50726 104.46928 curveto
132.00436 104.51535 132.5026 104.55023 133.00128 104.57326 curveto
133.49907 104.5963 133.99709 104.6077 134.49532 104.60747 curveto stroke
newpath 14.94392 16.93645 moveto
14.41545 16.93645 13.90869 16.72649 13.53502 16.35283 curveto
13.16136 15.97916 12.9514 15.4724 12.9514 14.94392 curveto
12.9514 14.41545 13.16136 13.90869 13.53502 13.53502 curveto
13.90869 13.16136 14.41545 12.9514 14.94392 12.9514 curveto
15.4724 12.9514 15.97916 13.16136 16.35283 13.53502 curveto
16.72649 13.90869 16.93645 14.41545 16.93645 14.94392 curveto
16.93645 15.4724 16.72649 15.97916 16.35283 16.35283 curveto
15.97916 16.72649 15.4724 16.93645 14.94392 16.93645 curveto closepath fill
newpath 74.71962 61.76822 moveto
74.19115 61.76822 73.68439 61.55826 73.31071 61.1846 curveto
72.93706 60.81093 72.7271 60.30417 72.7271 59.7757 curveto
72.7271 59.24722 72.93706 58.74046 73.31071 58.36679 curveto
73.68439 57.99313 74.19115 57.78317 74.71962 57.78317 curveto
75.2481 57.78317 75.75485 57.99313 76.12852 58.36679 curveto
76.50218 58.74046 76.71214 59.24722 76.71214 59.7757 curveto
76.71214 60.30417 76.50218 60.81093 76.12852 61.1846 curveto
75.75485 61.55826 75.2481 61.76822 74.71962 61.76822 curveto closepath fill
newpath 134.49532 106.59999 moveto
133.96684 106.59999 133.46008 106.39003 133.08641 106.01637 curveto
132.71275 105.6427 132.50279 105.13594 132.50279 104.60747 curveto
132.50279 104.079 132.71275 103.57224 133.08641 103.19856 curveto
133.46008 102.8249 133.96684 102.61494 134.49532 102.61494 curveto
135.02379 102.61494 135.53055 102.8249 135.90422 103.19856 curveto
136.27788 103.57224 136.48784 104.079 136.48784 104.60747 curveto
136.48784 105.13594 136.27788 105.6427 135.90422 106.01637 curveto
135.53055 106.39003 135.02379 106.59999 134.49532 106.59999 curveto closepath fill
showpage
%%EOF
