%!PS
%%BoundingBox: -1 -1 150 150 
%%HiResBoundingBox: -0.24907 -0.24907 149.68831 149.68831 
%%Creator: MetaPost 1.9991
%%CreationDate: 2017.08.04:1349
%%Pages: 1
%%BeginProlog
%%EndProlog
%%Page: 1 1
 0 0 0 setrgbcolor 0 0.49814 dtransform truncate idtransform setlinewidth pop
 [] 0 setdash 1 setlinecap 1 setlinejoin 10 setmiterlimit
newpath 0 74.71962 moveto
149.43924 74.71962 lineto stroke
newpath 144.45793 77.21028 moveto
145.63387 75.64236 147.47935 74.71962 149.43924 74.71962 curveto
147.47935 74.71962 145.63387 73.79688 144.45793 72.22896 curveto stroke
 0.49814 0 dtransform exch truncate exch idtransform pop setlinewidth
newpath 74.71962 0 moveto
74.71962 149.43924 lineto stroke
 0 0.49814 dtransform truncate idtransform setlinewidth pop
newpath 72.22896 144.45793 moveto
73.79688 145.63387 74.71962 147.47935 74.71962 149.43924 curveto
74.71962 147.47935 75.64236 145.63387 77.21028 144.45793 curveto stroke
 0.49814 0 dtransform exch truncate exch idtransform pop setlinewidth
newpath 14.94392 72.7271 moveto
14.94392 76.71214 lineto stroke
newpath 29.88785 72.7271 moveto
29.88785 76.71214 lineto stroke
newpath 44.83177 72.7271 moveto
44.83177 76.71214 lineto stroke
newpath 59.7757 72.7271 moveto
59.7757 76.71214 lineto stroke
newpath 89.66354 72.7271 moveto
89.66354 76.71214 lineto stroke
newpath 104.60747 72.7271 moveto
104.60747 76.71214 lineto stroke
newpath 119.55139 72.7271 moveto
119.55139 76.71214 lineto stroke
newpath 134.49532 72.7271 moveto
134.49532 76.71214 lineto stroke
 0 0.49814 dtransform truncate idtransform setlinewidth pop
newpath 76.71214 14.94392 moveto
72.7271 14.94392 lineto stroke
newpath 76.71214 29.88785 moveto
72.7271 29.88785 lineto stroke
newpath 76.71214 44.83177 moveto
72.7271 44.83177 lineto stroke
newpath 76.71214 59.7757 moveto
72.7271 59.7757 lineto stroke
newpath 76.71214 89.66354 moveto
72.7271 89.66354 lineto stroke
newpath 76.71214 104.60747 moveto
72.7271 104.60747 lineto stroke
newpath 76.71214 119.55139 moveto
72.7271 119.55139 lineto stroke
newpath 76.71214 134.49532 moveto
72.7271 134.49532 lineto stroke
 0 1.24533 dtransform truncate idtransform setlinewidth pop
newpath 1.0503 20.62268 moveto
5.68059 21.56102 10.29948 22.55475 14.90607 23.60344 curveto
19.02673 24.54155 23.13554 25.53163 27.22906 26.58238 curveto
30.87611 27.51843 34.50926 28.50897 38.12393 29.56314 curveto
41.3236 30.49622 44.50638 31.48608 47.66728 32.54253 curveto
50.45262 33.47356 53.21767 34.46365 55.95671 35.52328 curveto
58.35532 36.45113 60.72998 37.44077 63.07272 38.50223 curveto
65.11835 39.42892 67.13432 40.41946 69.11246 41.48299 curveto
70.8336 42.40831 72.51894 43.39908 74.15868 44.46237 curveto
75.58772 45.38884 76.97275 46.38144 78.30441 47.44313 curveto
79.46986 48.37233 80.5824 49.36607 81.6343 50.42206 curveto
82.56691 51.35834 83.4366 52.35481 84.24153 53.40282 curveto
84.96758 54.34822 85.62201 55.34628 86.21214 56.38222 curveto
86.75781 57.34015 87.2264 58.33981 87.63661 59.36296 curveto
88.0254 60.33276 88.33711 61.33128 88.60208 62.3419 curveto
88.85907 63.32265 89.0456 64.32048 89.19905 65.32266 curveto
89.35046 66.31024 89.44168 67.3058 89.51555 68.30205 curveto
89.58897 69.29396 89.61612 70.28862 89.64075 71.2828 curveto
89.66537 72.2761 89.6583 73.2696 89.66354 74.2631 curveto
89.6688 75.25616 89.65694 76.24945 89.67244 77.24251 curveto
89.68794 78.23647 89.7014 79.23067 89.7568 80.22327 curveto
89.81244 81.21837 89.88063 82.21324 90.00513 83.2022 curveto
90.131 84.20232 90.28468 85.19948 90.50656 86.18295 curveto
90.7339 87.1906 91.00388 88.1889 91.3498 89.16234 curveto
91.7119 90.18163 92.12897 91.18106 92.62401 92.1431 curveto
93.15508 93.17491 93.74908 94.17322 94.4172 95.12204 curveto
95.15259 96.16663 95.95341 97.164 96.81992 98.1028 curveto
97.79268 99.15672 98.82768 100.15138 99.9188 101.08218 curveto
101.16176 102.1425 102.46037 103.13579 103.8055 104.06294 curveto
105.34718 105.12555 106.93675 106.11655 108.56464 107.04187 curveto
110.43605 108.10562 112.34781 109.09639 114.29083 110.02263 curveto
116.51865 111.08455 118.77998 112.07442 121.06708 113.00203 curveto
123.68185 114.06235 126.32468 115.05266 128.98848 115.98279 curveto
132.01599 117.03992 135.06674 118.02977 138.13507 118.96172 curveto
141.60814 120.0168 145.09921 121.01053 148.60718 121.94247 curveto stroke
newpath 145.33488 122.61938 moveto
146.25833 121.89133 147.47067 121.64055 148.60718 121.94247 curveto
147.47067 121.64055 146.54263 120.82114 146.10228 119.73077 curveto stroke
newpath 4.27632 19.75166 moveto
3.39798 20.53354 2.20279 20.85623 1.0503 20.62268 curveto
2.20279 20.85623 3.17807 21.61877 3.68272 22.6809 curveto stroke
newpath 74.71962 46.8243 moveto
74.19115 46.8243 73.68439 46.61433 73.31071 46.24068 curveto
72.93706 45.867 72.7271 45.36024 72.7271 44.83177 curveto
72.7271 44.3033 72.93706 43.79654 73.31071 43.42287 curveto
73.68439 43.04921 74.19115 42.83925 74.71962 42.83925 curveto
75.2481 42.83925 75.75485 43.04921 76.12852 43.42287 curveto
76.50218 43.79654 76.71214 44.3033 76.71214 44.83177 curveto
76.71214 45.36024 76.50218 45.867 76.12852 46.24068 curveto
75.75485 46.61433 75.2481 46.8243 74.71962 46.8243 curveto closepath fill
newpath 89.66354 76.71214 moveto
89.13507 76.71214 88.62831 76.50218 88.25464 76.12852 curveto
87.88098 75.75485 87.67102 75.2481 87.67102 74.71962 curveto
87.67102 74.19115 87.88098 73.68439 88.25464 73.31071 curveto
88.62831 72.93706 89.13507 72.7271 89.66354 72.7271 curveto
90.19202 72.7271 90.69878 72.93706 91.07245 73.31071 curveto
91.4461 73.68439 91.65607 74.19115 91.65607 74.71962 curveto
91.65607 75.2481 91.4461 75.75485 91.07245 76.12852 curveto
90.69878 76.50218 90.19202 76.71214 89.66354 76.71214 curveto closepath fill
newpath 104.60747 106.59999 moveto
104.079 106.59999 103.57224 106.39003 103.19856 106.01637 curveto
102.8249 105.6427 102.61494 105.13594 102.61494 104.60747 curveto
102.61494 104.079 102.8249 103.57224 103.19856 103.19856 curveto
103.57224 102.8249 104.079 102.61494 104.60747 102.61494 curveto
105.13594 102.61494 105.6427 102.8249 106.01637 103.19856 curveto
106.39003 103.57224 106.59999 104.079 106.59999 104.60747 curveto
106.59999 105.13594 106.39003 105.6427 106.01637 106.01637 curveto
105.6427 106.39003 105.13594 106.59999 104.60747 106.59999 curveto closepath fill
showpage
%%EOF
