%!PS
%%BoundingBox: -1 -1 120 150 
%%HiResBoundingBox: -0.24907 -0.24907 119.80046 149.68831 
%%Creator: MetaPost 1.9991
%%CreationDate: 2017.08.04:1349
%%Pages: 1
%%BeginProlog
%%EndProlog
%%Page: 1 1
 0 0 0 setrgbcolor 0 0.49814 dtransform truncate idtransform setlinewidth pop
 [] 0 setdash 1 setlinecap 1 setlinejoin 10 setmiterlimit
newpath 0 74.71962 moveto
119.55139 74.71962 lineto stroke
newpath 114.57008 77.21028 moveto
115.74602 75.64236 117.5915 74.71962 119.55139 74.71962 curveto
117.5915 74.71962 115.74602 73.79688 114.57008 72.22896 curveto stroke
 0.49814 0 dtransform exch truncate exch idtransform pop setlinewidth
newpath 59.7757 0 moveto
59.7757 149.43924 lineto stroke
 0 0.49814 dtransform truncate idtransform setlinewidth pop
newpath 57.28503 144.45793 moveto
58.85295 145.63387 59.7757 147.47935 59.7757 149.43924 curveto
59.7757 147.47935 60.69844 145.63387 62.26636 144.45793 curveto stroke
newpath 61.76822 14.94392 moveto
57.78317 14.94392 lineto stroke
newpath 61.76822 29.88785 moveto
57.78317 29.88785 lineto stroke
newpath 61.76822 44.83177 moveto
57.78317 44.83177 lineto stroke
newpath 61.76822 59.7757 moveto
57.78317 59.7757 lineto stroke
newpath 61.76822 89.66354 moveto
57.78317 89.66354 lineto stroke
newpath 61.76822 104.60747 moveto
57.78317 104.60747 lineto stroke
newpath 61.76822 119.55139 moveto
57.78317 119.55139 lineto stroke
newpath 61.76822 134.49532 moveto
57.78317 134.49532 lineto stroke
 0.49814 0 dtransform exch truncate exch idtransform pop setlinewidth
newpath 14.94392 72.7271 moveto
14.94392 76.71214 lineto stroke
newpath 29.88785 72.7271 moveto
29.88785 76.71214 lineto stroke
newpath 44.83177 72.7271 moveto
44.83177 76.71214 lineto stroke
newpath 74.71962 72.7271 moveto
74.71962 76.71214 lineto stroke
newpath 89.66354 72.7271 moveto
89.66354 76.71214 lineto stroke
newpath 104.60747 72.7271 moveto
104.60747 76.71214 lineto stroke
 0 1.24533 dtransform truncate idtransform setlinewidth pop
newpath 14.94392 14.94392 moveto
14.9437 15.44215 14.9551 15.94017 14.97813 16.43796 curveto
15.00116 16.93665 15.03604 17.43488 15.0821 17.93198 curveto
15.1284 18.43181 15.18564 18.93051 15.2545 19.42783 curveto
15.3236 19.92766 15.40454 20.42567 15.49597 20.92186 curveto
15.5881 21.42215 15.69116 21.92015 15.80518 22.41588 curveto
15.92033 22.91663 16.04666 23.41441 16.18279 23.90991 curveto
16.32051 24.41089 16.4685 24.90889 16.62675 25.40395 curveto
16.7873 25.90605 16.95808 26.40453 17.13844 26.8998 curveto
17.32109 27.40144 17.51355 27.89946 17.71513 28.39381 curveto
17.91989 28.8957 18.134 29.39372 18.3568 29.88785 curveto
18.58322 30.38997 18.81854 30.88797 19.06207 31.38188 curveto
19.30971 31.88399 19.56555 32.38223 19.82962 32.8759 curveto
20.09868 33.37892 20.37619 33.8774 20.66077 34.37175 curveto
20.9499 34.8741 21.24702 35.3721 21.55075 35.86578 curveto
21.85995 36.36812 22.17645 36.86613 22.49957 37.3598 curveto
22.82838 37.86215 23.16405 38.36015 23.50584 38.85384 curveto
23.85382 39.35619 24.20818 39.85419 24.56822 40.34787 curveto
24.93489 40.85089 25.30771 41.34935 25.686 41.84372 curveto
26.07024 42.34605 26.46016 42.84384 26.8551 43.33774 curveto
27.25665 43.83986 27.66345 44.33765 28.07481 44.83177 curveto
28.49301 45.3339 28.91623 45.83167 29.34378 46.3258 curveto
29.77794 46.82768 30.21666 47.32547 30.65926 47.81982 curveto
31.10916 48.32217 31.56339 48.82063 32.02126 49.31567 curveto
32.48506 49.81734 32.95297 50.31512 33.4243 50.80971 curveto
33.90202 51.31114 34.38383 51.80891 34.8684 52.30373 curveto
35.35933 52.80493 35.8537 53.30272 36.3508 53.79776 curveto
36.85405 54.29874 37.36049 54.79651 37.86945 55.2918 curveto
38.38455 55.79321 38.90263 56.29169 39.42299 56.78764 curveto
39.94836 57.28839 40.47647 57.78593 41.00664 58.28166 curveto
41.54181 58.78218 42.0795 59.27997 42.619 59.7757 curveto
43.1633 60.27599 43.70988 60.77377 44.25806 61.26973 curveto
44.81056 61.76979 45.36513 62.26756 45.92105 62.76375 curveto
47.6073 64.2596 lineto
49.30998 65.75363 lineto
51.02975 67.24765 lineto
52.76184 68.74168 lineto
54.50555 70.23572 lineto
56.25885 71.73157 lineto
58.01625 73.22559 lineto
59.7757 74.71962 lineto
61.53514 76.21365 lineto
63.29254 77.70767 lineto
65.04584 79.20352 lineto
66.78955 80.69756 lineto
68.52164 82.19159 lineto
70.24141 83.68561 lineto
71.94409 85.17964 lineto
73.63034 86.67549 lineto
74.18626 87.17168 74.74083 87.66945 75.29333 88.16951 curveto
75.8415 88.66547 76.38809 89.16325 76.93239 89.66354 curveto
77.4719 90.15927 78.00958 90.65706 78.54475 91.15758 curveto
79.07492 91.6533 79.60303 92.15085 80.1284 92.6516 curveto
80.64876 93.14755 81.16684 93.64603 81.68195 94.14745 curveto
82.1909 94.64273 82.69734 95.1405 83.20059 95.64148 curveto
83.6977 96.13652 84.19206 96.63431 84.683 97.13551 curveto
85.16756 97.63033 85.64937 98.1281 86.12709 98.62953 curveto
86.59842 99.12411 87.06633 99.6219 87.53014 100.12357 curveto
87.988 100.6186 88.44223 101.11707 88.89214 101.61942 curveto
89.33473 102.11377 89.77345 102.61156 90.20761 103.11343 curveto
90.63516 103.60757 91.05838 104.10535 91.47658 104.60747 curveto
91.88794 105.1016 92.29474 105.59938 92.69629 106.1015 curveto
93.09123 106.5954 93.48116 107.09319 93.86539 107.59552 curveto
94.24368 108.08989 94.6165 108.58835 94.98317 109.09137 curveto
95.34322 109.58505 95.69757 110.08305 96.04555 110.5854 curveto
96.38734 111.07909 96.723 111.57709 97.05182 112.07944 curveto
97.37494 112.5731 97.69144 113.07112 98.00064 113.57346 curveto
98.30437 114.06714 98.60149 114.56514 98.89063 115.06749 curveto
99.1752 115.56184 99.45271 116.06032 99.72177 116.56334 curveto
99.98584 117.057 100.24168 117.55525 100.48932 118.05736 curveto
100.73285 118.55127 100.96817 119.04927 101.1946 119.55139 curveto
101.41739 120.04552 101.6315 120.54353 101.83626 121.04543 curveto
102.03784 121.53978 102.2303 122.0378 102.41295 122.53944 curveto
102.5933 123.03471 102.7641 123.53319 102.92464 124.0353 curveto
103.08289 124.53035 103.23088 125.02835 103.3686 125.52933 curveto
103.50473 126.02483 103.63106 126.52261 103.74622 127.02336 curveto
103.86023 127.51909 103.96329 128.01709 104.05542 128.51738 curveto
104.14685 129.01357 104.2278 129.51158 104.29689 130.01141 curveto
104.36575 130.50873 104.42299 131.00743 104.46928 131.50726 curveto
104.51535 132.00436 104.55023 132.5026 104.57326 133.00128 curveto
104.5963 133.49907 104.6077 133.99709 104.60747 134.49532 curveto stroke
newpath 14.94392 16.93645 moveto
14.41545 16.93645 13.90869 16.72649 13.53502 16.35283 curveto
13.16136 15.97916 12.9514 15.4724 12.9514 14.94392 curveto
12.9514 14.41545 13.16136 13.90869 13.53502 13.53502 curveto
13.90869 13.16136 14.41545 12.9514 14.94392 12.9514 curveto
15.4724 12.9514 15.97916 13.16136 16.35283 13.53502 curveto
16.72649 13.90869 16.93645 14.41545 16.93645 14.94392 curveto
16.93645 15.4724 16.72649 15.97916 16.35283 16.35283 curveto
15.97916 16.72649 15.4724 16.93645 14.94392 16.93645 curveto closepath fill
newpath 59.7757 76.71214 moveto
59.24722 76.71214 58.74046 76.50218 58.36679 76.12852 curveto
57.99313 75.75485 57.78317 75.2481 57.78317 74.71962 curveto
57.78317 74.19115 57.99313 73.68439 58.36679 73.31071 curveto
58.74046 72.93706 59.24722 72.7271 59.7757 72.7271 curveto
60.30417 72.7271 60.81093 72.93706 61.1846 73.31071 curveto
61.55826 73.68439 61.76822 74.19115 61.76822 74.71962 curveto
61.76822 75.2481 61.55826 75.75485 61.1846 76.12852 curveto
60.81093 76.50218 60.30417 76.71214 59.7757 76.71214 curveto closepath fill
newpath 104.60747 136.48784 moveto
104.079 136.48784 103.57224 136.27788 103.19856 135.90422 curveto
102.8249 135.53055 102.61494 135.02379 102.61494 134.49532 curveto
102.61494 133.96684 102.8249 133.46008 103.19856 133.08641 curveto
103.57224 132.71275 104.079 132.50279 104.60747 132.50279 curveto
105.13594 132.50279 105.6427 132.71275 106.01637 133.08641 curveto
106.39003 133.46008 106.59999 133.96684 106.59999 134.49532 curveto
106.59999 135.02379 106.39003 135.53055 106.01637 135.90422 curveto
105.6427 136.27788 105.13594 136.48784 104.60747 136.48784 curveto closepath fill
showpage
%%EOF
