%!PS
%%BoundingBox: -1 -1 150 150 
%%HiResBoundingBox: -0.24907 -0.24907 149.68831 149.68831 
%%Creator: MetaPost 1.9991
%%CreationDate: 2017.08.04:1349
%%Pages: 1
%%BeginProlog
%%EndProlog
%%Page: 1 1
 0 0 0 setrgbcolor 0 0.49814 dtransform truncate idtransform setlinewidth pop
 [] 0 setdash 1 setlinecap 1 setlinejoin 10 setmiterlimit
newpath 0 74.71962 moveto
149.43924 74.71962 lineto stroke
newpath 144.45793 77.21028 moveto
145.63387 75.64236 147.47935 74.71962 149.43924 74.71962 curveto
147.47935 74.71962 145.63387 73.79688 144.45793 72.22896 curveto stroke
 0.49814 0 dtransform exch truncate exch idtransform pop setlinewidth
newpath 74.71962 0 moveto
74.71962 149.43924 lineto stroke
 0 0.49814 dtransform truncate idtransform setlinewidth pop
newpath 72.22896 144.45793 moveto
73.79688 145.63387 74.71962 147.47935 74.71962 149.43924 curveto
74.71962 147.47935 75.64236 145.63387 77.21028 144.45793 curveto stroke
 0.49814 0 dtransform exch truncate exch idtransform pop setlinewidth
newpath 14.94392 72.7271 moveto
14.94392 76.71214 lineto stroke
newpath 29.88785 72.7271 moveto
29.88785 76.71214 lineto stroke
newpath 44.83177 72.7271 moveto
44.83177 76.71214 lineto stroke
newpath 59.7757 72.7271 moveto
59.7757 76.71214 lineto stroke
newpath 89.66354 72.7271 moveto
89.66354 76.71214 lineto stroke
newpath 104.60747 72.7271 moveto
104.60747 76.71214 lineto stroke
newpath 119.55139 72.7271 moveto
119.55139 76.71214 lineto stroke
newpath 134.49532 72.7271 moveto
134.49532 76.71214 lineto stroke
 0 0.49814 dtransform truncate idtransform setlinewidth pop
newpath 76.71214 14.94392 moveto
72.7271 14.94392 lineto stroke
newpath 76.71214 29.88785 moveto
72.7271 29.88785 lineto stroke
newpath 76.71214 44.83177 moveto
72.7271 44.83177 lineto stroke
newpath 76.71214 59.7757 moveto
72.7271 59.7757 lineto stroke
newpath 76.71214 89.66354 moveto
72.7271 89.66354 lineto stroke
newpath 76.71214 104.60747 moveto
72.7271 104.60747 lineto stroke
newpath 76.71214 119.55139 moveto
72.7271 119.55139 lineto stroke
newpath 76.71214 134.49532 moveto
72.7271 134.49532 lineto stroke
 0 1.24533 dtransform truncate idtransform setlinewidth pop
newpath 20.62268 1.0503 moveto
21.56102 5.68059 22.55475 10.29948 23.60344 14.90607 curveto
24.54155 19.02673 25.53163 23.13554 26.58238 27.22906 curveto
27.51843 30.87611 28.50897 34.50926 29.56314 38.12393 curveto
30.49622 41.3236 31.48608 44.50638 32.54253 47.66728 curveto
33.47356 50.45262 34.46365 53.21767 35.52328 55.95671 curveto
36.45113 58.35532 37.44077 60.72998 38.50223 63.07272 curveto
39.42892 65.11835 40.41946 67.13432 41.48299 69.11246 curveto
42.40831 70.8336 43.39908 72.51894 44.46237 74.15868 curveto
45.38884 75.58772 46.38144 76.97275 47.44313 78.30441 curveto
48.37233 79.46986 49.36607 80.5824 50.42206 81.6343 curveto
51.35834 82.56691 52.35481 83.4366 53.40282 84.24153 curveto
54.34822 84.96758 55.34628 85.62201 56.38222 86.21214 curveto
57.34015 86.75781 58.33981 87.2264 59.36296 87.63661 curveto
60.33276 88.0254 61.33128 88.33711 62.3419 88.60208 curveto
63.32265 88.85907 64.32048 89.0456 65.32266 89.19905 curveto
66.31024 89.35046 67.3058 89.44168 68.30205 89.51555 curveto
69.29396 89.58897 70.28862 89.61612 71.2828 89.64075 curveto
72.2761 89.66537 73.2696 89.6583 74.2631 89.66354 curveto
75.25616 89.6688 76.24945 89.65694 77.24251 89.67244 curveto
78.23647 89.68794 79.23067 89.7014 80.22327 89.7568 curveto
81.21837 89.81244 82.21324 89.88063 83.2022 90.00513 curveto
84.20232 90.131 85.19948 90.28468 86.18295 90.50656 curveto
87.1906 90.7339 88.1889 91.00388 89.16234 91.3498 curveto
90.18163 91.7119 91.18106 92.12897 92.1431 92.62401 curveto
93.17491 93.15508 94.17322 93.74908 95.12204 94.4172 curveto
96.16663 95.15259 97.164 95.95341 98.1028 96.81992 curveto
99.15672 97.79268 100.15138 98.82768 101.08218 99.9188 curveto
102.1425 101.16176 103.13579 102.46037 104.06294 103.8055 curveto
105.12555 105.34718 106.11655 106.93675 107.04187 108.56464 curveto
108.10562 110.43605 109.09639 112.34781 110.02263 114.29083 curveto
111.08455 116.51865 112.07442 118.77998 113.00203 121.06708 curveto
114.06235 123.68185 115.05266 126.32468 115.98279 128.98848 curveto
117.03992 132.01599 118.02977 135.06674 118.96172 138.13507 curveto
120.0168 141.60814 121.01053 145.09921 121.94247 148.60718 curveto stroke
newpath 119.73077 146.10228 moveto
120.82114 146.54263 121.64055 147.47067 121.94247 148.60718 curveto
121.64055 147.47067 121.89133 146.25833 122.61938 145.33488 curveto stroke
newpath 22.6809 3.68272 moveto
21.61877 3.17807 20.85623 2.20279 20.62268 1.0503 curveto
20.85623 2.20279 20.53354 3.39798 19.75166 4.27632 curveto stroke
newpath 44.83177 76.71214 moveto
44.3033 76.71214 43.79654 76.50218 43.42287 76.12852 curveto
43.04921 75.75485 42.83925 75.2481 42.83925 74.71962 curveto
42.83925 74.19115 43.04921 73.68439 43.42287 73.31071 curveto
43.79654 72.93706 44.3033 72.7271 44.83177 72.7271 curveto
45.36024 72.7271 45.867 72.93706 46.24068 73.31071 curveto
46.61433 73.68439 46.8243 74.19115 46.8243 74.71962 curveto
46.8243 75.2481 46.61433 75.75485 46.24068 76.12852 curveto
45.867 76.50218 45.36024 76.71214 44.83177 76.71214 curveto closepath fill
newpath 74.71962 91.65607 moveto
74.19115 91.65607 73.68439 91.4461 73.31071 91.07245 curveto
72.93706 90.69878 72.7271 90.19202 72.7271 89.66354 curveto
72.7271 89.13507 72.93706 88.62831 73.31071 88.25464 curveto
73.68439 87.88098 74.19115 87.67102 74.71962 87.67102 curveto
75.2481 87.67102 75.75485 87.88098 76.12852 88.25464 curveto
76.50218 88.62831 76.71214 89.13507 76.71214 89.66354 curveto
76.71214 90.19202 76.50218 90.69878 76.12852 91.07245 curveto
75.75485 91.4461 75.2481 91.65607 74.71962 91.65607 curveto closepath fill
newpath 104.60747 106.59999 moveto
104.079 106.59999 103.57224 106.39003 103.19856 106.01637 curveto
102.8249 105.6427 102.61494 105.13594 102.61494 104.60747 curveto
102.61494 104.079 102.8249 103.57224 103.19856 103.19856 curveto
103.57224 102.8249 104.079 102.61494 104.60747 102.61494 curveto
105.13594 102.61494 105.6427 102.8249 106.01637 103.19856 curveto
106.39003 103.57224 106.59999 104.079 106.59999 104.60747 curveto
106.59999 105.13594 106.39003 105.6427 106.01637 106.01637 curveto
105.6427 106.39003 105.13594 106.59999 104.60747 106.59999 curveto closepath fill
showpage
%%EOF
