%!PS
%%BoundingBox: -1 -1 112 126 
%%HiResBoundingBox: -0.24907 -0.24907 111.03185 125.77803 
%%Creator: MetaPost 1.9991
%%CreationDate: 2017.08.04:1349
%%Pages: 1
%%BeginProlog
%%EndProlog
%%Page: 1 1
 0 0 0 setrgbcolor 0 0.49814 dtransform truncate idtransform setlinewidth pop
 [] 0 setdash 1 setlinecap 1 setlinejoin 10 setmiterlimit
newpath 0 62.76448 moveto
107.59625 62.76448 lineto stroke
newpath 102.61494 65.25514 moveto
103.79088 63.68723 105.63637 62.76448 107.59625 62.76448 curveto
105.63637 62.76448 103.79088 61.84174 102.61494 60.27382 curveto stroke
 0.49814 0 dtransform exch truncate exch idtransform pop setlinewidth
newpath 8.96635 0 moveto
8.96635 125.52896 lineto stroke
 0 0.49814 dtransform truncate idtransform setlinewidth pop
newpath 6.4757 120.54765 moveto
8.04361 121.72359 8.96635 123.56908 8.96635 125.52896 curveto
8.96635 123.56908 9.8891 121.72359 11.45702 120.54765 curveto stroke
newpath 10.95888 26.89906 moveto
6.97383 26.89906 lineto stroke
newpath 10.95888 44.83177 moveto
6.97383 44.83177 lineto stroke
newpath 10.95888 62.76448 moveto
6.97383 62.76448 lineto stroke
newpath 10.95888 80.69719 moveto
6.97383 80.69719 lineto stroke
newpath 10.95888 98.6299 moveto
6.97383 98.6299 lineto stroke
 0.49814 0 dtransform exch truncate exch idtransform pop setlinewidth
newpath 8.96635 60.77196 moveto
8.96635 64.757 lineto stroke
newpath 26.89906 60.77196 moveto
26.89906 64.757 lineto stroke
newpath 44.83177 60.77196 moveto
44.83177 64.757 lineto stroke
newpath 62.76448 60.77196 moveto
62.76448 64.757 lineto stroke
newpath 80.69719 60.77196 moveto
80.69719 64.757 lineto stroke
newpath 98.6299 60.77196 moveto
98.6299 64.757 lineto stroke
 0 1.24533 dtransform truncate idtransform setlinewidth pop
newpath 12.13637 17.93271 moveto
12.2097 18.53087 12.2855 19.12875 12.36403 19.72636 curveto
12.44257 20.32425 12.52356 20.92159 12.60757 21.51865 curveto
12.69185 22.11708 12.77885 22.71497 12.86916 23.3123 curveto
12.95946 23.91074 13.05276 24.50862 13.14935 25.10596 curveto
13.24622 25.70439 13.3461 26.30228 13.44954 26.89961 curveto
13.55324 27.49777 13.66023 28.09511 13.77104 28.6919 curveto
13.88242 29.2906 13.99707 29.88849 14.1161 30.48555 curveto
14.2354 31.08426 14.35826 31.68214 14.48578 32.2792 curveto
14.61356 32.87764 14.74518 33.47498 14.88171 34.07149 curveto
15.01881 34.67047 15.16 35.26836 15.3064 35.86514 curveto
15.45334 36.46413 15.60466 37.06229 15.76144 37.6588 curveto
15.91905 38.25806 16.08131 38.85594 16.24933 39.45245 curveto
16.41815 40.05144 16.5922 40.64905 16.77196 41.24474 curveto
16.95311 41.84427 17.13918 42.44243 17.33209 43.03839 curveto
17.5261 43.6382 17.72612 44.23634 17.93271 44.83205 curveto
18.14095 45.43211 18.3552 46.03027 18.57657 46.6257 curveto
18.79958 47.22577 19.02887 47.82338 19.26584 48.41798 curveto
19.50526 49.01888 19.75127 49.61703 20.00519 50.21164 curveto
20.26186 50.8128 20.52563 51.41096 20.79762 52.0053 curveto
21.07263 52.60646 21.35529 53.20407 21.64644 53.79758 curveto
21.94168 54.39957 22.2446 54.99773 22.55653 55.59123 curveto
22.8734 56.19377 23.1982 56.79193 23.5323 57.38489 curveto
23.87215 57.9877 24.22021 58.58614 24.57813 59.17854 curveto
24.94232 59.78163 25.31502 60.37952 25.69781 60.97083 curveto
26.08884 61.57501 26.48889 62.17316 26.89906 62.76448 curveto
27.31854 63.3692 27.74731 63.96764 28.1865 64.55814 curveto
28.63608 65.16286 29.0955 65.76102 29.56505 66.35042 curveto
30.04802 66.95651 30.54054 67.55495 31.04376 68.14407 curveto
31.56201 68.75072 32.09012 69.34915 32.6289 69.93773 curveto
33.18492 70.5452 33.7508 71.14362 34.32733 71.73138 curveto
34.92358 72.33911 35.52968 72.937 36.14671 73.52367 curveto
36.787 74.13249 37.43715 74.73093 38.09798 75.31732 curveto
38.78506 75.92697 39.48174 76.5254 40.18935 77.11098 curveto
40.92596 77.72063 41.67215 78.31879 42.42902 78.90326 curveto
43.22008 79.51428 44.02046 80.11272 44.83122 80.69691 curveto
45.68002 81.30849 46.53786 81.90692 47.4061 82.49057 curveto
48.31647 83.10268 49.23615 83.70111 50.16566 84.28423 curveto
51.14171 84.8966 52.12651 85.49449 53.1209 86.0765 curveto
54.16862 86.68999 55.22539 87.28815 56.29091 87.87016 curveto
57.415 88.48392 58.54727 89.08235 59.68831 89.66382 curveto
60.89394 90.27812 62.1075 90.87656 63.32953 91.45747 curveto
64.62161 92.07178 65.92137 92.66966 67.22905 93.24976 curveto
68.61581 93.86488 70.00996 94.46332 71.41177 95.04341 curveto
72.89897 95.65909 74.39326 96.25723 75.89468 96.83707 curveto
77.48831 97.45247 79.08852 98.05008 80.69554 98.62935 curveto
82.40575 99.24557 84.12196 99.84372 85.84502 100.423 curveto
87.67862 101.03949 89.51825 101.63765 91.36417 102.21666 curveto
93.3302 102.83342 95.30199 103.4313 97.27953 104.01031 curveto
99.38567 104.6268 101.49728 105.22441 103.61436 105.8026 curveto
105.87402 106.4199 108.13913 107.01779 110.40918 107.59625 curveto stroke
newpath 107.1439 108.30635 moveto
108.05992 107.56895 109.26965 107.30588 110.40918 107.59625 curveto
109.26965 107.30588 108.33336 106.49593 107.88194 105.41008 curveto stroke
newpath 13.98337 20.71742 moveto
12.96375 20.1316 12.27946 19.0999 12.13637 17.93271 curveto
12.27946 19.0999 11.86469 20.26634 11.01678 21.08113 curveto stroke
newpath 26.89906 64.757 moveto
26.37059 64.757 25.86383 64.54704 25.49016 64.17339 curveto
25.1165 63.79971 24.90654 63.29295 24.90654 62.76448 curveto
24.90654 62.23601 25.1165 61.72925 25.49016 61.35558 curveto
25.86383 60.98192 26.37059 60.77196 26.89906 60.77196 curveto
27.42754 60.77196 27.9343 60.98192 28.30797 61.35558 curveto
28.68163 61.72925 28.89159 62.23601 28.89159 62.76448 curveto
28.89159 63.29295 28.68163 63.79971 28.30797 64.17339 curveto
27.9343 64.54704 27.42754 64.757 26.89906 64.757 curveto closepath fill
newpath 44.83177 82.68971 moveto
44.3033 82.68971 43.79654 82.47975 43.42287 82.1061 curveto
43.04921 81.73242 42.83925 81.22566 42.83925 80.69719 curveto
42.83925 80.16872 43.04921 79.66196 43.42287 79.28828 curveto
43.79654 78.91463 44.3033 78.70467 44.83177 78.70467 curveto
45.36024 78.70467 45.867 78.91463 46.24068 79.28828 curveto
46.61433 79.66196 46.8243 80.16872 46.8243 80.69719 curveto
46.8243 81.22566 46.61433 81.73242 46.24068 82.1061 curveto
45.867 82.47975 45.36024 82.68971 44.83177 82.68971 curveto closepath fill
newpath 80.69719 100.62242 moveto
80.16872 100.62242 79.66196 100.41246 79.28828 100.0388 curveto
78.91463 99.66513 78.70467 99.15837 78.70467 98.6299 curveto
78.70467 98.10143 78.91463 97.59467 79.28828 97.221 curveto
79.66196 96.84734 80.16872 96.63737 80.69719 96.63737 curveto
81.22566 96.63737 81.73242 96.84734 82.1061 97.221 curveto
82.47975 97.59467 82.68971 98.10143 82.68971 98.6299 curveto
82.68971 99.15837 82.47975 99.66513 82.1061 100.0388 curveto
81.73242 100.41246 81.22566 100.62242 80.69719 100.62242 curveto closepath fill
showpage
%%EOF
