%!PS
%%BoundingBox: -1 -1 80 80 
%%HiResBoundingBox: -0.24907 -0.24907 79.95 79.95 
%%Creator: MetaPost 1.9991
%%CreationDate: 2017.08.03:1329
%%Pages: 1
%%BeginProlog
%%EndProlog
%%Page: 1 1
 0 0 0 setrgbcolor
newpath 9.96262 70.01729 moveto
9.43414 70.01729 8.92738 69.80733 8.55371 69.43367 curveto
8.18005 69.06 7.9701 68.55324 7.9701 68.02477 curveto
7.9701 67.49629 8.18005 66.98953 8.55371 66.61586 curveto
8.92738 66.2422 9.43414 66.03224 9.96262 66.03224 curveto
10.49109 66.03224 10.99785 66.2422 11.37152 66.61586 curveto
11.74518 66.98953 11.95514 67.49629 11.95514 68.02477 curveto
11.95514 68.55324 11.74518 69.06 11.37152 69.43367 curveto
10.99785 69.80733 10.49109 70.01729 9.96262 70.01729 curveto closepath fill
newpath 9.96262 13.66869 moveto
9.43414 13.66869 8.92738 13.45872 8.55371 13.08507 curveto
8.18005 12.7114 7.9701 12.20464 7.9701 11.67616 curveto
7.9701 11.14769 8.18005 10.64093 8.55371 10.26726 curveto
8.92738 9.8936 9.43414 9.68364 9.96262 9.68364 curveto
10.49109 9.68364 10.99785 9.8936 11.37152 10.26726 curveto
11.74518 10.64093 11.95514 11.14769 11.95514 11.67616 curveto
11.95514 12.20464 11.74518 12.7114 11.37152 13.08507 curveto
10.99785 13.45872 10.49109 13.66869 9.96262 13.66869 curveto closepath fill
newpath 19.92523 59.09819 moveto
19.39676 59.09819 18.89 58.88823 18.51633 58.51457 curveto
18.14267 58.1409 17.93271 57.63414 17.93271 57.10567 curveto
17.93271 56.5772 18.14267 56.07043 18.51633 55.69676 curveto
18.89 55.3231 19.39676 55.11314 19.92523 55.11314 curveto
20.4537 55.11314 20.96046 55.3231 21.33414 55.69676 curveto
21.7078 56.07043 21.91776 56.5772 21.91776 57.10567 curveto
21.91776 57.63414 21.7078 58.1409 21.33414 58.51457 curveto
20.96046 58.88823 20.4537 59.09819 19.92523 59.09819 curveto closepath fill
newpath 19.92523 24.58778 moveto
19.39676 24.58778 18.89 24.37782 18.51633 24.00417 curveto
18.14267 23.6305 17.93271 23.12373 17.93271 22.59526 curveto
17.93271 22.06679 18.14267 21.56003 18.51633 21.18636 curveto
18.89 20.8127 19.39676 20.60274 19.92523 20.60274 curveto
20.4537 20.60274 20.96046 20.8127 21.33414 21.18636 curveto
21.7078 21.56003 21.91776 22.06679 21.91776 22.59526 curveto
21.91776 23.12373 21.7078 23.6305 21.33414 24.00417 curveto
20.96046 24.37782 20.4537 24.58778 19.92523 24.58778 curveto closepath fill
newpath 29.88785 41.84299 moveto
29.35938 41.84299 28.85262 41.63303 28.47894 41.25937 curveto
28.10529 40.8857 27.89532 40.37894 27.89532 39.85046 curveto
27.89532 39.32199 28.10529 38.81523 28.47894 38.44156 curveto
28.85262 38.0679 29.35938 37.85794 29.88785 37.85794 curveto
30.41632 37.85794 30.92308 38.0679 31.29675 38.44156 curveto
31.67041 38.81523 31.88037 39.32199 31.88037 39.85046 curveto
31.88037 40.37894 31.67041 40.8857 31.29675 41.25937 curveto
30.92308 41.63303 30.41632 41.84299 29.88785 41.84299 curveto closepath fill
newpath 49.81308 41.84299 moveto
49.2846 41.84299 48.77785 41.63303 48.40417 41.25937 curveto
48.03052 40.8857 47.82056 40.37894 47.82056 39.85046 curveto
47.82056 39.32199 48.03052 38.81523 48.40417 38.44156 curveto
48.77785 38.0679 49.2846 37.85794 49.81308 37.85794 curveto
50.34155 37.85794 50.84831 38.0679 51.22198 38.44156 curveto
51.59564 38.81523 51.8056 39.32199 51.8056 39.85046 curveto
51.8056 40.37894 51.59564 40.8857 51.22198 41.25937 curveto
50.84831 41.63303 50.34155 41.84299 49.81308 41.84299 curveto closepath fill
newpath 69.73831 70.01729 moveto
69.20984 70.01729 68.70308 69.80733 68.3294 69.43367 curveto
67.95575 69.06 67.74579 68.55324 67.74579 68.02477 curveto
67.74579 67.49629 67.95575 66.98953 68.3294 66.61586 curveto
68.70308 66.2422 69.20984 66.03224 69.73831 66.03224 curveto
70.26678 66.03224 70.77354 66.2422 71.14722 66.61586 curveto
71.52087 66.98953 71.73083 67.49629 71.73083 68.02477 curveto
71.73083 68.55324 71.52087 69.06 71.14722 69.43367 curveto
70.77354 69.80733 70.26678 70.01729 69.73831 70.01729 curveto closepath fill
newpath 69.73831 13.66869 moveto
69.20984 13.66869 68.70308 13.45872 68.3294 13.08507 curveto
67.95575 12.7114 67.74579 12.20464 67.74579 11.67616 curveto
67.74579 11.14769 67.95575 10.64093 68.3294 10.26726 curveto
68.70308 9.8936 69.20984 9.68364 69.73831 9.68364 curveto
70.26678 9.68364 70.77354 9.8936 71.14722 10.26726 curveto
71.52087 10.64093 71.73083 11.14769 71.73083 11.67616 curveto
71.73083 12.20464 71.52087 12.7114 71.14722 13.08507 curveto
70.77354 13.45872 70.26678 13.66869 69.73831 13.66869 curveto closepath fill
newpath 59.7757 59.09819 moveto
59.24722 59.09819 58.74046 58.88823 58.36679 58.51457 curveto
57.99313 58.1409 57.78317 57.63414 57.78317 57.10567 curveto
57.78317 56.5772 57.99313 56.07043 58.36679 55.69676 curveto
58.74046 55.3231 59.24722 55.11314 59.7757 55.11314 curveto
60.30417 55.11314 60.81093 55.3231 61.1846 55.69676 curveto
61.55826 56.07043 61.76822 56.5772 61.76822 57.10567 curveto
61.76822 57.63414 61.55826 58.1409 61.1846 58.51457 curveto
60.81093 58.88823 60.30417 59.09819 59.7757 59.09819 curveto closepath fill
newpath 59.7757 24.58778 moveto
59.24722 24.58778 58.74046 24.37782 58.36679 24.00417 curveto
57.99313 23.6305 57.78317 23.12373 57.78317 22.59526 curveto
57.78317 22.06679 57.99313 21.56003 58.36679 21.18636 curveto
58.74046 20.8127 59.24722 20.60274 59.7757 20.60274 curveto
60.30417 20.60274 60.81093 20.8127 61.1846 21.18636 curveto
61.55826 21.56003 61.76822 22.06679 61.76822 22.59526 curveto
61.76822 23.12373 61.55826 23.6305 61.1846 24.00417 curveto
60.81093 24.37782 60.30417 24.58778 59.7757 24.58778 curveto closepath fill
 0 0.49814 dtransform truncate idtransform setlinewidth pop [] 0 setdash
 1 setlinecap 1 setlinejoin 10 setmiterlimit
newpath 0 39.85046 moveto
79.70093 39.85046 lineto stroke
newpath 74.71962 42.34113 moveto
75.89555 40.77321 77.74104 39.85046 79.70093 39.85046 curveto
77.74104 39.85046 75.89555 38.92772 74.71962 37.3598 curveto stroke
 0.49814 0 dtransform exch truncate exch idtransform pop setlinewidth
newpath 39.85046 0 moveto
39.85046 79.70093 lineto stroke
 0 0.49814 dtransform truncate idtransform setlinewidth pop
newpath 37.3598 74.71962 moveto
38.92772 75.89555 39.85046 77.74104 39.85046 79.70093 curveto
39.85046 77.74104 40.77321 75.89555 42.34113 74.71962 curveto stroke
 0.49814 0 dtransform exch truncate exch idtransform pop setlinewidth
newpath 9.96262 37.85794 moveto
9.96262 41.84299 lineto stroke
newpath 19.92523 37.85794 moveto
19.92523 41.84299 lineto stroke
newpath 29.88785 37.85794 moveto
29.88785 41.84299 lineto stroke
newpath 49.81308 37.85794 moveto
49.81308 41.84299 lineto stroke
newpath 59.7757 37.85794 moveto
59.7757 41.84299 lineto stroke
newpath 69.73831 37.85794 moveto
69.73831 41.84299 lineto stroke
 0 0.49814 dtransform truncate idtransform setlinewidth pop
newpath 41.84299 9.96262 moveto
37.85794 9.96262 lineto stroke
newpath 41.84299 19.92523 moveto
37.85794 19.92523 lineto stroke
newpath 41.84299 29.88785 moveto
37.85794 29.88785 lineto stroke
newpath 41.84299 49.81308 moveto
37.85794 49.81308 lineto stroke
newpath 41.84299 59.7757 moveto
37.85794 59.7757 lineto stroke
newpath 41.84299 69.73831 moveto
37.85794 69.73831 lineto stroke
 0 1.24533 dtransform truncate idtransform setlinewidth pop
newpath 77.33325 3.71606 moveto
76.18643 4.90515 75.04205 6.09666 73.90039 7.2906 curveto
72.86743 8.37083 71.83676 9.45335 70.80913 10.53876 curveto
69.87953 11.52065 68.95238 12.5048 68.02872 13.49216 curveto
67.19202 14.38663 66.35805 15.28383 65.52788 16.18454 curveto
64.77737 16.9989 64.03006 17.81615 63.28685 18.63719 curveto
62.61417 19.3804 61.94469 20.12665 61.28021 20.87732 curveto
60.67761 21.55789 60.07896 22.24197 59.48564 22.93062 curveto
58.94872 23.55374 58.4162 24.18051 57.88947 24.81229 curveto
57.41197 25.38493 56.93936 25.96184 56.47342 26.54391 curveto
56.05081 27.07188 55.63353 27.60425 55.22383 28.14223 curveto
54.8517 28.63081 54.48564 29.12396 54.1281 29.62318 curveto
53.80263 30.07756 53.48415 30.53696 53.17494 31.0026 curveto
52.89311 31.42702 52.61917 31.85663 52.35558 32.29262 curveto
52.11401 32.69211 51.88142 33.09694 51.66055 33.50815 curveto
51.45761 33.88622 51.2647 34.26944 51.0847 34.65892 curveto
50.91779 35.02011 50.76213 35.38632 50.6209 35.75815 curveto
50.48865 36.10628 50.369 36.45926 50.26488 36.8168 curveto
50.16621 37.1555 50.08154 37.49829 50.01314 37.84444 curveto
49.94731 38.17812 49.89668 38.51454 49.86295 38.85292 curveto
49.82996 39.18448 49.81308 39.5174 49.81308 39.85046 curveto
49.81308 40.18353 49.82996 40.51645 49.86295 40.848 curveto
49.89668 41.18639 49.94731 41.52281 50.01314 41.85649 curveto
50.08154 42.20264 50.16621 42.54543 50.26488 42.88412 curveto
50.369 43.24167 50.48865 43.59465 50.6209 43.94278 curveto
50.76213 44.3146 50.91779 44.68082 51.0847 45.042 curveto
51.2647 45.43149 51.45761 45.81471 51.66055 46.19278 curveto
51.88142 46.60399 52.11401 47.00882 52.35558 47.40831 curveto
52.61917 47.8443 52.89311 48.27391 53.17494 48.69833 curveto
53.48415 49.16397 53.80263 49.62337 54.1281 50.07774 curveto
54.48564 50.57697 54.8517 51.07011 55.22383 51.5587 curveto
55.63353 52.09668 56.05081 52.62904 56.47342 53.15701 curveto
56.93936 53.73909 57.41197 54.316 57.88947 54.88864 curveto
58.4162 55.52042 58.94872 56.14719 59.48564 56.77031 curveto
60.07896 57.45895 60.67761 58.14304 61.28021 58.82361 curveto
61.94469 59.57428 62.61417 60.32053 63.28685 61.06374 curveto
64.03006 61.88478 64.77737 62.70203 65.52788 63.51639 curveto
66.35805 64.4171 67.19202 65.3143 68.02872 66.20877 curveto
68.95238 67.19612 69.87953 68.18028 70.80913 69.16217 curveto
71.83676 70.24757 72.86743 71.3301 73.90039 72.41032 curveto
75.04205 73.60426 76.18643 74.79578 77.33325 75.98486 curveto stroke
newpath 74.18279 74.87099 moveto
75.34972 74.72575 76.51692 75.13844 77.33325 75.98486 curveto
76.51692 75.13844 76.14674 73.95708 76.33409 72.79616 curveto stroke
newpath 76.33409 6.90477 moveto
76.14674 5.74385 76.51692 4.56248 77.33325 3.71606 curveto
76.51692 4.56248 75.34972 4.97517 74.18279 4.82994 curveto stroke
newpath 2.36768 3.71606 moveto
3.5145 4.90515 4.65887 6.09666 5.80054 7.2906 curveto
6.8335 8.37083 7.86417 9.45335 8.8918 10.53876 curveto
9.8214 11.52065 10.74855 12.5048 11.67221 13.49216 curveto
12.50891 14.38663 13.34288 15.28383 14.17305 16.18454 curveto
14.92355 16.9989 15.67087 17.81615 16.41408 18.63719 curveto
17.08676 19.3804 17.75624 20.12665 18.42072 20.87732 curveto
19.02332 21.55789 19.62196 22.24197 20.21529 22.93062 curveto
20.75221 23.55374 21.28473 24.18051 21.81146 24.81229 curveto
22.28896 25.38493 22.76157 25.96184 23.22751 26.54391 curveto
23.65012 27.07188 24.0674 27.60425 24.4771 28.14223 curveto
24.84923 28.63081 25.21529 29.12396 25.57283 29.62318 curveto
25.8983 30.07756 26.21678 30.53696 26.52599 31.0026 curveto
26.80782 31.42702 27.08176 31.85663 27.34535 32.29262 curveto
27.58691 32.69211 27.8195 33.09694 28.04037 33.50815 curveto
28.24332 33.88622 28.43623 34.26944 28.61623 34.65892 curveto
28.78314 35.02011 28.9388 35.38632 29.08003 35.75815 curveto
29.21228 36.10628 29.33192 36.45926 29.43605 36.8168 curveto
29.53471 37.1555 29.61938 37.49829 29.68779 37.84444 curveto
29.75362 38.17812 29.80424 38.51454 29.83798 38.85292 curveto
29.87097 39.18448 29.88785 39.5174 29.88785 39.85046 curveto
29.88785 40.18353 29.87097 40.51645 29.83798 40.848 curveto
29.80424 41.18639 29.75362 41.52281 29.68779 41.85649 curveto
29.61938 42.20264 29.53471 42.54543 29.43605 42.88412 curveto
29.33192 43.24167 29.21228 43.59465 29.08003 43.94278 curveto
28.9388 44.3146 28.78314 44.68082 28.61623 45.042 curveto
28.43623 45.43149 28.24332 45.81471 28.04037 46.19278 curveto
27.8195 46.60399 27.58691 47.00882 27.34535 47.40831 curveto
27.08176 47.8443 26.80782 48.27391 26.52599 48.69833 curveto
26.21678 49.16397 25.8983 49.62337 25.57283 50.07774 curveto
25.21529 50.57697 24.84923 51.07011 24.4771 51.5587 curveto
24.0674 52.09668 23.65012 52.62904 23.22751 53.15701 curveto
22.76157 53.73909 22.28896 54.316 21.81146 54.88864 curveto
21.28473 55.52042 20.75221 56.14719 20.21529 56.77031 curveto
19.62196 57.45895 19.02332 58.14304 18.42072 58.82361 curveto
17.75624 59.57428 17.08676 60.32053 16.41408 61.06374 curveto
15.67087 61.88478 14.92355 62.70203 14.17305 63.51639 curveto
13.34288 64.4171 12.50891 65.3143 11.67221 66.20877 curveto
10.74855 67.19612 9.8214 68.18028 8.8918 69.16217 curveto
7.86417 70.24757 6.8335 71.3301 5.80054 72.41032 curveto
4.65887 73.60426 3.5145 74.79578 2.36768 75.98486 curveto stroke
newpath 3.36684 72.79616 moveto
3.55418 73.95708 3.184 75.13844 2.36768 75.98486 curveto
3.184 75.13844 4.35121 74.72575 5.51814 74.87099 curveto stroke
newpath 5.51814 4.82994 moveto
4.35121 4.97517 3.184 4.56248 2.36768 3.71606 curveto
3.184 4.56248 3.55418 5.74385 3.36684 6.90477 curveto stroke
showpage
%%EOF
