%!PS
%%BoundingBox: -1 -1 150 90 
%%HiResBoundingBox: -0.24907 -0.24907 149.68831 89.91261 
%%Creator: MetaPost 1.9991
%%CreationDate: 2017.08.03:1329
%%Pages: 1
%%BeginProlog
%%EndProlog
%%Page: 1 1
 0 0 0 setrgbcolor 0 0.49814 dtransform truncate idtransform setlinewidth pop
 [] 0 setdash 1 setlinecap 1 setlinejoin 10 setmiterlimit
newpath 0 44.83177 moveto
149.43924 44.83177 lineto stroke
newpath 144.45793 47.32243 moveto
145.63387 45.75452 147.47935 44.83177 149.43924 44.83177 curveto
147.47935 44.83177 145.63387 43.90903 144.45793 42.34111 curveto stroke
 0.49814 0 dtransform exch truncate exch idtransform pop setlinewidth
newpath 74.71962 0 moveto
74.71962 89.66354 lineto stroke
 0 0.49814 dtransform truncate idtransform setlinewidth pop
newpath 72.22896 84.68224 moveto
73.79688 85.85817 74.71962 87.70366 74.71962 89.66354 curveto
74.71962 87.70366 75.64236 85.85817 77.21028 84.68224 curveto stroke
 0.49814 0 dtransform exch truncate exch idtransform pop setlinewidth
newpath 14.94392 42.83925 moveto
14.94392 46.8243 lineto stroke
newpath 29.88785 42.83925 moveto
29.88785 46.8243 lineto stroke
newpath 44.83177 42.83925 moveto
44.83177 46.8243 lineto stroke
newpath 59.7757 42.83925 moveto
59.7757 46.8243 lineto stroke
newpath 89.66354 42.83925 moveto
89.66354 46.8243 lineto stroke
newpath 104.60747 42.83925 moveto
104.60747 46.8243 lineto stroke
newpath 119.55139 42.83925 moveto
119.55139 46.8243 lineto stroke
newpath 134.49532 42.83925 moveto
134.49532 46.8243 lineto stroke
 0 0.49814 dtransform truncate idtransform setlinewidth pop
newpath 76.71214 14.94392 moveto
72.7271 14.94392 lineto stroke
newpath 76.71214 29.88785 moveto
72.7271 29.88785 lineto stroke
newpath 76.71214 59.7757 moveto
72.7271 59.7757 lineto stroke
newpath 76.71214 74.71962 moveto
72.7271 74.71962 lineto stroke
 0 1.24533 dtransform truncate idtransform setlinewidth pop
newpath 5.37047 11.20795 moveto
11.11127 11.67654 16.84999 12.17455 22.58577 12.70197 curveto
27.68831 13.17102 32.78812 13.6672 37.88472 14.19714 curveto
42.3716 14.66368 46.85527 15.15895 51.33463 15.69116 curveto
55.23958 16.1552 59.1411 16.64978 63.03693 17.1852 curveto
66.3921 17.64626 69.74272 18.14063 73.08627 18.68013 curveto
75.91835 19.1371 78.74474 19.6301 81.56131 20.17416 curveto
83.90292 20.62657 86.237 21.11797 88.55739 21.66818 curveto
90.44112 22.11467 92.31458 22.60469 94.1682 23.16336 curveto
95.62369 23.60208 97.06505 24.08823 98.4747 24.65738 curveto
99.53935 25.08722 100.58327 25.56949 101.57266 26.15233 curveto
102.28708 26.57326 102.96864 27.05325 103.54851 27.64635 curveto
103.96603 28.07344 104.31264 28.57077 104.49345 29.14038 curveto
104.64737 29.62561 104.63551 30.14552 104.4971 30.63554 curveto
104.33954 31.19307 104.01665 31.68265 103.64908 32.12958 curveto
103.1823 32.69713 102.62181 33.17644 102.03922 33.6236 curveto
101.31682 34.17816 100.54335 34.66135 99.75575 35.11855 curveto
98.82404 35.65942 97.862 36.14626 96.89084 36.61256 curveto
95.78627 37.14296 94.6628 37.6323 93.53314 38.1066 curveto
92.28813 38.62923 91.03056 39.12085 89.76912 39.60176 curveto
88.41716 40.1171 87.05675 40.60963 85.69406 41.0958 curveto
84.26526 41.60565 82.8305 42.09865 81.39508 42.58981 curveto
79.91861 43.09512 78.43828 43.5888 76.95883 44.08476 curveto
75.46686 44.58505 73.97238 45.07849 72.48041 45.57878 curveto
71.00075 46.07497 69.52017 46.56865 68.04347 47.07396 curveto
66.60805 47.56512 65.17331 48.05812 63.74449 48.56798 curveto
62.3818 49.05414 61.02141 49.54668 59.66943 50.06201 curveto
58.40822 50.54292 57.15088 51.03455 55.9061 51.55695 curveto
54.77644 52.03125 53.65297 52.52058 52.5484 53.05098 curveto
51.57724 53.51729 50.6152 54.00412 49.68349 54.545 curveto
48.89566 55.00243 48.1222 55.48538 47.39958 56.04018 curveto
46.8172 56.48734 46.25671 56.96687 45.78993 57.5342 curveto
45.42236 57.98112 45.09947 58.4707 44.94191 59.02823 curveto
44.8035 59.51825 44.79187 60.03793 44.94579 60.52316 curveto
45.1266 61.09277 45.4732 61.5901 45.89073 62.0172 curveto
46.4706 62.61029 47.15193 63.09029 47.86635 63.51122 curveto
48.85597 64.09428 49.90012 64.57655 50.96523 65.0064 curveto
52.37488 65.57555 53.81624 66.06169 55.27173 66.50041 curveto
57.12512 67.05908 58.99835 67.54865 60.88185 67.99536 curveto
63.20224 68.54558 65.53632 69.03697 67.87793 69.48938 curveto
70.6945 70.03345 73.52066 70.52644 76.35274 70.98341 curveto
79.69698 71.52292 83.04828 72.01752 86.40414 72.47858 curveto
90.29996 73.01398 94.20149 73.50858 98.10645 73.97261 curveto
102.58601 74.50482 107.06969 75.00009 111.55656 75.46663 curveto
116.6525 75.99657 121.75162 76.49252 126.85347 76.96158 curveto
132.58925 77.489 138.32797 77.987 144.06877 78.4556 curveto stroke
newpath 140.9683 79.70189 moveto
141.74805 78.82166 142.89673 78.35992 144.06877 78.4556 curveto
142.89673 78.35992 141.83813 77.71802 141.21147 76.72298 curveto stroke
newpath 8.47093 9.96165 moveto
7.6912 10.84189 6.54251 11.30362 5.37047 11.20795 curveto
6.54251 11.30362 7.6011 11.94553 8.22777 12.94057 curveto stroke
newpath 74.71962 46.8243 moveto
74.19115 46.8243 73.68439 46.61433 73.31071 46.24068 curveto
72.93706 45.867 72.7271 45.36024 72.7271 44.83177 curveto
72.7271 44.3033 72.93706 43.79654 73.31071 43.42287 curveto
73.68439 43.04921 74.19115 42.83925 74.71962 42.83925 curveto
75.2481 42.83925 75.75485 43.04921 76.12852 43.42287 curveto
76.50218 43.79654 76.71214 44.3033 76.71214 44.83177 curveto
76.71214 45.36024 76.50218 45.867 76.12852 46.24068 curveto
75.75485 46.61433 75.2481 46.8243 74.71962 46.8243 curveto closepath fill
newpath 74.71962 20.9415 moveto
74.19115 20.9415 73.68439 20.73154 73.31071 20.35788 curveto
72.93706 19.9842 72.7271 19.47745 72.7271 18.94897 curveto
72.7271 18.4205 72.93706 17.91374 73.31071 17.54007 curveto
73.68439 17.16641 74.19115 16.95645 74.71962 16.95645 curveto
75.2481 16.95645 75.75485 17.16641 76.12852 17.54007 curveto
76.50218 17.91374 76.71214 18.4205 76.71214 18.94897 curveto
76.71214 19.47745 76.50218 19.9842 76.12852 20.35788 curveto
75.75485 20.73154 75.2481 20.9415 74.71962 20.9415 curveto closepath fill
newpath 74.71962 72.70709 moveto
74.19115 72.70709 73.68439 72.49713 73.31071 72.12347 curveto
72.93706 71.7498 72.7271 71.24304 72.7271 70.71457 curveto
72.7271 70.1861 72.93706 69.67934 73.31071 69.30566 curveto
73.68439 68.932 74.19115 68.72205 74.71962 68.72205 curveto
75.2481 68.72205 75.75485 68.932 76.12852 69.30566 curveto
76.50218 69.67934 76.71214 70.1861 76.71214 70.71457 curveto
76.71214 71.24304 76.50218 71.7498 76.12852 72.12347 curveto
75.75485 72.49713 75.2481 72.70709 74.71962 72.70709 curveto closepath fill
newpath 104.60747 31.88037 moveto
104.079 31.88037 103.57224 31.67041 103.19856 31.29675 curveto
102.8249 30.92308 102.61494 30.41632 102.61494 29.88785 curveto
102.61494 29.35938 102.8249 28.85262 103.19856 28.47894 curveto
103.57224 28.10529 104.079 27.89532 104.60747 27.89532 curveto
105.13594 27.89532 105.6427 28.10529 106.01637 28.47894 curveto
106.39003 28.85262 106.59999 29.35938 106.59999 29.88785 curveto
106.59999 30.41632 106.39003 30.92308 106.01637 31.29675 curveto
105.6427 31.67041 105.13594 31.88037 104.60747 31.88037 curveto closepath fill
newpath 44.83177 61.76822 moveto
44.3033 61.76822 43.79654 61.55826 43.42287 61.1846 curveto
43.04921 60.81093 42.83925 60.30417 42.83925 59.7757 curveto
42.83925 59.24722 43.04921 58.74046 43.42287 58.36679 curveto
43.79654 57.99313 44.3033 57.78317 44.83177 57.78317 curveto
45.36024 57.78317 45.867 57.99313 46.24068 58.36679 curveto
46.61433 58.74046 46.8243 59.24722 46.8243 59.7757 curveto
46.8243 60.30417 46.61433 60.81093 46.24068 61.1846 curveto
45.867 61.55826 45.36024 61.76822 44.83177 61.76822 curveto closepath fill
showpage
%%EOF
