%!PS
%%BoundingBox: -1 -4 100 183 
%%HiResBoundingBox: -0.24907 -3.54633 99.87523 182.87175 
%%Creator: MetaPost 1.9991
%%CreationDate: 2017.08.03:0951
%%Pages: 1
%%BeginProlog
%%EndProlog
%%Page: 1 1
 0 0 0 setrgbcolor
newpath 9.96262 92.9014 moveto
9.43414 92.9014 8.92738 92.69144 8.55371 92.31778 curveto
8.18005 91.9441 7.9701 91.43735 7.9701 90.90887 curveto
7.9701 90.3804 8.18005 89.87364 8.55371 89.49997 curveto
8.92738 89.12631 9.43414 88.91635 9.96262 88.91635 curveto
10.49109 88.91635 10.99785 89.12631 11.37152 89.49997 curveto
11.74518 89.87364 11.95514 90.3804 11.95514 90.90887 curveto
11.95514 91.43735 11.74518 91.9441 11.37152 92.31778 curveto
10.99785 92.69144 10.49109 92.9014 9.96262 92.9014 curveto closepath fill
newpath 29.88785 101.61868 moveto
29.35938 101.61868 28.85262 101.40872 28.47894 101.03506 curveto
28.10529 100.66139 27.89532 100.15463 27.89532 99.62616 curveto
27.89532 99.09769 28.10529 98.59093 28.47894 98.21725 curveto
28.85262 97.8436 29.35938 97.63364 29.88785 97.63364 curveto
30.41632 97.63364 30.92308 97.8436 31.29675 98.21725 curveto
31.67041 98.59093 31.88037 99.09769 31.88037 99.62616 curveto
31.88037 100.15463 31.67041 100.66139 31.29675 101.03506 curveto
30.92308 101.40872 30.41632 101.61868 29.88785 101.61868 curveto closepath fill
newpath 39.85046 171.357 moveto
39.32199 171.357 38.81523 171.14703 38.44156 170.77338 curveto
38.0679 170.3997 37.85794 169.89294 37.85794 169.36447 curveto
37.85794 168.836 38.0679 168.32924 38.44156 167.95557 curveto
38.81523 167.58191 39.32199 167.37195 39.85046 167.37195 curveto
40.37894 167.37195 40.8857 167.58191 41.25937 167.95557 curveto
41.63303 168.32924 41.84299 168.836 41.84299 169.36447 curveto
41.84299 169.89294 41.63303 170.3997 41.25937 170.77338 curveto
40.8857 171.14703 40.37894 171.357 39.85046 171.357 curveto closepath fill
newpath 59.7757 11.95514 moveto
59.24722 11.95514 58.74046 11.74518 58.36679 11.37152 curveto
57.99313 10.99785 57.78317 10.49109 57.78317 9.96262 curveto
57.78317 9.43414 57.99313 8.92738 58.36679 8.55371 curveto
58.74046 8.18005 59.24722 7.9701 59.7757 7.9701 curveto
60.30417 7.9701 60.81093 8.18005 61.1846 8.55371 curveto
61.55826 8.92738 61.76822 9.43414 61.76822 9.96262 curveto
61.76822 10.49109 61.55826 10.99785 61.1846 11.37152 curveto
60.81093 11.74518 60.30417 11.95514 59.7757 11.95514 curveto closepath fill
newpath 69.73831 81.69345 moveto
69.20984 81.69345 68.70308 81.48349 68.3294 81.10983 curveto
67.95575 80.73616 67.74579 80.2294 67.74579 79.70093 curveto
67.74579 79.17245 67.95575 78.6657 68.3294 78.29202 curveto
68.70308 77.91837 69.20984 77.7084 69.73831 77.7084 curveto
70.26678 77.7084 70.77354 77.91837 71.14722 78.29202 curveto
71.52087 78.6657 71.73083 79.17245 71.73083 79.70093 curveto
71.73083 80.2294 71.52087 80.73616 71.14722 81.10983 curveto
70.77354 81.48349 70.26678 81.69345 69.73831 81.69345 curveto closepath fill
newpath 89.66354 90.41074 moveto
89.13507 90.41074 88.62831 90.20078 88.25464 89.82712 curveto
87.88098 89.45345 87.67102 88.94669 87.67102 88.41821 curveto
87.67102 87.88974 87.88098 87.38298 88.25464 87.00931 curveto
88.62831 86.63565 89.13507 86.42569 89.66354 86.42569 curveto
90.19202 86.42569 90.69878 86.63565 91.07245 87.00931 curveto
91.4461 87.38298 91.65607 87.88974 91.65607 88.41821 curveto
91.65607 88.94669 91.4461 89.45345 91.07245 89.82712 curveto
90.69878 90.20078 90.19202 90.41074 89.66354 90.41074 curveto closepath fill
 0 0.49814 dtransform truncate idtransform setlinewidth pop [] 0 setdash
 1 setlinecap 1 setlinejoin 10 setmiterlimit
newpath 0 89.66354 moveto
99.62616 89.66354 lineto stroke
newpath 94.64485 92.1542 moveto
95.82079 90.58629 97.66628 89.66354 99.62616 89.66354 curveto
97.66628 89.66354 95.82079 88.7408 94.64485 87.17288 curveto stroke
 0.49814 0 dtransform exch truncate exch idtransform pop setlinewidth
newpath 49.81308 0 moveto
49.81308 179.32709 lineto stroke
 0 0.49814 dtransform truncate idtransform setlinewidth pop
newpath 47.32242 174.34578 moveto
48.89034 175.52171 49.81308 177.3672 49.81308 179.32709 curveto
49.81308 177.3672 50.73582 175.52171 52.30374 174.34578 curveto stroke
 0.49814 0 dtransform exch truncate exch idtransform pop setlinewidth
newpath 9.96262 87.67102 moveto
9.96262 91.65607 lineto stroke
newpath 29.88785 87.67102 moveto
29.88785 91.65607 lineto stroke
newpath 69.73831 87.67102 moveto
69.73831 91.65607 lineto stroke
newpath 89.66354 87.67102 moveto
89.66354 91.65607 lineto stroke
 0 0.49814 dtransform truncate idtransform setlinewidth pop
newpath 51.8056 9.96262 moveto
47.82056 9.96262 lineto stroke
newpath 51.8056 79.70093 moveto
47.82056 79.70093 lineto stroke
newpath 51.8056 99.62616 moveto
47.82056 99.62616 lineto stroke
newpath 51.8056 169.36447 moveto
47.82056 169.36447 lineto stroke
newpath 4.98131 90.53825 moveto
5.99162 90.60013 lineto
7.00238 90.66792 lineto
8.01254 90.74257 lineto
9.02345 90.8248 lineto
10.03362 90.91556 lineto
11.04437 91.01604 lineto
11.3814 91.05147 11.71811 91.08841 12.05469 91.12762 curveto
12.39186 91.16699 12.72888 91.20789 13.06544 91.25166 curveto
13.40247 91.29546 13.73933 91.34135 14.07576 91.3903 curveto
14.41309 91.4394 14.7501 91.49065 15.08652 91.54552 curveto
15.42384 91.60056 15.76056 91.65802 16.09668 91.71973 curveto
16.43416 91.7816 16.77103 91.84651 17.10698 91.91614 curveto
17.44476 91.98622 17.78194 92.0598 18.11774 92.13869 curveto
18.45567 92.2182 18.79271 92.30165 19.12805 92.39134 curveto
19.4666 92.48195 19.80377 92.57697 20.13881 92.67957 curveto
20.47766 92.78325 20.81483 92.8924 21.14912 93.0099 curveto
21.48874 93.1294 21.82622 93.25496 22.15988 93.3904 curveto
22.50026 93.5286 22.83774 93.67392 23.17004 93.83064 curveto
23.51178 93.99179 23.84972 94.16098 24.1808 94.34325 curveto
24.52406 94.53221 24.86215 94.73044 25.19112 94.94327 curveto
25.53665 95.16673 25.8752 95.40068 26.20187 95.65076 curveto
26.5497 95.91693 26.88855 96.19498 27.21219 96.49019 curveto
27.56335 96.81049 27.90265 97.14357 28.22295 97.49457 curveto
28.57745 97.88313 28.91692 98.28506 29.23326 98.70538 curveto
29.59157 99.1815 29.93132 99.67146 30.24342 100.1792 curveto
30.60597 100.76903 30.94604 101.37239 31.25418 101.99246 curveto
31.6207 102.73021 31.96075 103.48102 32.2645 104.24689 curveto
32.63525 105.18149 32.97533 106.12794 33.27525 107.08763 curveto
33.64967 108.28583 33.98973 109.49467 34.28557 110.71477 curveto
34.66393 112.27583 35.00446 113.84587 35.29633 115.42534 curveto
35.67834 117.49216 36.01886 119.56659 36.30649 121.64862 curveto
36.69276 124.44499 37.03404 127.24742 37.3174 130.0561 curveto
37.70778 133.92555 38.04936 137.79987 38.32756 141.6789 curveto
38.7231 147.1944 39.06575 152.7137 39.33832 158.23665 curveto
39.73949 166.36258 40.0762 174.49141 40.34862 182.62268 curveto stroke
newpath 38.755 179.68562 moveto
39.71884 180.35927 40.30925 181.44742 40.34862 182.62268 curveto
40.30925 181.44742 40.82553 180.32219 41.74213 179.58556 curveto stroke
newpath 8.05186 89.22005 moveto
7.29285 90.11821 6.15524 90.60658 4.98131 90.53825 curveto
6.15524 90.60658 7.22852 91.22365 7.87819 92.20378 curveto stroke
newpath 59.27754 -3.29726 moveto
59.54996 4.83461 59.88667 12.96405 60.28784 21.09044 curveto
60.56041 26.61339 60.90306 32.13269 61.2986 37.6482 curveto
61.5768 41.52722 61.91838 45.40138 62.30876 49.27068 curveto
62.59212 52.07951 62.9334 54.88194 63.31967 57.67847 curveto
63.6073 59.7605 63.94781 61.83493 64.32983 63.90175 curveto
64.6217 65.48122 64.96223 67.05125 65.34059 68.61232 curveto
65.63643 69.83241 65.97649 71.04126 66.3509 72.23961 curveto
66.65083 73.1993 66.9909 74.14575 67.36166 75.0802 curveto
67.66556 75.84607 68.00546 76.59688 68.37198 77.33463 curveto
68.68011 77.9547 69.02019 78.55806 69.38274 79.14789 curveto
69.69484 79.65562 70.03459 80.14558 70.3929 80.6217 curveto
70.70924 81.04202 71.0487 81.44395 71.40321 81.83252 curveto
71.72351 82.18352 72.0628 82.5166 72.41397 82.8369 curveto
72.73761 83.13211 73.07646 83.41016 73.42429 83.67633 curveto
73.75096 83.9264 74.08951 84.16035 74.43504 84.38382 curveto
74.764 84.59665 75.1021 84.79488 75.44536 84.98384 curveto
75.77644 85.1661 76.11438 85.3353 76.45612 85.49644 curveto
76.78842 85.65317 77.1259 85.7985 77.46628 85.93669 curveto
77.79994 86.07213 78.13742 86.1977 78.47704 86.31718 curveto
78.81133 86.4347 79.1485 86.54384 79.48735 86.64752 curveto
79.82239 86.75012 80.15956 86.84514 80.49811 86.93575 curveto
80.83345 87.02544 81.17049 87.10889 81.50842 87.1884 curveto
81.84422 87.26729 82.1814 87.34087 82.51918 87.41095 curveto
82.85513 87.48058 83.192 87.54549 83.52948 87.60736 curveto
83.8656 87.66907 84.20232 87.72653 84.53964 87.78157 curveto
84.87605 87.83644 85.21307 87.88768 85.5504 87.93678 curveto
85.88683 87.98573 86.2237 88.03163 86.56071 88.07542 curveto
86.89728 88.1192 87.2343 88.1601 87.57147 88.19946 curveto
87.90805 88.23868 88.24477 88.27562 88.58179 88.31105 curveto
89.59254 88.41153 lineto
90.6027 88.50229 lineto
91.61362 88.58452 lineto
92.62378 88.65916 lineto
93.63454 88.72696 lineto
94.64485 88.78883 lineto stroke
newpath 91.5743 90.10704 moveto
92.33331 89.20888 93.47092 88.7205 94.64485 88.78883 curveto
93.47092 88.7205 92.39764 88.10344 91.74797 87.1233 curveto stroke
newpath 60.87115 -0.3602 moveto
59.90732 -1.03384 59.31691 -2.122 59.27754 -3.29726 curveto
59.31691 -2.122 58.80063 -0.99677 57.88403 -0.26013 curveto stroke
showpage
%%EOF
