%!PS
%%BoundingBox: -1 -1 135 81 
%%HiResBoundingBox: -0.24907 -0.24907 134.74446 80.9463 
%%Creator: MetaPost 1.9991
%%CreationDate: 2017.08.03:1329
%%Pages: 1
%%BeginProlog
%%EndProlog
%%Page: 1 1
 0 0 0 setrgbcolor 0 0.49814 dtransform truncate idtransform setlinewidth pop
 [] 0 setdash 1 setlinecap 1 setlinejoin 10 setmiterlimit
newpath 0 40.34862 moveto
134.49539 40.34862 lineto stroke
newpath 129.51408 42.83928 moveto
130.69002 41.27136 132.5355 40.34862 134.49539 40.34862 curveto
132.5355 40.34862 130.69002 39.42587 129.51408 37.85796 curveto stroke
 0.49814 0 dtransform exch truncate exch idtransform pop setlinewidth
newpath 67.2477 0 moveto
67.2477 80.69724 lineto stroke
 0 0.49814 dtransform truncate idtransform setlinewidth pop
newpath 64.75703 75.71593 moveto
66.32495 76.89186 67.2477 78.73735 67.2477 80.69724 curveto
67.2477 78.73735 68.17044 76.89186 69.73836 75.71593 curveto stroke
 0.49814 0 dtransform exch truncate exch idtransform pop setlinewidth
newpath 13.44954 38.3561 moveto
13.44954 42.34114 lineto stroke
newpath 26.89908 38.3561 moveto
26.89908 42.34114 lineto stroke
newpath 40.34862 38.3561 moveto
40.34862 42.34114 lineto stroke
newpath 53.79816 38.3561 moveto
53.79816 42.34114 lineto stroke
newpath 80.69724 38.3561 moveto
80.69724 42.34114 lineto stroke
newpath 94.14677 38.3561 moveto
94.14677 42.34114 lineto stroke
newpath 107.59631 38.3561 moveto
107.59631 42.34114 lineto stroke
newpath 121.04585 38.3561 moveto
121.04585 42.34114 lineto stroke
 0 0.49814 dtransform truncate idtransform setlinewidth pop
newpath 69.24022 13.44954 moveto
65.25517 13.44954 lineto stroke
newpath 69.24022 26.89908 moveto
65.25517 26.89908 lineto stroke
newpath 69.24022 53.79816 moveto
65.25517 53.79816 lineto stroke
newpath 69.24022 67.2477 moveto
65.25517 67.2477 lineto stroke
 0 1.24533 dtransform truncate idtransform setlinewidth pop
newpath 40.34862 53.79816 moveto
40.36668 54.29808 40.52347 54.78323 40.80154 55.19902 curveto
41.17422 55.7566 41.67744 56.20892 42.2217 56.60028 curveto
42.99396 57.15541 43.83516 57.60445 44.69936 58.00114 curveto
45.87816 58.54211 47.09431 58.99585 48.32607 59.402 curveto
49.93031 59.93126 51.55711 60.38872 53.1946 60.80327 curveto
55.24847 61.3233 57.31693 61.7832 59.39337 62.20412 curveto
61.92522 62.71738 64.46692 63.17892 67.01477 63.60498 curveto
70.05434 64.11311 73.10109 64.5761 76.15276 65.00624 curveto
79.72797 65.51027 83.30891 65.97388 86.89334 66.4071 curveto
91.03497 66.90785 95.1811 67.37186 99.33011 67.80795 curveto
104.06996 68.30603 108.81308 68.77086 113.55867 69.20923 curveto
118.92404 69.70483 124.29167 70.17192 129.66196 70.61008 curveto stroke
newpath 126.56155 71.8565 moveto
127.34126 70.97624 128.48991 70.51445 129.66196 70.61008 curveto
128.48991 70.51445 127.43129 69.8726 126.8046 68.8776 curveto stroke
newpath 5.0825 10.08716 moveto
5.0825 10.15321 5.05626 10.21657 5.00955 10.26328 curveto
4.96284 10.30998 4.89949 10.33623 4.83344 10.33623 curveto
4.76738 10.33623 4.70403 10.30998 4.65732 10.26328 curveto
4.61061 10.21657 4.58437 10.15321 4.58437 10.08716 curveto
4.58437 10.0211 4.61061 9.95775 4.65732 9.91104 curveto
4.70403 9.86433 4.76738 9.83809 4.83344 9.83809 curveto
4.89949 9.83809 4.96284 9.86433 5.00955 9.91104 curveto
5.05626 9.95775 5.0825 10.0211 5.0825 10.08716 curveto closepath fill
newpath 8.03839 10.33136 moveto
8.03839 10.39742 8.01215 10.46077 7.96544 10.50748 curveto
7.91873 10.55418 7.85538 10.58043 7.78932 10.58043 curveto
7.72327 10.58043 7.65991 10.55418 7.6132 10.50748 curveto
7.5665 10.46077 7.54025 10.39742 7.54025 10.33136 curveto
7.54025 10.2653 7.5665 10.20195 7.6132 10.15524 curveto
7.65991 10.10854 7.72327 10.08229 7.78932 10.08229 curveto
7.85538 10.08229 7.91873 10.10854 7.96544 10.15524 curveto
8.01215 10.20195 8.03839 10.2653 8.03839 10.33136 curveto closepath fill
newpath 10.99352 10.58131 moveto
10.99352 10.64737 10.96727 10.71072 10.92056 10.75743 curveto
10.87386 10.80414 10.8105 10.83038 10.74445 10.83038 curveto
10.67839 10.83038 10.61504 10.80414 10.56833 10.75743 curveto
10.52162 10.71072 10.49538 10.64737 10.49538 10.58131 curveto
10.49538 10.51526 10.52162 10.4519 10.56833 10.4052 curveto
10.61504 10.35849 10.67839 10.33224 10.74445 10.33224 curveto
10.8105 10.33224 10.87386 10.35849 10.92056 10.4052 curveto
10.96727 10.4519 10.99352 10.51526 10.99352 10.58131 curveto closepath fill
newpath 13.94836 10.83707 moveto
13.94836 10.90312 13.92212 10.96648 13.87541 11.01318 curveto
13.8287 11.05989 13.76535 11.08614 13.6993 11.08614 curveto
13.63324 11.08614 13.56989 11.05989 13.52318 11.01318 curveto
13.47647 10.96648 13.45023 10.90312 13.45023 10.83707 curveto
13.45023 10.77101 13.47647 10.70766 13.52318 10.66095 curveto
13.56989 10.61424 13.63324 10.588 13.6993 10.588 curveto
13.76535 10.588 13.8287 10.61424 13.87541 10.66095 curveto
13.92212 10.70766 13.94836 10.77101 13.94836 10.83707 curveto closepath fill
newpath 16.9027 11.09856 moveto
16.9027 11.16461 16.87645 11.22797 16.82974 11.27467 curveto
16.78304 11.32138 16.71968 11.34763 16.65363 11.34763 curveto
16.58757 11.34763 16.52422 11.32138 16.47751 11.27467 curveto
16.4308 11.22797 16.40456 11.16461 16.40456 11.09856 curveto
16.40456 11.0325 16.4308 10.96915 16.47751 10.92244 curveto
16.52422 10.87573 16.58757 10.84949 16.65363 10.84949 curveto
16.71968 10.84949 16.78304 10.87573 16.82974 10.92244 curveto
16.87645 10.96915 16.9027 11.0325 16.9027 11.09856 curveto closepath fill
newpath 19.85649 11.3658 moveto
19.85649 11.43185 19.83025 11.49521 19.78354 11.54192 curveto
19.73683 11.58862 19.67348 11.61487 19.60742 11.61487 curveto
19.54137 11.61487 19.47801 11.58862 19.4313 11.54192 curveto
19.3846 11.49521 19.35835 11.43185 19.35835 11.3658 curveto
19.35835 11.29974 19.3846 11.23639 19.4313 11.18968 curveto
19.47801 11.14297 19.54137 11.11673 19.60742 11.11673 curveto
19.67348 11.11673 19.73683 11.14297 19.78354 11.18968 curveto
19.83025 11.23639 19.85649 11.29974 19.85649 11.3658 curveto closepath fill
newpath 22.80989 11.63908 moveto
22.80989 11.70514 22.78365 11.7685 22.73694 11.8152 curveto
22.69023 11.86191 22.62688 11.88815 22.56082 11.88815 curveto
22.49477 11.88815 22.43141 11.86191 22.3847 11.8152 curveto
22.338 11.7685 22.31175 11.70514 22.31175 11.63908 curveto
22.31175 11.57303 22.338 11.50967 22.3847 11.46297 curveto
22.43141 11.41626 22.49477 11.39001 22.56082 11.39001 curveto
22.62688 11.39001 22.69023 11.41626 22.73694 11.46297 curveto
22.78365 11.50967 22.80989 11.57303 22.80989 11.63908 curveto closepath fill
newpath 25.76251 11.9193 moveto
25.76251 11.98535 25.73627 12.0487 25.68956 12.09541 curveto
25.64285 12.14212 25.5795 12.16837 25.51344 12.16837 curveto
25.44739 12.16837 25.38403 12.14212 25.33733 12.09541 curveto
25.29062 12.0487 25.26437 11.98535 25.26437 11.9193 curveto
25.26437 11.85324 25.29062 11.78989 25.33733 11.74318 curveto
25.38403 11.69647 25.44739 11.67023 25.51344 11.67023 curveto
25.5795 11.67023 25.64285 11.69647 25.68956 11.74318 curveto
25.73627 11.78989 25.76251 11.85324 25.76251 11.9193 curveto closepath fill
newpath 28.7142 12.20685 moveto
28.7142 12.2729 28.68796 12.33626 28.64125 12.38297 curveto
28.59454 12.42967 28.53119 12.45592 28.46513 12.45592 curveto
28.39908 12.45592 28.33572 12.42967 28.28902 12.38297 curveto
28.24231 12.33626 28.21606 12.2729 28.21606 12.20685 curveto
28.21606 12.1408 28.24231 12.07744 28.28902 12.03073 curveto
28.33572 11.98402 28.39908 11.95778 28.46513 11.95778 curveto
28.53119 11.95778 28.59454 11.98402 28.64125 12.03073 curveto
28.68796 12.07744 28.7142 12.1408 28.7142 12.20685 curveto closepath fill
newpath 31.66534 12.50217 moveto
31.66534 12.56822 31.6391 12.63158 31.59239 12.67828 curveto
31.54568 12.72499 31.48233 12.75124 31.41628 12.75124 curveto
31.35022 12.75124 31.28687 12.72499 31.24016 12.67828 curveto
31.19345 12.63158 31.1672 12.56822 31.1672 12.50217 curveto
31.1672 12.43611 31.19345 12.37276 31.24016 12.32605 curveto
31.28687 12.27934 31.35022 12.2531 31.41628 12.2531 curveto
31.48233 12.2531 31.54568 12.27934 31.59239 12.32605 curveto
31.6391 12.37276 31.66534 12.43611 31.66534 12.50217 curveto closepath fill
newpath 34.61569 12.8056 moveto
34.61569 12.87166 34.58945 12.93501 34.54274 12.98172 curveto
34.49603 13.02843 34.43268 13.05467 34.36662 13.05467 curveto
34.30057 13.05467 34.23721 13.02843 34.1905 12.98172 curveto
34.1438 12.93501 34.11755 12.87166 34.11755 12.8056 curveto
34.11755 12.73955 34.1438 12.6762 34.1905 12.62949 curveto
34.23721 12.58278 34.30057 12.55653 34.36662 12.55653 curveto
34.43268 12.55653 34.49603 12.58278 34.54274 12.62949 curveto
34.58945 12.6762 34.61569 12.73955 34.61569 12.8056 curveto closepath fill
newpath 37.565 13.11787 moveto
37.565 13.18393 37.53876 13.24728 37.49205 13.29399 curveto
37.44534 13.3407 37.38199 13.36694 37.31593 13.36694 curveto
37.24988 13.36694 37.18652 13.3407 37.13982 13.29399 curveto
37.09311 13.24728 37.06686 13.18393 37.06686 13.11787 curveto
37.06686 13.05182 37.09311 12.98846 37.13982 12.94176 curveto
37.18652 12.89505 37.24988 12.8688 37.31593 12.8688 curveto
37.38199 12.8688 37.44534 12.89505 37.49205 12.94176 curveto
37.53876 12.98846 37.565 13.05182 37.565 13.11787 curveto closepath fill
newpath 40.51326 13.4401 moveto
40.51326 13.50615 40.48701 13.5695 40.4403 13.61621 curveto
40.3936 13.66292 40.33025 13.68916 40.26419 13.68916 curveto
40.19814 13.68916 40.13478 13.66292 40.08807 13.61621 curveto
40.04137 13.5695 40.01512 13.50615 40.01512 13.4401 curveto
40.01512 13.37404 40.04137 13.31068 40.08807 13.26398 curveto
40.13478 13.21727 40.19814 13.19102 40.26419 13.19102 curveto
40.33025 13.19102 40.3936 13.21727 40.4403 13.26398 curveto
40.48701 13.31068 40.51326 13.37404 40.51326 13.4401 curveto closepath fill
newpath 43.46033 13.77284 moveto
43.46033 13.8389 43.43408 13.90225 43.38737 13.94896 curveto
43.34067 13.99567 43.27731 14.02191 43.21126 14.02191 curveto
43.1452 14.02191 43.08185 13.99567 43.03514 13.94896 curveto
42.98843 13.90225 42.96219 13.8389 42.96219 13.77284 curveto
42.96219 13.70679 42.98843 13.64343 43.03514 13.59673 curveto
43.08185 13.55002 43.1452 13.52377 43.21126 13.52377 curveto
43.27731 13.52377 43.34067 13.55002 43.38737 13.59673 curveto
43.43408 13.64343 43.46033 13.70679 43.46033 13.77284 curveto closepath fill
newpath 46.4061 14.11685 moveto
46.4061 14.1829 46.37985 14.24626 46.33315 14.29297 curveto
46.28644 14.33968 46.22308 14.36592 46.15703 14.36592 curveto
46.09097 14.36592 46.02762 14.33968 45.98091 14.29297 curveto
45.9342 14.24626 45.90796 14.1829 45.90796 14.11685 curveto
45.90796 14.0508 45.9342 13.98744 45.98091 13.94073 curveto
46.02762 13.89403 46.09097 13.86778 46.15703 13.86778 curveto
46.22308 13.86778 46.28644 13.89403 46.33315 13.94073 curveto
46.37985 13.98744 46.4061 14.0508 46.4061 14.11685 curveto closepath fill
newpath 49.35068 14.4732 moveto
49.35068 14.53926 49.32443 14.60262 49.27773 14.64932 curveto
49.23102 14.69603 49.16766 14.72227 49.10161 14.72227 curveto
49.03555 14.72227 48.9722 14.69603 48.92549 14.64932 curveto
48.87878 14.60262 48.85254 14.53926 48.85254 14.4732 curveto
48.85254 14.40715 48.87878 14.3438 48.92549 14.29709 curveto
48.9722 14.25038 49.03555 14.22414 49.10161 14.22414 curveto
49.16766 14.22414 49.23102 14.25038 49.27773 14.29709 curveto
49.32443 14.3438 49.35068 14.40715 49.35068 14.4732 curveto closepath fill
newpath 52.29321 14.84364 moveto
52.29321 14.9097 52.26697 14.97305 52.22026 15.01976 curveto
52.17355 15.06647 52.1102 15.09271 52.04414 15.09271 curveto
51.97809 15.09271 51.91473 15.06647 51.86803 15.01976 curveto
51.82132 14.97305 51.79507 14.9097 51.79507 14.84364 curveto
51.79507 14.77759 51.82132 14.71423 51.86803 14.66753 curveto
51.91473 14.62082 51.97809 14.59457 52.04414 14.59457 curveto
52.1102 14.59457 52.17355 14.62082 52.22026 14.66753 curveto
52.26697 14.71423 52.29321 14.77759 52.29321 14.84364 curveto closepath fill
newpath 55.23392 15.22945 moveto
55.23392 15.2955 55.20767 15.35886 55.16096 15.40556 curveto
55.11426 15.45227 55.0509 15.47852 54.98485 15.47852 curveto
54.9188 15.47852 54.85544 15.45227 54.80873 15.40556 curveto
54.76202 15.35886 54.73578 15.2955 54.73578 15.22945 curveto
54.73578 15.16339 54.76202 15.10004 54.80873 15.05333 curveto
54.85544 15.00662 54.9188 14.98038 54.98485 14.98038 curveto
55.0509 14.98038 55.11426 15.00662 55.16096 15.05333 curveto
55.20767 15.10004 55.23392 15.16339 55.23392 15.22945 curveto closepath fill
newpath 58.17242 15.63188 moveto
58.17242 15.69794 58.14618 15.76129 58.09947 15.808 curveto
58.05276 15.8547 57.98941 15.88095 57.92336 15.88095 curveto
57.8573 15.88095 57.79395 15.8547 57.74724 15.808 curveto
57.70053 15.76129 57.67429 15.69794 57.67429 15.63188 curveto
57.67429 15.56583 57.70053 15.50247 57.74724 15.45576 curveto
57.79395 15.40906 57.8573 15.38281 57.92336 15.38281 curveto
57.98941 15.38281 58.05276 15.40906 58.09947 15.45576 curveto
58.14618 15.50247 58.17242 15.56583 58.17242 15.63188 curveto closepath fill
newpath 61.1081 16.05363 moveto
61.1081 16.11969 61.08185 16.18304 61.03514 16.22975 curveto
60.98843 16.27646 60.92508 16.3027 60.85902 16.3027 curveto
60.79297 16.3027 60.72961 16.27646 60.6829 16.22975 curveto
60.6362 16.18304 60.60995 16.11969 60.60995 16.05363 curveto
60.60995 15.98758 60.6362 15.92422 60.6829 15.87752 curveto
60.72961 15.83081 60.79297 15.80457 60.85902 15.80457 curveto
60.92508 15.80457 60.98843 15.83081 61.03514 15.87752 curveto
61.08185 15.92422 61.1081 15.98758 61.1081 16.05363 curveto closepath fill
newpath 64.0405 16.49751 moveto
64.0405 16.56357 64.01425 16.62692 63.96754 16.67363 curveto
63.92084 16.72034 63.85748 16.74658 63.79143 16.74658 curveto
63.72537 16.74658 63.66202 16.72034 63.61531 16.67363 curveto
63.5686 16.62692 63.54236 16.56357 63.54236 16.49751 curveto
63.54236 16.43146 63.5686 16.3681 63.61531 16.3214 curveto
63.66202 16.27469 63.72537 16.24844 63.79143 16.24844 curveto
63.85748 16.24844 63.92084 16.27469 63.96754 16.3214 curveto
64.01425 16.3681 64.0405 16.43146 64.0405 16.49751 curveto closepath fill
newpath 66.96916 16.9658 moveto
66.96916 17.03186 66.94292 17.09521 66.89621 17.14192 curveto
66.8495 17.18863 66.78615 17.21487 66.7201 17.21487 curveto
66.65404 17.21487 66.59068 17.18863 66.54398 17.14192 curveto
66.49727 17.09521 66.47102 17.03186 66.47102 16.9658 curveto
66.47102 16.89975 66.49727 16.8364 66.54398 16.78969 curveto
66.59068 16.74298 66.65404 16.71674 66.7201 16.71674 curveto
66.78615 16.71674 66.8495 16.74298 66.89621 16.78969 curveto
66.94292 16.8364 66.96916 16.89975 66.96916 16.9658 curveto closepath fill
newpath 69.89305 17.46324 moveto
69.89305 17.5293 69.8668 17.59265 69.8201 17.63936 curveto
69.77339 17.68607 69.71004 17.71231 69.64398 17.71231 curveto
69.57793 17.71231 69.51457 17.68607 69.46786 17.63936 curveto
69.42116 17.59265 69.39491 17.5293 69.39491 17.46324 curveto
69.39491 17.39719 69.42116 17.33383 69.46786 17.28712 curveto
69.51457 17.24042 69.57793 17.21417 69.64398 17.21417 curveto
69.71004 17.21417 69.77339 17.24042 69.8201 17.28712 curveto
69.8668 17.33383 69.89305 17.39719 69.89305 17.46324 curveto closepath fill
newpath 72.8108 17.9956 moveto
72.8108 18.06166 72.78456 18.12502 72.73785 18.17172 curveto
72.69115 18.21843 72.62779 18.24467 72.56174 18.24467 curveto
72.49568 18.24467 72.43233 18.21843 72.38562 18.17172 curveto
72.33891 18.12502 72.31267 18.06166 72.31267 17.9956 curveto
72.31267 17.92955 72.33891 17.8662 72.38562 17.81949 curveto
72.43233 17.77278 72.49568 17.74654 72.56174 17.74654 curveto
72.62779 17.74654 72.69115 17.77278 72.73785 17.81949 curveto
72.78456 17.8662 72.8108 17.92955 72.8108 17.9956 curveto closepath fill
newpath 75.72081 18.56836 moveto
75.72081 18.63441 75.69456 18.69777 75.64786 18.74448 curveto
75.60115 18.79118 75.5378 18.81743 75.47174 18.81743 curveto
75.40569 18.81743 75.34233 18.79118 75.29562 18.74448 curveto
75.24892 18.69777 75.22267 18.63441 75.22267 18.56836 curveto
75.22267 18.5023 75.24892 18.43895 75.29562 18.39224 curveto
75.34233 18.34554 75.40569 18.31929 75.47174 18.31929 curveto
75.5378 18.31929 75.60115 18.34554 75.64786 18.39224 curveto
75.69456 18.43895 75.72081 18.5023 75.72081 18.56836 curveto closepath fill
newpath 78.61995 19.19313 moveto
78.61995 19.25919 78.5937 19.32254 78.547 19.36925 curveto
78.50029 19.41595 78.43694 19.4422 78.37088 19.4422 curveto
78.30482 19.4422 78.24147 19.41595 78.19476 19.36925 curveto
78.14806 19.32254 78.12181 19.25919 78.12181 19.19313 curveto
78.12181 19.12708 78.14806 19.06372 78.19476 19.01701 curveto
78.24147 18.9703 78.30482 18.94406 78.37088 18.94406 curveto
78.43694 18.94406 78.50029 18.9703 78.547 19.01701 curveto
78.5937 19.06372 78.61995 19.12708 78.61995 19.19313 curveto closepath fill
newpath 81.50467 19.88206 moveto
81.50467 19.94812 81.47842 20.01147 81.43172 20.05818 curveto
81.38501 20.10489 81.32166 20.13113 81.2556 20.13113 curveto
81.18954 20.13113 81.12619 20.10489 81.07948 20.05818 curveto
81.03278 20.01147 81.00653 19.94812 81.00653 19.88206 curveto
81.00653 19.81601 81.03278 19.75266 81.07948 19.70595 curveto
81.12619 19.65924 81.18954 19.633 81.2556 19.633 curveto
81.32166 19.633 81.38501 19.65924 81.43172 19.70595 curveto
81.47842 19.75266 81.50467 19.81601 81.50467 19.88206 curveto closepath fill
newpath 84.36662 20.65907 moveto
84.36662 20.72513 84.34038 20.78848 84.29367 20.83519 curveto
84.24696 20.8819 84.18361 20.90814 84.11755 20.90814 curveto
84.0515 20.90814 83.98814 20.8819 83.94144 20.83519 curveto
83.89473 20.78848 83.86848 20.72513 83.86848 20.65907 curveto
83.86848 20.59302 83.89473 20.52966 83.94144 20.48296 curveto
83.98814 20.43625 84.0515 20.41 84.11755 20.41 curveto
84.18361 20.41 84.24696 20.43625 84.29367 20.48296 curveto
84.34038 20.52966 84.36662 20.59302 84.36662 20.65907 curveto closepath fill
newpath 87.19255 21.55797 moveto
87.19255 21.62402 87.1663 21.68738 87.1196 21.73409 curveto
87.07289 21.78079 87.00954 21.80704 86.94348 21.80704 curveto
86.87743 21.80704 86.81407 21.78079 86.76736 21.73409 curveto
86.72066 21.68738 86.69441 21.62402 86.69441 21.55797 curveto
86.69441 21.49191 86.72066 21.42856 86.76736 21.38185 curveto
86.81407 21.33514 86.87743 21.3089 86.94348 21.3089 curveto
87.00954 21.3089 87.07289 21.33514 87.1196 21.38185 curveto
87.1663 21.42856 87.19255 21.49191 87.19255 21.55797 curveto closepath fill
newpath 89.94862 22.65088 moveto
89.94862 22.71693 89.92238 22.78029 89.87567 22.827 curveto
89.82896 22.8737 89.76561 22.89995 89.69955 22.89995 curveto
89.6335 22.89995 89.57014 22.8737 89.52344 22.827 curveto
89.47673 22.78029 89.45049 22.71693 89.45049 22.65088 curveto
89.45049 22.58482 89.47673 22.52147 89.52344 22.47476 curveto
89.57014 22.42805 89.6335 22.40181 89.69955 22.40181 curveto
89.76561 22.40181 89.82896 22.42805 89.87567 22.47476 curveto
89.92238 22.52147 89.94862 22.58482 89.94862 22.65088 curveto closepath fill
newpath 92.53064 24.10089 moveto
92.53064 24.16695 92.5044 24.2303 92.45769 24.27701 curveto
92.41098 24.32372 92.34763 24.34996 92.28157 24.34996 curveto
92.21552 24.34996 92.15216 24.32372 92.10545 24.27701 curveto
92.05875 24.2303 92.0325 24.16695 92.0325 24.10089 curveto
92.0325 24.03484 92.05875 23.97148 92.10545 23.92477 curveto
92.15216 23.87807 92.21552 23.85182 92.28157 23.85182 curveto
92.34763 23.85182 92.41098 23.87807 92.45769 23.92477 curveto
92.5044 23.97148 92.53064 24.03484 92.53064 24.10089 curveto closepath fill
newpath 94.33394 26.3794 moveto
94.33394 26.44545 94.3077 26.5088 94.26099 26.55551 curveto
94.21428 26.60222 94.15092 26.62846 94.08487 26.62846 curveto
94.01881 26.62846 93.95546 26.60222 93.90875 26.55551 curveto
93.86205 26.5088 93.8358 26.44545 93.8358 26.3794 curveto
93.8358 26.31334 93.86205 26.24998 93.90875 26.20328 curveto
93.95546 26.15657 94.01881 26.13033 94.08487 26.13033 curveto
94.15092 26.13033 94.21428 26.15657 94.26099 26.20328 curveto
94.3077 26.24998 94.33394 26.31334 94.33394 26.3794 curveto closepath fill
newpath 93.40091 29.06961 moveto
93.40091 29.13567 93.37466 29.19902 93.32796 29.24573 curveto
93.28125 29.29243 93.2179 29.31868 93.15184 29.31868 curveto
93.08578 29.31868 93.02243 29.29243 92.97572 29.24573 curveto
92.92902 29.19902 92.90277 29.13567 92.90277 29.06961 curveto
92.90277 29.00356 92.92902 28.9402 92.97572 28.8935 curveto
93.02243 28.84679 93.08578 28.82054 93.15184 28.82054 curveto
93.2179 28.82054 93.28125 28.84679 93.32796 28.8935 curveto
93.37466 28.9402 93.40091 29.00356 93.40091 29.06961 curveto closepath fill
newpath 91.11403 30.94446 moveto
91.11403 31.01051 91.08778 31.07387 91.04108 31.12057 curveto
90.99437 31.16728 90.93102 31.19353 90.86496 31.19353 curveto
90.7989 31.19353 90.73555 31.16728 90.68884 31.12057 curveto
90.64214 31.07387 90.61589 31.01051 90.61589 30.94446 curveto
90.61589 30.8784 90.64214 30.81505 90.68884 30.76834 curveto
90.73555 30.72163 90.7989 30.69539 90.86496 30.69539 curveto
90.93102 30.69539 90.99437 30.72163 91.04108 30.76834 curveto
91.08778 30.81505 91.11403 30.8784 91.11403 30.94446 curveto closepath fill
newpath 88.53983 32.41458 moveto
88.53983 32.48064 88.51358 32.54399 88.46687 32.5907 curveto
88.42017 32.6374 88.35681 32.66365 88.29076 32.66365 curveto
88.2247 32.66365 88.16135 32.6374 88.11464 32.5907 curveto
88.06793 32.54399 88.04169 32.48064 88.04169 32.41458 curveto
88.04169 32.34853 88.06793 32.28517 88.11464 32.23846 curveto
88.16135 32.19176 88.2247 32.16551 88.29076 32.16551 curveto
88.35681 32.16551 88.42017 32.19176 88.46687 32.23846 curveto
88.51358 32.28517 88.53983 32.34853 88.53983 32.41458 curveto closepath fill
newpath 85.85904 33.68263 moveto
85.85904 33.74869 85.8328 33.81204 85.78609 33.85875 curveto
85.73938 33.90546 85.67603 33.9317 85.60997 33.9317 curveto
85.54391 33.9317 85.48056 33.90546 85.43385 33.85875 curveto
85.38715 33.81204 85.3609 33.74869 85.3609 33.68263 curveto
85.3609 33.61658 85.38715 33.55322 85.43385 33.50652 curveto
85.48056 33.45981 85.54391 33.43356 85.60997 33.43356 curveto
85.67603 33.43356 85.73938 33.45981 85.78609 33.50652 curveto
85.8328 33.55322 85.85904 33.61658 85.85904 33.68263 curveto closepath fill
newpath 83.12448 34.83008 moveto
83.12448 34.89613 83.09824 34.95949 83.05153 35.0062 curveto
83.00482 35.0529 82.94147 35.07915 82.87541 35.07915 curveto
82.80936 35.07915 82.746 35.0529 82.6993 35.0062 curveto
82.65259 34.95949 82.62634 34.89613 82.62634 34.83008 curveto
82.62634 34.76402 82.65259 34.70067 82.6993 34.65396 curveto
82.746 34.60725 82.80936 34.58101 82.87541 34.58101 curveto
82.94147 34.58101 83.00482 34.60725 83.05153 34.65396 curveto
83.09824 34.70067 83.12448 34.76402 83.12448 34.83008 curveto closepath fill
newpath 80.35799 35.89885 moveto
80.35799 35.9649 80.33174 36.02826 80.28503 36.07497 curveto
80.23833 36.12167 80.17497 36.14792 80.10892 36.14792 curveto
80.04286 36.14792 79.9795 36.12167 79.9328 36.07497 curveto
79.8861 36.02826 79.85985 35.9649 79.85985 35.89885 curveto
79.85985 35.8328 79.8861 35.76944 79.9328 35.72273 curveto
79.9795 35.67603 80.04286 35.64978 80.10892 35.64978 curveto
80.17497 35.64978 80.23833 35.67603 80.28503 35.72273 curveto
80.33174 35.76944 80.35799 35.8328 80.35799 35.89885 curveto closepath fill
newpath 77.57207 36.91537 moveto
77.57207 36.98143 77.54582 37.04478 77.49911 37.09149 curveto
77.45241 37.1382 77.38905 37.16444 77.323 37.16444 curveto
77.25694 37.16444 77.19359 37.1382 77.14688 37.09149 curveto
77.10017 37.04478 77.07393 36.98143 77.07393 36.91537 curveto
77.07393 36.84932 77.10017 36.78596 77.14688 36.73926 curveto
77.19359 36.69255 77.25694 36.6663 77.323 36.6663 curveto
77.38905 36.6663 77.45241 36.69255 77.49911 36.73926 curveto
77.54582 36.78596 77.57207 36.84932 77.57207 36.91537 curveto closepath fill
newpath 74.77339 37.89629 moveto
74.77339 37.96234 74.74715 38.0257 74.70044 38.0724 curveto
74.65373 38.11911 74.59038 38.14536 74.52432 38.14536 curveto
74.45827 38.14536 74.39491 38.11911 74.3482 38.0724 curveto
74.3015 38.0257 74.27525 37.96234 74.27525 37.89629 curveto
74.27525 37.83023 74.3015 37.76688 74.3482 37.72017 curveto
74.39491 37.67346 74.45827 37.64722 74.52432 37.64722 curveto
74.59038 37.64722 74.65373 37.67346 74.70044 37.72017 curveto
74.74715 37.76688 74.77339 37.83023 74.77339 37.89629 curveto closepath fill
newpath 71.9661 38.85294 moveto
71.9661 38.91899 71.93985 38.98235 71.89314 39.02905 curveto
71.84644 39.07576 71.78308 39.102 71.71703 39.102 curveto
71.65097 39.102 71.58762 39.07576 71.54091 39.02905 curveto
71.4942 38.98235 71.46796 38.91899 71.46796 38.85294 curveto
71.46796 38.78688 71.4942 38.72353 71.54091 38.67682 curveto
71.58762 38.63011 71.65097 38.60387 71.71703 38.60387 curveto
71.78308 38.60387 71.84644 38.63011 71.89314 38.67682 curveto
71.93985 38.72353 71.9661 38.78688 71.9661 38.85294 curveto closepath fill
newpath 69.1539 39.79558 moveto
69.1539 39.86163 69.12766 39.92499 69.08095 39.9717 curveto
69.03424 40.0184 68.97089 40.04465 68.90483 40.04465 curveto
68.83878 40.04465 68.77542 40.0184 68.72871 39.9717 curveto
68.682 39.92499 68.65576 39.86163 68.65576 39.79558 curveto
68.65576 39.72952 68.682 39.66617 68.72871 39.61946 curveto
68.77542 39.57275 68.83878 39.54651 68.90483 39.54651 curveto
68.97089 39.54651 69.03424 39.57275 69.08095 39.61946 curveto
69.12766 39.66617 69.1539 39.72952 69.1539 39.79558 curveto closepath fill
newpath 66.34044 40.73431 moveto
66.34044 40.80037 66.3142 40.86372 66.26749 40.91043 curveto
66.22078 40.95714 66.15742 40.98338 66.09137 40.98338 curveto
66.02531 40.98338 65.96196 40.95714 65.91525 40.91043 curveto
65.86855 40.86372 65.8423 40.80037 65.8423 40.73431 curveto
65.8423 40.66826 65.86855 40.6049 65.91525 40.5582 curveto
65.96196 40.51149 66.02531 40.48524 66.09137 40.48524 curveto
66.15742 40.48524 66.22078 40.51149 66.26749 40.5582 curveto
66.3142 40.6049 66.34044 40.66826 66.34044 40.73431 curveto closepath fill
newpath 63.52803 41.67618 moveto
63.52803 41.74223 63.50179 41.80559 63.45508 41.8523 curveto
63.40837 41.899 63.34502 41.92525 63.27896 41.92525 curveto
63.2129 41.92525 63.14955 41.899 63.10284 41.8523 curveto
63.05614 41.80559 63.02989 41.74223 63.02989 41.67618 curveto
63.02989 41.61012 63.05614 41.54677 63.10284 41.50006 curveto
63.14955 41.45335 63.2129 41.42711 63.27896 41.42711 curveto
63.34502 41.42711 63.40837 41.45335 63.45508 41.50006 curveto
63.50179 41.54677 63.52803 41.61012 63.52803 41.67618 curveto closepath fill
newpath 60.71954 42.62906 moveto
60.71954 42.69511 60.6933 42.75847 60.64659 42.80518 curveto
60.59988 42.85188 60.53653 42.87813 60.47047 42.87813 curveto
60.40442 42.87813 60.34106 42.85188 60.29436 42.80518 curveto
60.24765 42.75847 60.2214 42.69511 60.2214 42.62906 curveto
60.2214 42.563 60.24765 42.49965 60.29436 42.45294 curveto
60.34106 42.40623 60.40442 42.37999 60.47047 42.37999 curveto
60.53653 42.37999 60.59988 42.40623 60.64659 42.45294 curveto
60.6933 42.49965 60.71954 42.563 60.71954 42.62906 curveto closepath fill
newpath 57.9187 43.60475 moveto
57.9187 43.6708 57.89246 43.73416 57.84575 43.78087 curveto
57.79904 43.82758 57.73569 43.85382 57.66963 43.85382 curveto
57.60358 43.85382 57.54022 43.82758 57.49352 43.78087 curveto
57.44681 43.73416 57.42056 43.6708 57.42056 43.60475 curveto
57.42056 43.5387 57.44681 43.47534 57.49352 43.42863 curveto
57.54022 43.38193 57.60358 43.35568 57.66963 43.35568 curveto
57.73569 43.35568 57.79904 43.38193 57.84575 43.42863 curveto
57.89246 43.47534 57.9187 43.5387 57.9187 43.60475 curveto closepath fill
newpath 55.12979 44.6143 moveto
55.12979 44.68036 55.10355 44.74371 55.05684 44.79042 curveto
55.01013 44.83713 54.94678 44.86337 54.88072 44.86337 curveto
54.81467 44.86337 54.75131 44.83713 54.7046 44.79042 curveto
54.6579 44.74371 54.63165 44.68036 54.63165 44.6143 curveto
54.63165 44.54825 54.6579 44.4849 54.7046 44.43819 curveto
54.75131 44.39148 54.81467 44.36523 54.88072 44.36523 curveto
54.94678 44.36523 55.01013 44.39148 55.05684 44.43819 curveto
55.10355 44.4849 55.12979 44.54825 55.12979 44.6143 curveto closepath fill
newpath 52.35909 45.6728 moveto
52.35909 45.73886 52.33284 45.80222 52.28613 45.84892 curveto
52.23943 45.89563 52.17607 45.92188 52.11002 45.92188 curveto
52.04396 45.92188 51.9806 45.89563 51.9339 45.84892 curveto
51.88719 45.80222 51.86095 45.73886 51.86095 45.6728 curveto
51.86095 45.60675 51.88719 45.5434 51.9339 45.49669 curveto
51.9806 45.44998 52.04396 45.42374 52.11002 45.42374 curveto
52.17607 45.42374 52.23943 45.44998 52.28613 45.49669 curveto
52.33284 45.5434 52.35909 45.60675 52.35909 45.6728 curveto closepath fill
newpath 49.61725 46.80365 moveto
49.61725 46.8697 49.591 46.93306 49.5443 46.97977 curveto
49.49759 47.02647 49.43423 47.05272 49.36818 47.05272 curveto
49.30212 47.05272 49.23877 47.02647 49.19206 46.97977 curveto
49.14536 46.93306 49.11911 46.8697 49.11911 46.80365 curveto
49.11911 46.7376 49.14536 46.67424 49.19206 46.62753 curveto
49.23877 46.58083 49.30212 46.55458 49.36818 46.55458 curveto
49.43423 46.55458 49.49759 46.58083 49.5443 46.62753 curveto
49.591 46.67424 49.61725 46.7376 49.61725 46.80365 curveto closepath fill
newpath 46.92429 48.04582 moveto
46.92429 48.11188 46.89804 48.17523 46.85133 48.22194 curveto
46.80463 48.26865 46.74127 48.29489 46.67522 48.29489 curveto
46.60916 48.29489 46.5458 48.26865 46.4991 48.22194 curveto
46.4524 48.17523 46.42615 48.11188 46.42615 48.04582 curveto
46.42615 47.97977 46.4524 47.91641 46.4991 47.8697 curveto
46.5458 47.823 46.60916 47.79675 46.67522 47.79675 curveto
46.74127 47.79675 46.80463 47.823 46.85133 47.8697 curveto
46.89804 47.91641 46.92429 47.97977 46.92429 48.04582 curveto closepath fill
newpath 44.3245 49.47101 moveto
44.3245 49.53706 44.29825 49.60042 44.25154 49.64713 curveto
44.20483 49.69383 44.14148 49.72008 44.07542 49.72008 curveto
44.00937 49.72008 43.94601 49.69383 43.8993 49.64713 curveto
43.8526 49.60042 43.82635 49.53706 43.82635 49.47101 curveto
43.82635 49.40495 43.8526 49.3416 43.8993 49.29489 curveto
43.94601 49.24818 44.00937 49.22194 44.07542 49.22194 curveto
44.14148 49.22194 44.20483 49.24818 44.25154 49.29489 curveto
44.29825 49.3416 44.3245 49.40495 44.3245 49.47101 curveto closepath fill
newpath 41.95708 51.24802 moveto
41.95708 51.31407 41.93083 51.37743 41.88412 51.42413 curveto
41.83742 51.47084 41.77406 51.49709 41.70801 51.49709 curveto
41.64195 51.49709 41.5786 51.47084 41.53189 51.42413 curveto
41.48518 51.37743 41.45894 51.31407 41.45894 51.24802 curveto
41.45894 51.18196 41.48518 51.1186 41.53189 51.0719 curveto
41.5786 51.02519 41.64195 50.99895 41.70801 50.99895 curveto
41.77406 50.99895 41.83742 51.02519 41.88412 51.0719 curveto
41.93083 51.1186 41.95708 51.18196 41.95708 51.24802 curveto closepath fill
newpath 40.59769 53.79816 moveto
40.59769 53.86421 40.57144 53.92757 40.52473 53.97427 curveto
40.47803 54.02098 40.41467 54.04723 40.34862 54.04723 curveto
40.28256 54.04723 40.21921 54.02098 40.1725 53.97427 curveto
40.1258 53.92757 40.09955 53.86421 40.09955 53.79816 curveto
40.09955 53.7321 40.1258 53.66875 40.1725 53.62204 curveto
40.21921 53.57533 40.28256 53.54909 40.34862 53.54909 curveto
40.41467 53.54909 40.47803 53.57533 40.52473 53.62204 curveto
40.57144 53.66875 40.59769 53.7321 40.59769 53.79816 curveto closepath fill
newpath 67.2477 65.63567 moveto
66.71922 65.63567 66.21246 65.4257 65.83879 65.05205 curveto
65.46513 64.67838 65.25517 64.17162 65.25517 63.64314 curveto
65.25517 63.11467 65.46513 62.60791 65.83879 62.23424 curveto
66.21246 61.86058 66.71922 61.65062 67.2477 61.65062 curveto
67.77617 61.65062 68.28293 61.86058 68.6566 62.23424 curveto
69.03026 62.60791 69.24022 63.11467 69.24022 63.64314 curveto
69.24022 64.17162 69.03026 64.67838 68.6566 65.05205 curveto
68.28293 65.4257 67.77617 65.63567 67.2477 65.63567 curveto closepath fill
newpath 40.34862 55.79068 moveto
39.82014 55.79068 39.31339 55.58072 38.93971 55.20706 curveto
38.56606 54.83339 38.3561 54.32663 38.3561 53.79816 curveto
38.3561 53.26968 38.56606 52.76292 38.93971 52.38925 curveto
39.31339 52.0156 39.82014 51.80563 40.34862 51.80563 curveto
40.87709 51.80563 41.38385 52.0156 41.75752 52.38925 curveto
42.13118 52.76292 42.34114 53.26968 42.34114 53.79816 curveto
42.34114 54.32663 42.13118 54.83339 41.75752 55.20706 curveto
41.38385 55.58072 40.87709 55.79068 40.34862 55.79068 curveto closepath fill
showpage
%%EOF
