%!PS
%%BoundingBox: -1 -2 150 122 
%%HiResBoundingBox: -0.24907 -1.77899 149.68831 121.33038 
%%Creator: MetaPost 1.9991
%%CreationDate: 2017.08.03:1329
%%Pages: 1
%%BeginProlog
%%EndProlog
%%Page: 1 1
 0 0 0 setrgbcolor 0 0.49814 dtransform truncate idtransform setlinewidth pop
 [] 0 setdash 1 setlinecap 1 setlinejoin 10 setmiterlimit
newpath 0 59.7757 moveto
149.43924 59.7757 lineto stroke
newpath 144.45793 62.26636 moveto
145.63387 60.69844 147.47935 59.7757 149.43924 59.7757 curveto
147.47935 59.7757 145.63387 58.85295 144.45793 57.28503 curveto stroke
 0.49814 0 dtransform exch truncate exch idtransform pop setlinewidth
newpath 74.71962 0 moveto
74.71962 119.55139 lineto stroke
 0 0.49814 dtransform truncate idtransform setlinewidth pop
newpath 72.22896 114.57008 moveto
73.79688 115.74602 74.71962 117.5915 74.71962 119.55139 curveto
74.71962 117.5915 75.64236 115.74602 77.21028 114.57008 curveto stroke
 0.49814 0 dtransform exch truncate exch idtransform pop setlinewidth
newpath 14.94392 57.78317 moveto
14.94392 61.76822 lineto stroke
newpath 29.88785 57.78317 moveto
29.88785 61.76822 lineto stroke
newpath 44.83177 57.78317 moveto
44.83177 61.76822 lineto stroke
newpath 59.7757 57.78317 moveto
59.7757 61.76822 lineto stroke
newpath 89.66354 57.78317 moveto
89.66354 61.76822 lineto stroke
newpath 104.60747 57.78317 moveto
104.60747 61.76822 lineto stroke
newpath 119.55139 57.78317 moveto
119.55139 61.76822 lineto stroke
newpath 134.49532 57.78317 moveto
134.49532 61.76822 lineto stroke
 0 0.49814 dtransform truncate idtransform setlinewidth pop
newpath 76.71214 14.94392 moveto
72.7271 14.94392 lineto stroke
newpath 76.71214 29.88785 moveto
72.7271 29.88785 lineto stroke
newpath 76.71214 44.83177 moveto
72.7271 44.83177 lineto stroke
newpath 76.71214 74.71962 moveto
72.7271 74.71962 lineto stroke
newpath 76.71214 89.66354 moveto
72.7271 89.66354 lineto stroke
newpath 76.71214 104.60747 moveto
72.7271 104.60747 lineto stroke
 0 1.24533 dtransform truncate idtransform setlinewidth pop
newpath 37.3598 120.70772 moveto
37.85257 119.57396 38.35059 118.44273 38.85384 117.31354 curveto
39.34706 116.20715 39.84506 115.10306 40.34877 114.00146 curveto
40.84131 112.92473 41.33887 111.85004 41.8428 110.77853 curveto
42.33534 109.73122 42.83313 108.68663 43.33751 107.645 curveto
43.82938 106.62961 44.32692 105.61694 44.83154 104.60793 curveto
45.32317 103.62491 45.82095 102.64485 46.32648 101.66867 curveto
46.81743 100.72076 47.31474 99.77628 47.82051 98.83635 curveto
48.31099 97.9247 48.80855 97.01671 49.31522 96.11395 curveto
49.8048 95.24152 50.3019 94.3732 50.80925 93.5108 curveto
51.29837 92.67918 51.79568 91.85237 52.30418 91.03238 curveto
52.79216 90.2457 53.28903 89.46425 53.79822 88.69124 curveto
54.28505 87.95198 54.7817 87.21933 55.29225 86.49603 curveto
55.77817 85.80762 56.27481 85.12697 56.78696 84.45793 curveto
57.27129 83.82516 57.7677 83.2015 58.28099 82.592 curveto
58.7644 82.01805 59.26082 81.45506 59.77592 80.9094 curveto
60.25797 80.39883 60.75392 79.90198 61.26996 79.42586 curveto
61.75131 78.98166 62.24818 78.55411 62.76466 78.15118 curveto
63.24603 77.77562 63.74335 77.42105 64.2587 77.09406 curveto
64.74165 76.78758 65.24034 76.50644 65.75363 76.25447 curveto
66.23888 76.01617 66.73825 75.80753 67.24765 75.62602 curveto
67.737 75.45181 68.23683 75.30952 68.74237 75.19026 curveto
69.23514 75.07397 69.73474 74.98892 70.2364 74.92006 curveto
70.73236 74.85187 71.23174 74.81151 71.73134 74.77913 curveto
72.22867 74.74698 72.72713 74.73695 73.22536 74.72691 curveto
73.72337 74.71712 74.22139 74.72212 74.71939 74.71962 curveto
75.21764 74.71712 75.71587 74.72212 76.2141 74.7121 curveto
76.71234 74.70206 77.2108 74.69226 77.70813 74.65965 curveto
78.20773 74.62704 78.70734 74.58714 79.20306 74.51645 curveto
79.70518 74.44485 80.20547 74.35889 80.6971 74.23347 curveto
81.20468 74.10394 81.70703 73.95322 82.1918 73.75438 curveto
82.70784 73.54277 83.21268 73.30289 83.68584 73.0076 curveto
84.21509 72.67719 84.72473 72.31418 85.18077 71.88821 curveto
85.72873 71.3763 86.24886 70.83246 86.6748 70.21497 curveto
87.25627 69.37172 87.887 68.54102 88.16951 67.55435 curveto
88.8976 65.01096 89.39766 62.4078 89.66354 59.7757 curveto stroke
newpath 37.18062 117.37099 moveto
37.76215 118.39305 37.82854 119.62926 37.3598 120.70772 curveto
37.82854 119.62926 38.77768 118.83443 39.92168 118.56233 curveto stroke
newpath 37.3598 -1.15633 moveto
37.85257 -0.02257 38.35059 1.10866 38.85384 2.23785 curveto
39.34706 3.34424 39.84506 4.44833 40.34877 5.54993 curveto
40.84131 6.62666 41.33887 7.70135 41.8428 8.77286 curveto
42.33534 9.82018 42.83313 10.86476 43.33751 11.90639 curveto
43.82938 12.92178 44.32692 13.93445 44.83154 14.94347 curveto
45.32317 15.92648 45.82095 16.90654 46.32648 17.88272 curveto
46.81743 18.83063 47.31474 19.77512 47.82051 20.71504 curveto
48.31099 21.6267 48.80855 22.53468 49.31522 23.43744 curveto
49.8048 24.30988 50.3019 25.17819 50.80925 26.04059 curveto
51.29837 26.87221 51.79568 27.69902 52.30418 28.51901 curveto
52.79216 29.3057 53.28903 30.08714 53.79822 30.86015 curveto
54.28505 31.59941 54.7817 32.33206 55.29225 33.05536 curveto
55.77817 33.74377 56.27481 34.42442 56.78696 35.09346 curveto
57.27129 35.72623 57.7677 36.34988 58.28099 36.9594 curveto
58.7644 37.53334 59.26082 38.09633 59.77592 38.642 curveto
60.25797 39.15256 60.75392 39.64941 61.26996 40.12553 curveto
61.75131 40.56973 62.24818 40.99728 62.76466 41.4002 curveto
63.24603 41.77577 63.74335 42.13034 64.2587 42.45734 curveto
64.74165 42.76381 65.24034 43.04495 65.75363 43.29692 curveto
66.23888 43.53522 66.73825 43.74387 67.24765 43.92537 curveto
67.737 44.09958 68.23683 44.24187 68.74237 44.36113 curveto
69.23514 44.47742 69.73474 44.56247 70.2364 44.63133 curveto
70.73236 44.69952 71.23174 44.73988 71.73134 44.77226 curveto
72.22867 44.80441 72.72713 44.81444 73.22536 44.82448 curveto
73.72337 44.83427 74.22139 44.82927 74.71939 44.83177 curveto
75.21764 44.83427 75.71587 44.82927 76.2141 44.8393 curveto
76.71234 44.84933 77.2108 44.85913 77.70813 44.89174 curveto
78.20773 44.92435 78.70734 44.96425 79.20306 45.03494 curveto
79.70518 45.10654 80.20547 45.1925 80.6971 45.31792 curveto
81.20468 45.44745 81.70703 45.59818 82.1918 45.79701 curveto
82.70784 46.00862 83.21268 46.2485 83.68584 46.5438 curveto
84.21509 46.8742 84.72473 47.23721 85.18077 47.66318 curveto
85.72873 48.1751 86.24886 48.71893 86.6748 49.33643 curveto
87.25627 50.17967 87.887 51.01038 88.16951 51.99704 curveto
88.8976 54.54044 89.39766 57.14359 89.66354 59.7757 curveto stroke
newpath 39.92168 0.98906 moveto
38.77768 0.71696 37.82854 -0.07787 37.3598 -1.15633 curveto
37.82854 -0.07787 37.76215 1.15834 37.18062 2.1804 curveto stroke
newpath 44.83177 16.93645 moveto
44.3033 16.93645 43.79654 16.72649 43.42287 16.35283 curveto
43.04921 15.97916 42.83925 15.4724 42.83925 14.94392 curveto
42.83925 14.41545 43.04921 13.90869 43.42287 13.53502 curveto
43.79654 13.16136 44.3033 12.9514 44.83177 12.9514 curveto
45.36024 12.9514 45.867 13.16136 46.24068 13.53502 curveto
46.61433 13.90869 46.8243 14.41545 46.8243 14.94392 curveto
46.8243 15.4724 46.61433 15.97916 46.24068 16.35283 curveto
45.867 16.72649 45.36024 16.93645 44.83177 16.93645 curveto closepath fill
newpath 53.1675 31.88037 moveto
52.63902 31.88037 52.13226 31.67041 51.75859 31.29675 curveto
51.38493 30.92308 51.17497 30.41632 51.17497 29.88785 curveto
51.17497 29.35938 51.38493 28.85262 51.75859 28.47894 curveto
52.13226 28.10529 52.63902 27.89532 53.1675 27.89532 curveto
53.69597 27.89532 54.20273 28.10529 54.5764 28.47894 curveto
54.95006 28.85262 55.16002 29.35938 55.16002 29.88785 curveto
55.16002 30.41632 54.95006 30.92308 54.5764 31.29675 curveto
54.20273 31.67041 53.69597 31.88037 53.1675 31.88037 curveto closepath fill
newpath 74.71962 46.8243 moveto
74.19115 46.8243 73.68439 46.61433 73.31071 46.24068 curveto
72.93706 45.867 72.7271 45.36024 72.7271 44.83177 curveto
72.7271 44.3033 72.93706 43.79654 73.31071 43.42287 curveto
73.68439 43.04921 74.19115 42.83925 74.71962 42.83925 curveto
75.2481 42.83925 75.75485 43.04921 76.12852 43.42287 curveto
76.50218 43.79654 76.71214 44.3033 76.71214 44.83177 curveto
76.71214 45.36024 76.50218 45.867 76.12852 46.24068 curveto
75.75485 46.61433 75.2481 46.8243 74.71962 46.8243 curveto closepath fill
newpath 89.66354 61.76822 moveto
89.13507 61.76822 88.62831 61.55826 88.25464 61.1846 curveto
87.88098 60.81093 87.67102 60.30417 87.67102 59.7757 curveto
87.67102 59.24722 87.88098 58.74046 88.25464 58.36679 curveto
88.62831 57.99313 89.13507 57.78317 89.66354 57.78317 curveto
90.19202 57.78317 90.69878 57.99313 91.07245 58.36679 curveto
91.4461 58.74046 91.65607 59.24722 91.65607 59.7757 curveto
91.65607 60.30417 91.4461 60.81093 91.07245 61.1846 curveto
90.69878 61.55826 90.19202 61.76822 89.66354 61.76822 curveto closepath fill
newpath 44.83177 106.59999 moveto
44.3033 106.59999 43.79654 106.39003 43.42287 106.01637 curveto
43.04921 105.6427 42.83925 105.13594 42.83925 104.60747 curveto
42.83925 104.079 43.04921 103.57224 43.42287 103.19856 curveto
43.79654 102.8249 44.3033 102.61494 44.83177 102.61494 curveto
45.36024 102.61494 45.867 102.8249 46.24068 103.19856 curveto
46.61433 103.57224 46.8243 104.079 46.8243 104.60747 curveto
46.8243 105.13594 46.61433 105.6427 46.24068 106.01637 curveto
45.867 106.39003 45.36024 106.59999 44.83177 106.59999 curveto closepath fill
newpath 53.1675 91.65607 moveto
52.63902 91.65607 52.13226 91.4461 51.75859 91.07245 curveto
51.38493 90.69878 51.17497 90.19202 51.17497 89.66354 curveto
51.17497 89.13507 51.38493 88.62831 51.75859 88.25464 curveto
52.13226 87.88098 52.63902 87.67102 53.1675 87.67102 curveto
53.69597 87.67102 54.20273 87.88098 54.5764 88.25464 curveto
54.95006 88.62831 55.16002 89.13507 55.16002 89.66354 curveto
55.16002 90.19202 54.95006 90.69878 54.5764 91.07245 curveto
54.20273 91.4461 53.69597 91.65607 53.1675 91.65607 curveto closepath fill
newpath 74.71962 76.71214 moveto
74.19115 76.71214 73.68439 76.50218 73.31071 76.12852 curveto
72.93706 75.75485 72.7271 75.2481 72.7271 74.71962 curveto
72.7271 74.19115 72.93706 73.68439 73.31071 73.31071 curveto
73.68439 72.93706 74.19115 72.7271 74.71962 72.7271 curveto
75.2481 72.7271 75.75485 72.93706 76.12852 73.31071 curveto
76.50218 73.68439 76.71214 74.19115 76.71214 74.71962 curveto
76.71214 75.2481 76.50218 75.75485 76.12852 76.12852 curveto
75.75485 76.50218 75.2481 76.71214 74.71962 76.71214 curveto closepath fill
showpage
%%EOF
