%!PS
%%BoundingBox: -1 -1 121 123 
%%HiResBoundingBox: -0.62267 -0.24907 120.17406 122.55807 
%%Creator: MetaPost 1.9991
%%CreationDate: 2017.08.03:1329
%%Pages: 1
%%BeginProlog
%%EndProlog
%%Page: 1 1
 0 0 0 setrgbcolor
newpath 14.94392 110.64973 moveto
14.41545 110.64973 13.90869 110.43977 13.53502 110.06612 curveto
13.16136 109.69244 12.9514 109.18568 12.9514 108.65721 curveto
12.9514 108.12874 13.16136 107.62198 13.53502 107.2483 curveto
13.90869 106.87465 14.41545 106.66469 14.94392 106.66469 curveto
15.4724 106.66469 15.97916 106.87465 16.35283 107.2483 curveto
16.72649 107.62198 16.93645 108.12874 16.93645 108.65721 curveto
16.93645 109.18568 16.72649 109.69244 16.35283 110.06612 curveto
15.97916 110.43977 15.4724 110.64973 14.94392 110.64973 curveto closepath fill
newpath 44.83177 92.85161 moveto
44.3033 92.85161 43.79654 92.64165 43.42287 92.26799 curveto
43.04921 91.89432 42.83925 91.38756 42.83925 90.85909 curveto
42.83925 90.33061 43.04921 89.82385 43.42287 89.45018 curveto
43.79654 89.07652 44.3033 88.86656 44.83177 88.86656 curveto
45.36024 88.86656 45.867 89.07652 46.24068 89.45018 curveto
46.61433 89.82385 46.8243 90.33061 46.8243 90.85909 curveto
46.8243 91.38756 46.61433 91.89432 46.24068 92.26799 curveto
45.867 92.64165 45.36024 92.85161 44.83177 92.85161 curveto closepath fill
newpath 59.7757 91.65607 moveto
59.24722 91.65607 58.74046 91.4461 58.36679 91.07245 curveto
57.99313 90.69878 57.78317 90.19202 57.78317 89.66354 curveto
57.78317 89.13507 57.99313 88.62831 58.36679 88.25464 curveto
58.74046 87.88098 59.24722 87.67102 59.7757 87.67102 curveto
60.30417 87.67102 60.81093 87.88098 61.1846 88.25464 curveto
61.55826 88.62831 61.76822 89.13507 61.76822 89.66354 curveto
61.76822 90.19202 61.55826 90.69878 61.1846 91.07245 curveto
60.81093 91.4461 60.30417 91.65607 59.7757 91.65607 curveto closepath fill
newpath 74.71962 90.31117 moveto
74.19115 90.31117 73.68439 90.10121 73.31071 89.72755 curveto
72.93706 89.35388 72.7271 88.84712 72.7271 88.31865 curveto
72.7271 87.79018 72.93706 87.28342 73.31071 86.90974 curveto
73.68439 86.53609 74.19115 86.32613 74.71962 86.32613 curveto
75.2481 86.32613 75.75485 86.53609 76.12852 86.90974 curveto
76.50218 87.28342 76.71214 87.79018 76.71214 88.31865 curveto
76.71214 88.84712 76.50218 89.35388 76.12852 89.72755 curveto
75.75485 90.10121 75.2481 90.31117 74.71962 90.31117 curveto closepath fill
newpath 89.66354 61.76822 moveto
89.13507 61.76822 88.62831 61.55826 88.25464 61.1846 curveto
87.88098 60.81093 87.67102 60.30417 87.67102 59.7757 curveto
87.67102 59.24722 87.88098 58.74046 88.25464 58.36679 curveto
88.62831 57.99313 89.13507 57.78317 89.66354 57.78317 curveto
90.19202 57.78317 90.69878 57.99313 91.07245 58.36679 curveto
91.4461 58.74046 91.65607 59.24722 91.65607 59.7757 curveto
91.65607 60.30417 91.4461 60.81093 91.07245 61.1846 curveto
90.69878 61.55826 90.19202 61.76822 89.66354 61.76822 curveto closepath fill
newpath 104.60747 21.86797 moveto
104.079 21.86797 103.57224 21.658 103.19856 21.28435 curveto
102.8249 20.91068 102.61494 20.40392 102.61494 19.87544 curveto
102.61494 19.34697 102.8249 18.84021 103.19856 18.46654 curveto
103.57224 18.09288 104.079 17.88292 104.60747 17.88292 curveto
105.13594 17.88292 105.6427 18.09288 106.01637 18.46654 curveto
106.39003 18.84021 106.59999 19.34697 106.59999 19.87544 curveto
106.59999 20.40392 106.39003 20.91068 106.01637 21.28435 curveto
105.6427 21.658 105.13594 21.86797 104.60747 21.86797 curveto closepath fill
 0 0.49814 dtransform truncate idtransform setlinewidth pop [] 0 setdash
 1 setlinecap 1 setlinejoin 10 setmiterlimit
newpath 0 59.7757 moveto
119.55139 59.7757 lineto stroke
newpath 114.57008 62.26636 moveto
115.74602 60.69844 117.5915 59.7757 119.55139 59.7757 curveto
117.5915 59.7757 115.74602 58.85295 114.57008 57.28503 curveto stroke
 0.49814 0 dtransform exch truncate exch idtransform pop setlinewidth
newpath 59.7757 0 moveto
59.7757 119.55139 lineto stroke
 0 0.49814 dtransform truncate idtransform setlinewidth pop
newpath 57.28503 114.57008 moveto
58.85295 115.74602 59.7757 117.5915 59.7757 119.55139 curveto
59.7757 117.5915 60.69844 115.74602 62.26636 114.57008 curveto stroke
 0.49814 0 dtransform exch truncate exch idtransform pop setlinewidth
newpath 14.94392 57.78317 moveto
14.94392 61.76822 lineto stroke
newpath 29.88785 57.78317 moveto
29.88785 61.76822 lineto stroke
newpath 44.83177 57.78317 moveto
44.83177 61.76822 lineto stroke
newpath 74.71962 57.78317 moveto
74.71962 61.76822 lineto stroke
newpath 89.66354 57.78317 moveto
89.66354 61.76822 lineto stroke
newpath 104.60747 57.78317 moveto
104.60747 61.76822 lineto stroke
 0 0.49814 dtransform truncate idtransform setlinewidth pop
newpath 61.76822 14.94392 moveto
57.78317 14.94392 lineto stroke
newpath 61.76822 29.88785 moveto
57.78317 29.88785 lineto stroke
newpath 61.76822 44.83177 moveto
57.78317 44.83177 lineto stroke
newpath 61.76822 74.71962 moveto
57.78317 74.71962 lineto stroke
newpath 61.76822 89.66354 moveto
57.78317 89.66354 lineto stroke
newpath 61.76822 104.60747 moveto
57.78317 104.60747 lineto stroke
 0 1.24533 dtransform truncate idtransform setlinewidth pop
newpath 0 121.93541 moveto
1.49403 120.55858 lineto
2.98943 119.18883 lineto
4.48344 117.82933 lineto
5.97748 116.47987 lineto
7.47151 115.14137 lineto
8.9669 113.8138 lineto
10.46092 112.5006 lineto
11.95496 111.20152 lineto
12.4516 110.77238 12.9496 110.34438 13.44899 109.91843 curveto
14.94438 108.65173 lineto
15.4408 108.23445 15.93857 107.81853 16.4384 107.40512 curveto
16.93459 106.99445 17.4326 106.58582 17.93243 106.1797 curveto
18.42862 105.77655 18.9264 105.37569 19.42647 104.97755 curveto
19.92288 104.58238 20.42111 104.18927 20.92186 103.79958 curveto
21.41759 103.41376 21.91537 103.03067 22.41588 102.651 curveto
22.91139 102.275 23.40916 101.90193 23.90991 101.53276 curveto
24.40564 101.16724 24.90388 100.80536 25.4053 100.44759 curveto
25.90036 100.09438 26.39813 99.74481 26.89934 99.40004 curveto
27.39438 99.05959 27.89194 98.72325 28.39337 98.39238 curveto
28.88818 98.06609 29.38573 97.74411 29.88739 97.42851 curveto
30.38243 97.11703 30.88068 96.81056 31.38278 96.51094 curveto
31.87715 96.21588 32.37492 95.92651 32.87682 95.64444 curveto
33.37094 95.3667 33.86896 95.09558 34.37085 94.83221 curveto
34.86497 94.57295 35.36299 94.32076 35.86487 94.077 curveto
36.35947 93.83688 36.85793 93.60452 37.36026 93.38106 curveto
37.85463 93.16124 38.3524 92.94986 38.8543 92.74783 curveto
39.34865 92.54898 39.84666 92.35904 40.34833 92.1789 curveto
40.84314 92.00104 41.34114 91.83276 41.84235 91.67429 curveto
42.33784 91.51762 42.83632 91.37123 43.33774 91.23419 curveto
43.83325 91.09874 44.33125 90.97356 44.83177 90.85771 curveto
45.32773 90.74303 45.82574 90.63858 46.3258 90.54282 curveto
46.82266 90.44772 47.32114 90.36267 47.8212 90.2856 curveto
48.31784 90.20898 48.8163 90.14217 49.31522 90.08243 curveto
49.81232 90.02292 50.31056 89.97229 50.80925 89.92783 curveto
51.30658 89.88359 51.80481 89.84734 52.30328 89.81609 curveto
52.80151 89.78485 53.29999 89.76091 53.79868 89.74062 curveto
54.29645 89.72032 54.79446 89.7064 55.2927 89.69478 curveto
55.79071 89.68315 56.28873 89.67677 56.78673 89.6713 curveto
57.28474 89.66605 57.78275 89.66423 58.28076 89.66263 curveto
58.77922 89.66104 59.27768 89.66171 59.77615 89.66127 curveto
60.27415 89.66081 60.77217 89.66171 61.27017 89.66013 curveto
61.76819 89.65852 62.2662 89.65694 62.7642 89.65146 curveto
63.26222 89.64598 63.76022 89.63937 64.25824 89.62775 curveto
64.75693 89.61612 65.25539 89.60197 65.75363 89.58145 curveto
66.25186 89.56093 66.7501 89.53676 67.24767 89.50484 curveto
67.74612 89.47292 68.24435 89.43597 68.74168 89.38991 curveto
69.24083 89.34363 69.73976 89.29118 70.23708 89.22778 curveto
70.73647 89.16417 71.2347 89.09325 71.73111 89.00957 curveto
72.23117 88.92543 72.72963 88.83215 73.22514 88.72453 curveto
73.7261 88.61577 74.22481 88.4965 74.71916 88.3606 curveto
75.22195 88.22241 75.72134 88.07214 76.21455 87.9025 curveto
76.71872 87.7292 77.21811 87.54199 77.70859 87.33289 curveto
78.21526 87.11694 78.71532 86.8855 79.20262 86.62851 curveto
79.71294 86.35945 80.21391 86.07281 80.69664 85.757 curveto
81.2122 85.41953 81.71547 85.06311 82.19203 84.67227 curveto
82.71445 84.24382 83.21999 83.79437 83.68607 83.30504 curveto
84.2192 82.745 84.73088 82.16376 85.1801 81.53441 curveto
85.73123 80.76208 86.25888 79.97084 86.67412 79.11755 curveto
87.26334 77.90651 87.96338 76.72397 88.16951 75.39001 curveto
88.96875 70.21838 89.46767 65.00502 89.66354 59.7757 curveto stroke
newpath 1.18042 118.80927 moveto
1.30087 119.979 0.86354 121.1372 0 121.93541 curveto
0.86354 121.1372 2.05249 120.79214 3.20917 121.00406 curveto stroke
newpath 89.66354 59.7757 moveto
89.8854 54.37193 90.38411 48.98322 91.15802 43.63052 curveto
91.38673 42.0494 92.08815 40.59322 92.65251 39.10147 curveto
93.08759 37.95108 93.61319 36.83786 94.14655 35.72964 curveto
94.61034 34.76578 95.12044 33.82518 95.64102 32.89073 curveto
96.11737 32.03586 96.62177 31.19717 97.13551 30.36443 curveto
97.61847 29.58138 98.12057 28.8102 98.62999 28.04402 curveto
99.11705 27.31161 99.6178 26.5883 100.12447 25.86934 curveto
100.61404 25.17477 101.11388 24.4875 101.6185 23.80365 curveto
102.11012 23.13759 102.6095 22.47745 103.11299 21.82051 curveto
103.60574 21.17747 104.1049 20.539 104.60747 19.90349 curveto
105.10138 19.27893 105.6003 18.65825 106.10194 18.03984 curveto
106.59654 17.43033 107.09523 16.824 107.59644 16.21973 curveto
108.09148 15.62299 108.58995 15.02898 109.09047 14.4368 curveto
109.5862 13.85054 110.08466 13.26656 110.58495 12.68419 curveto
111.0809 12.10683 111.57936 11.53151 112.07944 10.95757 curveto
112.5756 10.38795 113.07408 9.8204 113.57391 9.25375 curveto
115.06839 7.5691 lineto
116.56242 5.90224 lineto
118.05692 4.24995 lineto
119.55139 2.61044 lineto stroke
newpath 118.63614 5.82423 moveto
118.41844 4.66862 118.75752 3.47797 119.55139 2.61044 curveto
118.75752 3.47797 117.60155 3.9211 116.43121 3.8065 curveto stroke
showpage
%%EOF
