%!PS
%%BoundingBox: -1 -1 120 120 
%%HiResBoundingBox: -0.24907 -0.24907 119.80046 119.80046 
%%Creator: MetaPost 1.9991
%%CreationDate: 2017.08.03:0835
%%Pages: 1
%%BeginProlog
%%EndProlog
%%Page: 1 1
 0 0 0 setrgbcolor
newpath 19.92523 61.2701 moveto
19.52887 61.2701 19.1488 61.11261 18.86856 60.83237 curveto
18.58832 60.55212 18.43083 60.17206 18.43083 59.7757 curveto
18.43083 59.37933 18.58832 58.99927 18.86856 58.71902 curveto
19.1488 58.43878 19.52887 58.2813 19.92523 58.2813 curveto
20.3216 58.2813 20.70166 58.43878 20.9819 58.71902 curveto
21.26215 58.99927 21.41963 59.37933 21.41963 59.7757 curveto
21.41963 60.17206 21.26215 60.55212 20.9819 60.83237 curveto
20.70166 61.11261 20.3216 61.2701 19.92523 61.2701 curveto closepath fill
newpath 39.85046 95.78156 moveto
39.4541 95.78156 39.07404 95.62407 38.7938 95.34383 curveto
38.51355 95.06358 38.35606 94.68352 38.35606 94.28716 curveto
38.35606 93.8908 38.51355 93.51073 38.7938 93.23048 curveto
39.07404 92.95024 39.4541 92.79276 39.85046 92.79276 curveto
40.24683 92.79276 40.62689 92.95024 40.90714 93.23048 curveto
41.18738 93.51073 41.34486 93.8908 41.34486 94.28716 curveto
41.34486 94.68352 41.18738 95.06358 40.90714 95.34383 curveto
40.62689 95.62407 40.24683 95.78156 39.85046 95.78156 curveto closepath fill
newpath 39.85046 26.75864 moveto
39.4541 26.75864 39.07404 26.60115 38.7938 26.3209 curveto
38.51355 26.04066 38.35606 25.6606 38.35606 25.26424 curveto
38.35606 24.86787 38.51355 24.48781 38.7938 24.20757 curveto
39.07404 23.92732 39.4541 23.76984 39.85046 23.76984 curveto
40.24683 23.76984 40.62689 23.92732 40.90714 24.20757 curveto
41.18738 24.48781 41.34486 24.86787 41.34486 25.26424 curveto
41.34486 25.6606 41.18738 26.04066 40.90714 26.3209 curveto
40.62689 26.60115 40.24683 26.75864 39.85046 26.75864 curveto closepath fill
newpath 59.7757 101.12056 moveto
59.37933 101.12056 58.99927 100.96307 58.71902 100.68283 curveto
58.43878 100.40259 58.2813 100.02252 58.2813 99.62616 curveto
58.2813 99.2298 58.43878 98.84973 58.71902 98.56949 curveto
58.99927 98.28925 59.37933 98.13176 59.7757 98.13176 curveto
60.17206 98.13176 60.55212 98.28925 60.83237 98.56949 curveto
61.11261 98.84973 61.2701 99.2298 61.2701 99.62616 curveto
61.2701 100.02252 61.11261 100.40259 60.83237 100.68283 curveto
60.55212 100.96307 60.17206 101.12056 59.7757 101.12056 curveto closepath fill
newpath 59.7757 21.41963 moveto
59.37933 21.41963 58.99927 21.26215 58.71902 20.9819 curveto
58.43878 20.70166 58.2813 20.3216 58.2813 19.92523 curveto
58.2813 19.52887 58.43878 19.1488 58.71902 18.86856 curveto
58.99927 18.58832 59.37933 18.43083 59.7757 18.43083 curveto
60.17206 18.43083 60.55212 18.58832 60.83237 18.86856 curveto
61.11261 19.1488 61.2701 19.52887 61.2701 19.92523 curveto
61.2701 20.3216 61.11261 20.70166 60.83237 20.9819 curveto
60.55212 21.26215 60.17206 21.41963 59.7757 21.41963 curveto closepath fill
newpath 79.70093 95.78156 moveto
79.30457 95.78156 78.9245 95.62407 78.64426 95.34383 curveto
78.36401 95.06358 78.20653 94.68352 78.20653 94.28716 curveto
78.20653 93.8908 78.36401 93.51073 78.64426 93.23048 curveto
78.9245 92.95024 79.30457 92.79276 79.70093 92.79276 curveto
80.09729 92.79276 80.47736 92.95024 80.7576 93.23048 curveto
81.03784 93.51073 81.19533 93.8908 81.19533 94.28716 curveto
81.19533 94.68352 81.03784 95.06358 80.7576 95.34383 curveto
80.47736 95.62407 80.09729 95.78156 79.70093 95.78156 curveto closepath fill
newpath 79.70093 26.75864 moveto
79.30457 26.75864 78.9245 26.60115 78.64426 26.3209 curveto
78.36401 26.04066 78.20653 25.6606 78.20653 25.26424 curveto
78.20653 24.86787 78.36401 24.48781 78.64426 24.20757 curveto
78.9245 23.92732 79.30457 23.76984 79.70093 23.76984 curveto
80.09729 23.76984 80.47736 23.92732 80.7576 24.20757 curveto
81.03784 24.48781 81.19533 24.86787 81.19533 25.26424 curveto
81.19533 25.6606 81.03784 26.04066 80.7576 26.3209 curveto
80.47736 26.60115 80.09729 26.75864 79.70093 26.75864 curveto closepath fill
newpath 99.62616 61.2701 moveto
99.2298 61.2701 98.84973 61.11261 98.56949 60.83237 curveto
98.28925 60.55212 98.13176 60.17206 98.13176 59.7757 curveto
98.13176 59.37933 98.28925 58.99927 98.56949 58.71902 curveto
98.84973 58.43878 99.2298 58.2813 99.62616 58.2813 curveto
100.02252 58.2813 100.40259 58.43878 100.68283 58.71902 curveto
100.96307 58.99927 101.12056 59.37933 101.12056 59.7757 curveto
101.12056 60.17206 100.96307 60.55212 100.68283 60.83237 curveto
100.40259 61.11261 100.02252 61.2701 99.62616 61.2701 curveto closepath fill
 0 0.49814 dtransform truncate idtransform setlinewidth pop [] 0 setdash
 1 setlinecap 1 setlinejoin 10 setmiterlimit
newpath 0 59.7757 moveto
119.55139 59.7757 lineto stroke
newpath 114.57008 62.26636 moveto
115.74602 60.69844 117.5915 59.7757 119.55139 59.7757 curveto
117.5915 59.7757 115.74602 58.85295 114.57008 57.28503 curveto stroke
 0.49814 0 dtransform exch truncate exch idtransform pop setlinewidth
newpath 79.70093 0 moveto
79.70093 119.55139 lineto stroke
 0 0.49814 dtransform truncate idtransform setlinewidth pop
newpath 77.21027 114.57008 moveto
78.77818 115.74602 79.70093 117.5915 79.70093 119.55139 curveto
79.70093 117.5915 80.62367 115.74602 82.19159 114.57008 curveto stroke
 0.49814 0 dtransform exch truncate exch idtransform pop setlinewidth
newpath 9.96262 57.78317 moveto
9.96262 61.76822 lineto stroke
newpath 19.92523 57.78317 moveto
19.92523 61.76822 lineto stroke
newpath 29.88785 57.78317 moveto
29.88785 61.76822 lineto stroke
newpath 39.85046 57.78317 moveto
39.85046 61.76822 lineto stroke
newpath 49.81308 57.78317 moveto
49.81308 61.76822 lineto stroke
newpath 59.7757 57.78317 moveto
59.7757 61.76822 lineto stroke
newpath 69.73831 57.78317 moveto
69.73831 61.76822 lineto stroke
newpath 89.66354 57.78317 moveto
89.66354 61.76822 lineto stroke
newpath 99.62616 57.78317 moveto
99.62616 61.76822 lineto stroke
newpath 109.58878 57.78317 moveto
109.58878 61.76822 lineto stroke
 0 0.49814 dtransform truncate idtransform setlinewidth pop
newpath 81.69345 9.96262 moveto
77.7084 9.96262 lineto stroke
newpath 81.69345 19.92523 moveto
77.7084 19.92523 lineto stroke
newpath 81.69345 29.88785 moveto
77.7084 29.88785 lineto stroke
newpath 81.69345 39.85046 moveto
77.7084 39.85046 lineto stroke
newpath 81.69345 49.81308 moveto
77.7084 49.81308 lineto stroke
newpath 81.69345 69.73831 moveto
77.7084 69.73831 lineto stroke
newpath 81.69345 79.70093 moveto
77.7084 79.70093 lineto stroke
newpath 81.69345 89.66354 moveto
77.7084 89.66354 lineto stroke
newpath 81.69345 99.62616 moveto
77.7084 99.62616 lineto stroke
newpath 81.69345 109.58878 moveto
77.7084 109.58878 lineto stroke
newpath 99.62616 59.7757 moveto
99.62616 70.34517 95.42683 80.48047 87.95364 87.95364 curveto
80.48047 95.42683 70.34517 99.62616 59.7757 99.62616 curveto
49.20622 99.62616 39.07092 95.42683 31.59775 87.95364 curveto
24.12456 80.48047 19.92523 70.34517 19.92523 59.7757 curveto
19.92523 49.20622 24.12456 39.07092 31.59775 31.59775 curveto
39.07092 24.12456 49.20622 19.92523 59.7757 19.92523 curveto
70.34517 19.92523 80.48047 24.12456 87.95364 31.59775 curveto
95.42683 39.07092 99.62616 49.20622 99.62616 59.7757 curveto closepath stroke
showpage
%%EOF
