%!PS
%%BoundingBox: -1 -1 135 81 
%%HiResBoundingBox: -0.24907 -0.24907 134.74446 80.9463 
%%Creator: MetaPost 1.9991
%%CreationDate: 2017.08.03:1329
%%Pages: 1
%%BeginProlog
%%EndProlog
%%Page: 1 1
 0 0 0 setrgbcolor 0 0.49814 dtransform truncate idtransform setlinewidth pop
 [] 0 setdash 1 setlinecap 1 setlinejoin 10 setmiterlimit
newpath 0 40.34862 moveto
134.49539 40.34862 lineto stroke
newpath 129.51408 42.83928 moveto
130.69002 41.27136 132.5355 40.34862 134.49539 40.34862 curveto
132.5355 40.34862 130.69002 39.42587 129.51408 37.85796 curveto stroke
 0.49814 0 dtransform exch truncate exch idtransform pop setlinewidth
newpath 67.2477 0 moveto
67.2477 80.69724 lineto stroke
 0 0.49814 dtransform truncate idtransform setlinewidth pop
newpath 64.75703 75.71593 moveto
66.32495 76.89186 67.2477 78.73735 67.2477 80.69724 curveto
67.2477 78.73735 68.17044 76.89186 69.73836 75.71593 curveto stroke
 0.49814 0 dtransform exch truncate exch idtransform pop setlinewidth
newpath 13.44954 38.3561 moveto
13.44954 42.34114 lineto stroke
newpath 26.89908 38.3561 moveto
26.89908 42.34114 lineto stroke
newpath 40.34862 38.3561 moveto
40.34862 42.34114 lineto stroke
newpath 53.79816 38.3561 moveto
53.79816 42.34114 lineto stroke
newpath 80.69724 38.3561 moveto
80.69724 42.34114 lineto stroke
newpath 94.14677 38.3561 moveto
94.14677 42.34114 lineto stroke
newpath 107.59631 38.3561 moveto
107.59631 42.34114 lineto stroke
newpath 121.04585 38.3561 moveto
121.04585 42.34114 lineto stroke
 0 0.49814 dtransform truncate idtransform setlinewidth pop
newpath 69.24022 13.44954 moveto
65.25517 13.44954 lineto stroke
newpath 69.24022 26.89908 moveto
65.25517 26.89908 lineto stroke
newpath 69.24022 53.79816 moveto
65.25517 53.79816 lineto stroke
newpath 69.24022 67.2477 moveto
65.25517 67.2477 lineto stroke
 0 1.24533 dtransform truncate idtransform setlinewidth pop
newpath 4.83344 10.08716 moveto
10.20372 10.52531 15.57155 10.9924 20.93672 11.488 curveto
25.68231 11.92638 30.42543 12.3912 35.16508 12.88928 curveto
39.31409 13.32538 43.46022 13.78938 47.60205 14.29013 curveto
51.18648 14.72336 54.76743 15.18697 58.34264 15.691 curveto
61.3943 16.12114 64.44127 16.58412 67.48083 17.09225 curveto
70.02869 17.51831 72.57037 17.97986 75.10202 18.49312 curveto
77.17847 18.91403 79.24692 19.37393 81.3008 19.89397 curveto
82.93828 20.30852 84.56508 20.76598 86.16933 21.29524 curveto
87.40108 21.70139 88.61723 22.15512 89.79604 22.69609 curveto
90.66023 23.09279 91.50143 23.54182 92.2737 24.09695 curveto
92.81795 24.48831 93.32117 24.94063 93.69385 25.49821 curveto
93.97192 25.914 94.12871 26.39915 94.14677 26.89908 curveto stroke
newpath 7.93384 8.84073 moveto
7.15413 9.721 6.00548 10.18279 4.83344 10.08716 curveto
6.00548 10.18279 7.0641 10.82463 7.6908 11.81964 curveto stroke
newpath 94.39584 26.89908 moveto
94.39584 26.96513 94.3696 27.02849 94.32289 27.0752 curveto
94.27618 27.1219 94.21283 27.14815 94.14677 27.14815 curveto
94.08072 27.14815 94.01736 27.1219 93.97066 27.0752 curveto
93.92395 27.02849 93.8977 26.96513 93.8977 26.89908 curveto
93.8977 26.83302 93.92395 26.76967 93.97066 26.72296 curveto
94.01736 26.67625 94.08072 26.65001 94.14677 26.65001 curveto
94.21283 26.65001 94.27618 26.67625 94.32289 26.72296 curveto
94.3696 26.76967 94.39584 26.83302 94.39584 26.89908 curveto closepath fill
newpath 93.0355 29.45013 moveto
93.0355 29.51619 93.00926 29.57954 92.96255 29.62625 curveto
92.91585 29.67296 92.8525 29.6992 92.78644 29.6992 curveto
92.72038 29.6992 92.65703 29.67296 92.61032 29.62625 curveto
92.56361 29.57954 92.53737 29.51619 92.53737 29.45013 curveto
92.53737 29.38408 92.56361 29.32072 92.61032 29.27402 curveto
92.65703 29.22731 92.72038 29.20107 92.78644 29.20107 curveto
92.8525 29.20107 92.91585 29.22731 92.96255 29.27402 curveto
93.00926 29.32072 93.0355 29.38408 93.0355 29.45013 curveto closepath fill
newpath 90.6679 31.22693 moveto
90.6679 31.29298 90.64165 31.35634 90.59494 31.40305 curveto
90.54823 31.44975 90.48488 31.476 90.41882 31.476 curveto
90.35277 31.476 90.28941 31.44975 90.2427 31.40305 curveto
90.196 31.35634 90.16975 31.29298 90.16975 31.22693 curveto
90.16975 31.16087 90.196 31.09752 90.2427 31.05081 curveto
90.28941 31.0041 90.35277 30.97786 90.41882 30.97786 curveto
90.48488 30.97786 90.54823 31.0041 90.59494 31.05081 curveto
90.64165 31.09752 90.6679 31.16087 90.6679 31.22693 curveto closepath fill
newpath 88.06807 32.652 moveto
88.06807 32.71805 88.04182 32.7814 87.99512 32.82811 curveto
87.94841 32.87482 87.88506 32.90106 87.819 32.90106 curveto
87.75294 32.90106 87.68959 32.87482 87.64288 32.82811 curveto
87.59618 32.7814 87.56993 32.71805 87.56993 32.652 curveto
87.56993 32.58594 87.59618 32.52258 87.64288 32.47588 curveto
87.68959 32.42917 87.75294 32.40292 87.819 32.40292 curveto
87.88506 32.40292 87.94841 32.42917 87.99512 32.47588 curveto
88.04182 32.52258 88.06807 32.58594 88.06807 32.652 curveto closepath fill
newpath 85.37509 33.8941 moveto
85.37509 33.96016 85.34885 34.02351 85.30214 34.07022 curveto
85.25543 34.11693 85.19208 34.14317 85.12602 34.14317 curveto
85.05997 34.14317 84.99661 34.11693 84.9499 34.07022 curveto
84.9032 34.02351 84.87695 33.96016 84.87695 33.8941 curveto
84.87695 33.82805 84.9032 33.7647 84.9499 33.71799 curveto
84.99661 33.67128 85.05997 33.64503 85.12602 33.64503 curveto
85.19208 33.64503 85.25543 33.67128 85.30214 33.71799 curveto
85.34885 33.7647 85.37509 33.82805 85.37509 33.8941 curveto closepath fill
newpath 82.63318 35.02493 moveto
82.63318 35.09099 82.60693 35.15434 82.56023 35.20105 curveto
82.51352 35.24776 82.45016 35.274 82.38411 35.274 curveto
82.31805 35.274 82.2547 35.24776 82.208 35.20105 curveto
82.16129 35.15434 82.13504 35.09099 82.13504 35.02493 curveto
82.13504 34.95888 82.16129 34.89552 82.208 34.84882 curveto
82.2547 34.80211 82.31805 34.77586 82.38411 34.77586 curveto
82.45016 34.77586 82.51352 34.80211 82.56023 34.84882 curveto
82.60693 34.89552 82.63318 34.95888 82.63318 35.02493 curveto closepath fill
newpath 79.86256 36.08336 moveto
79.86256 36.14941 79.83632 36.21277 79.78961 36.25948 curveto
79.7429 36.30618 79.67955 36.33243 79.6135 36.33243 curveto
79.54744 36.33243 79.48409 36.30618 79.43738 36.25948 curveto
79.39067 36.21277 79.36443 36.14941 79.36443 36.08336 curveto
79.36443 36.0173 79.39067 35.95395 79.43738 35.90724 curveto
79.48409 35.86053 79.54744 35.83429 79.6135 35.83429 curveto
79.67955 35.83429 79.7429 35.86053 79.78961 35.90724 curveto
79.83632 35.95395 79.86256 36.0173 79.86256 36.08336 curveto closepath fill
newpath 77.07378 37.09293 moveto
77.07378 37.15898 77.04753 37.22234 77.00082 37.26904 curveto
76.95412 37.31575 76.89076 37.342 76.8247 37.342 curveto
76.75865 37.342 76.6953 37.31575 76.64859 37.26904 curveto
76.60188 37.22234 76.57564 37.15898 76.57564 37.09293 curveto
76.57564 37.02687 76.60188 36.96352 76.64859 36.91681 curveto
76.6953 36.8701 76.75865 36.84386 76.8247 36.84386 curveto
76.89076 36.84386 76.95412 36.8701 77.00082 36.91681 curveto
77.04753 36.96352 77.07378 37.02687 77.07378 37.09293 curveto closepath fill
newpath 74.27284 38.06853 moveto
74.27284 38.13458 74.2466 38.19794 74.19989 38.24464 curveto
74.15318 38.29135 74.08983 38.3176 74.02377 38.3176 curveto
73.95772 38.3176 73.89436 38.29135 73.84766 38.24464 curveto
73.80095 38.19794 73.7747 38.13458 73.7747 38.06853 curveto
73.7747 38.00247 73.80095 37.93912 73.84766 37.89241 curveto
73.89436 37.8457 73.95772 37.81946 74.02377 37.81946 curveto
74.08983 37.81946 74.15318 37.8457 74.19989 37.89241 curveto
74.2466 37.93912 74.27284 38.00247 74.27284 38.06853 curveto closepath fill
newpath 71.46426 39.02142 moveto
71.46426 39.08748 71.43802 39.15083 71.39131 39.19754 curveto
71.3446 39.24425 71.28125 39.2705 71.2152 39.2705 curveto
71.14914 39.2705 71.08578 39.24425 71.03908 39.19754 curveto
70.99237 39.15083 70.96613 39.08748 70.96613 39.02142 curveto
70.96613 38.95537 70.99237 38.89201 71.03908 38.8453 curveto
71.08578 38.7986 71.14914 38.77235 71.2152 38.77235 curveto
71.28125 38.77235 71.3446 38.7986 71.39131 38.8453 curveto
71.43802 38.89201 71.46426 38.95537 71.46426 39.02142 curveto closepath fill
newpath 68.65187 39.96329 moveto
68.65187 40.02934 68.62563 40.0927 68.57892 40.1394 curveto
68.53221 40.18611 68.46886 40.21236 68.4028 40.21236 curveto
68.33675 40.21236 68.27339 40.18611 68.22668 40.1394 curveto
68.17998 40.0927 68.15373 40.02934 68.15373 39.96329 curveto
68.15373 39.89723 68.17998 39.83388 68.22668 39.78717 curveto
68.27339 39.74046 68.33675 39.71422 68.4028 39.71422 curveto
68.46886 39.71422 68.53221 39.74046 68.57892 39.78717 curveto
68.62563 39.83388 68.65187 39.89723 68.65187 39.96329 curveto closepath fill
newpath 65.83844 40.90215 moveto
65.83844 40.9682 65.8122 41.03156 65.76549 41.07826 curveto
65.71878 41.12497 65.65543 41.15121 65.58937 41.15121 curveto
65.52332 41.15121 65.45996 41.12497 65.41325 41.07826 curveto
65.36655 41.03156 65.3403 40.9682 65.3403 40.90215 curveto
65.3403 40.83609 65.36655 40.77274 65.41325 40.72603 curveto
65.45996 40.67932 65.52332 40.65308 65.58937 40.65308 curveto
65.65543 40.65308 65.71878 40.67932 65.76549 40.72603 curveto
65.8122 40.77274 65.83844 40.83609 65.83844 40.90215 curveto closepath fill
newpath 63.02632 41.84467 moveto
63.02632 41.91072 63.00008 41.97408 62.95337 42.02078 curveto
62.90666 42.06749 62.8433 42.09373 62.77725 42.09373 curveto
62.7112 42.09373 62.64784 42.06749 62.60114 42.02078 curveto
62.55443 41.97408 62.52818 41.91072 62.52818 41.84467 curveto
62.52818 41.77861 62.55443 41.71526 62.60114 41.66855 curveto
62.64784 41.62184 62.7112 41.5956 62.77725 41.5956 curveto
62.8433 41.5956 62.90666 41.62184 62.95337 41.66855 curveto
63.00008 41.71526 63.02632 41.77861 63.02632 41.84467 curveto closepath fill
newpath 60.219 42.80136 moveto
60.219 42.86742 60.19275 42.93077 60.14604 42.97748 curveto
60.09933 43.02419 60.03598 43.05043 59.96992 43.05043 curveto
59.90387 43.05043 59.84052 43.02419 59.79381 42.97748 curveto
59.7471 42.93077 59.72086 42.86742 59.72086 42.80136 curveto
59.72086 42.7353 59.7471 42.67195 59.79381 42.62524 curveto
59.84052 42.57854 59.90387 42.55229 59.96992 42.55229 curveto
60.03598 42.55229 60.09933 42.57854 60.14604 42.62524 curveto
60.19275 42.67195 60.219 42.7353 60.219 42.80136 curveto closepath fill
newpath 57.42023 43.78227 moveto
57.42023 43.84833 57.39398 43.91168 57.34727 43.95839 curveto
57.30057 44.0051 57.23721 44.03134 57.17116 44.03134 curveto
57.1051 44.03134 57.04175 44.0051 56.99504 43.95839 curveto
56.94833 43.91168 56.92209 43.84833 56.92209 43.78227 curveto
56.92209 43.71622 56.94833 43.65286 56.99504 43.60616 curveto
57.04175 43.55945 57.1051 43.5332 57.17116 43.5332 curveto
57.23721 43.5332 57.30057 43.55945 57.34727 43.60616 curveto
57.39398 43.65286 57.42023 43.71622 57.42023 43.78227 curveto closepath fill
newpath 54.6342 44.7988 moveto
54.6342 44.86485 54.60796 44.9282 54.56125 44.97491 curveto
54.51454 45.02162 54.45119 45.04787 54.38513 45.04787 curveto
54.31908 45.04787 54.25572 45.02162 54.20901 44.97491 curveto
54.16231 44.9282 54.13606 44.86485 54.13606 44.7988 curveto
54.13606 44.73274 54.16231 44.66939 54.20901 44.62268 curveto
54.25572 44.57597 54.31908 44.54973 54.38513 44.54973 curveto
54.45119 44.54973 54.51454 44.57597 54.56125 44.62268 curveto
54.60796 44.66939 54.6342 44.73274 54.6342 44.7988 curveto closepath fill
newpath 51.8677 45.8677 moveto
51.8677 45.93376 51.84146 45.99712 51.79475 46.04382 curveto
51.74805 46.09053 51.6847 46.11678 51.61864 46.11678 curveto
51.55258 46.11678 51.48923 46.09053 51.44252 46.04382 curveto
51.39581 45.99712 51.36957 45.93376 51.36957 45.8677 curveto
51.36957 45.80165 51.39581 45.7383 51.44252 45.69159 curveto
51.48923 45.64488 51.55258 45.61864 51.61864 45.61864 curveto
51.6847 45.61864 51.74805 45.64488 51.79475 45.69159 curveto
51.84146 45.7383 51.8677 45.80165 51.8677 45.8677 curveto closepath fill
newpath 49.13304 47.01523 moveto
49.13304 47.08128 49.1068 47.14464 49.06009 47.19135 curveto
49.01338 47.23805 48.95003 47.2643 48.88397 47.2643 curveto
48.81792 47.2643 48.75456 47.23805 48.70786 47.19135 curveto
48.66115 47.14464 48.6349 47.08128 48.6349 47.01523 curveto
48.6349 46.94917 48.66115 46.88582 48.70786 46.83911 curveto
48.75456 46.7924 48.81792 46.76616 48.88397 46.76616 curveto
48.95003 46.76616 49.01338 46.7924 49.06009 46.83911 curveto
49.1068 46.88582 49.13304 46.94917 49.13304 47.01523 curveto closepath fill
newpath 46.45235 48.28336 moveto
46.45235 48.34941 46.4261 48.41277 46.3794 48.45947 curveto
46.33269 48.50618 46.26933 48.53242 46.20328 48.53242 curveto
46.13722 48.53242 46.07387 48.50618 46.02716 48.45947 curveto
45.98045 48.41277 45.95421 48.34941 45.95421 48.28336 curveto
45.95421 48.2173 45.98045 48.15395 46.02716 48.10724 curveto
46.07387 48.06053 46.13722 48.03429 46.20328 48.03429 curveto
46.26933 48.03429 46.33269 48.06053 46.3794 48.10724 curveto
46.4261 48.15395 46.45235 48.2173 46.45235 48.28336 curveto closepath fill
newpath 43.87804 49.75375 moveto
43.87804 49.81981 43.85179 49.88316 43.80508 49.92987 curveto
43.75838 49.97658 43.69502 50.00282 43.62897 50.00282 curveto
43.56291 50.00282 43.49956 49.97658 43.45285 49.92987 curveto
43.40614 49.88316 43.3799 49.81981 43.3799 49.75375 curveto
43.3799 49.6877 43.40614 49.62434 43.45285 49.57764 curveto
43.49956 49.53093 43.56291 49.50468 43.62897 49.50468 curveto
43.69502 49.50468 43.75838 49.53093 43.80508 49.57764 curveto
43.85179 49.62434 43.87804 49.6877 43.87804 49.75375 curveto closepath fill
newpath 41.59135 51.62903 moveto
41.59135 51.69508 41.56511 51.75844 41.5184 51.80515 curveto
41.4717 51.85185 41.40834 51.8781 41.34229 51.8781 curveto
41.27623 51.8781 41.21288 51.85185 41.16617 51.80515 curveto
41.11946 51.75844 41.09322 51.69508 41.09322 51.62903 curveto
41.09322 51.56297 41.11946 51.49962 41.16617 51.45291 curveto
41.21288 51.4062 41.27623 51.37996 41.34229 51.37996 curveto
41.40834 51.37996 41.4717 51.4062 41.5184 51.45291 curveto
41.56511 51.49962 41.59135 51.56297 41.59135 51.62903 curveto closepath fill
newpath 40.65999 54.31953 moveto
40.65999 54.38559 40.63374 54.44894 40.58704 54.49565 curveto
40.54033 54.54236 40.47697 54.5686 40.41092 54.5686 curveto
40.34486 54.5686 40.28151 54.54236 40.2348 54.49565 curveto
40.1881 54.44894 40.16185 54.38559 40.16185 54.31953 curveto
40.16185 54.25348 40.1881 54.19012 40.2348 54.14342 curveto
40.28151 54.09671 40.34486 54.07047 40.41092 54.07047 curveto
40.47697 54.07047 40.54033 54.09671 40.58704 54.14342 curveto
40.63374 54.19012 40.65999 54.25348 40.65999 54.31953 curveto closepath fill
newpath 42.46411 56.59735 moveto
42.46411 56.6634 42.43787 56.72676 42.39116 56.77347 curveto
42.34445 56.82018 42.2811 56.84642 42.21504 56.84642 curveto
42.14899 56.84642 42.08563 56.82018 42.03893 56.77347 curveto
41.99222 56.72676 41.96597 56.6634 41.96597 56.59735 curveto
41.96597 56.5313 41.99222 56.46794 42.03893 56.42123 curveto
42.08563 56.37453 42.14899 56.34828 42.21504 56.34828 curveto
42.2811 56.34828 42.34445 56.37453 42.39116 56.42123 curveto
42.43787 56.46794 42.46411 56.5313 42.46411 56.59735 curveto closepath fill
newpath 45.04643 58.04713 moveto
45.04643 58.11319 45.02019 58.17654 44.97348 58.22325 curveto
44.92677 58.26996 44.86342 58.2962 44.79736 58.2962 curveto
44.73131 58.2962 44.66795 58.26996 44.62125 58.22325 curveto
44.57454 58.17654 44.5483 58.11319 44.5483 58.04713 curveto
44.5483 57.98108 44.57454 57.91772 44.62125 57.87102 curveto
44.66795 57.82431 44.73131 57.79807 44.79736 57.79807 curveto
44.86342 57.79807 44.92677 57.82431 44.97348 57.87102 curveto
45.02019 57.91772 45.04643 57.98108 45.04643 58.04713 curveto closepath fill
newpath 47.80254 59.13982 moveto
47.80254 59.20587 47.77629 59.26923 47.72958 59.31593 curveto
47.68288 59.36264 47.61952 59.38889 47.55347 59.38889 curveto
47.48741 59.38889 47.42406 59.36264 47.37735 59.31593 curveto
47.33064 59.26923 47.3044 59.20587 47.3044 59.13982 curveto
47.3044 59.07376 47.33064 59.0104 47.37735 58.9637 curveto
47.42406 58.91699 47.48741 58.89075 47.55347 58.89075 curveto
47.61952 58.89075 47.68288 58.91699 47.72958 58.9637 curveto
47.77629 59.0104 47.80254 59.07376 47.80254 59.13982 curveto closepath fill
newpath 50.62857 60.03865 moveto
50.62857 60.1047 50.60233 60.16806 50.55562 60.21477 curveto
50.50891 60.26147 50.44556 60.28772 50.3795 60.28772 curveto
50.31345 60.28772 50.25009 60.26147 50.20338 60.21477 curveto
50.15668 60.16806 50.13043 60.1047 50.13043 60.03865 curveto
50.13043 59.9726 50.15668 59.90924 50.20338 59.86253 curveto
50.25009 59.81583 50.31345 59.78958 50.3795 59.78958 curveto
50.44556 59.78958 50.50891 59.81583 50.55562 59.86253 curveto
50.60233 59.90924 50.62857 59.9726 50.62857 60.03865 curveto closepath fill
newpath 53.49062 60.81561 moveto
53.49062 60.88167 53.46437 60.94502 53.41766 60.99173 curveto
53.37096 61.03844 53.3076 61.06468 53.24155 61.06468 curveto
53.17549 61.06468 53.11214 61.03844 53.06543 60.99173 curveto
53.01872 60.94502 52.99248 60.88167 52.99248 60.81561 curveto
52.99248 60.74956 53.01872 60.6862 53.06543 60.6395 curveto
53.11214 60.59279 53.17549 60.56654 53.24155 60.56654 curveto
53.3076 60.56654 53.37096 60.59279 53.41766 60.6395 curveto
53.46437 60.6862 53.49062 60.74956 53.49062 60.81561 curveto closepath fill
newpath 56.3753 61.50449 moveto
56.3753 61.57054 56.34906 61.6339 56.30235 61.6806 curveto
56.25565 61.72731 56.19229 61.75356 56.12624 61.75356 curveto
56.06018 61.75356 55.99683 61.72731 55.95012 61.6806 curveto
55.90341 61.6339 55.87717 61.57054 55.87717 61.50449 curveto
55.87717 61.43843 55.90341 61.37508 55.95012 61.32837 curveto
55.99683 61.28166 56.06018 61.25542 56.12624 61.25542 curveto
56.19229 61.25542 56.25565 61.28166 56.30235 61.32837 curveto
56.34906 61.37508 56.3753 61.43843 56.3753 61.50449 curveto closepath fill
newpath 59.27444 62.12923 moveto
59.27444 62.19528 59.2482 62.25864 59.20149 62.30534 curveto
59.15479 62.35205 59.09143 62.3783 59.02538 62.3783 curveto
58.95932 62.3783 58.89597 62.35205 58.84926 62.30534 curveto
58.80255 62.25864 58.7763 62.19528 58.7763 62.12923 curveto
58.7763 62.06317 58.80255 61.99982 58.84926 61.95311 curveto
58.89597 61.9064 58.95932 61.88016 59.02538 61.88016 curveto
59.09143 61.88016 59.15479 61.9064 59.20149 61.95311 curveto
59.2482 61.99982 59.27444 62.06317 59.27444 62.12923 curveto closepath fill
newpath 62.18446 62.70197 moveto
62.18446 62.76802 62.15822 62.83138 62.11151 62.87808 curveto
62.0648 62.92479 62.00145 62.95103 61.9354 62.95103 curveto
61.86934 62.95103 61.80598 62.92479 61.75928 62.87808 curveto
61.71257 62.83138 61.68633 62.76802 61.68633 62.70197 curveto
61.68633 62.63591 61.71257 62.57256 61.75928 62.52585 curveto
61.80598 62.47914 61.86934 62.4529 61.9354 62.4529 curveto
62.00145 62.4529 62.0648 62.47914 62.11151 62.52585 curveto
62.15822 62.57256 62.18446 62.63591 62.18446 62.70197 curveto closepath fill
newpath 65.10222 63.2343 moveto
65.10222 63.30035 65.07597 63.36371 65.02927 63.41042 curveto
64.98256 63.45712 64.9192 63.48337 64.85315 63.48337 curveto
64.7871 63.48337 64.72374 63.45712 64.67703 63.41042 curveto
64.63033 63.36371 64.60408 63.30035 64.60408 63.2343 curveto
64.60408 63.16824 64.63033 63.10489 64.67703 63.05818 curveto
64.72374 63.01147 64.7871 62.98523 64.85315 62.98523 curveto
64.9192 62.98523 64.98256 63.01147 65.02927 63.05818 curveto
65.07597 63.10489 65.10222 63.16824 65.10222 63.2343 curveto closepath fill
newpath 68.02614 63.73172 moveto
68.02614 63.79778 67.9999 63.86113 67.95319 63.90784 curveto
67.90648 63.95454 67.84312 63.98079 67.77707 63.98079 curveto
67.71101 63.98079 67.64766 63.95454 67.60095 63.90784 curveto
67.55424 63.86113 67.528 63.79778 67.528 63.73172 curveto
67.528 63.66566 67.55424 63.60231 67.60095 63.5556 curveto
67.64766 63.5089 67.71101 63.48265 67.77707 63.48265 curveto
67.84312 63.48265 67.90648 63.5089 67.95319 63.5556 curveto
67.9999 63.60231 68.02614 63.66566 68.02614 63.73172 curveto closepath fill
newpath 70.95471 64.19998 moveto
70.95471 64.26604 70.92847 64.32939 70.88176 64.3761 curveto
70.83505 64.4228 70.7717 64.44905 70.70564 64.44905 curveto
70.63959 64.44905 70.57623 64.4228 70.52953 64.3761 curveto
70.48282 64.32939 70.45657 64.26604 70.45657 64.19998 curveto
70.45657 64.13393 70.48282 64.07057 70.52953 64.02386 curveto
70.57623 63.97716 70.63959 63.95091 70.70564 63.95091 curveto
70.7717 63.95091 70.83505 63.97716 70.88176 64.02386 curveto
70.92847 64.07057 70.95471 64.13393 70.95471 64.19998 curveto closepath fill
newpath 73.88724 64.64388 moveto
73.88724 64.70993 73.861 64.77328 73.81429 64.81999 curveto
73.76758 64.8667 73.70422 64.89294 73.63817 64.89294 curveto
73.57211 64.89294 73.50876 64.8667 73.46205 64.81999 curveto
73.41534 64.77328 73.3891 64.70993 73.3891 64.64388 curveto
73.3891 64.57782 73.41534 64.51447 73.46205 64.46776 curveto
73.50876 64.42105 73.57211 64.3948 73.63817 64.3948 curveto
73.70422 64.3948 73.76758 64.42105 73.81429 64.46776 curveto
73.861 64.51447 73.88724 64.57782 73.88724 64.64388 curveto closepath fill
newpath 76.82292 65.0656 moveto
76.82292 65.13165 76.79668 65.195 76.74997 65.24171 curveto
76.70326 65.28842 76.63991 65.31467 76.57385 65.31467 curveto
76.5078 65.31467 76.44444 65.28842 76.39774 65.24171 curveto
76.35103 65.195 76.32478 65.13165 76.32478 65.0656 curveto
76.32478 64.99954 76.35103 64.93619 76.39774 64.88948 curveto
76.44444 64.84277 76.5078 64.81653 76.57385 64.81653 curveto
76.63991 64.81653 76.70326 64.84277 76.74997 64.88948 curveto
76.79668 64.93619 76.82292 64.99954 76.82292 65.0656 curveto closepath fill
newpath 79.7614 65.46803 moveto
79.7614 65.53409 79.73515 65.59744 79.68845 65.64415 curveto
79.64174 65.69086 79.57838 65.7171 79.51233 65.7171 curveto
79.44627 65.7171 79.38292 65.69086 79.33621 65.64415 curveto
79.2895 65.59744 79.26326 65.53409 79.26326 65.46803 curveto
79.26326 65.40198 79.2895 65.33862 79.33621 65.29192 curveto
79.38292 65.24521 79.44627 65.21896 79.51233 65.21896 curveto
79.57838 65.21896 79.64174 65.24521 79.68845 65.29192 curveto
79.73515 65.33862 79.7614 65.40198 79.7614 65.46803 curveto closepath fill
newpath 82.70193 65.8538 moveto
82.70193 65.91986 82.67569 65.98322 82.62898 66.02992 curveto
82.58228 66.07663 82.51892 66.10287 82.45287 66.10287 curveto
82.38681 66.10287 82.32346 66.07663 82.27675 66.02992 curveto
82.23004 65.98322 82.2038 65.91986 82.2038 65.8538 curveto
82.2038 65.78775 82.23004 65.7244 82.27675 65.67769 curveto
82.32346 65.63098 82.38681 65.60474 82.45287 65.60474 curveto
82.51892 65.60474 82.58228 65.63098 82.62898 65.67769 curveto
82.67569 65.7244 82.70193 65.78775 82.70193 65.8538 curveto closepath fill
newpath 85.64464 66.22424 moveto
85.64464 66.2903 85.6184 66.35365 85.57169 66.40036 curveto
85.52498 66.44707 85.46162 66.47331 85.39557 66.47331 curveto
85.32951 66.47331 85.26616 66.44707 85.21945 66.40036 curveto
85.17274 66.35365 85.1465 66.2903 85.1465 66.22424 curveto
85.1465 66.15819 85.17274 66.09483 85.21945 66.04813 curveto
85.26616 66.00142 85.32951 65.97517 85.39557 65.97517 curveto
85.46162 65.97517 85.52498 66.00142 85.57169 66.04813 curveto
85.6184 66.09483 85.64464 66.15819 85.64464 66.22424 curveto closepath fill
newpath 88.58893 66.58057 moveto
88.58893 66.64662 88.56268 66.70998 88.51598 66.75668 curveto
88.46927 66.80339 88.40591 66.82964 88.33986 66.82964 curveto
88.2738 66.82964 88.21045 66.80339 88.16374 66.75668 curveto
88.11703 66.70998 88.09079 66.64662 88.09079 66.58057 curveto
88.09079 66.51451 88.11703 66.45116 88.16374 66.40445 curveto
88.21045 66.35774 88.2738 66.3315 88.33986 66.3315 curveto
88.40591 66.3315 88.46927 66.35774 88.51598 66.40445 curveto
88.56268 66.45116 88.58893 66.51451 88.58893 66.58057 curveto closepath fill
newpath 91.53468 66.92453 moveto
91.53468 66.99059 91.50844 67.05394 91.46173 67.10065 curveto
91.41502 67.14735 91.35167 67.1736 91.28561 67.1736 curveto
91.21956 67.1736 91.1562 67.14735 91.1095 67.10065 curveto
91.06279 67.05394 91.03654 66.99059 91.03654 66.92453 curveto
91.03654 66.85847 91.06279 66.79512 91.1095 66.74841 curveto
91.1562 66.7017 91.21956 66.67546 91.28561 66.67546 curveto
91.35167 66.67546 91.41502 66.7017 91.46173 66.74841 curveto
91.50844 66.79512 91.53468 66.85847 91.53468 66.92453 curveto closepath fill
newpath 94.48175 67.25732 moveto
94.48175 67.32338 94.4555 67.38673 94.4088 67.43344 curveto
94.36209 67.48015 94.29874 67.5064 94.23268 67.5064 curveto
94.16663 67.5064 94.10327 67.48015 94.05656 67.43344 curveto
94.00986 67.38673 93.98361 67.32338 93.98361 67.25732 curveto
93.98361 67.19127 94.00986 67.12791 94.05656 67.0812 curveto
94.10327 67.0345 94.16663 67.00826 94.23268 67.00826 curveto
94.29874 67.00826 94.36209 67.0345 94.4088 67.0812 curveto
94.4555 67.12791 94.48175 67.19127 94.48175 67.25732 curveto closepath fill
newpath 97.42984 67.5795 moveto
97.42984 67.64555 97.4036 67.70891 97.35689 67.75562 curveto
97.31018 67.80232 97.24683 67.82857 97.18077 67.82857 curveto
97.11472 67.82857 97.05136 67.80232 97.00465 67.75562 curveto
96.95795 67.70891 96.9317 67.64555 96.9317 67.5795 curveto
96.9317 67.51344 96.95795 67.45009 97.00465 67.40338 curveto
97.05136 67.35667 97.11472 67.33043 97.18077 67.33043 curveto
97.24683 67.33043 97.31018 67.35667 97.35689 67.40338 curveto
97.4036 67.45009 97.42984 67.51344 97.42984 67.5795 curveto closepath fill
newpath 100.3793 67.89178 moveto
100.3793 67.95784 100.35306 68.0212 100.30635 68.0679 curveto
100.25964 68.11461 100.19629 68.14085 100.13023 68.14085 curveto
100.06418 68.14085 100.00082 68.11461 99.95412 68.0679 curveto
99.90741 68.0212 99.88116 67.95784 99.88116 67.89178 curveto
99.88116 67.82573 99.90741 67.76237 99.95412 67.71567 curveto
100.00082 67.66896 100.06418 67.64272 100.13023 67.64272 curveto
100.19629 67.64272 100.25964 67.66896 100.30635 67.71567 curveto
100.35306 67.76237 100.3793 67.82573 100.3793 67.89178 curveto closepath fill
newpath 103.32945 68.1952 moveto
103.32945 68.26126 103.3032 68.32462 103.2565 68.37132 curveto
103.2098 68.41803 103.14644 68.44427 103.08038 68.44427 curveto
103.01433 68.44427 102.95097 68.41803 102.90427 68.37132 curveto
102.85756 68.32462 102.83131 68.26126 102.83131 68.1952 curveto
102.83131 68.12915 102.85756 68.0658 102.90427 68.01909 curveto
102.95097 67.97238 103.01433 67.94614 103.08038 67.94614 curveto
103.14644 67.94614 103.2098 67.97238 103.2565 68.01909 curveto
103.3032 68.0658 103.32945 68.12915 103.32945 68.1952 curveto closepath fill
newpath 106.2806 68.49051 moveto
106.2806 68.55656 106.25435 68.61992 106.20764 68.66663 curveto
106.16093 68.71333 106.09758 68.73958 106.03152 68.73958 curveto
105.96547 68.73958 105.90211 68.71333 105.85541 68.66663 curveto
105.8087 68.61992 105.78246 68.55656 105.78246 68.49051 curveto
105.78246 68.42445 105.8087 68.3611 105.85541 68.31439 curveto
105.90211 68.26768 105.96547 68.24144 106.03152 68.24144 curveto
106.09758 68.24144 106.16093 68.26768 106.20764 68.31439 curveto
106.25435 68.3611 106.2806 68.42445 106.2806 68.49051 curveto closepath fill
newpath 109.23251 68.77809 moveto
109.23251 68.84415 109.20627 68.9075 109.15956 68.95421 curveto
109.11285 69.00092 109.0495 69.02716 108.98344 69.02716 curveto
108.91739 69.02716 108.85403 69.00092 108.80733 68.95421 curveto
108.76062 68.9075 108.73438 68.84415 108.73438 68.77809 curveto
108.73438 68.71204 108.76062 68.64868 108.80733 68.60197 curveto
108.85403 68.55527 108.91739 68.52902 108.98344 68.52902 curveto
109.0495 68.52902 109.11285 68.55527 109.15956 68.60197 curveto
109.20627 68.64868 109.23251 68.71204 109.23251 68.77809 curveto closepath fill
newpath 112.18513 69.05829 moveto
112.18513 69.12434 112.15889 69.1877 112.11218 69.2344 curveto
112.06548 69.28111 112.00212 69.30736 111.93607 69.30736 curveto
111.87001 69.30736 111.80666 69.28111 111.75995 69.2344 curveto
111.71324 69.1877 111.687 69.12434 111.687 69.05829 curveto
111.687 68.99223 111.71324 68.92888 111.75995 68.88217 curveto
111.80666 68.83546 111.87001 68.80922 111.93607 68.80922 curveto
112.00212 68.80922 112.06548 68.83546 112.11218 68.88217 curveto
112.15889 68.92888 112.18513 68.99223 112.18513 69.05829 curveto closepath fill
newpath 115.13847 69.33156 moveto
115.13847 69.39761 115.11223 69.46097 115.06552 69.50768 curveto
115.01881 69.55438 114.95546 69.58063 114.8894 69.58063 curveto
114.82335 69.58063 114.76 69.55438 114.71329 69.50768 curveto
114.66658 69.46097 114.64034 69.39761 114.64034 69.33156 curveto
114.64034 69.2655 114.66658 69.20215 114.71329 69.15544 curveto
114.76 69.10873 114.82335 69.08249 114.8894 69.08249 curveto
114.95546 69.08249 115.01881 69.10873 115.06552 69.15544 curveto
115.11223 69.20215 115.13847 69.2655 115.13847 69.33156 curveto closepath fill
newpath 118.09227 69.59882 moveto
118.09227 69.66487 118.06602 69.72823 118.01932 69.77493 curveto
117.97261 69.82164 117.90926 69.84789 117.8432 69.84789 curveto
117.77715 69.84789 117.71379 69.82164 117.66708 69.77493 curveto
117.62038 69.72823 117.59413 69.66487 117.59413 69.59882 curveto
117.59413 69.53276 117.62038 69.4694 117.66708 69.4227 curveto
117.71379 69.37599 117.77715 69.34975 117.8432 69.34975 curveto
117.90926 69.34975 117.97261 69.37599 118.01932 69.4227 curveto
118.06602 69.4694 118.09227 69.53276 118.09227 69.59882 curveto closepath fill
newpath 121.0466 69.8603 moveto
121.0466 69.92636 121.02036 69.98972 120.97365 70.03642 curveto
120.92694 70.08313 120.86359 70.10938 120.79753 70.10938 curveto
120.73148 70.10938 120.66812 70.08313 120.62141 70.03642 curveto
120.5747 69.98972 120.54846 69.92636 120.54846 69.8603 curveto
120.54846 69.79425 120.5747 69.7309 120.62141 69.68419 curveto
120.66812 69.63748 120.73148 69.61124 120.79753 69.61124 curveto
120.86359 69.61124 120.92694 69.63748 120.97365 69.68419 curveto
121.02036 69.7309 121.0466 69.79425 121.0466 69.8603 curveto closepath fill
newpath 124.00145 70.11606 moveto
124.00145 70.18211 123.9752 70.24547 123.9285 70.29218 curveto
123.88179 70.33888 123.81844 70.36513 123.75238 70.36513 curveto
123.68633 70.36513 123.62297 70.33888 123.57626 70.29218 curveto
123.52956 70.24547 123.50331 70.18211 123.50331 70.11606 curveto
123.50331 70.05 123.52956 69.98665 123.57626 69.93994 curveto
123.62297 69.89323 123.68633 69.86699 123.75238 69.86699 curveto
123.81844 69.86699 123.88179 69.89323 123.9285 69.93994 curveto
123.9752 69.98665 124.00145 70.05 124.00145 70.11606 curveto closepath fill
newpath 126.95657 70.366 moveto
126.95657 70.43205 126.93033 70.4954 126.88362 70.54211 curveto
126.83691 70.58882 126.77356 70.61507 126.7075 70.61507 curveto
126.64145 70.61507 126.5781 70.58882 126.53139 70.54211 curveto
126.48468 70.4954 126.45844 70.43205 126.45844 70.366 curveto
126.45844 70.29994 126.48468 70.23659 126.53139 70.18988 curveto
126.5781 70.14317 126.64145 70.11693 126.7075 70.11693 curveto
126.77356 70.11693 126.83691 70.14317 126.88362 70.18988 curveto
126.93033 70.23659 126.95657 70.29994 126.95657 70.366 curveto closepath fill
newpath 129.91103 70.61008 moveto
129.91103 70.67613 129.88478 70.73949 129.83807 70.7862 curveto
129.79137 70.8329 129.72801 70.85915 129.66196 70.85915 curveto
129.5959 70.85915 129.53255 70.8329 129.48584 70.7862 curveto
129.43913 70.73949 129.41289 70.67613 129.41289 70.61008 curveto
129.41289 70.54402 129.43913 70.48067 129.48584 70.43396 curveto
129.53255 70.38725 129.5959 70.36101 129.66196 70.36101 curveto
129.72801 70.36101 129.79137 70.38725 129.83807 70.43396 curveto
129.88478 70.48067 129.91103 70.54402 129.91103 70.61008 curveto closepath fill
newpath 67.2477 19.04662 moveto
66.71922 19.04662 66.21246 18.83665 65.83879 18.463 curveto
65.46513 18.08932 65.25517 17.58257 65.25517 17.0541 curveto
65.25517 16.52562 65.46513 16.01886 65.83879 15.64519 curveto
66.21246 15.27153 66.71922 15.06157 67.2477 15.06157 curveto
67.77617 15.06157 68.28293 15.27153 68.6566 15.64519 curveto
69.03026 16.01886 69.24022 16.52562 69.24022 17.0541 curveto
69.24022 17.58257 69.03026 18.08932 68.6566 18.463 curveto
68.28293 18.83665 67.77617 19.04662 67.2477 19.04662 curveto closepath fill
newpath 94.14677 28.8916 moveto
93.6183 28.8916 93.11154 28.68164 92.73787 28.30798 curveto
92.36421 27.93431 92.15425 27.42755 92.15425 26.89908 curveto
92.15425 26.3706 92.36421 25.86385 92.73787 25.49017 curveto
93.11154 25.11652 93.6183 24.90656 94.14677 24.90656 curveto
94.67525 24.90656 95.182 25.11652 95.55568 25.49017 curveto
95.92934 25.86385 96.1393 26.3706 96.1393 26.89908 curveto
96.1393 27.42755 95.92934 27.93431 95.55568 28.30798 curveto
95.182 28.68164 94.67525 28.8916 94.14677 28.8916 curveto closepath fill
showpage
%%EOF
