%!PS
%%BoundingBox: -1 -1 100 160 
%%HiResBoundingBox: -0.24907 -0.24907 99.87523 159.65092 
%%Creator: MetaPost 1.9991
%%CreationDate: 2017.08.03:0951
%%Pages: 1
%%BeginProlog
%%EndProlog
%%Page: 1 1
 0 0 0 setrgbcolor
newpath 9.96262 148.5226 moveto
9.43414 148.5226 8.92738 148.31264 8.55371 147.93898 curveto
8.18005 147.5653 7.9701 147.05855 7.9701 146.53008 curveto
7.9701 146.0016 8.18005 145.49484 8.55371 145.12117 curveto
8.92738 144.74751 9.43414 144.53755 9.96262 144.53755 curveto
10.49109 144.53755 10.99785 144.74751 11.37152 145.12117 curveto
11.74518 145.49484 11.95514 146.0016 11.95514 146.53008 curveto
11.95514 147.05855 11.74518 147.5653 11.37152 147.93898 curveto
10.99785 148.31264 10.49109 148.5226 9.96262 148.5226 curveto closepath fill
newpath 89.66354 148.5226 moveto
89.13507 148.5226 88.62831 148.31264 88.25464 147.93898 curveto
87.88098 147.5653 87.67102 147.05855 87.67102 146.53008 curveto
87.67102 146.0016 87.88098 145.49484 88.25464 145.12117 curveto
88.62831 144.74751 89.13507 144.53755 89.66354 144.53755 curveto
90.19202 144.53755 90.69878 144.74751 91.07245 145.12117 curveto
91.4461 145.49484 91.65607 146.0016 91.65607 146.53008 curveto
91.65607 147.05855 91.4461 147.5653 91.07245 147.93898 curveto
90.69878 148.31264 90.19202 148.5226 89.66354 148.5226 curveto closepath fill
newpath 29.88785 123.9648 moveto
29.35938 123.9648 28.85262 123.75484 28.47894 123.38118 curveto
28.10529 123.0075 27.89532 122.50075 27.89532 121.97227 curveto
27.89532 121.4438 28.10529 120.93704 28.47894 120.56337 curveto
28.85262 120.18971 29.35938 119.97975 29.88785 119.97975 curveto
30.41632 119.97975 30.92308 120.18971 31.29675 120.56337 curveto
31.67041 120.93704 31.88037 121.4438 31.88037 121.97227 curveto
31.88037 122.50075 31.67041 123.0075 31.29675 123.38118 curveto
30.92308 123.75484 30.41632 123.9648 29.88785 123.9648 curveto closepath fill
newpath 69.73831 123.9648 moveto
69.20984 123.9648 68.70308 123.75484 68.3294 123.38118 curveto
67.95575 123.0075 67.74579 122.50075 67.74579 121.97227 curveto
67.74579 121.4438 67.95575 120.93704 68.3294 120.56337 curveto
68.70308 120.18971 69.20984 119.97975 69.73831 119.97975 curveto
70.26678 119.97975 70.77354 120.18971 71.14722 120.56337 curveto
71.52087 120.93704 71.73083 121.4438 71.73083 121.97227 curveto
71.73083 122.50075 71.52087 123.0075 71.14722 123.38118 curveto
70.77354 123.75484 70.26678 123.9648 69.73831 123.9648 curveto closepath fill
newpath 49.81308 111.5813 moveto
49.2846 111.5813 48.77785 111.37134 48.40417 110.99768 curveto
48.03052 110.62401 47.82056 110.11725 47.82056 109.58878 curveto
47.82056 109.0603 48.03052 108.55354 48.40417 108.17987 curveto
48.77785 107.80621 49.2846 107.59625 49.81308 107.59625 curveto
50.34155 107.59625 50.84831 107.80621 51.22198 108.17987 curveto
51.59564 108.55354 51.8056 109.0603 51.8056 109.58878 curveto
51.8056 110.11725 51.59564 110.62401 51.22198 110.99768 curveto
50.84831 111.37134 50.34155 111.5813 49.81308 111.5813 curveto closepath fill
newpath 49.81308 51.8056 moveto
49.2846 51.8056 48.77785 51.59564 48.40417 51.22198 curveto
48.03052 50.84831 47.82056 50.34155 47.82056 49.81308 curveto
47.82056 49.2846 48.03052 48.77785 48.40417 48.40417 curveto
48.77785 48.03052 49.2846 47.82056 49.81308 47.82056 curveto
50.34155 47.82056 50.84831 48.03052 51.22198 48.40417 curveto
51.59564 48.77785 51.8056 49.2846 51.8056 49.81308 curveto
51.8056 50.34155 51.59564 50.84831 51.22198 51.22198 curveto
50.84831 51.59564 50.34155 51.8056 49.81308 51.8056 curveto closepath fill
newpath 9.96262 14.8643 moveto
9.43414 14.8643 8.92738 14.65434 8.55371 14.28069 curveto
8.18005 13.90701 7.9701 13.40025 7.9701 12.87178 curveto
7.9701 12.3433 8.18005 11.83655 8.55371 11.46288 curveto
8.92738 11.08922 9.43414 10.87926 9.96262 10.87926 curveto
10.49109 10.87926 10.99785 11.08922 11.37152 11.46288 curveto
11.74518 11.83655 11.95514 12.3433 11.95514 12.87178 curveto
11.95514 13.40025 11.74518 13.90701 11.37152 14.28069 curveto
10.99785 14.65434 10.49109 14.8643 9.96262 14.8643 curveto closepath fill
newpath 89.66354 14.8643 moveto
89.13507 14.8643 88.62831 14.65434 88.25464 14.28069 curveto
87.88098 13.90701 87.67102 13.40025 87.67102 12.87178 curveto
87.67102 12.3433 87.88098 11.83655 88.25464 11.46288 curveto
88.62831 11.08922 89.13507 10.87926 89.66354 10.87926 curveto
90.19202 10.87926 90.69878 11.08922 91.07245 11.46288 curveto
91.4461 11.83655 91.65607 12.3433 91.65607 12.87178 curveto
91.65607 13.40025 91.4461 13.90701 91.07245 14.28069 curveto
90.69878 14.65434 90.19202 14.8643 89.66354 14.8643 curveto closepath fill
newpath 29.88785 39.4221 moveto
29.35938 39.4221 28.85262 39.21214 28.47894 38.83849 curveto
28.10529 38.46481 27.89532 37.95805 27.89532 37.42958 curveto
27.89532 36.90111 28.10529 36.39435 28.47894 36.02068 curveto
28.85262 35.64702 29.35938 35.43706 29.88785 35.43706 curveto
30.41632 35.43706 30.92308 35.64702 31.29675 36.02068 curveto
31.67041 36.39435 31.88037 36.90111 31.88037 37.42958 curveto
31.88037 37.95805 31.67041 38.46481 31.29675 38.83849 curveto
30.92308 39.21214 30.41632 39.4221 29.88785 39.4221 curveto closepath fill
newpath 69.73831 39.4221 moveto
69.20984 39.4221 68.70308 39.21214 68.3294 38.83849 curveto
67.95575 38.46481 67.74579 37.95805 67.74579 37.42958 curveto
67.74579 36.90111 67.95575 36.39435 68.3294 36.02068 curveto
68.70308 35.64702 69.20984 35.43706 69.73831 35.43706 curveto
70.26678 35.43706 70.77354 35.64702 71.14722 36.02068 curveto
71.52087 36.39435 71.73083 36.90111 71.73083 37.42958 curveto
71.73083 37.95805 71.52087 38.46481 71.14722 38.83849 curveto
70.77354 39.21214 70.26678 39.4221 69.73831 39.4221 curveto closepath fill
 0 0.49814 dtransform truncate idtransform setlinewidth pop [] 0 setdash
 1 setlinecap 1 setlinejoin 10 setmiterlimit
newpath 0 79.70093 moveto
99.62616 79.70093 lineto stroke
newpath 94.64485 82.19159 moveto
95.82079 80.62367 97.66628 79.70093 99.62616 79.70093 curveto
97.66628 79.70093 95.82079 78.77818 94.64485 77.21027 curveto stroke
 0.49814 0 dtransform exch truncate exch idtransform pop setlinewidth
newpath 49.81308 0 moveto
49.81308 159.40186 lineto stroke
 0 0.49814 dtransform truncate idtransform setlinewidth pop
newpath 47.32242 154.42055 moveto
48.89034 155.59648 49.81308 157.44197 49.81308 159.40186 curveto
49.81308 157.44197 50.73582 155.59648 52.30374 154.42055 curveto stroke
 0.49814 0 dtransform exch truncate exch idtransform pop setlinewidth
newpath 9.96262 77.7084 moveto
9.96262 81.69345 lineto stroke
newpath 19.92523 77.7084 moveto
19.92523 81.69345 lineto stroke
newpath 29.88785 77.7084 moveto
29.88785 81.69345 lineto stroke
newpath 39.85046 77.7084 moveto
39.85046 81.69345 lineto stroke
newpath 59.7757 77.7084 moveto
59.7757 81.69345 lineto stroke
newpath 69.73831 77.7084 moveto
69.73831 81.69345 lineto stroke
newpath 79.70093 77.7084 moveto
79.70093 81.69345 lineto stroke
newpath 89.66354 77.7084 moveto
89.66354 81.69345 lineto stroke
 0 0.49814 dtransform truncate idtransform setlinewidth pop
newpath 51.8056 9.96262 moveto
47.82056 9.96262 lineto stroke
newpath 51.8056 19.92523 moveto
47.82056 19.92523 lineto stroke
newpath 51.8056 29.88785 moveto
47.82056 29.88785 lineto stroke
newpath 51.8056 39.85046 moveto
47.82056 39.85046 lineto stroke
newpath 51.8056 49.81308 moveto
47.82056 49.81308 lineto stroke
newpath 51.8056 59.7757 moveto
47.82056 59.7757 lineto stroke
newpath 51.8056 69.73831 moveto
47.82056 69.73831 lineto stroke
newpath 51.8056 89.66354 moveto
47.82056 89.66354 lineto stroke
newpath 51.8056 99.62616 moveto
47.82056 99.62616 lineto stroke
newpath 51.8056 109.58878 moveto
47.82056 109.58878 lineto stroke
newpath 51.8056 119.55139 moveto
47.82056 119.55139 lineto stroke
newpath 51.8056 129.514 moveto
47.82056 129.514 lineto stroke
newpath 51.8056 139.47662 moveto
47.82056 139.47662 lineto stroke
newpath 51.8056 149.43924 moveto
47.82056 149.43924 lineto stroke
newpath 2.47758 156.73866 moveto
4.10371 154.48834 5.74002 152.24548 7.38654 150.01007 curveto
8.87082 147.99492 10.36409 145.98631 11.86952 143.98698 curveto
13.22552 142.18604 14.59155 140.39238 15.97095 138.6092 curveto
17.214 137.00253 18.46799 135.40437 19.73672 133.81793 curveto
20.87778 132.39108 22.03082 130.97368 23.2 129.5698 curveto
24.25104 128.3079 25.31487 127.0568 26.39662 125.82104 curveto
27.36847 124.71086 28.35445 123.61299 29.35974 122.53291 curveto
30.26181 121.56364 31.17923 120.60883 32.11734 119.67438 curveto
32.95921 118.8357 33.81766 118.01358 34.69798 117.21533 curveto
35.48833 116.49873 36.29614 115.80173 37.12692 115.13255 curveto
37.8747 114.53026 38.64085 113.95076 39.42998 113.40366 curveto
40.14325 112.90913 40.87476 112.44153 41.62877 112.01178 curveto
42.31573 111.62018 43.02078 111.26036 43.74545 110.94371 curveto
44.41508 110.65108 45.10054 110.39584 45.80135 110.18849 curveto
46.46231 109.99284 47.13544 109.84067 47.8171 109.73882 curveto
48.4779 109.64 49.14496 109.58878 49.81308 109.58878 curveto
50.4812 109.58878 51.14825 109.64 51.80907 109.73882 curveto
52.49072 109.84067 53.16385 109.99284 53.82481 110.18849 curveto
54.52562 110.39584 55.21107 110.65108 55.8807 110.94371 curveto
56.60538 111.26036 57.31042 111.62018 57.99739 112.01178 curveto
58.7514 112.44153 59.48291 112.90913 60.19618 113.40366 curveto
60.9853 113.95076 61.75146 114.53026 62.49924 115.13255 curveto
63.33002 115.80173 64.13783 116.49873 64.92818 117.21533 curveto
65.8085 118.01358 66.66695 118.8357 67.50882 119.67438 curveto
68.44693 120.60883 69.36435 121.56364 70.26642 122.53291 curveto
71.27171 123.61299 72.25769 124.71086 73.22954 125.82104 curveto
74.3113 127.0568 75.37512 128.3079 76.42616 129.5698 curveto
77.59534 130.97368 78.74838 132.39108 79.88943 133.81793 curveto
81.15817 135.40437 82.41216 137.00253 83.65521 138.6092 curveto
85.0346 140.39238 86.40063 142.18604 87.75664 143.98698 curveto
89.26207 145.98631 90.75534 147.99492 92.23962 150.01007 curveto
93.88614 152.24548 95.52245 154.48834 97.14857 156.73866 curveto stroke
newpath 94.18675 155.19145 moveto
95.36252 155.21231 96.45982 155.78554 97.14857 156.73866 curveto
96.45982 155.78554 96.26001 154.56375 96.60927 153.44087 curveto stroke
newpath 3.01689 153.44087 moveto
3.36615 154.56375 3.16634 155.78554 2.47758 156.73866 curveto
3.16634 155.78554 4.26364 155.21231 5.4394 155.19145 curveto stroke
newpath 2.47758 2.6632 moveto
4.10371 4.91351 5.74002 7.15637 7.38654 9.39178 curveto
8.87082 11.40694 10.36409 13.41554 11.86952 15.41487 curveto
13.22552 17.21582 14.59155 19.00948 15.97095 20.79265 curveto
17.214 22.39932 18.46799 23.99748 19.73672 25.58392 curveto
20.87778 27.01077 22.03082 28.42818 23.2 29.83206 curveto
24.25104 31.09395 25.31487 32.34506 26.39662 33.58081 curveto
27.36847 34.691 28.35445 35.78886 29.35974 36.86894 curveto
30.26181 37.83821 31.17923 38.79303 32.11734 39.72748 curveto
32.95921 40.56616 33.81766 41.38828 34.69798 42.18652 curveto
35.48833 42.90312 36.29614 43.60013 37.12692 44.2693 curveto
37.8747 44.8716 38.64085 45.4511 39.42998 45.9982 curveto
40.14325 46.49272 40.87476 46.96033 41.62877 47.39008 curveto
42.31573 47.78168 43.02078 48.1415 43.74545 48.45815 curveto
44.41508 48.75078 45.10054 49.00601 45.80135 49.21336 curveto
46.46231 49.40901 47.13544 49.56119 47.8171 49.66304 curveto
48.4779 49.76186 49.14496 49.81308 49.81308 49.81308 curveto
50.4812 49.81308 51.14825 49.76186 51.80907 49.66304 curveto
52.49072 49.56119 53.16385 49.40901 53.82481 49.21336 curveto
54.52562 49.00601 55.21107 48.75078 55.8807 48.45815 curveto
56.60538 48.1415 57.31042 47.78168 57.99739 47.39008 curveto
58.7514 46.96033 59.48291 46.49272 60.19618 45.9982 curveto
60.9853 45.4511 61.75146 44.8716 62.49924 44.2693 curveto
63.33002 43.60013 64.13783 42.90312 64.92818 42.18652 curveto
65.8085 41.38828 66.66695 40.56616 67.50882 39.72748 curveto
68.44693 38.79303 69.36435 37.83821 70.26642 36.86894 curveto
71.27171 35.78886 72.25769 34.691 73.22954 33.58081 curveto
74.3113 32.34506 75.37512 31.09395 76.42616 29.83206 curveto
77.59534 28.42818 78.74838 27.01077 79.88943 25.58392 curveto
81.15817 23.99748 82.41216 22.39932 83.65521 20.79265 curveto
85.0346 19.00948 86.40063 17.21582 87.75664 15.41487 curveto
89.26207 13.41554 90.75534 11.40694 92.23962 9.39178 curveto
93.88614 7.15637 95.52245 4.91351 97.14857 2.6632 curveto stroke
newpath 96.60927 5.96098 moveto
96.26001 4.8381 96.45982 3.61632 97.14857 2.6632 curveto
96.45982 3.61632 95.36252 4.18954 94.18675 4.2104 curveto stroke
newpath 5.4394 4.2104 moveto
4.26364 4.18954 3.16634 3.61632 2.47758 2.6632 curveto
3.16634 3.61632 3.36615 4.8381 3.01689 5.96098 curveto stroke
showpage
%%EOF
