%!PS
%%BoundingBox: -5 -1 180 120 
%%HiResBoundingBox: -4.20883 -0.24907 179.57616 119.80046 
%%Creator: MetaPost 1.9991
%%CreationDate: 2017.08.03:1329
%%Pages: 1
%%BeginProlog
%%EndProlog
%%Page: 1 1
 0 0 0 setrgbcolor
newpath 14.94392 106.59999 moveto
14.41545 106.59999 13.90869 106.39003 13.53502 106.01637 curveto
13.16136 105.6427 12.9514 105.13594 12.9514 104.60747 curveto
12.9514 104.079 13.16136 103.57224 13.53502 103.19856 curveto
13.90869 102.8249 14.41545 102.61494 14.94392 102.61494 curveto
15.4724 102.61494 15.97916 102.8249 16.35283 103.19856 curveto
16.72649 103.57224 16.93645 104.079 16.93645 104.60747 curveto
16.93645 105.13594 16.72649 105.6427 16.35283 106.01637 curveto
15.97916 106.39003 15.4724 106.59999 14.94392 106.59999 curveto closepath fill
newpath 14.94392 16.93645 moveto
14.41545 16.93645 13.90869 16.72649 13.53502 16.35283 curveto
13.16136 15.97916 12.9514 15.4724 12.9514 14.94392 curveto
12.9514 14.41545 13.16136 13.90869 13.53502 13.53502 curveto
13.90869 13.16136 14.41545 12.9514 14.94392 12.9514 curveto
15.4724 12.9514 15.97916 13.16136 16.35283 13.53502 curveto
16.72649 13.90869 16.93645 14.41545 16.93645 14.94392 curveto
16.93645 15.4724 16.72649 15.97916 16.35283 16.35283 curveto
15.97916 16.72649 15.4724 16.93645 14.94392 16.93645 curveto closepath fill
newpath 59.7757 98.38078 moveto
59.24722 98.38078 58.74046 98.17082 58.36679 97.79716 curveto
57.99313 97.4235 57.78317 96.91673 57.78317 96.38826 curveto
57.78317 95.85979 57.99313 95.35303 58.36679 94.97935 curveto
58.74046 94.6057 59.24722 94.39574 59.7757 94.39574 curveto
60.30417 94.39574 60.81093 94.6057 61.1846 94.97935 curveto
61.55826 95.35303 61.76822 95.85979 61.76822 96.38826 curveto
61.76822 96.91673 61.55826 97.4235 61.1846 97.79716 curveto
60.81093 98.17082 60.30417 98.38078 59.7757 98.38078 curveto closepath fill
newpath 59.7757 25.15565 moveto
59.24722 25.15565 58.74046 24.9457 58.36679 24.57204 curveto
57.99313 24.19836 57.78317 23.6916 57.78317 23.16313 curveto
57.78317 22.63466 57.99313 22.1279 58.36679 21.75423 curveto
58.74046 21.38057 59.24722 21.17061 59.7757 21.17061 curveto
60.30417 21.17061 60.81093 21.38057 61.1846 21.75423 curveto
61.55826 22.1279 61.76822 22.63466 61.76822 23.16313 curveto
61.76822 23.6916 61.55826 24.19836 61.1846 24.57204 curveto
60.81093 24.9457 60.30417 25.15565 59.7757 25.15565 curveto closepath fill
newpath 89.66354 91.65607 moveto
89.13507 91.65607 88.62831 91.4461 88.25464 91.07245 curveto
87.88098 90.69878 87.67102 90.19202 87.67102 89.66354 curveto
87.67102 89.13507 87.88098 88.62831 88.25464 88.25464 curveto
88.62831 87.88098 89.13507 87.67102 89.66354 87.67102 curveto
90.19202 87.67102 90.69878 87.88098 91.07245 88.25464 curveto
91.4461 88.62831 91.65607 89.13507 91.65607 89.66354 curveto
91.65607 90.19202 91.4461 90.69878 91.07245 91.07245 curveto
90.69878 91.4461 90.19202 91.65607 89.66354 91.65607 curveto closepath fill
newpath 89.66354 31.88037 moveto
89.13507 31.88037 88.62831 31.67041 88.25464 31.29675 curveto
87.88098 30.92308 87.67102 30.41632 87.67102 29.88785 curveto
87.67102 29.35938 87.88098 28.85262 88.25464 28.47894 curveto
88.62831 28.10529 89.13507 27.89532 89.66354 27.89532 curveto
90.19202 27.89532 90.69878 28.10529 91.07245 28.47894 curveto
91.4461 28.85262 91.65607 29.35938 91.65607 29.88785 curveto
91.65607 30.41632 91.4461 30.92308 91.07245 31.29675 curveto
90.69878 31.67041 90.19202 31.88037 89.66354 31.88037 curveto closepath fill
newpath 119.55139 82.89896 moveto
119.02292 82.89896 118.51616 82.689 118.14249 82.31534 curveto
117.76883 81.94167 117.55887 81.4349 117.55887 80.90643 curveto
117.55887 80.37796 117.76883 79.8712 118.14249 79.49753 curveto
118.51616 79.12387 119.02292 78.91391 119.55139 78.91391 curveto
120.07986 78.91391 120.58662 79.12387 120.9603 79.49753 curveto
121.33395 79.8712 121.54391 80.37796 121.54391 80.90643 curveto
121.54391 81.4349 121.33395 81.94167 120.9603 82.31534 curveto
120.58662 82.689 120.07986 82.89896 119.55139 82.89896 curveto closepath fill
newpath 119.55139 40.63748 moveto
119.02292 40.63748 118.51616 40.42752 118.14249 40.05386 curveto
117.76883 39.68019 117.55887 39.17343 117.55887 38.64496 curveto
117.55887 38.11649 117.76883 37.60973 118.14249 37.23605 curveto
118.51616 36.8624 119.02292 36.65244 119.55139 36.65244 curveto
120.07986 36.65244 120.58662 36.8624 120.9603 37.23605 curveto
121.33395 37.60973 121.54391 38.11649 121.54391 38.64496 curveto
121.54391 39.17343 121.33395 39.68019 120.9603 40.05386 curveto
120.58662 40.42752 120.07986 40.63748 119.55139 40.63748 curveto closepath fill
newpath 149.43924 61.76822 moveto
148.91077 61.76822 148.404 61.55826 148.03033 61.1846 curveto
147.65668 60.81093 147.44672 60.30417 147.44672 59.7757 curveto
147.44672 59.24722 147.65668 58.74046 148.03033 58.36679 curveto
148.404 57.99313 148.91077 57.78317 149.43924 57.78317 curveto
149.96771 57.78317 150.47447 57.99313 150.84814 58.36679 curveto
151.2218 58.74046 151.43176 59.24722 151.43176 59.7757 curveto
151.43176 60.30417 151.2218 60.81093 150.84814 61.1846 curveto
150.47447 61.55826 149.96771 61.76822 149.43924 61.76822 curveto closepath fill
 0 0.49814 dtransform truncate idtransform setlinewidth pop [] 0 setdash
 1 setlinecap 1 setlinejoin 10 setmiterlimit
newpath 0 59.7757 moveto
179.32709 59.7757 lineto stroke
newpath 174.34578 62.26636 moveto
175.52171 60.69844 177.3672 59.7757 179.32709 59.7757 curveto
177.3672 59.7757 175.52171 58.85295 174.34578 57.28503 curveto stroke
 0.49814 0 dtransform exch truncate exch idtransform pop setlinewidth
newpath 89.66354 0 moveto
89.66354 119.55139 lineto stroke
 0 0.49814 dtransform truncate idtransform setlinewidth pop
newpath 87.17288 114.57008 moveto
88.7408 115.74602 89.66354 117.5915 89.66354 119.55139 curveto
89.66354 117.5915 90.58629 115.74602 92.1542 114.57008 curveto stroke
 0.49814 0 dtransform exch truncate exch idtransform pop setlinewidth
newpath 14.94392 57.78317 moveto
14.94392 61.76822 lineto stroke
newpath 29.88785 57.78317 moveto
29.88785 61.76822 lineto stroke
newpath 44.83177 57.78317 moveto
44.83177 61.76822 lineto stroke
newpath 59.7757 57.78317 moveto
59.7757 61.76822 lineto stroke
newpath 74.71962 57.78317 moveto
74.71962 61.76822 lineto stroke
newpath 104.60747 57.78317 moveto
104.60747 61.76822 lineto stroke
newpath 119.55139 57.78317 moveto
119.55139 61.76822 lineto stroke
newpath 134.49532 57.78317 moveto
134.49532 61.76822 lineto stroke
newpath 149.43924 57.78317 moveto
149.43924 61.76822 lineto stroke
newpath 164.38316 57.78317 moveto
164.38316 61.76822 lineto stroke
 0 0.49814 dtransform truncate idtransform setlinewidth pop
newpath 91.65607 14.94392 moveto
87.67102 14.94392 lineto stroke
newpath 91.65607 29.88785 moveto
87.67102 29.88785 lineto stroke
newpath 91.65607 44.83177 moveto
87.67102 44.83177 lineto stroke
newpath 91.65607 74.71962 moveto
87.67102 74.71962 lineto stroke
newpath 91.65607 89.66354 moveto
87.67102 89.66354 lineto stroke
newpath 91.65607 104.60747 moveto
87.67102 104.60747 lineto stroke
 0 1.24533 dtransform truncate idtransform setlinewidth pop
newpath -3.58617 11.95518 moveto
-0.44647 12.44543 2.69185 12.94368 5.82904 13.44966 curveto
8.86862 13.93993 11.90685 14.4377 14.94392 14.94392 curveto
17.88455 15.43394 20.8238 15.93196 23.76147 16.4384 curveto
26.60199 16.9282 29.44115 17.426 32.2787 17.93266 curveto
35.02026 18.42224 37.76 18.92001 40.49837 19.42714 curveto
43.14027 19.91649 45.7806 20.41428 48.41908 20.92163 curveto
50.96112 21.41052 53.50133 21.9083 56.03972 22.41588 curveto
58.48279 22.90454 60.92381 23.40233 63.36278 23.91037 curveto
65.70598 24.39857 68.04689 24.89613 70.38576 25.40463 curveto
72.62976 25.89238 74.87172 26.39015 77.11093 26.89911 curveto
79.25552 27.38663 81.3976 27.88419 83.53717 28.39359 curveto
85.5821 28.88043 87.6243 29.37798 89.66354 29.88785 curveto
91.6093 30.37422 93.55254 30.87178 95.49213 31.38232 curveto
97.33823 31.86826 99.18158 32.36559 101.02084 32.87659 curveto
102.76797 33.36183 104.51192 33.85938 106.25154 34.37106 curveto
107.89948 34.85585 109.54378 35.35318 111.18329 35.86555 curveto
112.73181 36.34943 114.27623 36.84676 115.81541 37.3598 curveto
117.2652 37.843 118.7102 38.34032 120.1495 38.8543 curveto
121.5001 39.33656 122.84546 39.83366 124.18398 40.34856 curveto
125.43607 40.83014 126.68199 41.32724 127.92018 41.84303 curveto
129.0733 42.32349 130.21959 42.82036 131.357 43.3373 curveto
132.41183 43.81683 133.45894 44.31346 134.49532 44.83177 curveto
135.45212 45.31017 136.3998 45.80681 137.33493 46.32625 curveto
138.1939 46.80351 139.04193 47.2997 139.87514 47.82051 curveto
140.63698 48.29663 141.3858 48.79282 142.11687 49.31499 curveto
142.78178 49.78998 143.43166 50.28616 144.05942 50.80925 curveto
144.62857 51.28354 145.17926 51.77972 145.70326 52.30373 curveto
146.17755 52.77803 146.6295 53.27444 147.04839 53.79822 curveto
147.42873 54.27342 147.78104 54.77052 148.09435 55.29248 curveto
148.38142 55.77087 148.63431 56.2691 148.84158 56.78696 curveto
149.03517 57.27083 149.18773 57.7702 149.28989 58.28122 curveto
149.3884 58.7733 149.43924 59.2738 149.43924 59.7757 curveto
149.43924 60.27759 149.3884 60.77809 149.28989 61.27017 curveto
149.18773 61.78119 149.03517 62.28056 148.84158 62.76443 curveto
148.63431 63.28229 148.38142 63.78052 148.09435 64.25891 curveto
147.78104 64.78087 147.42873 65.27797 147.04839 65.75317 curveto
146.6295 66.27695 146.17755 66.77336 145.70326 67.24767 curveto
145.17926 67.77167 144.62857 68.26785 144.05942 68.74214 curveto
143.43166 69.26523 142.78178 69.76141 142.11687 70.2364 curveto
141.3858 70.75858 140.63698 71.25476 139.87514 71.73088 curveto
139.04193 72.2517 138.1939 72.74788 137.33493 73.22514 curveto
136.3998 73.74458 135.45212 74.24123 134.49532 74.71962 curveto
133.45894 75.23793 132.41183 75.73456 131.357 76.2141 curveto
130.21959 76.73103 129.0733 77.2279 127.92018 77.70836 curveto
126.68199 78.22415 125.43607 78.72125 124.18398 79.20284 curveto
122.84546 79.71773 121.5001 80.21483 120.1495 80.6971 curveto
118.7102 81.21107 117.2652 81.70839 115.81541 82.19159 curveto
114.276 82.70464 112.73135 83.20197 111.1826 83.68607 curveto
109.54332 84.19844 107.89925 84.69577 106.25154 85.18033 curveto
104.51192 85.69202 102.76797 86.18956 101.02084 86.6748 curveto
99.18158 87.1858 97.33823 87.68314 95.49213 88.16907 curveto
93.55254 88.67961 91.6093 89.17717 89.66354 89.66354 curveto
87.6243 90.17342 85.5821 90.67096 83.53717 91.1578 curveto
81.3976 91.6672 79.25552 92.16476 77.11093 92.65228 curveto
74.87172 93.16124 72.62976 93.65901 70.38576 94.14676 curveto
68.04689 94.65526 65.70598 95.15282 63.36278 95.64102 curveto
60.92381 96.14906 58.48279 96.64685 56.03972 97.13551 curveto
53.50133 97.6431 50.96112 98.14087 48.41908 98.62976 curveto
45.7806 99.13712 43.14027 99.6349 40.49837 100.12425 curveto
37.76 100.63138 35.02026 101.12915 32.2787 101.61873 curveto
29.44115 102.1254 26.60199 102.62318 23.76147 103.11299 curveto
20.8238 103.61943 17.88455 104.11745 14.94392 104.60747 curveto
11.90685 105.1137 8.86862 105.61147 5.82904 106.10173 curveto
2.69185 106.60771 -0.44647 107.10596 -3.58617 107.5962 curveto stroke
newpath -0.86374 105.65858 moveto
-1.4157 106.69693 -2.42432 107.41478 -3.58617 107.5962 curveto
-2.42432 107.41478 -1.24486 107.79095 -0.40262 108.61159 curveto stroke
newpath -0.40262 10.9398 moveto
-1.24486 11.76044 -2.42432 12.13661 -3.58617 11.95518 curveto
-2.42432 12.13661 -1.4157 12.85446 -0.86374 13.8928 curveto stroke
showpage
%%EOF
