%!PS
%%BoundingBox: -1 -1 80 135 
%%HiResBoundingBox: -0.24907 -0.24907 79.95 134.74438 
%%Creator: MetaPost 1.9991
%%CreationDate: 2017.08.03:1329
%%Pages: 1
%%BeginProlog
%%EndProlog
%%Page: 1 1
 0 0 0 setrgbcolor 0 0.49814 dtransform truncate idtransform setlinewidth pop
 [] 0 setdash 1 setlinecap 1 setlinejoin 10 setmiterlimit
newpath 0 44.83177 moveto
79.70093 44.83177 lineto stroke
newpath 74.71962 47.32243 moveto
75.89555 45.75452 77.74104 44.83177 79.70093 44.83177 curveto
77.74104 44.83177 75.89555 43.90903 74.71962 42.34111 curveto stroke
 0.49814 0 dtransform exch truncate exch idtransform pop setlinewidth
newpath 39.85046 0 moveto
39.85046 134.49532 lineto stroke
 0 0.49814 dtransform truncate idtransform setlinewidth pop
newpath 37.3598 129.514 moveto
38.92772 130.68994 39.85046 132.53543 39.85046 134.49532 curveto
39.85046 132.53543 40.77321 130.68994 42.34113 129.514 curveto stroke
 0.49814 0 dtransform exch truncate exch idtransform pop setlinewidth
newpath 9.96262 42.83925 moveto
9.96262 46.8243 lineto stroke
newpath 19.92523 42.83925 moveto
19.92523 46.8243 lineto stroke
newpath 29.88785 42.83925 moveto
29.88785 46.8243 lineto stroke
newpath 49.81308 42.83925 moveto
49.81308 46.8243 lineto stroke
newpath 59.7757 42.83925 moveto
59.7757 46.8243 lineto stroke
newpath 69.73831 42.83925 moveto
69.73831 46.8243 lineto stroke
 0 0.49814 dtransform truncate idtransform setlinewidth pop
newpath 41.84299 14.94392 moveto
37.85794 14.94392 lineto stroke
newpath 41.84299 24.90654 moveto
37.85794 24.90654 lineto stroke
newpath 41.84299 34.86916 moveto
37.85794 34.86916 lineto stroke
newpath 41.84299 54.79439 moveto
37.85794 54.79439 lineto stroke
newpath 41.84299 64.757 moveto
37.85794 64.757 lineto stroke
newpath 41.84299 74.71962 moveto
37.85794 74.71962 lineto stroke
newpath 41.84299 84.68224 moveto
37.85794 84.68224 lineto stroke
newpath 41.84299 94.64485 moveto
37.85794 94.64485 lineto stroke
newpath 41.84299 104.60747 moveto
37.85794 104.60747 lineto stroke
newpath 41.84299 114.57008 moveto
37.85794 114.57008 lineto stroke
newpath 41.84299 124.5327 moveto
37.85794 124.5327 lineto stroke
 0 1.24533 dtransform truncate idtransform setlinewidth pop
newpath 17.93274 132.90111 moveto
18.2573 131.47185 18.58931 130.04425 18.92876 128.61832 curveto
19.25346 127.25443 19.58533 125.8922 19.92538 124.53209 curveto
20.24948 123.23553 20.58104 121.94064 20.92125 120.6482 curveto
21.24535 119.41685 21.57706 118.18748 21.91788 116.96071 curveto
22.24136 115.79625 22.57292 114.63408 22.9139 113.47464 curveto
23.23709 112.37572 23.56879 111.27905 23.91052 110.18575 curveto
24.23311 109.1537 24.5645 108.12439 24.90639 107.09857 curveto
25.22867 106.13174 25.56021 105.1681 25.90302 104.20842 curveto
26.22453 103.30818 26.55592 102.41142 26.89903 101.51907 curveto
27.2201 100.6842 27.55165 99.85327 27.89566 99.02766 curveto
28.21596 98.25906 28.54706 97.49487 28.89168 96.73677 curveto
29.21121 96.03383 29.54216 95.33607 29.88754 94.64546 curveto
30.20663 94.00745 30.53772 93.37535 30.88417 92.75179 curveto
31.2022 92.17928 31.53313 91.61392 31.88019 91.05861 curveto
32.1976 90.55057 32.52855 90.0512 32.87682 89.56367 curveto
33.19331 89.12054 33.52411 88.68744 33.87268 88.26909 curveto
34.18903 87.8895 34.51982 87.52223 34.86931 87.17274 curveto
35.18535 86.85654 35.5163 86.55554 35.86533 86.27629 curveto
36.18228 86.02272 36.51384 85.78755 36.86195 85.57869 curveto
37.18074 85.38745 37.51274 85.21886 37.85782 85.08083 curveto
38.18056 84.95177 38.51363 84.84991 38.85445 84.78181 curveto
39.1825 84.71614 39.51602 84.68224 39.85046 84.68224 curveto
40.1849 84.68224 40.51843 84.71614 40.84648 84.78181 curveto
41.1873 84.84991 41.52037 84.95177 41.84311 85.08083 curveto
42.18819 85.21886 42.52019 85.38745 42.83897 85.57869 curveto
43.18709 85.78755 43.51865 86.02272 43.8356 86.27629 curveto
44.18463 86.55554 44.51558 86.85654 44.83162 87.17274 curveto
45.1811 87.52223 45.5119 87.8895 45.82825 88.26909 curveto
46.17682 88.68744 46.50761 89.12054 46.82411 89.56367 curveto
47.17238 90.0512 47.50333 90.55057 47.82074 91.05861 curveto
48.1678 91.61392 48.49873 92.17928 48.81676 92.75179 curveto
49.16321 93.37535 49.4943 94.00745 49.81339 94.64546 curveto
50.15877 95.33623 50.48987 96.03398 50.8094 96.73706 curveto
51.15387 97.49503 51.48512 98.25906 51.80527 99.02766 curveto
52.14928 99.85342 52.48083 100.6842 52.8019 101.51907 curveto
53.145 102.41142 53.4764 103.30818 53.79791 104.20842 curveto
54.14072 105.1681 54.47226 106.13174 54.79454 107.09857 curveto
55.13643 108.12439 55.46782 109.1537 55.7904 110.18575 curveto
56.13214 111.27905 56.46384 112.37572 56.78703 113.47464 curveto
57.128 114.63408 57.45956 115.79625 57.78305 116.96071 curveto
58.12387 118.18748 58.45558 119.41685 58.77968 120.6482 curveto
59.11989 121.94064 59.45145 123.23553 59.77554 124.53209 curveto
60.1156 125.8922 60.44746 127.25443 60.77217 128.61832 curveto
61.11162 130.04425 61.44363 131.47185 61.76819 132.90111 curveto stroke
newpath 59.64906 130.31744 moveto
60.7227 130.79716 61.5078 131.75436 61.76819 132.90111 curveto
61.5078 131.75436 61.8025 130.55196 62.56367 129.65561 curveto stroke
newpath 17.13725 129.65561 moveto
17.89842 130.55196 18.19313 131.75436 17.93274 132.90111 curveto
18.19313 131.75436 18.97823 130.79716 20.05186 130.31744 curveto stroke
newpath 9.96262 94.64485 moveto
10.289 92.68504 10.621 90.72615 10.95863 88.76831 curveto
11.28532 86.87326 11.61748 84.97897 11.95557 83.0859 curveto
12.2818 81.2588 12.61365 79.43277 12.95158 77.6078 curveto
13.27766 75.84698 13.60936 74.08737 13.9476 72.32884 curveto
14.27353 70.63446 14.60522 68.94113 14.94362 67.24918 curveto
15.26955 65.61955 15.60155 63.99113 15.94055 62.36424 curveto
16.26587 60.80243 16.59772 59.24196 16.93657 57.68303 curveto
17.26173 56.18747 17.59343 54.69345 17.93259 53.20094 curveto
18.25745 51.77167 18.58916 50.34392 18.9286 48.918 curveto
19.25346 47.55365 19.58548 46.19112 19.92554 44.83055 curveto
20.24979 43.53369 20.58134 42.23882 20.92155 40.94606 curveto
21.24535 39.71547 21.57706 38.48686 21.91757 37.26085 curveto
22.24106 36.09639 22.57262 34.93422 22.91359 33.77478 curveto
23.23694 32.67538 23.56879 31.57858 23.91052 30.48482 curveto
24.23311 29.45262 24.5645 28.42316 24.90654 27.39719 curveto
25.22867 26.43097 25.5599 25.46794 25.90256 24.50871 curveto
26.22438 23.60754 26.55608 22.71019 26.89949 21.8171 curveto
27.2204 20.98267 27.55165 20.15219 27.89551 19.32704 curveto
28.2158 18.55844 28.5469 17.79425 28.89153 17.03613 curveto
29.21106 16.33305 29.54216 15.6353 29.88754 14.94453 curveto
30.20679 14.30637 30.53787 13.67412 30.88448 13.0504 curveto
31.2025 12.47789 31.53343 11.91254 31.8805 11.35722 curveto
32.19775 10.84949 32.52855 10.35042 32.87651 9.86319 curveto
33.19316 9.4199 33.5238 8.98682 33.87253 8.56831 curveto
34.18887 8.18857 34.51997 7.82115 34.86946 7.47166 curveto
35.1855 7.15546 35.51645 6.85446 35.86548 6.57521 curveto
36.18228 6.3218 36.51353 6.08678 36.8615 5.87805 curveto
37.18028 5.68683 37.51228 5.51808 37.85751 5.38005 curveto
38.18025 5.25099 38.51347 5.14914 38.85445 5.08089 curveto
39.1825 5.01521 39.51602 4.98131 39.85046 4.98131 curveto
40.1849 4.98131 40.51843 5.01521 40.84648 5.08089 curveto
41.18745 5.14914 41.52068 5.25099 41.84341 5.38005 curveto
42.18864 5.51808 42.52065 5.68683 42.83943 5.87805 curveto
43.1874 6.08678 43.51865 6.3218 43.83545 6.57521 curveto
44.18448 6.85446 44.51543 7.15546 44.83147 7.47166 curveto
45.18095 7.82115 45.51205 8.18857 45.8284 8.56831 curveto
46.17712 8.98682 46.50777 9.4199 46.82442 9.86319 curveto
47.17238 10.35042 47.50317 10.84949 47.82043 11.35722 curveto
48.1675 11.91254 48.49843 12.47789 48.81645 13.0504 curveto
49.16306 13.67412 49.49414 14.30637 49.81339 14.94453 curveto
50.15877 15.6353 50.48987 16.33305 50.8094 17.03613 curveto
51.15402 17.79425 51.48512 18.55844 51.80542 19.32704 curveto
52.14928 20.15219 52.48053 20.98267 52.80144 21.8171 curveto
53.14485 22.71019 53.47655 23.60754 53.79837 24.50871 curveto
54.14102 25.46794 54.47226 26.43097 54.79439 27.39719 curveto
55.13643 28.42316 55.46782 29.45262 55.7904 30.48482 curveto
56.13214 31.57858 56.46399 32.67538 56.78734 33.77478 curveto
57.12831 34.93422 57.45987 36.09639 57.78336 37.26085 curveto
58.12387 38.48686 58.45558 39.71547 58.77937 40.94606 curveto
59.11958 42.23882 59.45114 43.53369 59.77539 44.83055 curveto
60.11545 46.19112 60.44746 47.55365 60.77232 48.918 curveto
61.11177 50.34392 61.44348 51.77167 61.76834 53.20094 curveto
62.1075 54.69345 62.4392 56.18747 62.76436 57.68303 curveto
63.10321 59.24196 63.43506 60.80243 63.76038 62.36424 curveto
64.09938 63.99113 64.43138 65.61955 64.75731 67.24918 curveto
65.0957 68.94113 65.4274 70.63446 65.75333 72.32884 curveto
66.09157 74.08737 66.42326 75.84698 66.74934 77.6078 curveto
67.08728 79.43277 67.41913 81.2588 67.74536 83.0859 curveto
68.08345 84.97897 68.4156 86.87326 68.7423 88.76831 curveto
69.07993 90.72615 69.41193 92.68504 69.73831 94.64485 curveto stroke
newpath 67.77322 91.94215 moveto
68.81711 92.48358 69.54514 93.4849 69.73831 94.64485 curveto
69.54514 93.4849 69.90936 92.30167 70.72144 91.45116 curveto stroke
newpath 8.97949 91.45116 moveto
9.79156 92.30167 10.15579 93.4849 9.96262 94.64485 curveto
10.15579 93.4849 10.88382 92.48358 11.9277 91.94215 curveto stroke
newpath 19.92523 126.52522 moveto
19.39676 126.52522 18.89 126.31526 18.51633 125.9416 curveto
18.14267 125.56793 17.93271 125.06117 17.93271 124.5327 curveto
17.93271 124.00423 18.14267 123.49747 18.51633 123.1238 curveto
18.89 122.75014 19.39676 122.54018 19.92523 122.54018 curveto
20.4537 122.54018 20.96046 122.75014 21.33414 123.1238 curveto
21.7078 123.49747 21.91776 124.00423 21.91776 124.5327 curveto
21.91776 125.06117 21.7078 125.56793 21.33414 125.9416 curveto
20.96046 126.31526 20.4537 126.52522 19.92523 126.52522 curveto closepath fill
newpath 19.92523 46.8243 moveto
19.39676 46.8243 18.89 46.61433 18.51633 46.24068 curveto
18.14267 45.867 17.93271 45.36024 17.93271 44.83177 curveto
17.93271 44.3033 18.14267 43.79654 18.51633 43.42287 curveto
18.89 43.04921 19.39676 42.83925 19.92523 42.83925 curveto
20.4537 42.83925 20.96046 43.04921 21.33414 43.42287 curveto
21.7078 43.79654 21.91776 44.3033 21.91776 44.83177 curveto
21.91776 45.36024 21.7078 45.867 21.33414 46.24068 curveto
20.96046 46.61433 20.4537 46.8243 19.92523 46.8243 curveto closepath fill
newpath 29.88785 96.63737 moveto
29.35938 96.63737 28.85262 96.42741 28.47894 96.05376 curveto
28.10529 95.68008 27.89532 95.17332 27.89532 94.64485 curveto
27.89532 94.11638 28.10529 93.60962 28.47894 93.23595 curveto
28.85262 92.86229 29.35938 92.65233 29.88785 92.65233 curveto
30.41632 92.65233 30.92308 92.86229 31.29675 93.23595 curveto
31.67041 93.60962 31.88037 94.11638 31.88037 94.64485 curveto
31.88037 95.17332 31.67041 95.68008 31.29675 96.05376 curveto
30.92308 96.42741 30.41632 96.63737 29.88785 96.63737 curveto closepath fill
newpath 29.88785 16.93645 moveto
29.35938 16.93645 28.85262 16.72649 28.47894 16.35283 curveto
28.10529 15.97916 27.89532 15.4724 27.89532 14.94392 curveto
27.89532 14.41545 28.10529 13.90869 28.47894 13.53502 curveto
28.85262 13.16136 29.35938 12.9514 29.88785 12.9514 curveto
30.41632 12.9514 30.92308 13.16136 31.29675 13.53502 curveto
31.67041 13.90869 31.88037 14.41545 31.88037 14.94392 curveto
31.88037 15.4724 31.67041 15.97916 31.29675 16.35283 curveto
30.92308 16.72649 30.41632 16.93645 29.88785 16.93645 curveto closepath fill
newpath 39.85046 86.67476 moveto
39.32199 86.67476 38.81523 86.4648 38.44156 86.09114 curveto
38.0679 85.71747 37.85794 85.21071 37.85794 84.68224 curveto
37.85794 84.15376 38.0679 83.647 38.44156 83.27333 curveto
38.81523 82.89967 39.32199 82.68971 39.85046 82.68971 curveto
40.37894 82.68971 40.8857 82.89967 41.25937 83.27333 curveto
41.63303 83.647 41.84299 84.15376 41.84299 84.68224 curveto
41.84299 85.21071 41.63303 85.71747 41.25937 86.09114 curveto
40.8857 86.4648 40.37894 86.67476 39.85046 86.67476 curveto closepath fill
newpath 39.85046 86.67476 moveto
39.32199 86.67476 38.81523 86.4648 38.44156 86.09114 curveto
38.0679 85.71747 37.85794 85.21071 37.85794 84.68224 curveto
37.85794 84.15376 38.0679 83.647 38.44156 83.27333 curveto
38.81523 82.89967 39.32199 82.68971 39.85046 82.68971 curveto
40.37894 82.68971 40.8857 82.89967 41.25937 83.27333 curveto
41.63303 83.647 41.84299 84.15376 41.84299 84.68224 curveto
41.84299 85.21071 41.63303 85.71747 41.25937 86.09114 curveto
40.8857 86.4648 40.37894 86.67476 39.85046 86.67476 curveto closepath fill
newpath 49.81308 96.63737 moveto
49.2846 96.63737 48.77785 96.42741 48.40417 96.05376 curveto
48.03052 95.68008 47.82056 95.17332 47.82056 94.64485 curveto
47.82056 94.11638 48.03052 93.60962 48.40417 93.23595 curveto
48.77785 92.86229 49.2846 92.65233 49.81308 92.65233 curveto
50.34155 92.65233 50.84831 92.86229 51.22198 93.23595 curveto
51.59564 93.60962 51.8056 94.11638 51.8056 94.64485 curveto
51.8056 95.17332 51.59564 95.68008 51.22198 96.05376 curveto
50.84831 96.42741 50.34155 96.63737 49.81308 96.63737 curveto closepath fill
newpath 49.81308 16.93645 moveto
49.2846 16.93645 48.77785 16.72649 48.40417 16.35283 curveto
48.03052 15.97916 47.82056 15.4724 47.82056 14.94392 curveto
47.82056 14.41545 48.03052 13.90869 48.40417 13.53502 curveto
48.77785 13.16136 49.2846 12.9514 49.81308 12.9514 curveto
50.34155 12.9514 50.84831 13.16136 51.22198 13.53502 curveto
51.59564 13.90869 51.8056 14.41545 51.8056 14.94392 curveto
51.8056 15.4724 51.59564 15.97916 51.22198 16.35283 curveto
50.84831 16.72649 50.34155 16.93645 49.81308 16.93645 curveto closepath fill
newpath 59.7757 46.8243 moveto
59.24722 46.8243 58.74046 46.61433 58.36679 46.24068 curveto
57.99313 45.867 57.78317 45.36024 57.78317 44.83177 curveto
57.78317 44.3033 57.99313 43.79654 58.36679 43.42287 curveto
58.74046 43.04921 59.24722 42.83925 59.7757 42.83925 curveto
60.30417 42.83925 60.81093 43.04921 61.1846 43.42287 curveto
61.55826 43.79654 61.76822 44.3033 61.76822 44.83177 curveto
61.76822 45.36024 61.55826 45.867 61.1846 46.24068 curveto
60.81093 46.61433 60.30417 46.8243 59.7757 46.8243 curveto closepath fill
newpath 59.7757 126.52522 moveto
59.24722 126.52522 58.74046 126.31526 58.36679 125.9416 curveto
57.99313 125.56793 57.78317 125.06117 57.78317 124.5327 curveto
57.78317 124.00423 57.99313 123.49747 58.36679 123.1238 curveto
58.74046 122.75014 59.24722 122.54018 59.7757 122.54018 curveto
60.30417 122.54018 60.81093 122.75014 61.1846 123.1238 curveto
61.55826 123.49747 61.76822 124.00423 61.76822 124.5327 curveto
61.76822 125.06117 61.55826 125.56793 61.1846 125.9416 curveto
60.81093 126.31526 60.30417 126.52522 59.7757 126.52522 curveto closepath fill
showpage
%%EOF
