%!PS
%%BoundingBox: -1 -1 135 81 
%%HiResBoundingBox: -0.24907 -0.24907 134.74446 80.9463 
%%Creator: MetaPost 1.9991
%%CreationDate: 2017.08.03:1329
%%Pages: 1
%%BeginProlog
%%EndProlog
%%Page: 1 1
 0 0 0 setrgbcolor 0 0.49814 dtransform truncate idtransform setlinewidth pop
 [] 0 setdash 1 setlinecap 1 setlinejoin 10 setmiterlimit
newpath 0 40.34862 moveto
134.49539 40.34862 lineto stroke
newpath 129.51408 42.83928 moveto
130.69002 41.27136 132.5355 40.34862 134.49539 40.34862 curveto
132.5355 40.34862 130.69002 39.42587 129.51408 37.85796 curveto stroke
 0.49814 0 dtransform exch truncate exch idtransform pop setlinewidth
newpath 67.2477 0 moveto
67.2477 80.69724 lineto stroke
 0 0.49814 dtransform truncate idtransform setlinewidth pop
newpath 64.75703 75.71593 moveto
66.32495 76.89186 67.2477 78.73735 67.2477 80.69724 curveto
67.2477 78.73735 68.17044 76.89186 69.73836 75.71593 curveto stroke
 0.49814 0 dtransform exch truncate exch idtransform pop setlinewidth
newpath 13.44954 38.3561 moveto
13.44954 42.34114 lineto stroke
newpath 26.89908 38.3561 moveto
26.89908 42.34114 lineto stroke
newpath 40.34862 38.3561 moveto
40.34862 42.34114 lineto stroke
newpath 53.79816 38.3561 moveto
53.79816 42.34114 lineto stroke
newpath 80.69724 38.3561 moveto
80.69724 42.34114 lineto stroke
newpath 94.14677 38.3561 moveto
94.14677 42.34114 lineto stroke
newpath 107.59631 38.3561 moveto
107.59631 42.34114 lineto stroke
newpath 121.04585 38.3561 moveto
121.04585 42.34114 lineto stroke
 0 0.49814 dtransform truncate idtransform setlinewidth pop
newpath 69.24022 13.44954 moveto
65.25517 13.44954 lineto stroke
newpath 69.24022 26.89908 moveto
65.25517 26.89908 lineto stroke
newpath 69.24022 53.79816 moveto
65.25517 53.79816 lineto stroke
newpath 69.24022 67.2477 moveto
65.25517 67.2477 lineto stroke
 0 1.24533 dtransform truncate idtransform setlinewidth pop
newpath 94.14677 26.89908 moveto
94.12132 27.37129 93.98793 27.8314 93.75685 28.24411 curveto
93.47035 28.75594 93.06853 29.18896 92.64023 29.58916 curveto
92.09946 30.09462 91.49693 30.52702 90.8788 30.93378 curveto
90.12993 31.42651 89.34618 31.86302 88.55197 32.27881 curveto
87.63133 32.76088 86.68956 33.20027 85.74081 33.62384 curveto
84.68001 34.0975 83.60545 34.53894 82.52618 34.96889 curveto
81.35416 35.43576 80.17288 35.87865 78.98875 36.31392 curveto
77.73401 36.77527 76.4727 37.21875 75.21037 37.65854 curveto
73.89961 38.11537 72.58434 38.55927 71.26926 39.00359 curveto
69.93018 39.4559 68.58821 39.9002 67.2477 40.34862 curveto
65.90718 40.79703 64.56522 41.24113 63.22592 41.69365 curveto
61.91086 42.13797 60.59578 42.58206 59.28502 43.0387 curveto
58.02269 43.47849 56.76138 43.92197 55.50664 44.38332 curveto
54.32251 44.81859 53.14124 45.26147 51.96921 45.72835 curveto
50.88994 46.1583 49.81538 46.59973 48.75458 47.0734 curveto
47.80583 47.49696 46.86406 47.93636 45.94342 48.41843 curveto
45.14922 48.83421 44.36546 49.27072 43.6166 49.76346 curveto
42.99846 50.17021 42.39594 50.60262 41.85516 51.10808 curveto
41.42706 51.50827 41.02524 51.9415 40.73875 52.45313 curveto
40.50766 52.86583 40.37427 53.32594 40.34862 53.79816 curveto stroke
newpath 40.59769 53.79816 moveto
40.59769 53.86421 40.57144 53.92757 40.52473 53.97427 curveto
40.47803 54.02098 40.41467 54.04723 40.34862 54.04723 curveto
40.28256 54.04723 40.21921 54.02098 40.1725 53.97427 curveto
40.1258 53.92757 40.09955 53.86421 40.09955 53.79816 curveto
40.09955 53.7321 40.1258 53.66875 40.1725 53.62204 curveto
40.21921 53.57533 40.28256 53.54909 40.34862 53.54909 curveto
40.41467 53.54909 40.47803 53.57533 40.52473 53.62204 curveto
40.57144 53.66875 40.59769 53.7321 40.59769 53.79816 curveto closepath fill
newpath 42.0631 56.2876 moveto
42.0631 56.35365 42.03685 56.417 41.99014 56.46371 curveto
41.94344 56.51042 41.88008 56.53667 41.81403 56.53667 curveto
41.74797 56.53667 41.68462 56.51042 41.63791 56.46371 curveto
41.5912 56.417 41.56496 56.35365 41.56496 56.2876 curveto
41.56496 56.22154 41.5912 56.15819 41.63791 56.11148 curveto
41.68462 56.06477 41.74797 56.03853 41.81403 56.03853 curveto
41.88008 56.03853 41.94344 56.06477 41.99014 56.11148 curveto
42.03685 56.15819 42.0631 56.22154 42.0631 56.2876 curveto closepath fill
newpath 44.60265 57.83885 moveto
44.60265 57.9049 44.5764 57.96826 44.5297 58.01497 curveto
44.48299 58.06168 44.41963 58.08792 44.35358 58.08792 curveto
44.28752 58.08792 44.22417 58.06168 44.17746 58.01497 curveto
44.13075 57.96826 44.1045 57.9049 44.1045 57.83885 curveto
44.1045 57.7728 44.13075 57.70944 44.17746 57.66273 curveto
44.22417 57.61603 44.28752 57.58978 44.35358 57.58978 curveto
44.41963 57.58978 44.48299 57.61603 44.5297 57.66273 curveto
44.5764 57.70944 44.60265 57.7728 44.60265 57.83885 curveto closepath fill
newpath 47.35661 58.98114 moveto
47.35661 59.0472 47.33037 59.11055 47.28366 59.15726 curveto
47.23695 59.20396 47.1736 59.23021 47.10754 59.23021 curveto
47.04149 59.23021 46.97813 59.20396 46.93143 59.15726 curveto
46.88472 59.11055 46.85847 59.0472 46.85847 58.98114 curveto
46.85847 58.91508 46.88472 58.85173 46.93143 58.80502 curveto
46.97813 58.75832 47.04149 58.73207 47.10754 58.73207 curveto
47.1736 58.73207 47.23695 58.75832 47.28366 58.80502 curveto
47.33037 58.85173 47.35661 58.91508 47.35661 58.98114 curveto closepath fill
newpath 50.19064 59.90964 moveto
50.19064 59.9757 50.1644 60.03905 50.11769 60.08575 curveto
50.07098 60.13246 50.00763 60.1587 49.94157 60.1587 curveto
49.87552 60.1587 49.81216 60.13246 49.76546 60.08575 curveto
49.71875 60.03905 49.6925 59.9757 49.6925 59.90964 curveto
49.6925 59.84358 49.71875 59.78023 49.76546 59.73352 curveto
49.81216 59.68681 49.87552 59.66057 49.94157 59.66057 curveto
50.00763 59.66057 50.07098 59.68681 50.11769 59.73352 curveto
50.1644 59.78023 50.19064 59.84358 50.19064 59.90964 curveto closepath fill
newpath 53.06465 60.70648 moveto
53.06465 60.77254 53.0384 60.83589 52.9917 60.8826 curveto
52.94499 60.9293 52.88164 60.95555 52.81558 60.95555 curveto
52.74953 60.95555 52.68617 60.9293 52.63947 60.8826 curveto
52.59276 60.83589 52.56651 60.77254 52.56651 60.70648 curveto
52.56651 60.64043 52.59276 60.57707 52.63947 60.53036 curveto
52.68617 60.48366 52.74953 60.45741 52.81558 60.45741 curveto
52.88164 60.45741 52.94499 60.48366 52.9917 60.53036 curveto
53.0384 60.57707 53.06465 60.64043 53.06465 60.70648 curveto closepath fill
newpath 55.96286 61.41083 moveto
55.96286 61.47688 55.93661 61.54024 55.88991 61.58694 curveto
55.8432 61.63365 55.77985 61.6599 55.71379 61.6599 curveto
55.64774 61.6599 55.58438 61.63365 55.53767 61.58694 curveto
55.49097 61.54024 55.46472 61.47688 55.46472 61.41083 curveto
55.46472 61.34477 55.49097 61.28142 55.53767 61.23471 curveto
55.58438 61.188 55.64774 61.16176 55.71379 61.16176 curveto
55.77985 61.16176 55.8432 61.188 55.88991 61.23471 curveto
55.93661 61.28142 55.96286 61.34477 55.96286 61.41083 curveto closepath fill
newpath 58.8768 62.04703 moveto
58.8768 62.11308 58.85056 62.17644 58.80385 62.22314 curveto
58.75714 62.26985 58.69379 62.2961 58.62773 62.2961 curveto
58.56168 62.2961 58.49832 62.26985 58.45161 62.22314 curveto
58.4049 62.17644 58.37866 62.11308 58.37866 62.04703 curveto
58.37866 61.98097 58.4049 61.91762 58.45161 61.87091 curveto
58.49832 61.8242 58.56168 61.79796 58.62773 61.79796 curveto
58.69379 61.79796 58.75714 61.8242 58.80385 61.87091 curveto
58.85056 61.91762 58.8768 61.98097 58.8768 62.04703 curveto closepath fill
newpath 61.80196 62.62929 moveto
61.80196 62.69534 61.77571 62.7587 61.729 62.8054 curveto
61.6823 62.85211 61.61894 62.87836 61.55289 62.87836 curveto
61.48683 62.87836 61.42348 62.85211 61.37677 62.8054 curveto
61.33006 62.7587 61.30382 62.69534 61.30382 62.62929 curveto
61.30382 62.56323 61.33006 62.49988 61.37677 62.45317 curveto
61.42348 62.40646 61.48683 62.38022 61.55289 62.38022 curveto
61.61894 62.38022 61.6823 62.40646 61.729 62.45317 curveto
61.77571 62.49988 61.80196 62.56323 61.80196 62.62929 curveto closepath fill
newpath 64.73546 63.16956 moveto
64.73546 63.23561 64.70921 63.29897 64.6625 63.34567 curveto
64.6158 63.39238 64.55244 63.41862 64.48639 63.41862 curveto
64.42033 63.41862 64.35698 63.39238 64.31027 63.34567 curveto
64.26357 63.29897 64.23732 63.23561 64.23732 63.16956 curveto
64.23732 63.1035 64.26357 63.04015 64.31027 62.99344 curveto
64.35698 62.94673 64.42033 62.92049 64.48639 62.92049 curveto
64.55244 62.92049 64.6158 62.94673 64.6625 62.99344 curveto
64.70921 63.04015 64.73546 63.1035 64.73546 63.16956 curveto closepath fill
newpath 67.67519 63.67346 moveto
67.67519 63.73952 67.64894 63.80287 67.60223 63.84958 curveto
67.55553 63.89629 67.49217 63.92253 67.42612 63.92253 curveto
67.36006 63.92253 67.2967 63.89629 67.25 63.84958 curveto
67.2033 63.80287 67.17705 63.73952 67.17705 63.67346 curveto
67.17705 63.6074 67.2033 63.54405 67.25 63.49734 curveto
67.2967 63.45064 67.36006 63.4244 67.42612 63.4244 curveto
67.49217 63.4244 67.55553 63.45064 67.60223 63.49734 curveto
67.64894 63.54405 67.67519 63.6074 67.67519 63.67346 curveto closepath fill
newpath 70.61978 64.14783 moveto
70.61978 64.21388 70.59354 64.27724 70.54683 64.32394 curveto
70.50012 64.37065 70.43677 64.3969 70.37071 64.3969 curveto
70.30466 64.3969 70.2413 64.37065 70.1946 64.32394 curveto
70.14789 64.27724 70.12164 64.21388 70.12164 64.14783 curveto
70.12164 64.08177 70.14789 64.01842 70.1946 63.97171 curveto
70.2413 63.925 70.30466 63.89876 70.37071 63.89876 curveto
70.43677 63.89876 70.50012 63.925 70.54683 63.97171 curveto
70.59354 64.01842 70.61978 64.08177 70.61978 64.14783 curveto closepath fill
newpath 73.56848 64.59685 moveto
73.56848 64.6629 73.54224 64.72626 73.49553 64.77296 curveto
73.44882 64.81967 73.38547 64.84592 73.31941 64.84592 curveto
73.25336 64.84592 73.19 64.81967 73.1433 64.77296 curveto
73.09659 64.72626 73.07034 64.6629 73.07034 64.59685 curveto
73.07034 64.53079 73.09659 64.46744 73.1433 64.42073 curveto
73.19 64.37402 73.25336 64.34778 73.31941 64.34778 curveto
73.38547 64.34778 73.44882 64.37402 73.49553 64.42073 curveto
73.54224 64.46744 73.56848 64.53079 73.56848 64.59685 curveto closepath fill
newpath 76.52048 65.02295 moveto
76.52048 65.089 76.49423 65.15236 76.44753 65.19907 curveto
76.40082 65.24577 76.33746 65.27202 76.27141 65.27202 curveto
76.20535 65.27202 76.142 65.24577 76.09529 65.19907 curveto
76.04858 65.15236 76.02234 65.089 76.02234 65.02295 curveto
76.02234 64.9569 76.04858 64.89354 76.09529 64.84683 curveto
76.142 64.80013 76.20535 64.77388 76.27141 64.77388 curveto
76.33746 64.77388 76.40082 64.80013 76.44753 64.84683 curveto
76.49423 64.89354 76.52048 64.9569 76.52048 65.02295 curveto closepath fill
newpath 79.47542 65.42966 moveto
79.47542 65.49571 79.44917 65.55907 79.40247 65.60577 curveto
79.35576 65.65248 79.2924 65.67873 79.22635 65.67873 curveto
79.1603 65.67873 79.09694 65.65248 79.05023 65.60577 curveto
79.00352 65.55907 78.97728 65.49571 78.97728 65.42966 curveto
78.97728 65.3636 79.00352 65.30025 79.05023 65.25354 curveto
79.09694 65.20683 79.1603 65.18059 79.22635 65.18059 curveto
79.2924 65.18059 79.35576 65.20683 79.40247 65.25354 curveto
79.44917 65.30025 79.47542 65.3636 79.47542 65.42966 curveto closepath fill
newpath 82.4325 65.81923 moveto
82.4325 65.88528 82.40625 65.94864 82.35954 65.99535 curveto
82.31284 66.04205 82.24948 66.0683 82.18343 66.0683 curveto
82.11737 66.0683 82.05402 66.04205 82.00731 65.99535 curveto
81.9606 65.94864 81.93436 65.88528 81.93436 65.81923 curveto
81.93436 65.75317 81.9606 65.68982 82.00731 65.64311 curveto
82.05402 65.5964 82.11737 65.57016 82.18343 65.57016 curveto
82.24948 65.57016 82.31284 65.5964 82.35954 65.64311 curveto
82.40625 65.68982 82.4325 65.75317 82.4325 65.81923 curveto closepath fill
newpath 85.39162 66.19301 moveto
85.39162 66.25906 85.36537 66.32242 85.31866 66.36913 curveto
85.27196 66.41583 85.2086 66.44208 85.14255 66.44208 curveto
85.07649 66.44208 85.01314 66.41583 84.96643 66.36913 curveto
84.91972 66.32242 84.89348 66.25906 84.89348 66.19301 curveto
84.89348 66.12695 84.91972 66.0636 84.96643 66.01689 curveto
85.01314 65.97018 85.07649 65.94394 85.14255 65.94394 curveto
85.2086 65.94394 85.27196 65.97018 85.31866 66.01689 curveto
85.36537 66.0636 85.39162 66.12695 85.39162 66.19301 curveto closepath fill
newpath 88.35269 66.55237 moveto
88.35269 66.61842 88.32645 66.68178 88.27974 66.72849 curveto
88.23303 66.77519 88.16968 66.80144 88.10362 66.80144 curveto
88.03757 66.80144 87.97421 66.77519 87.9275 66.72849 curveto
87.8808 66.68178 87.85455 66.61842 87.85455 66.55237 curveto
87.85455 66.48631 87.8808 66.42296 87.9275 66.37625 curveto
87.97421 66.32954 88.03757 66.3033 88.10362 66.3033 curveto
88.16968 66.3033 88.23303 66.32954 88.27974 66.37625 curveto
88.32645 66.42296 88.35269 66.48631 88.35269 66.55237 curveto closepath fill
newpath 91.315 66.89934 moveto
91.315 66.9654 91.28876 67.02875 91.24205 67.07545 curveto
91.19534 67.12216 91.13199 67.1484 91.06593 67.1484 curveto
90.99988 67.1484 90.93652 67.12216 90.88982 67.07545 curveto
90.84311 67.02875 90.81686 66.9654 90.81686 66.89934 curveto
90.81686 66.83328 90.84311 66.76993 90.88982 66.72322 curveto
90.93652 66.67651 90.99988 66.65027 91.06593 66.65027 curveto
91.13199 66.65027 91.19534 66.67651 91.24205 66.72322 curveto
91.28876 66.76993 91.315 66.83328 91.315 66.89934 curveto closepath fill
newpath 94.27869 67.23477 moveto
94.27869 67.30083 94.25244 67.36418 94.20573 67.41089 curveto
94.15903 67.4576 94.09567 67.48384 94.02962 67.48384 curveto
93.96356 67.48384 93.9002 67.4576 93.8535 67.41089 curveto
93.8068 67.36418 93.78055 67.30083 93.78055 67.23477 curveto
93.78055 67.16872 93.8068 67.10536 93.8535 67.05865 curveto
93.9002 67.01195 93.96356 66.9857 94.02962 66.9857 curveto
94.09567 66.9857 94.15903 67.01195 94.20573 67.05865 curveto
94.25244 67.10536 94.27869 67.16872 94.27869 67.23477 curveto closepath fill
newpath 97.24358 67.55942 moveto
97.24358 67.62547 97.21733 67.68883 97.17062 67.73553 curveto
97.12392 67.78224 97.06056 67.80849 96.9945 67.80849 curveto
96.92845 67.80849 96.8651 67.78224 96.81839 67.73553 curveto
96.77168 67.68883 96.74544 67.62547 96.74544 67.55942 curveto
96.74544 67.49336 96.77168 67.43001 96.81839 67.3833 curveto
96.8651 67.3366 96.92845 67.31035 96.9945 67.31035 curveto
97.06056 67.31035 97.12392 67.3366 97.17062 67.3833 curveto
97.21733 67.43001 97.24358 67.49336 97.24358 67.55942 curveto closepath fill
newpath 100.20972 67.87401 moveto
100.20972 67.94006 100.18347 68.00342 100.13676 68.05013 curveto
100.09006 68.09683 100.0267 68.12308 99.96065 68.12308 curveto
99.89459 68.12308 99.83124 68.09683 99.78453 68.05013 curveto
99.73782 68.00342 99.71158 67.94006 99.71158 67.87401 curveto
99.71158 67.80795 99.73782 67.7446 99.78453 67.69789 curveto
99.83124 67.65118 99.89459 67.62494 99.96065 67.62494 curveto
100.0267 67.62494 100.09006 67.65118 100.13676 67.69789 curveto
100.18347 67.7446 100.20972 67.80795 100.20972 67.87401 curveto closepath fill
newpath 103.17656 68.17964 moveto
103.17656 68.2457 103.15031 68.30905 103.1036 68.35576 curveto
103.0569 68.40247 102.99355 68.42871 102.92749 68.42871 curveto
102.86143 68.42871 102.79808 68.40247 102.75137 68.35576 curveto
102.70467 68.30905 102.67842 68.2457 102.67842 68.17964 curveto
102.67842 68.11359 102.70467 68.05023 102.75137 68.00352 curveto
102.79808 67.95682 102.86143 67.93057 102.92749 67.93057 curveto
102.99355 67.93057 103.0569 67.95682 103.1036 68.00352 curveto
103.15031 68.05023 103.17656 68.11359 103.17656 68.17964 curveto closepath fill
newpath 106.1442 68.47704 moveto
106.1442 68.54309 106.11795 68.60645 106.07124 68.65315 curveto
106.02454 68.69986 105.96118 68.7261 105.89513 68.7261 curveto
105.82907 68.7261 105.76572 68.69986 105.71901 68.65315 curveto
105.6723 68.60645 105.64606 68.54309 105.64606 68.47704 curveto
105.64606 68.41098 105.6723 68.34763 105.71901 68.30092 curveto
105.76572 68.25421 105.82907 68.22797 105.89513 68.22797 curveto
105.96118 68.22797 106.02454 68.25421 106.07124 68.30092 curveto
106.11795 68.34763 106.1442 68.41098 106.1442 68.47704 curveto closepath fill
newpath 109.11281 68.76659 moveto
109.11281 68.83264 109.08656 68.896 109.03986 68.9427 curveto
108.99315 68.98941 108.9298 69.01566 108.86374 69.01566 curveto
108.79768 69.01566 108.73433 68.98941 108.68762 68.9427 curveto
108.64091 68.896 108.61467 68.83264 108.61467 68.76659 curveto
108.61467 68.70053 108.64091 68.63718 108.68762 68.59047 curveto
108.73433 68.54376 108.79768 68.51752 108.86374 68.51752 curveto
108.9298 68.51752 108.99315 68.54376 109.03986 68.59047 curveto
109.08656 68.63718 109.11281 68.70053 109.11281 68.76659 curveto closepath fill
newpath 112.08212 69.04865 moveto
112.08212 69.1147 112.05588 69.17805 112.00917 69.22476 curveto
111.96246 69.27147 111.89911 69.29771 111.83305 69.29771 curveto
111.767 69.29771 111.70364 69.27147 111.65694 69.22476 curveto
111.61023 69.17805 111.58398 69.1147 111.58398 69.04865 curveto
111.58398 68.98259 111.61023 68.91924 111.65694 68.87253 curveto
111.70364 68.82582 111.767 68.79958 111.83305 68.79958 curveto
111.89911 68.79958 111.96246 68.82582 112.00917 68.87253 curveto
112.05588 68.91924 112.08212 68.98259 112.08212 69.04865 curveto closepath fill
newpath 115.05203 69.32365 moveto
115.05203 69.38971 115.02579 69.45306 114.97908 69.49977 curveto
114.93237 69.54648 114.86902 69.57272 114.80296 69.57272 curveto
114.73691 69.57272 114.67355 69.54648 114.62685 69.49977 curveto
114.58014 69.45306 114.5539 69.38971 114.5539 69.32365 curveto
114.5539 69.2576 114.58014 69.19424 114.62685 69.14754 curveto
114.67355 69.10083 114.73691 69.07458 114.80296 69.07458 curveto
114.86902 69.07458 114.93237 69.10083 114.97908 69.14754 curveto
115.02579 69.19424 115.05203 69.2576 115.05203 69.32365 curveto closepath fill
newpath 118.02258 69.59265 moveto
118.02258 69.6587 117.99634 69.72206 117.94963 69.76877 curveto
117.90292 69.81548 117.83957 69.84172 117.77351 69.84172 curveto
117.70746 69.84172 117.6441 69.81548 117.5974 69.76877 curveto
117.55069 69.72206 117.52444 69.6587 117.52444 69.59265 curveto
117.52444 69.5266 117.55069 69.46324 117.5974 69.41653 curveto
117.6441 69.36983 117.70746 69.34358 117.77351 69.34358 curveto
117.83957 69.34358 117.90292 69.36983 117.94963 69.41653 curveto
117.99634 69.46324 118.02258 69.5266 118.02258 69.59265 curveto closepath fill
newpath 120.99362 69.85579 moveto
120.99362 69.92184 120.96738 69.9852 120.92067 70.0319 curveto
120.87396 70.07861 120.81061 70.10486 120.74455 70.10486 curveto
120.6785 70.10486 120.61514 70.07861 120.56844 70.0319 curveto
120.52173 69.9852 120.49548 69.92184 120.49548 69.85579 curveto
120.49548 69.78973 120.52173 69.72638 120.56844 69.67967 curveto
120.61514 69.63297 120.6785 69.60672 120.74455 69.60672 curveto
120.81061 69.60672 120.87396 69.63297 120.92067 69.67967 curveto
120.96738 69.72638 120.99362 69.78973 120.99362 69.85579 curveto closepath fill
newpath 123.96516 70.11307 moveto
123.96516 70.17912 123.93892 70.24248 123.89221 70.28918 curveto
123.8455 70.33589 123.78215 70.36214 123.7161 70.36214 curveto
123.65004 70.36214 123.58669 70.33589 123.53998 70.28918 curveto
123.49327 70.24248 123.46703 70.17912 123.46703 70.11307 curveto
123.46703 70.04701 123.49327 69.98366 123.53998 69.93695 curveto
123.58669 69.89024 123.65004 69.864 123.7161 69.864 curveto
123.78215 69.864 123.8455 69.89024 123.89221 69.93695 curveto
123.93892 69.98366 123.96516 70.04701 123.96516 70.11307 curveto closepath fill
newpath 126.93721 70.36447 moveto
126.93721 70.43053 126.91096 70.49388 126.86426 70.54059 curveto
126.81755 70.5873 126.7542 70.61354 126.68814 70.61354 curveto
126.62209 70.61354 126.55873 70.5873 126.51202 70.54059 curveto
126.46532 70.49388 126.43907 70.43053 126.43907 70.36447 curveto
126.43907 70.29842 126.46532 70.23506 126.51202 70.18835 curveto
126.55873 70.14165 126.62209 70.1154 126.68814 70.1154 curveto
126.7542 70.1154 126.81755 70.14165 126.86426 70.18835 curveto
126.91096 70.23506 126.93721 70.29842 126.93721 70.36447 curveto closepath fill
newpath 129.91103 70.61008 moveto
129.91103 70.67613 129.88478 70.73949 129.83807 70.7862 curveto
129.79137 70.8329 129.72801 70.85915 129.66196 70.85915 curveto
129.5959 70.85915 129.53255 70.8329 129.48584 70.7862 curveto
129.43913 70.73949 129.41289 70.67613 129.41289 70.61008 curveto
129.41289 70.54402 129.43913 70.48067 129.48584 70.43396 curveto
129.53255 70.38725 129.5959 70.36101 129.66196 70.36101 curveto
129.72801 70.36101 129.79137 70.38725 129.83807 70.43396 curveto
129.88478 70.48067 129.91103 70.54402 129.91103 70.61008 curveto closepath fill
newpath 5.0825 10.08716 moveto
5.0825 10.15321 5.05626 10.21657 5.00955 10.26328 curveto
4.96284 10.30998 4.89949 10.33623 4.83344 10.33623 curveto
4.76738 10.33623 4.70403 10.30998 4.65732 10.26328 curveto
4.61061 10.21657 4.58437 10.15321 4.58437 10.08716 curveto
4.58437 10.0211 4.61061 9.95775 4.65732 9.91104 curveto
4.70403 9.86433 4.76738 9.83809 4.83344 9.83809 curveto
4.89949 9.83809 4.96284 9.86433 5.00955 9.91104 curveto
5.05626 9.95775 5.0825 10.0211 5.0825 10.08716 curveto closepath fill
newpath 8.0551 10.33266 moveto
8.0551 10.39871 8.02885 10.46207 7.98215 10.50877 curveto
7.93544 10.55548 7.87209 10.58173 7.80603 10.58173 curveto
7.73997 10.58173 7.67662 10.55548 7.62991 10.50877 curveto
7.5832 10.46207 7.55696 10.39871 7.55696 10.33266 curveto
7.55696 10.2666 7.5832 10.20325 7.62991 10.15654 curveto
7.67662 10.10983 7.73997 10.08359 7.80603 10.08359 curveto
7.87209 10.08359 7.93544 10.10983 7.98215 10.15654 curveto
8.02885 10.20325 8.0551 10.2666 8.0551 10.33266 curveto closepath fill
newpath 11.02695 10.58405 moveto
11.02695 10.6501 11.0007 10.71346 10.954 10.76016 curveto
10.90729 10.80687 10.84393 10.83311 10.77788 10.83311 curveto
10.71182 10.83311 10.64847 10.80687 10.60176 10.76016 curveto
10.55505 10.71346 10.52881 10.6501 10.52881 10.58405 curveto
10.52881 10.51799 10.55505 10.45464 10.60176 10.40793 curveto
10.64847 10.36122 10.71182 10.33498 10.77788 10.33498 curveto
10.84393 10.33498 10.90729 10.36122 10.954 10.40793 curveto
11.0007 10.45464 11.02695 10.51799 11.02695 10.58405 curveto closepath fill
newpath 13.9985 10.84132 moveto
13.9985 10.90738 13.97226 10.97073 13.92555 11.01744 curveto
13.87885 11.06415 13.81549 11.0904 13.74944 11.0904 curveto
13.68338 11.0904 13.62003 11.06415 13.57332 11.01744 curveto
13.52661 10.97073 13.50037 10.90738 13.50037 10.84132 curveto
13.50037 10.77527 13.52661 10.71191 13.57332 10.6652 curveto
13.62003 10.6185 13.68338 10.59225 13.74944 10.59225 curveto
13.81549 10.59225 13.87885 10.6185 13.92555 10.6652 curveto
13.97226 10.71191 13.9985 10.77527 13.9985 10.84132 curveto closepath fill
newpath 16.96956 11.10446 moveto
16.96956 11.17052 16.94331 11.23387 16.8966 11.28058 curveto
16.8499 11.32729 16.78654 11.35353 16.72049 11.35353 curveto
16.65443 11.35353 16.59108 11.32729 16.54437 11.28058 curveto
16.49767 11.23387 16.47142 11.17052 16.47142 11.10446 curveto
16.47142 11.0384 16.49767 10.97505 16.54437 10.92834 curveto
16.59108 10.88164 16.65443 10.8554 16.72049 10.8554 curveto
16.78654 10.8554 16.8499 10.88164 16.8966 10.92834 curveto
16.94331 10.97505 16.96956 11.0384 16.96956 11.10446 curveto closepath fill
newpath 19.94008 11.37346 moveto
19.94008 11.43951 19.91383 11.50287 19.86713 11.54958 curveto
19.82042 11.59628 19.75706 11.62253 19.69101 11.62253 curveto
19.62495 11.62253 19.5616 11.59628 19.5149 11.54958 curveto
19.46819 11.50287 19.44194 11.43951 19.44194 11.37346 curveto
19.44194 11.3074 19.46819 11.24405 19.5149 11.19734 curveto
19.5616 11.15063 19.62495 11.12439 19.69101 11.12439 curveto
19.75706 11.12439 19.82042 11.15063 19.86713 11.19734 curveto
19.91383 11.24405 19.94008 11.3074 19.94008 11.37346 curveto closepath fill
newpath 22.9101 11.64847 moveto
22.9101 11.71452 22.88385 11.77788 22.83714 11.82458 curveto
22.79044 11.87129 22.72708 11.89754 22.66103 11.89754 curveto
22.59497 11.89754 22.53162 11.87129 22.48491 11.82458 curveto
22.4382 11.77788 22.41196 11.71452 22.41196 11.64847 curveto
22.41196 11.58241 22.4382 11.51906 22.48491 11.47235 curveto
22.53162 11.42564 22.59497 11.3994 22.66103 11.3994 curveto
22.72708 11.3994 22.79044 11.42564 22.83714 11.47235 curveto
22.88385 11.51906 22.9101 11.58241 22.9101 11.64847 curveto closepath fill
newpath 25.87943 11.93053 moveto
25.87943 11.99658 25.85318 12.05994 25.80647 12.10664 curveto
25.75977 12.15335 25.69641 12.1796 25.63036 12.1796 curveto
25.5643 12.1796 25.50095 12.15335 25.45424 12.10664 curveto
25.40753 12.05994 25.38129 11.99658 25.38129 11.93053 curveto
25.38129 11.86447 25.40753 11.80112 25.45424 11.75441 curveto
25.50095 11.7077 25.5643 11.68146 25.63036 11.68146 curveto
25.69641 11.68146 25.75977 11.7077 25.80647 11.75441 curveto
25.85318 11.80112 25.87943 11.86447 25.87943 11.93053 curveto closepath fill
newpath 28.84799 12.22008 moveto
28.84799 12.28613 28.82175 12.34949 28.77504 12.3962 curveto
28.72833 12.4429 28.66498 12.46915 28.59892 12.46915 curveto
28.53287 12.46915 28.46951 12.4429 28.4228 12.3962 curveto
28.3761 12.34949 28.34985 12.28613 28.34985 12.22008 curveto
28.34985 12.15402 28.3761 12.09067 28.4228 12.04396 curveto
28.46951 11.99725 28.53287 11.97101 28.59892 11.97101 curveto
28.66498 11.97101 28.72833 11.99725 28.77504 12.04396 curveto
28.82175 12.09067 28.84799 12.15402 28.84799 12.22008 curveto closepath fill
newpath 31.81581 12.51749 moveto
31.81581 12.58354 31.78957 12.6469 31.74286 12.6936 curveto
31.69615 12.74031 31.6328 12.76656 31.56674 12.76656 curveto
31.50069 12.76656 31.43733 12.74031 31.39063 12.6936 curveto
31.34392 12.6469 31.31767 12.58354 31.31767 12.51749 curveto
31.31767 12.45143 31.34392 12.38808 31.39063 12.34137 curveto
31.43733 12.29466 31.50069 12.26842 31.56674 12.26842 curveto
31.6328 12.26842 31.69615 12.29466 31.74286 12.34137 curveto
31.78957 12.38808 31.81581 12.45143 31.81581 12.51749 curveto closepath fill
newpath 34.78278 12.82314 moveto
34.78278 12.88919 34.75653 12.95255 34.70982 12.99925 curveto
34.66312 13.04596 34.59976 13.0722 34.5337 13.0722 curveto
34.46765 13.0722 34.4043 13.04596 34.35759 12.99925 curveto
34.31088 12.95255 34.28464 12.88919 34.28464 12.82314 curveto
34.28464 12.75708 34.31088 12.69373 34.35759 12.64702 curveto
34.4043 12.60031 34.46765 12.57407 34.5337 12.57407 curveto
34.59976 12.57407 34.66312 12.60031 34.70982 12.64702 curveto
34.75653 12.69373 34.78278 12.75708 34.78278 12.82314 curveto closepath fill
newpath 37.7488 13.13771 moveto
37.7488 13.20377 37.72255 13.26712 37.67584 13.31383 curveto
37.62914 13.36053 37.56578 13.38678 37.49973 13.38678 curveto
37.43367 13.38678 37.37032 13.36053 37.32361 13.31383 curveto
37.2769 13.26712 37.25066 13.20377 37.25066 13.13771 curveto
37.25066 13.07166 37.2769 13.0083 37.32361 12.9616 curveto
37.37032 12.91489 37.43367 12.88864 37.49973 12.88864 curveto
37.56578 12.88864 37.62914 12.91489 37.67584 12.9616 curveto
37.72255 13.0083 37.7488 13.07166 37.7488 13.13771 curveto closepath fill
newpath 40.71371 13.46236 moveto
40.71371 13.52841 40.68747 13.59177 40.64076 13.63847 curveto
40.59406 13.68518 40.5307 13.71143 40.46465 13.71143 curveto
40.39859 13.71143 40.33524 13.68518 40.28853 13.63847 curveto
40.24182 13.59177 40.21558 13.52841 40.21558 13.46236 curveto
40.21558 13.3963 40.24182 13.33295 40.28853 13.28624 curveto
40.33524 13.23953 40.39859 13.21329 40.46465 13.21329 curveto
40.5307 13.21329 40.59406 13.23953 40.64076 13.28624 curveto
40.68747 13.33295 40.71371 13.3963 40.71371 13.46236 curveto closepath fill
newpath 43.67743 13.79779 moveto
43.67743 13.86385 43.65118 13.9272 43.60448 13.9739 curveto
43.55777 14.02061 43.49442 14.04686 43.42836 14.04686 curveto
43.3623 14.04686 43.29895 14.02061 43.25224 13.9739 curveto
43.20554 13.9272 43.17929 13.86385 43.17929 13.79779 curveto
43.17929 13.73174 43.20554 13.66838 43.25224 13.62167 curveto
43.29895 13.57497 43.3623 13.54872 43.42836 13.54872 curveto
43.49442 13.54872 43.55777 13.57497 43.60448 13.62167 curveto
43.65118 13.66838 43.67743 13.73174 43.67743 13.79779 curveto closepath fill
newpath 46.63985 14.14473 moveto
46.63985 14.21078 46.6136 14.27414 46.5669 14.32085 curveto
46.52019 14.36755 46.45683 14.3938 46.39078 14.3938 curveto
46.32472 14.3938 46.26137 14.36755 46.21466 14.32085 curveto
46.16795 14.27414 46.14171 14.21078 46.14171 14.14473 curveto
46.14171 14.07867 46.16795 14.01532 46.21466 13.96861 curveto
46.26137 13.9219 46.32472 13.89566 46.39078 13.89566 curveto
46.45683 13.89566 46.52019 13.9219 46.5669 13.96861 curveto
46.6136 14.01532 46.63985 14.07867 46.63985 14.14473 curveto closepath fill
newpath 49.60092 14.50412 moveto
49.60092 14.57018 49.57468 14.63353 49.52797 14.68024 curveto
49.48126 14.72694 49.41791 14.75319 49.35185 14.75319 curveto
49.2858 14.75319 49.22244 14.72694 49.17574 14.68024 curveto
49.12903 14.63353 49.10278 14.57018 49.10278 14.50412 curveto
49.10278 14.43806 49.12903 14.37471 49.17574 14.328 curveto
49.22244 14.2813 49.2858 14.25505 49.35185 14.25505 curveto
49.41791 14.25505 49.48126 14.2813 49.52797 14.328 curveto
49.57468 14.37471 49.60092 14.43806 49.60092 14.50412 curveto closepath fill
newpath 52.56004 14.87788 moveto
52.56004 14.94394 52.5338 15.0073 52.48709 15.054 curveto
52.44038 15.10071 52.37703 15.12695 52.31097 15.12695 curveto
52.24492 15.12695 52.18156 15.10071 52.13486 15.054 curveto
52.08815 15.0073 52.0619 14.94394 52.0619 14.87788 curveto
52.0619 14.81183 52.08815 14.74847 52.13486 14.70177 curveto
52.18156 14.65506 52.24492 14.62881 52.31097 14.62881 curveto
52.37703 14.62881 52.44038 14.65506 52.48709 14.70177 curveto
52.5338 14.74847 52.56004 14.81183 52.56004 14.87788 curveto closepath fill
newpath 55.51714 15.26746 moveto
55.51714 15.33351 55.49089 15.39687 55.44418 15.44357 curveto
55.39748 15.49028 55.33412 15.51653 55.26807 15.51653 curveto
55.20201 15.51653 55.13866 15.49028 55.09195 15.44357 curveto
55.04524 15.39687 55.019 15.33351 55.019 15.26746 curveto
55.019 15.2014 55.04524 15.13805 55.09195 15.09134 curveto
55.13866 15.04463 55.20201 15.01839 55.26807 15.01839 curveto
55.33412 15.01839 55.39748 15.04463 55.44418 15.09134 curveto
55.49089 15.13805 55.51714 15.2014 55.51714 15.26746 curveto closepath fill
newpath 58.47206 15.67415 moveto
58.47206 15.7402 58.44582 15.80356 58.39911 15.85027 curveto
58.3524 15.89697 58.28905 15.92322 58.22299 15.92322 curveto
58.15694 15.92322 58.09358 15.89697 58.04688 15.85027 curveto
58.00017 15.80356 57.97392 15.7402 57.97392 15.67415 curveto
57.97392 15.6081 58.00017 15.54474 58.04688 15.49803 curveto
58.09358 15.45132 58.15694 15.42508 58.22299 15.42508 curveto
58.28905 15.42508 58.3524 15.45132 58.39911 15.49803 curveto
58.44582 15.54474 58.47206 15.6081 58.47206 15.67415 curveto closepath fill
newpath 61.42398 16.10022 moveto
61.42398 16.16628 61.39774 16.22963 61.35103 16.27634 curveto
61.30432 16.32304 61.24097 16.34929 61.17491 16.34929 curveto
61.10886 16.34929 61.0455 16.32304 60.9988 16.27634 curveto
60.95209 16.22963 60.92584 16.16628 60.92584 16.10022 curveto
60.92584 16.03416 60.95209 15.97081 60.9988 15.9241 curveto
61.0455 15.8774 61.10886 15.85115 61.17491 15.85115 curveto
61.24097 15.85115 61.30432 15.8774 61.35103 15.9241 curveto
61.39774 15.97081 61.42398 16.03416 61.42398 16.10022 curveto closepath fill
newpath 64.37265 16.54921 moveto
64.37265 16.61526 64.3464 16.67862 64.2997 16.72533 curveto
64.25299 16.77203 64.18964 16.79828 64.12358 16.79828 curveto
64.05753 16.79828 63.99417 16.77203 63.94746 16.72533 curveto
63.90076 16.67862 63.87451 16.61526 63.87451 16.54921 curveto
63.87451 16.48315 63.90076 16.4198 63.94746 16.3731 curveto
63.99417 16.32639 64.05753 16.30014 64.12358 16.30014 curveto
64.18964 16.30014 64.25299 16.32639 64.2997 16.3731 curveto
64.3464 16.4198 64.37265 16.48315 64.37265 16.54921 curveto closepath fill
newpath 67.31746 17.02359 moveto
67.31746 17.08965 67.29121 17.153 67.2445 17.1997 curveto
67.1978 17.24641 67.13445 17.27266 67.06839 17.27266 curveto
67.00233 17.27266 66.93898 17.24641 66.89227 17.1997 curveto
66.84557 17.153 66.81932 17.08965 66.81932 17.02359 curveto
66.81932 16.95753 66.84557 16.89418 66.89227 16.84747 curveto
66.93898 16.80077 67.00233 16.77452 67.06839 16.77452 curveto
67.13445 16.77452 67.1978 16.80077 67.2445 16.84747 curveto
67.29121 16.89418 67.31746 16.95753 67.31746 17.02359 curveto closepath fill
newpath 70.25713 17.52748 moveto
70.25713 17.59354 70.23088 17.65689 70.18417 17.7036 curveto
70.13747 17.7503 70.07411 17.77655 70.00806 17.77655 curveto
69.942 17.77655 69.87865 17.7503 69.83194 17.7036 curveto
69.78523 17.65689 69.75899 17.59354 69.75899 17.52748 curveto
69.75899 17.46143 69.78523 17.39807 69.83194 17.35136 curveto
69.87865 17.30466 69.942 17.27841 70.00806 17.27841 curveto
70.07411 17.27841 70.13747 17.30466 70.18417 17.35136 curveto
70.23088 17.39807 70.25713 17.46143 70.25713 17.52748 curveto closepath fill
newpath 73.19054 18.06772 moveto
73.19054 18.13377 73.16429 18.19713 73.11758 18.24384 curveto
73.07088 18.29054 73.00752 18.31679 72.94147 18.31679 curveto
72.87541 18.31679 72.81206 18.29054 72.76535 18.24384 curveto
72.71864 18.19713 72.6924 18.13377 72.6924 18.06772 curveto
72.6924 18.00166 72.71864 17.93831 72.76535 17.8916 curveto
72.81206 17.8449 72.87541 17.81865 72.94147 17.81865 curveto
73.00752 17.81865 73.07088 17.8449 73.11758 17.8916 curveto
73.16429 17.93831 73.19054 18.00166 73.19054 18.06772 curveto closepath fill
newpath 76.11578 18.65001 moveto
76.11578 18.71606 76.08954 18.77942 76.04283 18.82613 curveto
75.99612 18.87283 75.93277 18.89908 75.86671 18.89908 curveto
75.80066 18.89908 75.7373 18.87283 75.6906 18.82613 curveto
75.64389 18.77942 75.61765 18.71606 75.61765 18.65001 curveto
75.61765 18.58395 75.64389 18.5206 75.6906 18.47389 curveto
75.7373 18.42719 75.80066 18.40094 75.86671 18.40094 curveto
75.93277 18.40094 75.99612 18.42719 76.04283 18.47389 curveto
76.08954 18.5206 76.11578 18.58395 76.11578 18.65001 curveto closepath fill
newpath 79.02972 19.28618 moveto
79.02972 19.35223 79.00348 19.41559 78.95677 19.4623 curveto
78.91006 19.509 78.84671 19.53525 78.78065 19.53525 curveto
78.7146 19.53525 78.65125 19.509 78.60454 19.4623 curveto
78.55783 19.41559 78.53159 19.35223 78.53159 19.28618 curveto
78.53159 19.22012 78.55783 19.15677 78.60454 19.11006 curveto
78.65125 19.06335 78.7146 19.03711 78.78065 19.03711 curveto
78.84671 19.03711 78.91006 19.06335 78.95677 19.11006 curveto
79.00348 19.15677 79.02972 19.22012 79.02972 19.28618 curveto closepath fill
newpath 81.92792 19.9905 moveto
81.92792 20.05655 81.90167 20.1199 81.85497 20.16661 curveto
81.80826 20.21332 81.7449 20.23956 81.67885 20.23956 curveto
81.6128 20.23956 81.54944 20.21332 81.50273 20.16661 curveto
81.45602 20.1199 81.42978 20.05655 81.42978 19.9905 curveto
81.42978 19.92444 81.45602 19.86108 81.50273 19.81438 curveto
81.54944 19.76767 81.6128 19.74142 81.67885 19.74142 curveto
81.7449 19.74142 81.80826 19.76767 81.85497 19.81438 curveto
81.90167 19.86108 81.92792 19.92444 81.92792 19.9905 curveto closepath fill
newpath 84.80199 20.78732 moveto
84.80199 20.85338 84.77574 20.91673 84.72903 20.96344 curveto
84.68233 21.01015 84.61897 21.03639 84.55292 21.03639 curveto
84.48686 21.03639 84.42351 21.01015 84.3768 20.96344 curveto
84.3301 20.91673 84.30385 20.85338 84.30385 20.78732 curveto
84.30385 20.72127 84.3301 20.65791 84.3768 20.6112 curveto
84.42351 20.5645 84.48686 20.53825 84.55292 20.53825 curveto
84.61897 20.53825 84.68233 20.5645 84.72903 20.6112 curveto
84.77574 20.65791 84.80199 20.72127 84.80199 20.78732 curveto closepath fill
newpath 87.63603 21.71577 moveto
87.63603 21.78183 87.60979 21.84518 87.56308 21.89189 curveto
87.51637 21.9386 87.45302 21.96484 87.38696 21.96484 curveto
87.3209 21.96484 87.25755 21.9386 87.21085 21.89189 curveto
87.16414 21.84518 87.1379 21.78183 87.1379 21.71577 curveto
87.1379 21.64972 87.16414 21.58636 87.21085 21.53966 curveto
87.25755 21.49295 87.3209 21.4667 87.38696 21.4667 curveto
87.45302 21.4667 87.51637 21.49295 87.56308 21.53966 curveto
87.60979 21.58636 87.63603 21.64972 87.63603 21.71577 curveto closepath fill
newpath 90.38992 22.85791 moveto
90.38992 22.92397 90.36368 22.98732 90.31697 23.03403 curveto
90.27026 23.08073 90.20691 23.10698 90.14085 23.10698 curveto
90.0748 23.10698 90.01144 23.08073 89.96474 23.03403 curveto
89.91803 22.98732 89.89178 22.92397 89.89178 22.85791 curveto
89.89178 22.79185 89.91803 22.7285 89.96474 22.6818 curveto
90.01144 22.63509 90.0748 22.60884 90.14085 22.60884 curveto
90.20691 22.60884 90.27026 22.63509 90.31697 22.6818 curveto
90.36368 22.7285 90.38992 22.79185 90.38992 22.85791 curveto closepath fill
newpath 92.92984 24.40915 moveto
92.92984 24.4752 92.9036 24.53856 92.85689 24.58527 curveto
92.81018 24.63197 92.74683 24.65822 92.68077 24.65822 curveto
92.61472 24.65822 92.55136 24.63197 92.50465 24.58527 curveto
92.45795 24.53856 92.4317 24.4752 92.4317 24.40915 curveto
92.4317 24.3431 92.45795 24.27974 92.50465 24.23303 curveto
92.55136 24.18633 92.61472 24.16008 92.68077 24.16008 curveto
92.74683 24.16008 92.81018 24.18633 92.85689 24.23303 curveto
92.9036 24.27974 92.92984 24.3431 92.92984 24.40915 curveto closepath fill
newpath 94.39584 26.89908 moveto
94.39584 26.96513 94.3696 27.02849 94.32289 27.0752 curveto
94.27618 27.1219 94.21283 27.14815 94.14677 27.14815 curveto
94.08072 27.14815 94.01736 27.1219 93.97066 27.0752 curveto
93.92395 27.02849 93.8977 26.96513 93.8977 26.89908 curveto
93.8977 26.83302 93.92395 26.76967 93.97066 26.72296 curveto
94.01736 26.67625 94.08072 26.65001 94.14677 26.65001 curveto
94.21283 26.65001 94.27618 26.67625 94.32289 26.72296 curveto
94.3696 26.76967 94.39584 26.83302 94.39584 26.89908 curveto closepath fill
newpath 67.2477 42.34114 moveto
66.71922 42.34114 66.21246 42.13118 65.83879 41.75752 curveto
65.46513 41.38385 65.25517 40.87709 65.25517 40.34862 curveto
65.25517 39.82014 65.46513 39.31339 65.83879 38.93971 curveto
66.21246 38.56606 66.71922 38.3561 67.2477 38.3561 curveto
67.77617 38.3561 68.28293 38.56606 68.6566 38.93971 curveto
69.03026 39.31339 69.24022 39.82014 69.24022 40.34862 curveto
69.24022 40.87709 69.03026 41.38385 68.6566 41.75752 curveto
68.28293 42.13118 67.77617 42.34114 67.2477 42.34114 curveto closepath fill
newpath 94.14677 28.8916 moveto
93.6183 28.8916 93.11154 28.68164 92.73787 28.30798 curveto
92.36421 27.93431 92.15425 27.42755 92.15425 26.89908 curveto
92.15425 26.3706 92.36421 25.86385 92.73787 25.49017 curveto
93.11154 25.11652 93.6183 24.90656 94.14677 24.90656 curveto
94.67525 24.90656 95.182 25.11652 95.55568 25.49017 curveto
95.92934 25.86385 96.1393 26.3706 96.1393 26.89908 curveto
96.1393 27.42755 95.92934 27.93431 95.55568 28.30798 curveto
95.182 28.68164 94.67525 28.8916 94.14677 28.8916 curveto closepath fill
newpath 40.34862 55.79068 moveto
39.82014 55.79068 39.31339 55.58072 38.93971 55.20706 curveto
38.56606 54.83339 38.3561 54.32663 38.3561 53.79816 curveto
38.3561 53.26968 38.56606 52.76292 38.93971 52.38925 curveto
39.31339 52.0156 39.82014 51.80563 40.34862 51.80563 curveto
40.87709 51.80563 41.38385 52.0156 41.75752 52.38925 curveto
42.13118 52.76292 42.34114 53.26968 42.34114 53.79816 curveto
42.34114 54.32663 42.13118 54.83339 41.75752 55.20706 curveto
41.38385 55.58072 40.87709 55.79068 40.34862 55.79068 curveto closepath fill
showpage
%%EOF
