%!PS
%%BoundingBox: -1 -1 80 105 
%%HiResBoundingBox: -0.24907 -0.24907 79.95 104.85654 
%%Creator: MetaPost 1.9991
%%CreationDate: 2017.08.03:1311
%%Pages: 1
%%BeginProlog
%%EndProlog
%%Page: 1 1
 0 0 0 setrgbcolor 0 0.49814 dtransform truncate idtransform setlinewidth pop
 [] 0 setdash 1 setlinecap 1 setlinejoin 10 setmiterlimit
newpath 0 44.83177 moveto
79.70093 44.83177 lineto stroke
newpath 74.71962 47.32243 moveto
75.89555 45.75452 77.74104 44.83177 79.70093 44.83177 curveto
77.74104 44.83177 75.89555 43.90903 74.71962 42.34111 curveto stroke
 0.49814 0 dtransform exch truncate exch idtransform pop setlinewidth
newpath 39.85046 0 moveto
39.85046 104.60747 lineto stroke
 0 0.49814 dtransform truncate idtransform setlinewidth pop
newpath 37.3598 99.62616 moveto
38.92772 100.8021 39.85046 102.64758 39.85046 104.60747 curveto
39.85046 102.64758 40.77321 100.8021 42.34113 99.62616 curveto stroke
 0.49814 0 dtransform exch truncate exch idtransform pop setlinewidth
newpath 9.96262 42.83925 moveto
9.96262 46.8243 lineto stroke
newpath 19.92523 42.83925 moveto
19.92523 46.8243 lineto stroke
newpath 29.88785 42.83925 moveto
29.88785 46.8243 lineto stroke
newpath 49.81308 42.83925 moveto
49.81308 46.8243 lineto stroke
newpath 59.7757 42.83925 moveto
59.7757 46.8243 lineto stroke
newpath 69.73831 42.83925 moveto
69.73831 46.8243 lineto stroke
 0 0.49814 dtransform truncate idtransform setlinewidth pop
newpath 41.84299 14.94392 moveto
37.85794 14.94392 lineto stroke
newpath 41.84299 24.90654 moveto
37.85794 24.90654 lineto stroke
newpath 41.84299 34.86916 moveto
37.85794 34.86916 lineto stroke
newpath 41.84299 54.79439 moveto
37.85794 54.79439 lineto stroke
newpath 41.84299 64.757 moveto
37.85794 64.757 lineto stroke
newpath 41.84299 74.71962 moveto
37.85794 74.71962 lineto stroke
newpath 41.84299 84.68224 moveto
37.85794 84.68224 lineto stroke
newpath 41.84299 94.64485 moveto
37.85794 94.64485 lineto stroke
 0 1.24533 dtransform truncate idtransform setlinewidth pop
newpath 25.90286 104.20872 moveto
26.22377 103.30772 26.55608 102.41096 26.89934 101.51833 curveto
27.22025 100.6839 27.5515 99.85342 27.89536 99.02827 curveto
28.2158 98.25922 28.54706 97.49487 28.89183 96.73647 curveto
29.21136 96.03352 29.54231 95.33577 29.8877 94.64516 curveto
30.20679 94.0073 30.53772 93.37535 30.88417 92.75179 curveto
31.2022 92.17928 31.53313 91.61392 31.88019 91.05861 curveto
32.1976 90.55072 32.52855 90.0512 32.87666 89.56383 curveto
33.19347 89.12039 33.52426 88.68713 33.87314 88.26848 curveto
34.18933 87.88919 34.51997 87.52208 34.86916 87.1729 curveto
35.18535 86.85669 35.51645 86.55554 35.86563 86.27614 curveto
36.18243 86.02272 36.51369 85.7877 36.8615 85.57898 curveto
37.18044 85.3876 37.51259 85.21886 37.85797 85.08067 curveto
38.1804 84.95177 38.51347 84.85007 38.85399 84.78195 curveto
39.18219 84.7163 39.51587 84.68224 39.85046 84.68224 curveto
40.18506 84.68224 40.51874 84.7163 40.84694 84.78195 curveto
41.18745 84.85007 41.52052 84.95177 41.84296 85.08067 curveto
42.18834 85.21886 42.5205 85.3876 42.83943 85.57898 curveto
43.18724 85.7877 43.5185 86.02272 43.8353 86.27614 curveto
44.18448 86.55554 44.51558 86.85669 44.83177 87.1729 curveto
45.18095 87.52208 45.5116 87.88919 45.82779 88.26848 curveto
46.17667 88.68713 46.50746 89.12039 46.82426 89.56383 curveto
47.17238 90.0512 47.50333 90.55072 47.82074 91.05861 curveto
48.1678 91.61392 48.49873 92.17928 48.81676 92.75179 curveto
49.16321 93.37535 49.49414 94.0073 49.81323 94.64516 curveto
50.15862 95.33577 50.48956 96.03352 50.8091 96.73647 curveto
51.15387 97.49487 51.48512 98.25922 51.80557 99.02827 curveto
52.14943 99.85342 52.48068 100.6839 52.80159 101.51833 curveto
53.14485 102.41096 53.47716 103.30772 53.79807 104.20872 curveto stroke
newpath 51.38748 101.89459 moveto
52.51042 102.2436 53.4035 103.10095 53.79807 104.20872 curveto
53.4035 103.10095 53.55354 101.87209 54.20303 100.89178 curveto stroke
newpath 25.4979 100.89178 moveto
26.14738 101.87209 26.29742 103.10095 25.90286 104.20872 curveto
26.29742 103.10095 27.1905 102.2436 28.31345 101.89459 curveto stroke
newpath 9.96262 94.64485 moveto
10.289 92.68504 10.621 90.72615 10.95863 88.76831 curveto
11.28532 86.87326 11.61748 84.97897 11.95557 83.0859 curveto
12.2818 81.2588 12.61365 79.43277 12.95158 77.6078 curveto
13.27766 75.84698 13.60936 74.08737 13.9476 72.32884 curveto
14.27353 70.63446 14.60522 68.94113 14.94362 67.24918 curveto
15.26955 65.61955 15.60155 63.99113 15.94055 62.36424 curveto
16.26587 60.80243 16.59772 59.24196 16.93657 57.68303 curveto
17.26173 56.18747 17.59343 54.69345 17.93259 53.20094 curveto
18.25745 51.77167 18.58916 50.34392 18.9286 48.918 curveto
19.25346 47.55365 19.58548 46.19112 19.92554 44.83055 curveto
20.24979 43.53369 20.58134 42.23882 20.92155 40.94606 curveto
21.24535 39.71547 21.57706 38.48686 21.91757 37.26085 curveto
22.24106 36.09639 22.57262 34.93422 22.91359 33.77478 curveto
23.23694 32.67538 23.56879 31.57858 23.91052 30.48482 curveto
24.23311 29.45262 24.5645 28.42316 24.90654 27.39719 curveto
25.22867 26.43097 25.5599 25.46794 25.90256 24.50871 curveto
26.22438 23.60754 26.55608 22.71019 26.89949 21.8171 curveto
27.2204 20.98267 27.55165 20.15219 27.89551 19.32704 curveto
28.2158 18.55844 28.5469 17.79425 28.89153 17.03613 curveto
29.21106 16.33305 29.54216 15.6353 29.88754 14.94453 curveto
30.20679 14.30637 30.53787 13.67412 30.88448 13.0504 curveto
31.2025 12.47789 31.53343 11.91254 31.8805 11.35722 curveto
32.19775 10.84949 32.52855 10.35042 32.87651 9.86319 curveto
33.19316 9.4199 33.5238 8.98682 33.87253 8.56831 curveto
34.18887 8.18857 34.51997 7.82115 34.86946 7.47166 curveto
35.1855 7.15546 35.51645 6.85446 35.86548 6.57521 curveto
36.18228 6.3218 36.51353 6.08678 36.8615 5.87805 curveto
37.18028 5.68683 37.51228 5.51808 37.85751 5.38005 curveto
38.18025 5.25099 38.51347 5.14914 38.85445 5.08089 curveto
39.1825 5.01521 39.51602 4.98131 39.85046 4.98131 curveto
40.1849 4.98131 40.51843 5.01521 40.84648 5.08089 curveto
41.18745 5.14914 41.52068 5.25099 41.84341 5.38005 curveto
42.18864 5.51808 42.52065 5.68683 42.83943 5.87805 curveto
43.1874 6.08678 43.51865 6.3218 43.83545 6.57521 curveto
44.18448 6.85446 44.51543 7.15546 44.83147 7.47166 curveto
45.18095 7.82115 45.51205 8.18857 45.8284 8.56831 curveto
46.17712 8.98682 46.50777 9.4199 46.82442 9.86319 curveto
47.17238 10.35042 47.50317 10.84949 47.82043 11.35722 curveto
48.1675 11.91254 48.49843 12.47789 48.81645 13.0504 curveto
49.16306 13.67412 49.49414 14.30637 49.81339 14.94453 curveto
50.15877 15.6353 50.48987 16.33305 50.8094 17.03613 curveto
51.15402 17.79425 51.48512 18.55844 51.80542 19.32704 curveto
52.14928 20.15219 52.48053 20.98267 52.80144 21.8171 curveto
53.14485 22.71019 53.47655 23.60754 53.79837 24.50871 curveto
54.14102 25.46794 54.47226 26.43097 54.79439 27.39719 curveto
55.13643 28.42316 55.46782 29.45262 55.7904 30.48482 curveto
56.13214 31.57858 56.46399 32.67538 56.78734 33.77478 curveto
57.12831 34.93422 57.45987 36.09639 57.78336 37.26085 curveto
58.12387 38.48686 58.45558 39.71547 58.77937 40.94606 curveto
59.11958 42.23882 59.45114 43.53369 59.77539 44.83055 curveto
60.11545 46.19112 60.44746 47.55365 60.77232 48.918 curveto
61.11177 50.34392 61.44348 51.77167 61.76834 53.20094 curveto
62.1075 54.69345 62.4392 56.18747 62.76436 57.68303 curveto
63.10321 59.24196 63.43506 60.80243 63.76038 62.36424 curveto
64.09938 63.99113 64.43138 65.61955 64.75731 67.24918 curveto
65.0957 68.94113 65.4274 70.63446 65.75333 72.32884 curveto
66.09157 74.08737 66.42326 75.84698 66.74934 77.6078 curveto
67.08728 79.43277 67.41913 81.2588 67.74536 83.0859 curveto
68.08345 84.97897 68.4156 86.87326 68.7423 88.76831 curveto
69.07993 90.72615 69.41193 92.68504 69.73831 94.64485 curveto stroke
newpath 67.77322 91.94215 moveto
68.81711 92.48358 69.54514 93.4849 69.73831 94.64485 curveto
69.54514 93.4849 69.90936 92.30167 70.72144 91.45116 curveto stroke
newpath 8.97949 91.45116 moveto
9.79156 92.30167 10.15579 93.4849 9.96262 94.64485 curveto
10.15579 93.4849 10.88382 92.48358 11.9277 91.94215 curveto stroke
newpath 39.85046 6.97383 moveto
39.32199 6.97383 38.81523 6.76387 38.44156 6.39021 curveto
38.0679 6.01654 37.85794 5.50978 37.85794 4.98131 curveto
37.85794 4.45284 38.0679 3.94608 38.44156 3.5724 curveto
38.81523 3.19875 39.32199 2.98878 39.85046 2.98878 curveto
40.37894 2.98878 40.8857 3.19875 41.25937 3.5724 curveto
41.63303 3.94608 41.84299 4.45284 41.84299 4.98131 curveto
41.84299 5.50978 41.63303 6.01654 41.25937 6.39021 curveto
40.8857 6.76387 40.37894 6.97383 39.85046 6.97383 curveto closepath fill
newpath 39.85046 86.67476 moveto
39.32199 86.67476 38.81523 86.4648 38.44156 86.09114 curveto
38.0679 85.71747 37.85794 85.21071 37.85794 84.68224 curveto
37.85794 84.15376 38.0679 83.647 38.44156 83.27333 curveto
38.81523 82.89967 39.32199 82.68971 39.85046 82.68971 curveto
40.37894 82.68971 40.8857 82.89967 41.25937 83.27333 curveto
41.63303 83.647 41.84299 84.15376 41.84299 84.68224 curveto
41.84299 85.21071 41.63303 85.71747 41.25937 86.09114 curveto
40.8857 86.4648 40.37894 86.67476 39.85046 86.67476 curveto closepath fill
newpath 59.7757 46.8243 moveto
59.24722 46.8243 58.74046 46.61433 58.36679 46.24068 curveto
57.99313 45.867 57.78317 45.36024 57.78317 44.83177 curveto
57.78317 44.3033 57.99313 43.79654 58.36679 43.42287 curveto
58.74046 43.04921 59.24722 42.83925 59.7757 42.83925 curveto
60.30417 42.83925 60.81093 43.04921 61.1846 43.42287 curveto
61.55826 43.79654 61.76822 44.3033 61.76822 44.83177 curveto
61.76822 45.36024 61.55826 45.867 61.1846 46.24068 curveto
60.81093 46.61433 60.30417 46.8243 59.7757 46.8243 curveto closepath fill
newpath 19.92523 46.8243 moveto
19.39676 46.8243 18.89 46.61433 18.51633 46.24068 curveto
18.14267 45.867 17.93271 45.36024 17.93271 44.83177 curveto
17.93271 44.3033 18.14267 43.79654 18.51633 43.42287 curveto
18.89 43.04921 19.39676 42.83925 19.92523 42.83925 curveto
20.4537 42.83925 20.96046 43.04921 21.33414 43.42287 curveto
21.7078 43.79654 21.91776 44.3033 21.91776 44.83177 curveto
21.91776 45.36024 21.7078 45.867 21.33414 46.24068 curveto
20.96046 46.61433 20.4537 46.8243 19.92523 46.8243 curveto closepath fill
newpath 49.81308 96.63737 moveto
49.2846 96.63737 48.77785 96.42741 48.40417 96.05376 curveto
48.03052 95.68008 47.82056 95.17332 47.82056 94.64485 curveto
47.82056 94.11638 48.03052 93.60962 48.40417 93.23595 curveto
48.77785 92.86229 49.2846 92.65233 49.81308 92.65233 curveto
50.34155 92.65233 50.84831 92.86229 51.22198 93.23595 curveto
51.59564 93.60962 51.8056 94.11638 51.8056 94.64485 curveto
51.8056 95.17332 51.59564 95.68008 51.22198 96.05376 curveto
50.84831 96.42741 50.34155 96.63737 49.81308 96.63737 curveto closepath fill
newpath 29.88785 96.63737 moveto
29.35938 96.63737 28.85262 96.42741 28.47894 96.05376 curveto
28.10529 95.68008 27.89532 95.17332 27.89532 94.64485 curveto
27.89532 94.11638 28.10529 93.60962 28.47894 93.23595 curveto
28.85262 92.86229 29.35938 92.65233 29.88785 92.65233 curveto
30.41632 92.65233 30.92308 92.86229 31.29675 93.23595 curveto
31.67041 93.60962 31.88037 94.11638 31.88037 94.64485 curveto
31.88037 95.17332 31.67041 95.68008 31.29675 96.05376 curveto
30.92308 96.42741 30.41632 96.63737 29.88785 96.63737 curveto closepath fill
showpage
%%EOF
