%!PS
%%BoundingBox: -1 -1 80 80 
%%HiResBoundingBox: -0.24907 -0.24907 79.95 79.95 
%%Creator: MetaPost 1.9991
%%CreationDate: 2017.08.03:0835
%%Pages: 1
%%BeginProlog
%%EndProlog
%%Page: 1 1
 0 0 0 setrgbcolor
newpath 9.96262 69.51917 moveto
9.56625 69.51917 9.18619 69.36168 8.90594 69.08144 curveto
8.6257 68.8012 8.46822 68.42113 8.46822 68.02477 curveto
8.46822 67.6284 8.6257 67.24834 8.90594 66.9681 curveto
9.18619 66.68785 9.56625 66.53036 9.96262 66.53036 curveto
10.35898 66.53036 10.73904 66.68785 11.01929 66.9681 curveto
11.29953 67.24834 11.45702 67.6284 11.45702 68.02477 curveto
11.45702 68.42113 11.29953 68.8012 11.01929 69.08144 curveto
10.73904 69.36168 10.35898 69.51917 9.96262 69.51917 curveto closepath fill
newpath 9.96262 13.17056 moveto
9.56625 13.17056 9.18619 13.01308 8.90594 12.73283 curveto
8.6257 12.45259 8.46822 12.07253 8.46822 11.67616 curveto
8.46822 11.2798 8.6257 10.89973 8.90594 10.61949 curveto
9.18619 10.33925 9.56625 10.18176 9.96262 10.18176 curveto
10.35898 10.18176 10.73904 10.33925 11.01929 10.61949 curveto
11.29953 10.89973 11.45702 11.2798 11.45702 11.67616 curveto
11.45702 12.07253 11.29953 12.45259 11.01929 12.73283 curveto
10.73904 13.01308 10.35898 13.17056 9.96262 13.17056 curveto closepath fill
newpath 19.92523 58.60007 moveto
19.52887 58.60007 19.1488 58.44258 18.86856 58.16234 curveto
18.58832 57.8821 18.43083 57.50203 18.43083 57.10567 curveto
18.43083 56.7093 18.58832 56.32924 18.86856 56.049 curveto
19.1488 55.76875 19.52887 55.61127 19.92523 55.61127 curveto
20.3216 55.61127 20.70166 55.76875 20.9819 56.049 curveto
21.26215 56.32924 21.41963 56.7093 21.41963 57.10567 curveto
21.41963 57.50203 21.26215 57.8821 20.9819 58.16234 curveto
20.70166 58.44258 20.3216 58.60007 19.92523 58.60007 curveto closepath fill
newpath 19.92523 24.08966 moveto
19.52887 24.08966 19.1488 23.93217 18.86856 23.65193 curveto
18.58832 23.37169 18.43083 22.99162 18.43083 22.59526 curveto
18.43083 22.1989 18.58832 21.81883 18.86856 21.53859 curveto
19.1488 21.25835 19.52887 21.10086 19.92523 21.10086 curveto
20.3216 21.10086 20.70166 21.25835 20.9819 21.53859 curveto
21.26215 21.81883 21.41963 22.1989 21.41963 22.59526 curveto
21.41963 22.99162 21.26215 23.37169 20.9819 23.65193 curveto
20.70166 23.93217 20.3216 24.08966 19.92523 24.08966 curveto closepath fill
newpath 29.88785 41.34486 moveto
29.49149 41.34486 29.11142 41.18738 28.83118 40.90714 curveto
28.55093 40.62689 28.39345 40.24683 28.39345 39.85046 curveto
28.39345 39.4541 28.55093 39.07404 28.83118 38.7938 curveto
29.11142 38.51355 29.49149 38.35606 29.88785 38.35606 curveto
30.28421 38.35606 30.66428 38.51355 30.94452 38.7938 curveto
31.22476 39.07404 31.38225 39.4541 31.38225 39.85046 curveto
31.38225 40.24683 31.22476 40.62689 30.94452 40.90714 curveto
30.66428 41.18738 30.28421 41.34486 29.88785 41.34486 curveto closepath fill
newpath 49.81308 41.34486 moveto
49.41672 41.34486 49.03665 41.18738 48.75641 40.90714 curveto
48.47617 40.62689 48.31868 40.24683 48.31868 39.85046 curveto
48.31868 39.4541 48.47617 39.07404 48.75641 38.7938 curveto
49.03665 38.51355 49.41672 38.35606 49.81308 38.35606 curveto
50.20944 38.35606 50.58951 38.51355 50.86975 38.7938 curveto
51.15 39.07404 51.30748 39.4541 51.30748 39.85046 curveto
51.30748 40.24683 51.15 40.62689 50.86975 40.90714 curveto
50.58951 41.18738 50.20944 41.34486 49.81308 41.34486 curveto closepath fill
newpath 69.73831 69.51917 moveto
69.34195 69.51917 68.96188 69.36168 68.68164 69.08144 curveto
68.4014 68.8012 68.24391 68.42113 68.24391 68.02477 curveto
68.24391 67.6284 68.4014 67.24834 68.68164 66.9681 curveto
68.96188 66.68785 69.34195 66.53036 69.73831 66.53036 curveto
70.13467 66.53036 70.51474 66.68785 70.79498 66.9681 curveto
71.07523 67.24834 71.23271 67.6284 71.23271 68.02477 curveto
71.23271 68.42113 71.07523 68.8012 70.79498 69.08144 curveto
70.51474 69.36168 70.13467 69.51917 69.73831 69.51917 curveto closepath fill
newpath 69.73831 13.17056 moveto
69.34195 13.17056 68.96188 13.01308 68.68164 12.73283 curveto
68.4014 12.45259 68.24391 12.07253 68.24391 11.67616 curveto
68.24391 11.2798 68.4014 10.89973 68.68164 10.61949 curveto
68.96188 10.33925 69.34195 10.18176 69.73831 10.18176 curveto
70.13467 10.18176 70.51474 10.33925 70.79498 10.61949 curveto
71.07523 10.89973 71.23271 11.2798 71.23271 11.67616 curveto
71.23271 12.07253 71.07523 12.45259 70.79498 12.73283 curveto
70.51474 13.01308 70.13467 13.17056 69.73831 13.17056 curveto closepath fill
newpath 59.7757 58.60007 moveto
59.37933 58.60007 58.99927 58.44258 58.71902 58.16234 curveto
58.43878 57.8821 58.2813 57.50203 58.2813 57.10567 curveto
58.2813 56.7093 58.43878 56.32924 58.71902 56.049 curveto
58.99927 55.76875 59.37933 55.61127 59.7757 55.61127 curveto
60.17206 55.61127 60.55212 55.76875 60.83237 56.049 curveto
61.11261 56.32924 61.2701 56.7093 61.2701 57.10567 curveto
61.2701 57.50203 61.11261 57.8821 60.83237 58.16234 curveto
60.55212 58.44258 60.17206 58.60007 59.7757 58.60007 curveto closepath fill
newpath 59.7757 24.08966 moveto
59.37933 24.08966 58.99927 23.93217 58.71902 23.65193 curveto
58.43878 23.37169 58.2813 22.99162 58.2813 22.59526 curveto
58.2813 22.1989 58.43878 21.81883 58.71902 21.53859 curveto
58.99927 21.25835 59.37933 21.10086 59.7757 21.10086 curveto
60.17206 21.10086 60.55212 21.25835 60.83237 21.53859 curveto
61.11261 21.81883 61.2701 22.1989 61.2701 22.59526 curveto
61.2701 22.99162 61.11261 23.37169 60.83237 23.65193 curveto
60.55212 23.93217 60.17206 24.08966 59.7757 24.08966 curveto closepath fill
 0 0.49814 dtransform truncate idtransform setlinewidth pop [] 0 setdash
 1 setlinecap 1 setlinejoin 10 setmiterlimit
newpath 0 39.85046 moveto
79.70093 39.85046 lineto stroke
newpath 74.71962 42.34113 moveto
75.89555 40.77321 77.74104 39.85046 79.70093 39.85046 curveto
77.74104 39.85046 75.89555 38.92772 74.71962 37.3598 curveto stroke
 0.49814 0 dtransform exch truncate exch idtransform pop setlinewidth
newpath 39.85046 0 moveto
39.85046 79.70093 lineto stroke
 0 0.49814 dtransform truncate idtransform setlinewidth pop
newpath 37.3598 74.71962 moveto
38.92772 75.89555 39.85046 77.74104 39.85046 79.70093 curveto
39.85046 77.74104 40.77321 75.89555 42.34113 74.71962 curveto stroke
 0.49814 0 dtransform exch truncate exch idtransform pop setlinewidth
newpath 9.96262 37.85794 moveto
9.96262 41.84299 lineto stroke
newpath 19.92523 37.85794 moveto
19.92523 41.84299 lineto stroke
newpath 29.88785 37.85794 moveto
29.88785 41.84299 lineto stroke
newpath 49.81308 37.85794 moveto
49.81308 41.84299 lineto stroke
newpath 59.7757 37.85794 moveto
59.7757 41.84299 lineto stroke
newpath 69.73831 37.85794 moveto
69.73831 41.84299 lineto stroke
 0 0.49814 dtransform truncate idtransform setlinewidth pop
newpath 41.84299 9.96262 moveto
37.85794 9.96262 lineto stroke
newpath 41.84299 19.92523 moveto
37.85794 19.92523 lineto stroke
newpath 41.84299 29.88785 moveto
37.85794 29.88785 lineto stroke
newpath 41.84299 49.81308 moveto
37.85794 49.81308 lineto stroke
newpath 41.84299 59.7757 moveto
37.85794 59.7757 lineto stroke
newpath 41.84299 69.73831 moveto
37.85794 69.73831 lineto stroke
newpath 77.33325 3.71606 moveto
76.18643 4.90515 75.04205 6.09666 73.90039 7.2906 curveto
72.86743 8.37083 71.83676 9.45335 70.80913 10.53876 curveto
69.87953 11.52065 68.95238 12.5048 68.02872 13.49216 curveto
67.19202 14.38663 66.35805 15.28383 65.52788 16.18454 curveto
64.77737 16.9989 64.03006 17.81615 63.28685 18.63719 curveto
62.61417 19.3804 61.94469 20.12665 61.28021 20.87732 curveto
60.67761 21.55789 60.07896 22.24197 59.48564 22.93062 curveto
58.94872 23.55374 58.4162 24.18051 57.88947 24.81229 curveto
57.41197 25.38493 56.93936 25.96184 56.47342 26.54391 curveto
56.05081 27.07188 55.63353 27.60425 55.22383 28.14223 curveto
54.8517 28.63081 54.48564 29.12396 54.1281 29.62318 curveto
53.80263 30.07756 53.48415 30.53696 53.17494 31.0026 curveto
52.89311 31.42702 52.61917 31.85663 52.35558 32.29262 curveto
52.11401 32.69211 51.88142 33.09694 51.66055 33.50815 curveto
51.45761 33.88622 51.2647 34.26944 51.0847 34.65892 curveto
50.91779 35.02011 50.76213 35.38632 50.6209 35.75815 curveto
50.48865 36.10628 50.369 36.45926 50.26488 36.8168 curveto
50.16621 37.1555 50.08154 37.49829 50.01314 37.84444 curveto
49.94731 38.17812 49.89668 38.51454 49.86295 38.85292 curveto
49.82996 39.18448 49.81308 39.5174 49.81308 39.85046 curveto
49.81308 40.18353 49.82996 40.51645 49.86295 40.848 curveto
49.89668 41.18639 49.94731 41.52281 50.01314 41.85649 curveto
50.08154 42.20264 50.16621 42.54543 50.26488 42.88412 curveto
50.369 43.24167 50.48865 43.59465 50.6209 43.94278 curveto
50.76213 44.3146 50.91779 44.68082 51.0847 45.042 curveto
51.2647 45.43149 51.45761 45.81471 51.66055 46.19278 curveto
51.88142 46.60399 52.11401 47.00882 52.35558 47.40831 curveto
52.61917 47.8443 52.89311 48.27391 53.17494 48.69833 curveto
53.48415 49.16397 53.80263 49.62337 54.1281 50.07774 curveto
54.48564 50.57697 54.8517 51.07011 55.22383 51.5587 curveto
55.63353 52.09668 56.05081 52.62904 56.47342 53.15701 curveto
56.93936 53.73909 57.41197 54.316 57.88947 54.88864 curveto
58.4162 55.52042 58.94872 56.14719 59.48564 56.77031 curveto
60.07896 57.45895 60.67761 58.14304 61.28021 58.82361 curveto
61.94469 59.57428 62.61417 60.32053 63.28685 61.06374 curveto
64.03006 61.88478 64.77737 62.70203 65.52788 63.51639 curveto
66.35805 64.4171 67.19202 65.3143 68.02872 66.20877 curveto
68.95238 67.19612 69.87953 68.18028 70.80913 69.16217 curveto
71.83676 70.24757 72.86743 71.3301 73.90039 72.41032 curveto
75.04205 73.60426 76.18643 74.79578 77.33325 75.98486 curveto stroke
newpath 74.18279 74.87099 moveto
75.34972 74.72575 76.51692 75.13844 77.33325 75.98486 curveto
76.51692 75.13844 76.14674 73.95708 76.33409 72.79616 curveto stroke
newpath 76.33409 6.90477 moveto
76.14674 5.74385 76.51692 4.56248 77.33325 3.71606 curveto
76.51692 4.56248 75.34972 4.97517 74.18279 4.82994 curveto stroke
newpath 2.36768 3.71606 moveto
3.5145 4.90515 4.65887 6.09666 5.80054 7.2906 curveto
6.8335 8.37083 7.86417 9.45335 8.8918 10.53876 curveto
9.8214 11.52065 10.74855 12.5048 11.67221 13.49216 curveto
12.50891 14.38663 13.34288 15.28383 14.17305 16.18454 curveto
14.92355 16.9989 15.67087 17.81615 16.41408 18.63719 curveto
17.08676 19.3804 17.75624 20.12665 18.42072 20.87732 curveto
19.02332 21.55789 19.62196 22.24197 20.21529 22.93062 curveto
20.75221 23.55374 21.28473 24.18051 21.81146 24.81229 curveto
22.28896 25.38493 22.76157 25.96184 23.22751 26.54391 curveto
23.65012 27.07188 24.0674 27.60425 24.4771 28.14223 curveto
24.84923 28.63081 25.21529 29.12396 25.57283 29.62318 curveto
25.8983 30.07756 26.21678 30.53696 26.52599 31.0026 curveto
26.80782 31.42702 27.08176 31.85663 27.34535 32.29262 curveto
27.58691 32.69211 27.8195 33.09694 28.04037 33.50815 curveto
28.24332 33.88622 28.43623 34.26944 28.61623 34.65892 curveto
28.78314 35.02011 28.9388 35.38632 29.08003 35.75815 curveto
29.21228 36.10628 29.33192 36.45926 29.43605 36.8168 curveto
29.53471 37.1555 29.61938 37.49829 29.68779 37.84444 curveto
29.75362 38.17812 29.80424 38.51454 29.83798 38.85292 curveto
29.87097 39.18448 29.88785 39.5174 29.88785 39.85046 curveto
29.88785 40.18353 29.87097 40.51645 29.83798 40.848 curveto
29.80424 41.18639 29.75362 41.52281 29.68779 41.85649 curveto
29.61938 42.20264 29.53471 42.54543 29.43605 42.88412 curveto
29.33192 43.24167 29.21228 43.59465 29.08003 43.94278 curveto
28.9388 44.3146 28.78314 44.68082 28.61623 45.042 curveto
28.43623 45.43149 28.24332 45.81471 28.04037 46.19278 curveto
27.8195 46.60399 27.58691 47.00882 27.34535 47.40831 curveto
27.08176 47.8443 26.80782 48.27391 26.52599 48.69833 curveto
26.21678 49.16397 25.8983 49.62337 25.57283 50.07774 curveto
25.21529 50.57697 24.84923 51.07011 24.4771 51.5587 curveto
24.0674 52.09668 23.65012 52.62904 23.22751 53.15701 curveto
22.76157 53.73909 22.28896 54.316 21.81146 54.88864 curveto
21.28473 55.52042 20.75221 56.14719 20.21529 56.77031 curveto
19.62196 57.45895 19.02332 58.14304 18.42072 58.82361 curveto
17.75624 59.57428 17.08676 60.32053 16.41408 61.06374 curveto
15.67087 61.88478 14.92355 62.70203 14.17305 63.51639 curveto
13.34288 64.4171 12.50891 65.3143 11.67221 66.20877 curveto
10.74855 67.19612 9.8214 68.18028 8.8918 69.16217 curveto
7.86417 70.24757 6.8335 71.3301 5.80054 72.41032 curveto
4.65887 73.60426 3.5145 74.79578 2.36768 75.98486 curveto stroke
newpath 3.36684 72.79616 moveto
3.55418 73.95708 3.184 75.13844 2.36768 75.98486 curveto
3.184 75.13844 4.35121 74.72575 5.51814 74.87099 curveto stroke
newpath 5.51814 4.82994 moveto
4.35121 4.97517 3.184 4.56248 2.36768 3.71606 curveto
3.184 4.56248 3.55418 5.74385 3.36684 6.90477 curveto stroke
showpage
%%EOF
