%!PS
%%BoundingBox: -1 -1 150 120 
%%HiResBoundingBox: -0.24907 -0.24907 149.68831 119.80046 
%%Creator: MetaPost 1.9991
%%CreationDate: 2017.08.03:1329
%%Pages: 1
%%BeginProlog
%%EndProlog
%%Page: 1 1
 0 0 0 setrgbcolor 0 0.49814 dtransform truncate idtransform setlinewidth pop
 [] 0 setdash 1 setlinecap 1 setlinejoin 10 setmiterlimit
newpath 0 59.7757 moveto
149.43924 59.7757 lineto stroke
newpath 144.45793 62.26636 moveto
145.63387 60.69844 147.47935 59.7757 149.43924 59.7757 curveto
147.47935 59.7757 145.63387 58.85295 144.45793 57.28503 curveto stroke
 0.49814 0 dtransform exch truncate exch idtransform pop setlinewidth
newpath 59.7757 0 moveto
59.7757 119.55139 lineto stroke
 0 0.49814 dtransform truncate idtransform setlinewidth pop
newpath 57.28503 114.57008 moveto
58.85295 115.74602 59.7757 117.5915 59.7757 119.55139 curveto
59.7757 117.5915 60.69844 115.74602 62.26636 114.57008 curveto stroke
 0.49814 0 dtransform exch truncate exch idtransform pop setlinewidth
newpath 0 57.78317 moveto
0 61.76822 lineto stroke
newpath 14.94392 57.78317 moveto
14.94392 61.76822 lineto stroke
newpath 29.88785 57.78317 moveto
29.88785 61.76822 lineto stroke
newpath 44.83177 57.78317 moveto
44.83177 61.76822 lineto stroke
newpath 74.71962 57.78317 moveto
74.71962 61.76822 lineto stroke
newpath 89.66354 57.78317 moveto
89.66354 61.76822 lineto stroke
newpath 104.60747 57.78317 moveto
104.60747 61.76822 lineto stroke
newpath 119.55139 57.78317 moveto
119.55139 61.76822 lineto stroke
 0 0.49814 dtransform truncate idtransform setlinewidth pop
newpath 61.76822 14.94392 moveto
57.78317 14.94392 lineto stroke
newpath 61.76822 29.88785 moveto
57.78317 29.88785 lineto stroke
newpath 61.76822 44.83177 moveto
57.78317 44.83177 lineto stroke
newpath 61.76822 74.71962 moveto
57.78317 74.71962 lineto stroke
newpath 61.76822 89.66354 moveto
57.78317 89.66354 lineto stroke
newpath 61.76822 104.60747 moveto
57.78317 104.60747 lineto stroke
 0 1.24533 dtransform truncate idtransform setlinewidth pop
newpath 134.49532 59.7757 moveto
134.49417 60.77422 134.39476 61.77002 134.19888 62.74916 curveto
133.99709 63.75749 133.69586 64.74324 133.31049 65.69662 curveto
132.90552 66.69879 132.40933 67.66153 131.84201 68.5816 curveto
131.23569 69.56464 130.55023 70.49635 129.80618 71.37949 curveto
129.00558 72.32968 128.13908 73.22194 127.22401 74.06245 curveto
126.23781 74.96863 125.19733 75.81346 124.11739 76.60585 curveto
122.95901 77.4557 121.75664 78.24376 120.52278 78.9796 curveto
119.20547 79.76515 117.85306 80.49005 116.47487 81.16273 curveto
115.01276 81.87622 113.52284 82.53065 112.01193 83.13379 curveto
110.41963 83.7693 108.80544 84.34756 107.17413 84.875 curveto
105.47168 85.42545 103.7519 85.92027 102.01892 86.36491 curveto
100.22252 86.82599 98.41267 87.23302 96.5928 87.59079 curveto
94.7207 87.95882 92.8388 88.27419 90.94962 88.54074 curveto
89.01869 88.813 87.08092 89.0342 85.1386 89.20612 curveto
83.17278 89.38011 81.20287 89.5037 79.2309 89.57826 curveto
77.24774 89.65329 75.263 89.67882 73.27849 89.65488 curveto
71.29741 89.63094 69.31723 89.55797 67.33978 89.43506 curveto
65.37875 89.31306 63.42093 89.14204 61.46857 88.92018 curveto
59.55109 88.70218 57.63931 88.43494 55.73598 88.11617 curveto
53.87779 87.8049 52.02827 87.44485 50.19038 87.0312 curveto
48.41019 86.6308 46.64162 86.18022 44.88832 85.67537 curveto
43.20184 85.18967 41.53018 84.65381 39.87813 84.0614 curveto
38.30406 83.49702 36.7487 82.88182 35.21819 82.208 curveto
33.76999 81.57043 32.34506 80.88089 30.95135 80.13159 curveto
29.64113 79.42722 28.35939 78.67062 27.11687 77.8527 curveto
25.95576 77.08835 24.83 76.27156 23.75304 75.39275 curveto
22.75291 74.57687 21.79611 73.70833 20.89906 72.78003 curveto
20.06584 71.91786 19.28554 71.00575 18.57774 70.03778 curveto
17.91852 69.13617 17.32384 68.18849 16.81465 67.1943 curveto
16.33466 66.25711 15.93196 65.28162 15.62526 64.2742 curveto
15.33112 63.30827 15.1268 62.31682 15.02327 61.31213 curveto
14.92136 60.32228 14.9177 59.32489 15.01324 58.33456 curveto
15.11015 57.33034 15.30786 56.33842 15.59608 55.3716 curveto
15.8964 54.36395 16.2927 53.388 16.76723 52.44968 curveto
17.27025 51.45479 17.85924 50.50598 18.51299 49.603 curveto
19.2144 48.63434 19.98831 47.72041 20.81606 46.8571 curveto
21.70741 45.92722 22.6592 45.05751 23.65453 44.23982 curveto
24.72578 43.3594 25.84608 42.54056 27.00195 41.7744 curveto
28.23921 40.95442 29.51616 40.196 30.82184 39.48958 curveto
32.21098 38.738 33.6318 38.04663 35.0759 37.40678 curveto
36.60208 36.73045 38.1531 36.1125 39.72307 35.54564 curveto
41.3717 34.95049 43.03995 34.41188 44.72324 33.92346 curveto
46.47379 33.41563 48.23962 32.96255 50.01709 32.5594 curveto
51.85246 32.14302 53.6997 31.77979 55.55539 31.46579 curveto
57.45712 31.14381 59.3673 30.87384 61.2834 30.65265 curveto
63.23439 30.42758 65.19109 30.25337 67.15097 30.12819 curveto
69.12773 30.00186 71.10722 29.92593 73.08786 29.89879 curveto
75.0726 29.87166 77.05757 29.894 79.04117 29.96584 curveto
81.01382 30.0372 82.9842 30.15807 84.9507 30.32886 curveto
86.89417 30.49782 88.8333 30.71536 90.76537 30.98465 curveto
92.65662 31.24825 94.54057 31.56088 96.41495 31.92595 curveto
98.23755 32.28076 100.04991 32.68504 101.84926 33.14314 curveto
103.58522 33.58507 105.30797 34.07715 107.0136 34.62486 curveto
108.64854 35.14978 110.26685 35.72531 111.86327 36.35832 curveto
113.37804 36.95894 114.87184 37.6111 116.33804 38.32208 curveto
117.72102 38.9927 119.07823 39.71532 120.40056 40.49883 curveto
121.6392 41.2326 122.84615 42.01907 124.00977 42.8671 curveto
125.09471 43.6579 126.14067 44.5009 127.13281 45.40549 curveto
128.05312 46.24463 128.92555 47.1353 129.7323 48.08434 curveto
130.48183 48.96611 131.17297 49.89645 131.78545 50.87857 curveto
132.3587 51.79774 132.86151 52.75955 133.2731 53.76173 curveto
133.66415 54.71397 133.97154 55.69905 134.17973 56.70738 curveto
134.38176 57.68584 134.48756 58.6814 134.49532 59.68037 curveto stroke
newpath 74.71962 91.65607 moveto
74.19115 91.65607 73.68439 91.4461 73.31071 91.07245 curveto
72.93706 90.69878 72.7271 90.19202 72.7271 89.66354 curveto
72.7271 89.13507 72.93706 88.62831 73.31071 88.25464 curveto
73.68439 87.88098 74.19115 87.67102 74.71962 87.67102 curveto
75.2481 87.67102 75.75485 87.88098 76.12852 88.25464 curveto
76.50218 88.62831 76.71214 89.13507 76.71214 89.66354 curveto
76.71214 90.19202 76.50218 90.69878 76.12852 91.07245 curveto
75.75485 91.4461 75.2481 91.65607 74.71962 91.65607 curveto closepath fill
newpath 74.71962 31.88037 moveto
74.19115 31.88037 73.68439 31.67041 73.31071 31.29675 curveto
72.93706 30.92308 72.7271 30.41632 72.7271 29.88785 curveto
72.7271 29.35938 72.93706 28.85262 73.31071 28.47894 curveto
73.68439 28.10529 74.19115 27.89532 74.71962 27.89532 curveto
75.2481 27.89532 75.75485 28.10529 76.12852 28.47894 curveto
76.50218 28.85262 76.71214 29.35938 76.71214 29.88785 curveto
76.71214 30.41632 76.50218 30.92308 76.12852 31.29675 curveto
75.75485 31.67041 75.2481 31.88037 74.71962 31.88037 curveto closepath fill
newpath 14.94392 61.76822 moveto
14.41545 61.76822 13.90869 61.55826 13.53502 61.1846 curveto
13.16136 60.81093 12.9514 60.30417 12.9514 59.7757 curveto
12.9514 59.24722 13.16136 58.74046 13.53502 58.36679 curveto
13.90869 57.99313 14.41545 57.78317 14.94392 57.78317 curveto
15.4724 57.78317 15.97916 57.99313 16.35283 58.36679 curveto
16.72649 58.74046 16.93645 59.24722 16.93645 59.7757 curveto
16.93645 60.30417 16.72649 60.81093 16.35283 61.1846 curveto
15.97916 61.55826 15.4724 61.76822 14.94392 61.76822 curveto closepath fill
newpath 134.49532 61.76822 moveto
133.96684 61.76822 133.46008 61.55826 133.08641 61.1846 curveto
132.71275 60.81093 132.50279 60.30417 132.50279 59.7757 curveto
132.50279 59.24722 132.71275 58.74046 133.08641 58.36679 curveto
133.46008 57.99313 133.96684 57.78317 134.49532 57.78317 curveto
135.02379 57.78317 135.53055 57.99313 135.90422 58.36679 curveto
136.27788 58.74046 136.48784 59.24722 136.48784 59.7757 curveto
136.48784 60.30417 136.27788 60.81093 135.90422 61.1846 curveto
135.53055 61.55826 135.02379 61.76822 134.49532 61.76822 curveto closepath fill
newpath 59.7757 90.69972 moveto
59.24722 90.69972 58.74046 90.48976 58.36679 90.1161 curveto
57.99313 89.74243 57.78317 89.23567 57.78317 88.7072 curveto
57.78317 88.17873 57.99313 87.67197 58.36679 87.2983 curveto
58.74046 86.92464 59.24722 86.71468 59.7757 86.71468 curveto
60.30417 86.71468 60.81093 86.92464 61.1846 87.2983 curveto
61.55826 87.67197 61.76822 88.17873 61.76822 88.7072 curveto
61.76822 89.23567 61.55826 89.74243 61.1846 90.1161 curveto
60.81093 90.48976 60.30417 90.69972 59.7757 90.69972 curveto closepath fill
newpath 59.7757 32.83672 moveto
59.24722 32.83672 58.74046 32.62675 58.36679 32.2531 curveto
57.99313 31.87943 57.78317 31.37267 57.78317 30.8442 curveto
57.78317 30.31572 57.99313 29.80896 58.36679 29.43529 curveto
58.74046 29.06163 59.24722 28.85167 59.7757 28.85167 curveto
60.30417 28.85167 60.81093 29.06163 61.1846 29.43529 curveto
61.55826 29.80896 61.76822 30.31572 61.76822 30.8442 curveto
61.76822 31.37267 61.55826 31.87943 61.1846 32.2531 curveto
60.81093 32.62675 60.30417 32.83672 59.7757 32.83672 curveto closepath fill
newpath 126.48544 76.71214 moveto
125.95697 76.71214 125.45021 76.50218 125.07654 76.12852 curveto
124.70288 75.75485 124.49292 75.2481 124.49292 74.71962 curveto
124.49292 74.19115 124.70288 73.68439 125.07654 73.31071 curveto
125.45021 72.93706 125.95697 72.7271 126.48544 72.7271 curveto
127.01392 72.7271 127.52068 72.93706 127.89435 73.31071 curveto
128.268 73.68439 128.47797 74.19115 128.47797 74.71962 curveto
128.47797 75.2481 128.268 75.75485 127.89435 76.12852 curveto
127.52068 76.50218 127.01392 76.71214 126.48544 76.71214 curveto closepath fill
newpath 126.48544 46.8243 moveto
125.95697 46.8243 125.45021 46.61433 125.07654 46.24068 curveto
124.70288 45.867 124.49292 45.36024 124.49292 44.83177 curveto
124.49292 44.3033 124.70288 43.79654 125.07654 43.42287 curveto
125.45021 43.04921 125.95697 42.83925 126.48544 42.83925 curveto
127.01392 42.83925 127.52068 43.04921 127.89435 43.42287 curveto
128.268 43.79654 128.47797 44.3033 128.47797 44.83177 curveto
128.47797 45.36024 128.268 45.867 127.89435 46.24068 curveto
127.52068 46.61433 127.01392 46.8243 126.48544 46.8243 curveto closepath fill
newpath 22.9538 76.71214 moveto
22.42532 76.71214 21.91856 76.50218 21.54489 76.12852 curveto
21.17123 75.75485 20.96127 75.2481 20.96127 74.71962 curveto
20.96127 74.19115 21.17123 73.68439 21.54489 73.31071 curveto
21.91856 72.93706 22.42532 72.7271 22.9538 72.7271 curveto
23.48227 72.7271 23.98903 72.93706 24.3627 73.31071 curveto
24.73636 73.68439 24.94632 74.19115 24.94632 74.71962 curveto
24.94632 75.2481 24.73636 75.75485 24.3627 76.12852 curveto
23.98903 76.50218 23.48227 76.71214 22.9538 76.71214 curveto closepath fill
newpath 22.9538 46.8243 moveto
22.42532 46.8243 21.91856 46.61433 21.54489 46.24068 curveto
21.17123 45.867 20.96127 45.36024 20.96127 44.83177 curveto
20.96127 44.3033 21.17123 43.79654 21.54489 43.42287 curveto
21.91856 43.04921 22.42532 42.83925 22.9538 42.83925 curveto
23.48227 42.83925 23.98903 43.04921 24.3627 43.42287 curveto
24.73636 43.79654 24.94632 44.3033 24.94632 44.83177 curveto
24.94632 45.36024 24.73636 45.867 24.3627 46.24068 curveto
23.98903 46.61433 23.48227 46.8243 22.9538 46.8243 curveto closepath fill
showpage
%%EOF
