%!PS
%%BoundingBox: -1 -1 168 168 
%%HiResBoundingBox: -0.24907 -0.24907 167.62102 167.62102 
%%Creator: MetaPost 1.9991
%%CreationDate: 2017.08.03:1329
%%Pages: 1
%%BeginProlog
%%EndProlog
%%Page: 1 1
 0 0 0 setrgbcolor
newpath 155.41681 97.63364 moveto
154.88834 97.63364 154.38158 97.42368 154.0079 97.05002 curveto
153.63425 96.67635 153.42429 96.16959 153.42429 95.64111 curveto
153.42429 95.11264 153.63425 94.60588 154.0079 94.23221 curveto
154.38158 93.85855 154.88834 93.64859 155.41681 93.64859 curveto
155.94528 93.64859 156.45204 93.85855 156.82571 94.23221 curveto
157.19937 94.60588 157.40933 95.11264 157.40933 95.64111 curveto
157.40933 96.16959 157.19937 96.67635 156.82571 97.05002 curveto
156.45204 97.42368 155.94528 97.63364 155.41681 97.63364 curveto closepath fill
newpath 11.95514 73.72336 moveto
11.42667 73.72336 10.9199 73.5134 10.54623 73.13974 curveto
10.17258 72.76607 9.96262 72.25931 9.96262 71.73083 curveto
9.96262 71.20236 10.17258 70.6956 10.54623 70.32193 curveto
10.9199 69.94827 11.42667 69.73831 11.95514 69.73831 curveto
12.48361 69.73831 12.99037 69.94827 13.36404 70.32193 curveto
13.7377 70.6956 13.94766 71.20236 13.94766 71.73083 curveto
13.94766 72.25931 13.7377 72.76607 13.36404 73.13974 curveto
12.99037 73.5134 12.48361 73.72336 11.95514 73.72336 curveto closepath fill
newpath 119.55139 109.58878 moveto
119.02292 109.58878 118.51616 109.37881 118.14249 109.00516 curveto
117.76883 108.63148 117.55887 108.12473 117.55887 107.59625 curveto
117.55887 107.06778 117.76883 106.56102 118.14249 106.18735 curveto
118.51616 105.81369 119.02292 105.60373 119.55139 105.60373 curveto
120.07986 105.60373 120.58662 105.81369 120.9603 106.18735 curveto
121.33395 106.56102 121.54391 107.06778 121.54391 107.59625 curveto
121.54391 108.12473 121.33395 108.63148 120.9603 109.00516 curveto
120.58662 109.37881 120.07986 109.58878 119.55139 109.58878 curveto closepath fill
newpath 47.82056 61.76822 moveto
47.29208 61.76822 46.78532 61.55826 46.41165 61.1846 curveto
46.038 60.81093 45.82803 60.30417 45.82803 59.7757 curveto
45.82803 59.24722 46.038 58.74046 46.41165 58.36679 curveto
46.78532 57.99313 47.29208 57.78317 47.82056 57.78317 curveto
48.34903 57.78317 48.85579 57.99313 49.22946 58.36679 curveto
49.60312 58.74046 49.81308 59.24722 49.81308 59.7757 curveto
49.81308 60.30417 49.60312 60.81093 49.22946 61.1846 curveto
48.85579 61.55826 48.34903 61.76822 47.82056 61.76822 curveto closepath fill
newpath 107.59625 121.54391 moveto
107.06778 121.54391 106.56102 121.33395 106.18735 120.9603 curveto
105.81369 120.58662 105.60373 120.07986 105.60373 119.55139 curveto
105.60373 119.02292 105.81369 118.51616 106.18735 118.14249 curveto
106.56102 117.76883 107.06778 117.55887 107.59625 117.55887 curveto
108.12473 117.55887 108.63148 117.76883 109.00516 118.14249 curveto
109.37881 118.51616 109.58878 119.02292 109.58878 119.55139 curveto
109.58878 120.07986 109.37881 120.58662 109.00516 120.9603 curveto
108.63148 121.33395 108.12473 121.54391 107.59625 121.54391 curveto closepath fill
newpath 59.7757 49.81308 moveto
59.24722 49.81308 58.74046 49.60312 58.36679 49.22946 curveto
57.99313 48.85579 57.78317 48.34903 57.78317 47.82056 curveto
57.78317 47.29208 57.99313 46.78532 58.36679 46.41165 curveto
58.74046 46.038 59.24722 45.82803 59.7757 45.82803 curveto
60.30417 45.82803 60.81093 46.038 61.1846 46.41165 curveto
61.55826 46.78532 61.76822 47.29208 61.76822 47.82056 curveto
61.76822 48.34903 61.55826 48.85579 61.1846 49.22946 curveto
60.81093 49.60312 60.30417 49.81308 59.7757 49.81308 curveto closepath fill
newpath 65.75327 37.85794 moveto
65.2248 37.85794 64.71803 37.64798 64.34436 37.27432 curveto
63.9707 36.90065 63.76074 36.39389 63.76074 35.86542 curveto
63.76074 35.33694 63.9707 34.83018 64.34436 34.45651 curveto
64.71803 34.08286 65.2248 33.8729 65.75327 33.8729 curveto
66.28174 33.8729 66.7885 34.08286 67.16217 34.45651 curveto
67.53583 34.83018 67.74579 35.33694 67.74579 35.86542 curveto
67.74579 36.39389 67.53583 36.90065 67.16217 37.27432 curveto
66.7885 37.64798 66.28174 37.85794 65.75327 37.85794 curveto closepath fill
newpath 101.61868 133.49905 moveto
101.09021 133.49905 100.58345 133.2891 100.20978 132.91544 curveto
99.83612 132.54176 99.62616 132.035 99.62616 131.50653 curveto
99.62616 130.97806 99.83612 130.4713 100.20978 130.09763 curveto
100.58345 129.72397 101.09021 129.514 101.61868 129.514 curveto
102.14716 129.514 102.65392 129.72397 103.02759 130.09763 curveto
103.40125 130.4713 103.6112 130.97806 103.6112 131.50653 curveto
103.6112 132.035 103.40125 132.54176 103.02759 132.91544 curveto
102.65392 133.2891 102.14716 133.49905 101.61868 133.49905 curveto closepath fill
newpath 69.33984 25.9028 moveto
68.81137 25.9028 68.30461 25.69284 67.93094 25.31918 curveto
67.55728 24.94551 67.34732 24.43875 67.34732 23.91028 curveto
67.34732 23.3818 67.55728 22.87505 67.93094 22.50137 curveto
68.30461 22.12772 68.81137 21.91776 69.33984 21.91776 curveto
69.86832 21.91776 70.37508 22.12772 70.74875 22.50137 curveto
71.1224 22.87505 71.33237 23.3818 71.33237 23.91028 curveto
71.33237 24.43875 71.1224 24.94551 70.74875 25.31918 curveto
70.37508 25.69284 69.86832 25.9028 69.33984 25.9028 curveto closepath fill
newpath 98.0321 145.4542 moveto
97.50363 145.4542 96.99687 145.24423 96.6232 144.87057 curveto
96.24954 144.4969 96.03958 143.99014 96.03958 143.46167 curveto
96.03958 142.9332 96.24954 142.42644 96.6232 142.05276 curveto
96.99687 141.67911 97.50363 141.46915 98.0321 141.46915 curveto
98.56058 141.46915 99.06734 141.67911 99.44101 142.05276 curveto
99.81467 142.42644 100.02463 142.9332 100.02463 143.46167 curveto
100.02463 143.99014 99.81467 144.4969 99.44101 144.87057 curveto
99.06734 145.24423 98.56058 145.4542 98.0321 145.4542 curveto closepath fill
newpath 71.73083 13.94766 moveto
71.20236 13.94766 70.6956 13.7377 70.32193 13.36404 curveto
69.94827 12.99037 69.73831 12.48361 69.73831 11.95514 curveto
69.73831 11.42667 69.94827 10.9199 70.32193 10.54623 curveto
70.6956 10.17258 71.20236 9.96262 71.73083 9.96262 curveto
72.25931 9.96262 72.76607 10.17258 73.13974 10.54623 curveto
73.5134 10.9199 73.72336 11.42667 73.72336 11.95514 curveto
73.72336 12.48361 73.5134 12.99037 73.13974 13.36404 curveto
72.76607 13.7377 72.25931 13.94766 71.73083 13.94766 curveto closepath fill
newpath 95.64111 157.40933 moveto
95.11264 157.40933 94.60588 157.19937 94.23221 156.82571 curveto
93.85855 156.45204 93.64859 155.94528 93.64859 155.41681 curveto
93.64859 154.88834 93.85855 154.38158 94.23221 154.0079 curveto
94.60588 153.63425 95.11264 153.42429 95.64111 153.42429 curveto
96.16959 153.42429 96.67635 153.63425 97.05002 154.0079 curveto
97.42368 154.38158 97.63364 154.88834 97.63364 155.41681 curveto
97.63364 155.94528 97.42368 156.45204 97.05002 156.82571 curveto
96.67635 157.19937 96.16959 157.40933 95.64111 157.40933 curveto closepath fill
 0 0.49814 dtransform truncate idtransform setlinewidth pop [] 0 setdash
 1 setlinecap 1 setlinejoin 10 setmiterlimit
newpath 0 83.68597 moveto
167.37195 83.68597 lineto stroke
newpath 162.39064 86.17664 moveto
163.56657 84.60872 165.41206 83.68597 167.37195 83.68597 curveto
165.41206 83.68597 163.56657 82.76323 162.39064 81.19531 curveto stroke
 0.49814 0 dtransform exch truncate exch idtransform pop setlinewidth
newpath 83.68597 0 moveto
83.68597 167.37195 lineto stroke
 0 0.49814 dtransform truncate idtransform setlinewidth pop
newpath 81.19531 162.39064 moveto
82.76323 163.56657 83.68597 165.41206 83.68597 167.37195 curveto
83.68597 165.41206 84.60872 163.56657 86.17664 162.39064 curveto stroke
 0.49814 0 dtransform exch truncate exch idtransform pop setlinewidth
newpath 11.95514 81.69345 moveto
11.95514 85.6785 lineto stroke
newpath 23.91028 81.69345 moveto
23.91028 85.6785 lineto stroke
newpath 35.86542 81.69345 moveto
35.86542 85.6785 lineto stroke
newpath 47.82056 81.69345 moveto
47.82056 85.6785 lineto stroke
newpath 59.7757 81.69345 moveto
59.7757 85.6785 lineto stroke
newpath 71.73083 81.69345 moveto
71.73083 85.6785 lineto stroke
newpath 95.64111 81.69345 moveto
95.64111 85.6785 lineto stroke
newpath 107.59625 81.69345 moveto
107.59625 85.6785 lineto stroke
newpath 119.55139 81.69345 moveto
119.55139 85.6785 lineto stroke
newpath 131.50653 81.69345 moveto
131.50653 85.6785 lineto stroke
newpath 143.46167 81.69345 moveto
143.46167 85.6785 lineto stroke
newpath 155.41681 81.69345 moveto
155.41681 85.6785 lineto stroke
 0 0.49814 dtransform truncate idtransform setlinewidth pop
newpath 85.6785 11.95514 moveto
81.69345 11.95514 lineto stroke
newpath 85.6785 23.91028 moveto
81.69345 23.91028 lineto stroke
newpath 85.6785 35.86542 moveto
81.69345 35.86542 lineto stroke
newpath 85.6785 47.82056 moveto
81.69345 47.82056 lineto stroke
newpath 85.6785 59.7757 moveto
81.69345 59.7757 lineto stroke
newpath 85.6785 71.73083 moveto
81.69345 71.73083 lineto stroke
newpath 85.6785 95.64111 moveto
81.69345 95.64111 lineto stroke
newpath 85.6785 107.59625 moveto
81.69345 107.59625 lineto stroke
newpath 85.6785 119.55139 moveto
81.69345 119.55139 lineto stroke
newpath 85.6785 131.50653 moveto
81.69345 131.50653 lineto stroke
newpath 85.6785 143.46167 moveto
81.69345 143.46167 lineto stroke
newpath 85.6785 155.41681 moveto
81.69345 155.41681 lineto stroke
showpage
%%EOF
