%!PS
%%BoundingBox: -1 -1 150 120 
%%HiResBoundingBox: -0.24907 -0.24907 149.68831 119.80046 
%%Creator: MetaPost 1.9991
%%CreationDate: 2017.08.03:1329
%%Pages: 1
%%BeginProlog
%%EndProlog
%%Page: 1 1
 0 0 0 setrgbcolor 0 0.49814 dtransform truncate idtransform setlinewidth pop
 [] 0 setdash 1 setlinecap 1 setlinejoin 10 setmiterlimit
newpath 0 59.7757 moveto
149.43924 59.7757 lineto stroke
newpath 144.45793 62.26636 moveto
145.63387 60.69844 147.47935 59.7757 149.43924 59.7757 curveto
147.47935 59.7757 145.63387 58.85295 144.45793 57.28503 curveto stroke
 0.49814 0 dtransform exch truncate exch idtransform pop setlinewidth
newpath 74.71962 0 moveto
74.71962 119.55139 lineto stroke
 0 0.49814 dtransform truncate idtransform setlinewidth pop
newpath 72.22896 114.57008 moveto
73.79688 115.74602 74.71962 117.5915 74.71962 119.55139 curveto
74.71962 117.5915 75.64236 115.74602 77.21028 114.57008 curveto stroke
 0.49814 0 dtransform exch truncate exch idtransform pop setlinewidth
newpath 14.94392 57.78317 moveto
14.94392 61.76822 lineto stroke
newpath 29.88785 57.78317 moveto
29.88785 61.76822 lineto stroke
newpath 44.83177 57.78317 moveto
44.83177 61.76822 lineto stroke
newpath 59.7757 57.78317 moveto
59.7757 61.76822 lineto stroke
newpath 89.66354 57.78317 moveto
89.66354 61.76822 lineto stroke
newpath 104.60747 57.78317 moveto
104.60747 61.76822 lineto stroke
newpath 119.55139 57.78317 moveto
119.55139 61.76822 lineto stroke
newpath 134.49532 57.78317 moveto
134.49532 61.76822 lineto stroke
 0 0.49814 dtransform truncate idtransform setlinewidth pop
newpath 76.71214 14.94392 moveto
72.7271 14.94392 lineto stroke
newpath 76.71214 29.88785 moveto
72.7271 29.88785 lineto stroke
newpath 76.71214 44.83177 moveto
72.7271 44.83177 lineto stroke
newpath 76.71214 74.71962 moveto
72.7271 74.71962 lineto stroke
newpath 76.71214 89.66354 moveto
72.7271 89.66354 lineto stroke
newpath 76.71214 104.60747 moveto
72.7271 104.60747 lineto stroke
 0 1.24533 dtransform truncate idtransform setlinewidth pop
newpath 135.65164 22.41588 moveto
134.51788 22.90865 133.38666 23.40666 132.25746 23.90991 curveto
131.15108 24.40314 130.04698 24.90114 128.94539 25.40485 curveto
127.86865 25.89738 126.79396 26.39494 125.72246 26.89888 curveto
124.67514 27.39142 123.63055 27.8892 122.58893 28.39359 curveto
121.57353 28.88545 120.56087 29.383 119.55185 29.88762 curveto
118.56883 30.37924 117.58878 30.87703 116.6126 31.38255 curveto
115.66469 31.8735 114.7202 32.37082 113.78027 32.87659 curveto
112.86862 33.36707 111.96063 33.86462 111.05788 34.37129 curveto
110.18544 34.86087 109.31712 35.35797 108.45473 35.86533 curveto
107.62311 36.35445 106.7963 36.85176 105.9763 37.36026 curveto
105.18962 37.84824 104.40817 38.34511 103.63516 38.8543 curveto
102.8959 39.34113 102.16325 39.83777 101.43996 40.34833 curveto
100.75154 40.83424 100.07089 41.33089 99.40186 41.84303 curveto
98.76909 42.32736 98.14543 42.82378 97.53592 43.33707 curveto
96.96198 43.82048 96.39899 44.3169 95.85332 44.832 curveto
95.34276 45.31404 94.8459 45.81 94.36978 46.32603 curveto
93.92558 46.80739 93.49803 47.30426 93.09511 47.82074 curveto
92.71954 48.30211 92.36497 48.79942 92.03798 49.31477 curveto
91.7315 49.79773 91.45036 50.29642 91.1984 50.80971 curveto
90.9601 51.29495 90.75145 51.79433 90.56995 52.30373 curveto
90.39574 52.79308 90.25345 53.29291 90.13419 53.79845 curveto
90.0179 54.29121 89.93285 54.79082 89.86398 55.29248 curveto
89.79579 55.78844 89.75543 56.28781 89.72305 56.78741 curveto
89.6909 57.28474 89.68088 57.7832 89.67084 58.28143 curveto
89.66104 58.77945 89.66605 59.27747 89.66354 59.77547 curveto
89.66104 60.27371 89.66605 60.77194 89.65602 61.27017 curveto
89.64598 61.76842 89.63618 62.26688 89.60358 62.7642 curveto
89.57097 63.26381 89.53107 63.76341 89.46037 64.25914 curveto
89.38878 64.76126 89.30281 65.26155 89.1774 65.75317 curveto
89.04787 66.26076 88.89714 66.7631 88.6983 67.24788 curveto
88.4867 67.76392 88.24681 68.26875 87.95152 68.74191 curveto
87.62111 69.27116 87.2581 69.7808 86.83214 70.23685 curveto
86.32022 70.7848 85.77638 71.30493 85.15889 71.73088 curveto
84.31564 72.31235 83.48494 72.94307 82.49828 73.22559 curveto
79.95488 73.95367 77.35173 74.45374 74.71962 74.71962 curveto stroke
newpath 133.50626 24.97775 moveto
133.77835 23.83376 134.57318 22.88461 135.65164 22.41588 curveto
134.57318 22.88461 133.33698 22.81822 132.31491 22.2367 curveto stroke
newpath 13.7876 22.41588 moveto
14.92136 22.90865 16.05258 23.40666 17.18178 23.90991 curveto
18.28816 24.40314 19.39226 24.90114 20.49385 25.40485 curveto
21.57059 25.89738 22.64528 26.39494 23.71678 26.89888 curveto
24.7641 27.39142 25.80869 27.8892 26.85031 28.39359 curveto
27.8657 28.88545 28.87837 29.383 29.88739 29.88762 curveto
30.8704 30.37924 31.85046 30.87703 32.82664 31.38255 curveto
33.77455 31.8735 34.71904 32.37082 35.65897 32.87659 curveto
36.57062 33.36707 37.4786 33.86462 38.38136 34.37129 curveto
39.2538 34.86087 40.12212 35.35797 40.98451 35.86533 curveto
41.81613 36.35445 42.64294 36.85176 43.46294 37.36026 curveto
44.24962 37.84824 45.03107 38.34511 45.80408 38.8543 curveto
46.54333 39.34113 47.27599 39.83777 47.99928 40.34833 curveto
48.6877 40.83424 49.36835 41.33089 50.03738 41.84303 curveto
50.67015 42.32736 51.29381 42.82378 51.90332 43.33707 curveto
52.47726 43.82048 53.04025 44.3169 53.58592 44.832 curveto
54.09648 45.31404 54.59334 45.81 55.06946 46.32603 curveto
55.51366 46.80739 55.94121 47.30426 56.34413 47.82074 curveto
56.7197 48.30211 57.07426 48.79942 57.40126 49.31477 curveto
57.70773 49.79773 57.98888 50.29642 58.24084 50.80971 curveto
58.47914 51.29495 58.68779 51.79433 58.8693 52.30373 curveto
59.0435 52.79308 59.18579 53.29291 59.30505 53.79845 curveto
59.42134 54.29121 59.5064 54.79082 59.57526 55.29248 curveto
59.64345 55.78844 59.6838 56.28781 59.71619 56.78741 curveto
59.74834 57.28474 59.75836 57.7832 59.7684 58.28143 curveto
59.7782 58.77945 59.7732 59.27747 59.7757 59.77547 curveto
59.7782 60.27371 59.7732 60.77194 59.78322 61.27017 curveto
59.79326 61.76842 59.80305 62.26688 59.83566 62.7642 curveto
59.86827 63.26381 59.90817 63.76341 59.97887 64.25914 curveto
60.05046 64.76126 60.13643 65.26155 60.26184 65.75317 curveto
60.39137 66.26076 60.5421 66.7631 60.74094 67.24788 curveto
60.95255 67.76392 61.19243 68.26875 61.48772 68.74191 curveto
61.81813 69.27116 62.18114 69.7808 62.6071 70.23685 curveto
63.11902 70.7848 63.66286 71.30493 64.28035 71.73088 curveto
65.1236 72.31235 65.9543 72.94307 66.94096 73.22559 curveto
69.48436 73.95367 72.08751 74.45374 74.71962 74.71962 curveto stroke
newpath 17.12433 22.2367 moveto
16.10226 22.81822 14.86606 22.88461 13.7876 22.41588 curveto
14.86606 22.88461 15.66089 23.83376 15.93298 24.97775 curveto stroke
newpath 29.88785 31.88037 moveto
29.35938 31.88037 28.85262 31.67041 28.47894 31.29675 curveto
28.10529 30.92308 27.89532 30.41632 27.89532 29.88785 curveto
27.89532 29.35938 28.10529 28.85262 28.47894 28.47894 curveto
28.85262 28.10529 29.35938 27.89532 29.88785 27.89532 curveto
30.41632 27.89532 30.92308 28.10529 31.29675 28.47894 curveto
31.67041 28.85262 31.88037 29.35938 31.88037 29.88785 curveto
31.88037 30.41632 31.67041 30.92308 31.29675 31.29675 curveto
30.92308 31.67041 30.41632 31.88037 29.88785 31.88037 curveto closepath fill
newpath 44.83177 40.2161 moveto
44.3033 40.2161 43.79654 40.00613 43.42287 39.63248 curveto
43.04921 39.2588 42.83925 38.75204 42.83925 38.22357 curveto
42.83925 37.6951 43.04921 37.18834 43.42287 36.81467 curveto
43.79654 36.44101 44.3033 36.23105 44.83177 36.23105 curveto
45.36024 36.23105 45.867 36.44101 46.24068 36.81467 curveto
46.61433 37.18834 46.8243 37.6951 46.8243 38.22357 curveto
46.8243 38.75204 46.61433 39.2588 46.24068 39.63248 curveto
45.867 40.00613 45.36024 40.2161 44.83177 40.2161 curveto closepath fill
newpath 59.7757 61.76822 moveto
59.24722 61.76822 58.74046 61.55826 58.36679 61.1846 curveto
57.99313 60.81093 57.78317 60.30417 57.78317 59.7757 curveto
57.78317 59.24722 57.99313 58.74046 58.36679 58.36679 curveto
58.74046 57.99313 59.24722 57.78317 59.7757 57.78317 curveto
60.30417 57.78317 60.81093 57.99313 61.1846 58.36679 curveto
61.55826 58.74046 61.76822 59.24722 61.76822 59.7757 curveto
61.76822 60.30417 61.55826 60.81093 61.1846 61.1846 curveto
60.81093 61.55826 60.30417 61.76822 59.7757 61.76822 curveto closepath fill
newpath 74.71962 76.71214 moveto
74.19115 76.71214 73.68439 76.50218 73.31071 76.12852 curveto
72.93706 75.75485 72.7271 75.2481 72.7271 74.71962 curveto
72.7271 74.19115 72.93706 73.68439 73.31071 73.31071 curveto
73.68439 72.93706 74.19115 72.7271 74.71962 72.7271 curveto
75.2481 72.7271 75.75485 72.93706 76.12852 73.31071 curveto
76.50218 73.68439 76.71214 74.19115 76.71214 74.71962 curveto
76.71214 75.2481 76.50218 75.75485 76.12852 76.12852 curveto
75.75485 76.50218 75.2481 76.71214 74.71962 76.71214 curveto closepath fill
newpath 119.55139 31.88037 moveto
119.02292 31.88037 118.51616 31.67041 118.14249 31.29675 curveto
117.76883 30.92308 117.55887 30.41632 117.55887 29.88785 curveto
117.55887 29.35938 117.76883 28.85262 118.14249 28.47894 curveto
118.51616 28.10529 119.02292 27.89532 119.55139 27.89532 curveto
120.07986 27.89532 120.58662 28.10529 120.9603 28.47894 curveto
121.33395 28.85262 121.54391 29.35938 121.54391 29.88785 curveto
121.54391 30.41632 121.33395 30.92308 120.9603 31.29675 curveto
120.58662 31.67041 120.07986 31.88037 119.55139 31.88037 curveto closepath fill
newpath 104.60747 40.2161 moveto
104.079 40.2161 103.57224 40.00613 103.19856 39.63248 curveto
102.8249 39.2588 102.61494 38.75204 102.61494 38.22357 curveto
102.61494 37.6951 102.8249 37.18834 103.19856 36.81467 curveto
103.57224 36.44101 104.079 36.23105 104.60747 36.23105 curveto
105.13594 36.23105 105.6427 36.44101 106.01637 36.81467 curveto
106.39003 37.18834 106.59999 37.6951 106.59999 38.22357 curveto
106.59999 38.75204 106.39003 39.2588 106.01637 39.63248 curveto
105.6427 40.00613 105.13594 40.2161 104.60747 40.2161 curveto closepath fill
newpath 89.66354 61.76822 moveto
89.13507 61.76822 88.62831 61.55826 88.25464 61.1846 curveto
87.88098 60.81093 87.67102 60.30417 87.67102 59.7757 curveto
87.67102 59.24722 87.88098 58.74046 88.25464 58.36679 curveto
88.62831 57.99313 89.13507 57.78317 89.66354 57.78317 curveto
90.19202 57.78317 90.69878 57.99313 91.07245 58.36679 curveto
91.4461 58.74046 91.65607 59.24722 91.65607 59.7757 curveto
91.65607 60.30417 91.4461 60.81093 91.07245 61.1846 curveto
90.69878 61.55826 90.19202 61.76822 89.66354 61.76822 curveto closepath fill
showpage
%%EOF
