%!PS
%%BoundingBox: -1 -1 100 160 
%%HiResBoundingBox: -0.24907 -0.24907 99.87523 159.65092 
%%Creator: MetaPost 1.9991
%%CreationDate: 2017.08.03:0835
%%Pages: 1
%%BeginProlog
%%EndProlog
%%Page: 1 1
 0 0 0 setrgbcolor
newpath 9.96262 148.02448 moveto
9.56625 148.02448 9.18619 147.86699 8.90594 147.58675 curveto
8.6257 147.3065 8.46822 146.92644 8.46822 146.53008 curveto
8.46822 146.13371 8.6257 145.75365 8.90594 145.4734 curveto
9.18619 145.19316 9.56625 145.03568 9.96262 145.03568 curveto
10.35898 145.03568 10.73904 145.19316 11.01929 145.4734 curveto
11.29953 145.75365 11.45702 146.13371 11.45702 146.53008 curveto
11.45702 146.92644 11.29953 147.3065 11.01929 147.58675 curveto
10.73904 147.86699 10.35898 148.02448 9.96262 148.02448 curveto closepath fill
newpath 89.66354 148.02448 moveto
89.26718 148.02448 88.88712 147.86699 88.60687 147.58675 curveto
88.32663 147.3065 88.16914 146.92644 88.16914 146.53008 curveto
88.16914 146.13371 88.32663 145.75365 88.60687 145.4734 curveto
88.88712 145.19316 89.26718 145.03568 89.66354 145.03568 curveto
90.0599 145.03568 90.43997 145.19316 90.72021 145.4734 curveto
91.00046 145.75365 91.15794 146.13371 91.15794 146.53008 curveto
91.15794 146.92644 91.00046 147.3065 90.72021 147.58675 curveto
90.43997 147.86699 90.0599 148.02448 89.66354 148.02448 curveto closepath fill
newpath 29.88785 123.46667 moveto
29.49149 123.46667 29.11142 123.30919 28.83118 123.02895 curveto
28.55093 122.7487 28.39345 122.36864 28.39345 121.97227 curveto
28.39345 121.57591 28.55093 121.19585 28.83118 120.9156 curveto
29.11142 120.63536 29.49149 120.47787 29.88785 120.47787 curveto
30.28421 120.47787 30.66428 120.63536 30.94452 120.9156 curveto
31.22476 121.19585 31.38225 121.57591 31.38225 121.97227 curveto
31.38225 122.36864 31.22476 122.7487 30.94452 123.02895 curveto
30.66428 123.30919 30.28421 123.46667 29.88785 123.46667 curveto closepath fill
newpath 69.73831 123.46667 moveto
69.34195 123.46667 68.96188 123.30919 68.68164 123.02895 curveto
68.4014 122.7487 68.24391 122.36864 68.24391 121.97227 curveto
68.24391 121.57591 68.4014 121.19585 68.68164 120.9156 curveto
68.96188 120.63536 69.34195 120.47787 69.73831 120.47787 curveto
70.13467 120.47787 70.51474 120.63536 70.79498 120.9156 curveto
71.07523 121.19585 71.23271 121.57591 71.23271 121.97227 curveto
71.23271 122.36864 71.07523 122.7487 70.79498 123.02895 curveto
70.51474 123.30919 70.13467 123.46667 69.73831 123.46667 curveto closepath fill
newpath 49.81308 111.08318 moveto
49.41672 111.08318 49.03665 110.92569 48.75641 110.64545 curveto
48.47617 110.3652 48.31868 109.98514 48.31868 109.58878 curveto
48.31868 109.19241 48.47617 108.81235 48.75641 108.5321 curveto
49.03665 108.25186 49.41672 108.09438 49.81308 108.09438 curveto
50.20944 108.09438 50.58951 108.25186 50.86975 108.5321 curveto
51.15 108.81235 51.30748 109.19241 51.30748 109.58878 curveto
51.30748 109.98514 51.15 110.3652 50.86975 110.64545 curveto
50.58951 110.92569 50.20944 111.08318 49.81308 111.08318 curveto closepath fill
newpath 49.81308 51.30748 moveto
49.41672 51.30748 49.03665 51.15 48.75641 50.86975 curveto
48.47617 50.58951 48.31868 50.20944 48.31868 49.81308 curveto
48.31868 49.41672 48.47617 49.03665 48.75641 48.75641 curveto
49.03665 48.47617 49.41672 48.31868 49.81308 48.31868 curveto
50.20944 48.31868 50.58951 48.47617 50.86975 48.75641 curveto
51.15 49.03665 51.30748 49.41672 51.30748 49.81308 curveto
51.30748 50.20944 51.15 50.58951 50.86975 50.86975 curveto
50.58951 51.15 50.20944 51.30748 49.81308 51.30748 curveto closepath fill
newpath 9.96262 14.36618 moveto
9.56625 14.36618 9.18619 14.2087 8.90594 13.92845 curveto
8.6257 13.64821 8.46822 13.26814 8.46822 12.87178 curveto
8.46822 12.47542 8.6257 12.09535 8.90594 11.81511 curveto
9.18619 11.53487 9.56625 11.37738 9.96262 11.37738 curveto
10.35898 11.37738 10.73904 11.53487 11.01929 11.81511 curveto
11.29953 12.09535 11.45702 12.47542 11.45702 12.87178 curveto
11.45702 13.26814 11.29953 13.64821 11.01929 13.92845 curveto
10.73904 14.2087 10.35898 14.36618 9.96262 14.36618 curveto closepath fill
newpath 89.66354 14.36618 moveto
89.26718 14.36618 88.88712 14.2087 88.60687 13.92845 curveto
88.32663 13.64821 88.16914 13.26814 88.16914 12.87178 curveto
88.16914 12.47542 88.32663 12.09535 88.60687 11.81511 curveto
88.88712 11.53487 89.26718 11.37738 89.66354 11.37738 curveto
90.0599 11.37738 90.43997 11.53487 90.72021 11.81511 curveto
91.00046 12.09535 91.15794 12.47542 91.15794 12.87178 curveto
91.15794 13.26814 91.00046 13.64821 90.72021 13.92845 curveto
90.43997 14.2087 90.0599 14.36618 89.66354 14.36618 curveto closepath fill
newpath 29.88785 38.92398 moveto
29.49149 38.92398 29.11142 38.7665 28.83118 38.48625 curveto
28.55093 38.20601 28.39345 37.82594 28.39345 37.42958 curveto
28.39345 37.03322 28.55093 36.65315 28.83118 36.37291 curveto
29.11142 36.09267 29.49149 35.93518 29.88785 35.93518 curveto
30.28421 35.93518 30.66428 36.09267 30.94452 36.37291 curveto
31.22476 36.65315 31.38225 37.03322 31.38225 37.42958 curveto
31.38225 37.82594 31.22476 38.20601 30.94452 38.48625 curveto
30.66428 38.7665 30.28421 38.92398 29.88785 38.92398 curveto closepath fill
newpath 69.73831 38.92398 moveto
69.34195 38.92398 68.96188 38.7665 68.68164 38.48625 curveto
68.4014 38.20601 68.24391 37.82594 68.24391 37.42958 curveto
68.24391 37.03322 68.4014 36.65315 68.68164 36.37291 curveto
68.96188 36.09267 69.34195 35.93518 69.73831 35.93518 curveto
70.13467 35.93518 70.51474 36.09267 70.79498 36.37291 curveto
71.07523 36.65315 71.23271 37.03322 71.23271 37.42958 curveto
71.23271 37.82594 71.07523 38.20601 70.79498 38.48625 curveto
70.51474 38.7665 70.13467 38.92398 69.73831 38.92398 curveto closepath fill
 0 0.49814 dtransform truncate idtransform setlinewidth pop [] 0 setdash
 1 setlinecap 1 setlinejoin 10 setmiterlimit
newpath 0 79.70093 moveto
99.62616 79.70093 lineto stroke
newpath 94.64485 82.19159 moveto
95.82079 80.62367 97.66628 79.70093 99.62616 79.70093 curveto
97.66628 79.70093 95.82079 78.77818 94.64485 77.21027 curveto stroke
 0.49814 0 dtransform exch truncate exch idtransform pop setlinewidth
newpath 49.81308 0 moveto
49.81308 159.40186 lineto stroke
 0 0.49814 dtransform truncate idtransform setlinewidth pop
newpath 47.32242 154.42055 moveto
48.89034 155.59648 49.81308 157.44197 49.81308 159.40186 curveto
49.81308 157.44197 50.73582 155.59648 52.30374 154.42055 curveto stroke
 0.49814 0 dtransform exch truncate exch idtransform pop setlinewidth
newpath 9.96262 77.7084 moveto
9.96262 81.69345 lineto stroke
newpath 19.92523 77.7084 moveto
19.92523 81.69345 lineto stroke
newpath 29.88785 77.7084 moveto
29.88785 81.69345 lineto stroke
newpath 39.85046 77.7084 moveto
39.85046 81.69345 lineto stroke
newpath 59.7757 77.7084 moveto
59.7757 81.69345 lineto stroke
newpath 69.73831 77.7084 moveto
69.73831 81.69345 lineto stroke
newpath 79.70093 77.7084 moveto
79.70093 81.69345 lineto stroke
newpath 89.66354 77.7084 moveto
89.66354 81.69345 lineto stroke
 0 0.49814 dtransform truncate idtransform setlinewidth pop
newpath 51.8056 9.96262 moveto
47.82056 9.96262 lineto stroke
newpath 51.8056 19.92523 moveto
47.82056 19.92523 lineto stroke
newpath 51.8056 29.88785 moveto
47.82056 29.88785 lineto stroke
newpath 51.8056 39.85046 moveto
47.82056 39.85046 lineto stroke
newpath 51.8056 49.81308 moveto
47.82056 49.81308 lineto stroke
newpath 51.8056 59.7757 moveto
47.82056 59.7757 lineto stroke
newpath 51.8056 69.73831 moveto
47.82056 69.73831 lineto stroke
newpath 51.8056 89.66354 moveto
47.82056 89.66354 lineto stroke
newpath 51.8056 99.62616 moveto
47.82056 99.62616 lineto stroke
newpath 51.8056 109.58878 moveto
47.82056 109.58878 lineto stroke
newpath 51.8056 119.55139 moveto
47.82056 119.55139 lineto stroke
newpath 51.8056 129.514 moveto
47.82056 129.514 lineto stroke
newpath 51.8056 139.47662 moveto
47.82056 139.47662 lineto stroke
newpath 51.8056 149.43924 moveto
47.82056 149.43924 lineto stroke
newpath 2.47758 156.73866 moveto
4.10371 154.48834 5.74002 152.24548 7.38654 150.01007 curveto
8.87082 147.99492 10.36409 145.98631 11.86952 143.98698 curveto
13.22552 142.18604 14.59155 140.39238 15.97095 138.6092 curveto
17.214 137.00253 18.46799 135.40437 19.73672 133.81793 curveto
20.87778 132.39108 22.03082 130.97368 23.2 129.5698 curveto
24.25104 128.3079 25.31487 127.0568 26.39662 125.82104 curveto
27.36847 124.71086 28.35445 123.61299 29.35974 122.53291 curveto
30.26181 121.56364 31.17923 120.60883 32.11734 119.67438 curveto
32.95921 118.8357 33.81766 118.01358 34.69798 117.21533 curveto
35.48833 116.49873 36.29614 115.80173 37.12692 115.13255 curveto
37.8747 114.53026 38.64085 113.95076 39.42998 113.40366 curveto
40.14325 112.90913 40.87476 112.44153 41.62877 112.01178 curveto
42.31573 111.62018 43.02078 111.26036 43.74545 110.94371 curveto
44.41508 110.65108 45.10054 110.39584 45.80135 110.18849 curveto
46.46231 109.99284 47.13544 109.84067 47.8171 109.73882 curveto
48.4779 109.64 49.14496 109.58878 49.81308 109.58878 curveto
50.4812 109.58878 51.14825 109.64 51.80907 109.73882 curveto
52.49072 109.84067 53.16385 109.99284 53.82481 110.18849 curveto
54.52562 110.39584 55.21107 110.65108 55.8807 110.94371 curveto
56.60538 111.26036 57.31042 111.62018 57.99739 112.01178 curveto
58.7514 112.44153 59.48291 112.90913 60.19618 113.40366 curveto
60.9853 113.95076 61.75146 114.53026 62.49924 115.13255 curveto
63.33002 115.80173 64.13783 116.49873 64.92818 117.21533 curveto
65.8085 118.01358 66.66695 118.8357 67.50882 119.67438 curveto
68.44693 120.60883 69.36435 121.56364 70.26642 122.53291 curveto
71.27171 123.61299 72.25769 124.71086 73.22954 125.82104 curveto
74.3113 127.0568 75.37512 128.3079 76.42616 129.5698 curveto
77.59534 130.97368 78.74838 132.39108 79.88943 133.81793 curveto
81.15817 135.40437 82.41216 137.00253 83.65521 138.6092 curveto
85.0346 140.39238 86.40063 142.18604 87.75664 143.98698 curveto
89.26207 145.98631 90.75534 147.99492 92.23962 150.01007 curveto
93.88614 152.24548 95.52245 154.48834 97.14857 156.73866 curveto stroke
newpath 94.18675 155.19145 moveto
95.36252 155.21231 96.45982 155.78554 97.14857 156.73866 curveto
96.45982 155.78554 96.26001 154.56375 96.60927 153.44087 curveto stroke
newpath 3.01689 153.44087 moveto
3.36615 154.56375 3.16634 155.78554 2.47758 156.73866 curveto
3.16634 155.78554 4.26364 155.21231 5.4394 155.19145 curveto stroke
newpath 2.47758 2.6632 moveto
4.10371 4.91351 5.74002 7.15637 7.38654 9.39178 curveto
8.87082 11.40694 10.36409 13.41554 11.86952 15.41487 curveto
13.22552 17.21582 14.59155 19.00948 15.97095 20.79265 curveto
17.214 22.39932 18.46799 23.99748 19.73672 25.58392 curveto
20.87778 27.01077 22.03082 28.42818 23.2 29.83206 curveto
24.25104 31.09395 25.31487 32.34506 26.39662 33.58081 curveto
27.36847 34.691 28.35445 35.78886 29.35974 36.86894 curveto
30.26181 37.83821 31.17923 38.79303 32.11734 39.72748 curveto
32.95921 40.56616 33.81766 41.38828 34.69798 42.18652 curveto
35.48833 42.90312 36.29614 43.60013 37.12692 44.2693 curveto
37.8747 44.8716 38.64085 45.4511 39.42998 45.9982 curveto
40.14325 46.49272 40.87476 46.96033 41.62877 47.39008 curveto
42.31573 47.78168 43.02078 48.1415 43.74545 48.45815 curveto
44.41508 48.75078 45.10054 49.00601 45.80135 49.21336 curveto
46.46231 49.40901 47.13544 49.56119 47.8171 49.66304 curveto
48.4779 49.76186 49.14496 49.81308 49.81308 49.81308 curveto
50.4812 49.81308 51.14825 49.76186 51.80907 49.66304 curveto
52.49072 49.56119 53.16385 49.40901 53.82481 49.21336 curveto
54.52562 49.00601 55.21107 48.75078 55.8807 48.45815 curveto
56.60538 48.1415 57.31042 47.78168 57.99739 47.39008 curveto
58.7514 46.96033 59.48291 46.49272 60.19618 45.9982 curveto
60.9853 45.4511 61.75146 44.8716 62.49924 44.2693 curveto
63.33002 43.60013 64.13783 42.90312 64.92818 42.18652 curveto
65.8085 41.38828 66.66695 40.56616 67.50882 39.72748 curveto
68.44693 38.79303 69.36435 37.83821 70.26642 36.86894 curveto
71.27171 35.78886 72.25769 34.691 73.22954 33.58081 curveto
74.3113 32.34506 75.37512 31.09395 76.42616 29.83206 curveto
77.59534 28.42818 78.74838 27.01077 79.88943 25.58392 curveto
81.15817 23.99748 82.41216 22.39932 83.65521 20.79265 curveto
85.0346 19.00948 86.40063 17.21582 87.75664 15.41487 curveto
89.26207 13.41554 90.75534 11.40694 92.23962 9.39178 curveto
93.88614 7.15637 95.52245 4.91351 97.14857 2.6632 curveto stroke
newpath 96.60927 5.96098 moveto
96.26001 4.8381 96.45982 3.61632 97.14857 2.6632 curveto
96.45982 3.61632 95.36252 4.18954 94.18675 4.2104 curveto stroke
newpath 5.4394 4.2104 moveto
4.26364 4.18954 3.16634 3.61632 2.47758 2.6632 curveto
3.16634 3.61632 3.36615 4.8381 3.01689 5.96098 curveto stroke
showpage
%%EOF
