%!PS
%%BoundingBox: -1 -1 75 143 
%%HiResBoundingBox: -0.24907 -0.24907 74.96869 142.21635 
%%Creator: MetaPost 1.9991
%%CreationDate: 2017.08.03:0846
%%Pages: 1
%%BeginProlog
%%EndProlog
%%Page: 1 1
 0 0 0 setrgbcolor 0 0.49814 dtransform truncate idtransform setlinewidth pop
 [] 0 setdash 1 setlinecap 1 setlinejoin 10 setmiterlimit
newpath 0 22.4159 moveto
74.71962 22.4159 lineto stroke
newpath 69.73831 24.90656 moveto
70.91425 23.33864 72.75974 22.4159 74.71962 22.4159 curveto
72.75974 22.4159 70.91425 21.49315 69.73831 19.92523 curveto stroke
 0.49814 0 dtransform exch truncate exch idtransform pop setlinewidth
newpath 29.88785 0 moveto
29.88785 141.96729 lineto stroke
 0 0.49814 dtransform truncate idtransform setlinewidth pop
newpath 27.39719 136.98598 moveto
28.9651 138.16191 29.88785 140.0074 29.88785 141.96729 curveto
29.88785 140.0074 30.8106 138.16191 32.37851 136.98598 curveto stroke
 0.49814 0 dtransform exch truncate exch idtransform pop setlinewidth
newpath 14.94392 20.42337 moveto
14.94392 24.40842 lineto stroke
newpath 44.83177 20.42337 moveto
44.83177 24.40842 lineto stroke
newpath 59.7757 20.42337 moveto
59.7757 24.40842 lineto stroke
 0 0.49814 dtransform truncate idtransform setlinewidth pop
newpath 31.88037 7.47197 moveto
27.89532 7.47197 lineto stroke
newpath 31.88037 37.35982 moveto
27.89532 37.35982 lineto stroke
newpath 31.88037 52.30374 moveto
27.89532 52.30374 lineto stroke
newpath 31.88037 67.24767 moveto
27.89532 67.24767 lineto stroke
newpath 31.88037 82.19159 moveto
27.89532 82.19159 lineto stroke
newpath 31.88037 97.13551 moveto
27.89532 97.13551 lineto stroke
newpath 31.88037 112.07944 moveto
27.89532 112.07944 lineto stroke
newpath 31.88037 127.02336 moveto
27.89532 127.02336 lineto stroke
newpath 37.35982 129.01588 moveto
36.83134 129.01588 36.32458 128.80592 35.95091 128.43227 curveto
35.57726 128.0586 35.3673 127.55183 35.3673 127.02336 curveto
35.3673 126.49489 35.57726 125.98813 35.95091 125.61446 curveto
36.32458 125.2408 36.83134 125.03084 37.35982 125.03084 curveto
37.88829 125.03084 38.39505 125.2408 38.76872 125.61446 curveto
39.14238 125.98813 39.35234 126.49489 39.35234 127.02336 curveto
39.35234 127.55183 39.14238 128.0586 38.76872 128.43227 curveto
38.39505 128.80592 37.88829 129.01588 37.35982 129.01588 curveto closepath fill
newpath 59.7757 84.18411 moveto
59.24722 84.18411 58.74046 83.97415 58.36679 83.6005 curveto
57.99313 83.22682 57.78317 82.72006 57.78317 82.19159 curveto
57.78317 81.66312 57.99313 81.15636 58.36679 80.78268 curveto
58.74046 80.40903 59.24722 80.19907 59.7757 80.19907 curveto
60.30417 80.19907 60.81093 80.40903 61.1846 80.78268 curveto
61.55826 81.15636 61.76822 81.66312 61.76822 82.19159 curveto
61.76822 82.72006 61.55826 83.22682 61.1846 83.6005 curveto
60.81093 83.97415 60.30417 84.18411 59.7757 84.18411 curveto closepath fill
 0 1.24533 dtransform truncate idtransform setlinewidth pop
newpath 14.94392 82.19159 moveto
14.9437 83.70409 14.98201 85.21635 15.05885 86.72704 curveto
15.13501 88.22607 15.24971 89.72284 15.40294 91.21596 curveto
15.5539 92.68604 15.7427 94.15202 15.97163 95.61185 curveto
16.19533 97.03838 16.45734 98.45853 16.76038 99.87022 curveto
17.05408 101.23885 17.38608 102.59901 17.7605 103.94803 curveto
18.12033 105.24504 18.51915 106.53087 18.96152 107.80212 curveto
19.38336 109.01454 19.84467 110.21304 20.3511 111.39285 curveto
20.83064 112.51018 21.35033 113.60995 21.91628 114.686 curveto
22.44781 115.6964 23.0197 116.6851 23.63925 117.64397 curveto
24.21729 118.53896 24.83615 119.40706 25.50267 120.23799 curveto
26.122 121.01009 26.78168 121.74889 27.4881 122.4421 curveto
28.14322 123.0849 28.83755 123.68666 29.575 124.233 curveto
30.26112 124.74127 30.98306 125.1996 31.74124 125.59227 curveto
32.45451 125.96167 33.19788 126.27087 33.96587 126.5062 curveto
34.7024 126.73195 35.4583 126.88814 36.2247 126.9659 curveto
36.97946 127.04251 37.74039 127.04251 38.49515 126.9659 curveto
39.26155 126.88814 40.01746 126.73195 40.75398 126.5062 curveto
41.52197 126.27087 42.26488 125.96167 42.97815 125.59227 curveto
43.73656 125.1996 44.4585 124.74127 45.14462 124.233 curveto
45.88206 123.68666 46.57594 123.08467 47.23106 122.4421 curveto
47.93748 121.74889 48.5974 121.01009 49.21672 120.23799 curveto
49.88347 119.40706 50.5021 118.53874 51.08037 117.64397 curveto
51.69969 116.68533 52.27203 115.69684 52.80334 114.68669 curveto
53.36952 113.61041 53.88898 112.5104 54.36852 111.39285 curveto
54.87473 110.21304 55.33626 109.01454 55.7581 107.80212 curveto
56.20047 106.5311 56.59929 105.2455 56.95912 103.94872 curveto
57.33354 102.5997 57.66554 101.23953 57.95924 99.87091 curveto
58.26228 98.4592 58.52429 97.03906 58.74799 95.61253 curveto
58.97691 94.15271 59.16573 92.68672 59.31668 91.21664 curveto
59.46991 89.7233 59.58438 88.2263 59.66077 86.72704 curveto
59.73761 85.21635 59.77592 83.70409 59.7757 82.19159 curveto stroke
 1 1 1 setrgbcolor
newpath 14.94392 84.18411 moveto
14.41545 84.18411 13.90869 83.97415 13.53502 83.6005 curveto
13.16136 83.22682 12.9514 82.72006 12.9514 82.19159 curveto
12.9514 81.66312 13.16136 81.15636 13.53502 80.78268 curveto
13.90869 80.40903 14.41545 80.19907 14.94392 80.19907 curveto
15.4724 80.19907 15.97916 80.40903 16.35283 80.78268 curveto
16.72649 81.15636 16.93645 81.66312 16.93645 82.19159 curveto
16.93645 82.72006 16.72649 83.22682 16.35283 83.6005 curveto
15.97916 83.97415 15.4724 84.18411 14.94392 84.18411 curveto closepath fill
 0 0 0 setrgbcolor
newpath 14.94392 84.18411 moveto
14.41545 84.18411 13.90869 83.97415 13.53502 83.6005 curveto
13.16136 83.22682 12.9514 82.72006 12.9514 82.19159 curveto
12.9514 81.66312 13.16136 81.15636 13.53502 80.78268 curveto
13.90869 80.40903 14.41545 80.19907 14.94392 80.19907 curveto
15.4724 80.19907 15.97916 80.40903 16.35283 80.78268 curveto
16.72649 81.15636 16.93645 81.66312 16.93645 82.19159 curveto
16.93645 82.72006 16.72649 83.22682 16.35283 83.6005 curveto
15.97916 83.97415 15.4724 84.18411 14.94392 84.18411 curveto stroke
showpage
%%EOF
