%!PS
%%BoundingBox: -1 -1 150 120 
%%HiResBoundingBox: -0.24907 -0.24907 149.68831 119.80046 
%%Creator: MetaPost 1.9991
%%CreationDate: 2017.08.03:0846
%%Pages: 1
%%BeginProlog
%%EndProlog
%%Page: 1 1
 0 0 0 setrgbcolor 0 0.49814 dtransform truncate idtransform setlinewidth pop
 [] 0 setdash 1 setlinecap 1 setlinejoin 10 setmiterlimit
newpath 0 44.83177 moveto
149.43924 44.83177 lineto stroke
newpath 144.45793 47.32243 moveto
145.63387 45.75452 147.47935 44.83177 149.43924 44.83177 curveto
147.47935 44.83177 145.63387 43.90903 144.45793 42.34111 curveto stroke
 0.49814 0 dtransform exch truncate exch idtransform pop setlinewidth
newpath 59.7757 0 moveto
59.7757 119.55139 lineto stroke
 0 0.49814 dtransform truncate idtransform setlinewidth pop
newpath 57.28503 114.57008 moveto
58.85295 115.74602 59.7757 117.5915 59.7757 119.55139 curveto
59.7757 117.5915 60.69844 115.74602 62.26636 114.57008 curveto stroke
 0.49814 0 dtransform exch truncate exch idtransform pop setlinewidth
newpath 14.94392 42.83925 moveto
14.94392 46.8243 lineto stroke
newpath 29.88785 42.83925 moveto
29.88785 46.8243 lineto stroke
newpath 44.83177 42.83925 moveto
44.83177 46.8243 lineto stroke
newpath 59.7757 42.83925 moveto
59.7757 46.8243 lineto stroke
newpath 74.71962 42.83925 moveto
74.71962 46.8243 lineto stroke
newpath 89.66354 42.83925 moveto
89.66354 46.8243 lineto stroke
newpath 104.60747 42.83925 moveto
104.60747 46.8243 lineto stroke
newpath 119.55139 42.83925 moveto
119.55139 46.8243 lineto stroke
newpath 134.49532 42.83925 moveto
134.49532 46.8243 lineto stroke
 0 0.49814 dtransform truncate idtransform setlinewidth pop
newpath 61.76822 14.94392 moveto
57.78317 14.94392 lineto stroke
newpath 61.76822 29.88785 moveto
57.78317 29.88785 lineto stroke
newpath 61.76822 44.83177 moveto
57.78317 44.83177 lineto stroke
newpath 61.76822 59.7757 moveto
57.78317 59.7757 lineto stroke
newpath 61.76822 74.71962 moveto
57.78317 74.71962 lineto stroke
newpath 61.76822 89.66354 moveto
57.78317 89.66354 lineto stroke
newpath 61.76822 104.60747 moveto
57.78317 104.60747 lineto stroke
 0 1.24533 dtransform truncate idtransform setlinewidth pop
newpath 14.94392 44.83177 moveto
15.43692 45.81798 15.93492 46.80147 16.43796 47.78242 curveto
16.9314 48.74448 17.42964 49.70424 17.93335 50.66103 curveto
18.42635 51.59753 18.92412 52.53131 19.42737 53.46234 curveto
19.92014 54.37398 20.41815 55.28313 20.9214 56.18907 curveto
21.41417 57.0761 21.91194 57.96014 22.41544 58.84102 curveto
22.90842 59.70387 23.40689 60.56375 23.91083 61.42046 curveto
24.40337 62.25777 24.90137 63.0921 25.40485 63.92303 curveto
25.89738 64.73572 26.39517 65.54498 26.89888 66.35083 curveto
27.39142 67.13866 27.8892 67.92307 28.39291 68.70383 curveto
28.88567 69.46773 29.38414 70.22797 29.8883 70.98433 curveto
30.38062 71.72267 30.87839 72.45737 31.38232 73.18797 curveto
31.87463 73.90169 32.37242 74.61154 32.87636 75.31705 curveto
33.36844 76.00615 33.86646 76.6909 34.37039 77.37134 curveto
34.86293 78.03625 35.36116 78.69685 35.86578 79.35266 curveto
36.35786 79.99226 36.85564 80.62732 37.3598 81.25758 curveto
37.85188 81.87257 38.34967 82.48277 38.85384 83.08772 curveto
39.34615 83.67854 39.8446 84.26457 40.34923 84.8449 curveto
40.84108 85.41063 41.3391 85.97089 41.84326 86.52568 curveto
42.33511 87.06679 42.8329 87.60219 43.3373 88.13167 curveto
43.82915 88.64815 44.32715 89.15892 44.83131 89.66309 curveto
45.32362 90.1554 45.82208 90.64154 46.3267 91.1211 curveto
46.81856 91.58832 47.31657 92.04938 47.82074 92.50316 curveto
48.31259 92.94576 48.81061 93.38197 49.31477 93.81042 curveto
49.80663 94.2284 50.30463 94.63953 50.80879 95.04291 curveto
51.30133 95.43694 51.79979 95.82367 52.30418 96.20197 curveto
52.79626 96.5709 53.29428 96.93233 53.79822 97.2851 curveto
54.29053 97.62964 54.78853 97.96597 55.29225 98.29343 curveto
55.78477 98.61334 56.28256 98.92505 56.78627 99.22719 curveto
57.2795 99.52293 57.77773 99.81003 58.28166 100.08708 curveto
58.77466 100.3582 59.27245 100.61998 59.7757 100.87149 curveto
60.26892 101.11798 60.76692 101.3549 61.26973 101.5811 curveto
61.76385 101.80344 62.2621 102.01549 62.76512 102.21661 curveto
63.25902 102.41408 63.75703 102.60106 64.25914 102.77687 curveto
64.75351 102.94995 65.25151 103.11208 65.75317 103.26257 curveto
66.24799 103.41101 66.746 103.54828 67.24721 103.67348 curveto
67.74294 103.79729 68.24162 103.90948 68.7426 104.00981 curveto
69.23833 104.10901 69.73656 104.19633 70.23662 104.27136 curveto
70.73303 104.34592 71.23128 104.40817 71.73065 104.45811 curveto
72.22775 104.50783 72.72575 104.54521 73.22469 104.57007 curveto
73.72269 104.59492 74.22139 104.60747 74.72008 104.60747 curveto
75.2183 104.60747 75.71655 104.59492 76.2141 104.57007 curveto
76.71303 104.54521 77.21103 104.50783 77.70813 104.45811 curveto
78.2075 104.40817 78.70575 104.34592 79.20216 104.27136 curveto
79.70268 104.19633 80.20137 104.10878 80.69756 104.00958 curveto
81.19807 103.90948 81.6963 103.79729 82.19159 103.67348 curveto
82.69278 103.54807 83.1908 103.41101 83.68561 103.26257 curveto
84.18773 103.11208 84.68619 102.94972 85.181 102.77664 curveto
85.68312 102.60106 86.18112 102.41385 86.67503 102.21638 curveto
87.1776 102.01549 87.67538 101.80344 88.16907 101.58133 curveto
88.67186 101.35513 89.16986 101.11821 89.66309 100.87172 curveto
90.1668 100.61998 90.66504 100.35797 91.15848 100.08662 curveto
91.66197 99.8098 92.15974 99.52316 92.65251 99.22765 curveto
93.15622 98.9255 93.654 98.61403 94.14655 98.29388 curveto
94.65025 97.96643 95.14825 97.62987 95.64056 97.28532 curveto
96.14496 96.93233 96.64343 96.57068 97.13596 96.20128 curveto
97.6399 95.82321 98.13791 95.43694 98.62999 95.04337 curveto
99.13416 94.63998 99.63217 94.22885 100.12402 93.81065 curveto
100.62819 93.3822 101.12619 92.94598 101.61804 92.50339 curveto
102.12267 92.04915 102.62112 91.58786 103.11343 91.12018 curveto
103.6176 90.6411 104.11584 90.1554 104.60747 89.66354 curveto stroke
newpath 14.94392 46.8243 moveto
14.41545 46.8243 13.90869 46.61433 13.53502 46.24068 curveto
13.16136 45.867 12.9514 45.36024 12.9514 44.83177 curveto
12.9514 44.3033 13.16136 43.79654 13.53502 43.42287 curveto
13.90869 43.04921 14.41545 42.83925 14.94392 42.83925 curveto
15.4724 42.83925 15.97916 43.04921 16.35283 43.42287 curveto
16.72649 43.79654 16.93645 44.3033 16.93645 44.83177 curveto
16.93645 45.36024 16.72649 45.867 16.35283 46.24068 curveto
15.97916 46.61433 15.4724 46.8243 14.94392 46.8243 curveto closepath fill
newpath 74.71962 106.59999 moveto
74.19115 106.59999 73.68439 106.39003 73.31071 106.01637 curveto
72.93706 105.6427 72.7271 105.13594 72.7271 104.60747 curveto
72.7271 104.079 72.93706 103.57224 73.31071 103.19856 curveto
73.68439 102.8249 74.19115 102.61494 74.71962 102.61494 curveto
75.2481 102.61494 75.75485 102.8249 76.12852 103.19856 curveto
76.50218 103.57224 76.71214 104.079 76.71214 104.60747 curveto
76.71214 105.13594 76.50218 105.6427 76.12852 106.01637 curveto
75.75485 106.39003 75.2481 106.59999 74.71962 106.59999 curveto closepath fill
newpath 44.83177 91.65607 moveto
44.3033 91.65607 43.79654 91.4461 43.42287 91.07245 curveto
43.04921 90.69878 42.83925 90.19202 42.83925 89.66354 curveto
42.83925 89.13507 43.04921 88.62831 43.42287 88.25464 curveto
43.79654 87.88098 44.3033 87.67102 44.83177 87.67102 curveto
45.36024 87.67102 45.867 87.88098 46.24068 88.25464 curveto
46.61433 88.62831 46.8243 89.13507 46.8243 89.66354 curveto
46.8243 90.19202 46.61433 90.69878 46.24068 91.07245 curveto
45.867 91.4461 45.36024 91.65607 44.83177 91.65607 curveto closepath fill
 1 1 1 setrgbcolor
newpath 104.60747 91.65607 moveto
104.079 91.65607 103.57224 91.4461 103.19856 91.07245 curveto
102.8249 90.69878 102.61494 90.19202 102.61494 89.66354 curveto
102.61494 89.13507 102.8249 88.62831 103.19856 88.25464 curveto
103.57224 87.88098 104.079 87.67102 104.60747 87.67102 curveto
105.13594 87.67102 105.6427 87.88098 106.01637 88.25464 curveto
106.39003 88.62831 106.59999 89.13507 106.59999 89.66354 curveto
106.59999 90.19202 106.39003 90.69878 106.01637 91.07245 curveto
105.6427 91.4461 105.13594 91.65607 104.60747 91.65607 curveto closepath fill
 0 0 0 setrgbcolor
newpath 104.60747 91.65607 moveto
104.079 91.65607 103.57224 91.4461 103.19856 91.07245 curveto
102.8249 90.69878 102.61494 90.19202 102.61494 89.66354 curveto
102.61494 89.13507 102.8249 88.62831 103.19856 88.25464 curveto
103.57224 87.88098 104.079 87.67102 104.60747 87.67102 curveto
105.13594 87.67102 105.6427 87.88098 106.01637 88.25464 curveto
106.39003 88.62831 106.59999 89.13507 106.59999 89.66354 curveto
106.59999 90.19202 106.39003 90.69878 106.01637 91.07245 curveto
105.6427 91.4461 105.13594 91.65607 104.60747 91.65607 curveto stroke
showpage
%%EOF
