%!PS
%%BoundingBox: -1 -1 105 90 
%%HiResBoundingBox: -0.24907 -0.24907 104.85654 89.91261 
%%Creator: MetaPost 1.9991
%%CreationDate: 2017.08.03:0846
%%Pages: 1
%%BeginProlog
%%EndProlog
%%Page: 1 1
 0 0 0 setrgbcolor 0 0.49814 dtransform truncate idtransform setlinewidth pop
 [] 0 setdash 1 setlinecap 1 setlinejoin 10 setmiterlimit
newpath 0 44.83177 moveto
104.60747 44.83177 lineto stroke
newpath 99.62616 47.32243 moveto
100.8021 45.75452 102.64758 44.83177 104.60747 44.83177 curveto
102.64758 44.83177 100.8021 43.90903 99.62616 42.34111 curveto stroke
 0.49814 0 dtransform exch truncate exch idtransform pop setlinewidth
newpath 14.94392 0 moveto
14.94392 89.66354 lineto stroke
 0 0.49814 dtransform truncate idtransform setlinewidth pop
newpath 12.45326 84.68224 moveto
14.02118 85.85817 14.94392 87.70366 14.94392 89.66354 curveto
14.94392 87.70366 15.86667 85.85817 17.43459 84.68224 curveto stroke
 0.49814 0 dtransform exch truncate exch idtransform pop setlinewidth
newpath 14.94392 42.83925 moveto
14.94392 46.8243 lineto stroke
newpath 29.88785 42.83925 moveto
29.88785 46.8243 lineto stroke
newpath 44.83177 42.83925 moveto
44.83177 46.8243 lineto stroke
newpath 59.7757 42.83925 moveto
59.7757 46.8243 lineto stroke
newpath 74.71962 42.83925 moveto
74.71962 46.8243 lineto stroke
newpath 89.66354 42.83925 moveto
89.66354 46.8243 lineto stroke
 0 0.49814 dtransform truncate idtransform setlinewidth pop
newpath 16.93645 14.94392 moveto
12.9514 14.94392 lineto stroke
newpath 16.93645 29.88785 moveto
12.9514 29.88785 lineto stroke
newpath 16.93645 44.83177 moveto
12.9514 44.83177 lineto stroke
newpath 16.93645 59.7757 moveto
12.9514 59.7757 lineto stroke
newpath 16.93645 74.71962 moveto
12.9514 74.71962 lineto stroke
 0 1.24533 dtransform truncate idtransform setlinewidth pop
newpath 16.81192 74.71962 moveto
16.94713 73.9653 lineto
17.09239 73.21169 lineto
17.24812 72.4576 lineto
17.30194 72.20609 17.35735 71.9548 17.41481 71.70398 curveto
17.4725 71.45201 17.53224 71.20071 17.59404 70.94966 curveto
17.65607 70.69792 17.71968 70.44664 17.78581 70.19603 curveto
17.8524 69.94406 17.92104 69.69255 17.99194 69.44173 curveto
18.06332 69.18953 18.13652 68.93802 18.21268 68.68741 curveto
18.28906 68.43544 18.36797 68.18416 18.44937 67.93379 curveto
18.53146 67.68137 18.61606 67.43008 18.70361 67.17947 curveto
18.79164 66.92728 18.88217 66.676 18.97588 66.42586 curveto
19.07028 66.17343 19.16765 65.92192 19.26799 65.67177 curveto
19.36946 65.41911 19.47366 65.16783 19.5813 64.91791 curveto
19.69006 64.66527 19.80179 64.41374 19.91718 64.16383 curveto
20.03392 63.91095 20.15387 63.65967 20.27745 63.4102 curveto
20.40288 63.15709 20.53148 62.90535 20.66396 62.6559 curveto
20.7985 62.40256 20.93645 62.15082 21.0785 61.90158 curveto
21.22285 61.64825 21.37062 61.39673 21.5227 61.14796 curveto
21.67776 60.89417 21.83647 60.64243 21.99951 60.39365 curveto
22.16574 60.13963 22.33607 59.88834 22.51051 59.64001 curveto
22.68929 59.38554 22.87193 59.13403 23.05891 58.88571 curveto
23.25069 58.63123 23.44633 58.37994 23.64655 58.13208 curveto
23.85245 57.87715 24.0627 57.62564 24.27727 57.378 curveto
24.49844 57.12283 24.72397 56.8711 24.95381 56.62369 curveto
25.1912 56.3683 25.43245 56.11679 25.67848 55.87006 curveto
25.93341 55.61421 26.19269 55.36247 26.45651 55.11575 curveto
26.73015 54.85968 27.0081 54.6084 27.2904 54.36212 curveto
27.58432 54.10559 27.88258 53.85408 28.18518 53.60782 curveto
28.50053 53.35129 28.82 53.09978 29.1438 52.85419 curveto
29.48265 52.59697 29.82582 52.34546 30.17311 52.09988 curveto
30.53658 51.84267 30.90416 51.59138 31.27585 51.34625 curveto
31.66646 51.08858 32.06117 50.83707 32.45976 50.59193 curveto
32.87886 50.33405 33.30208 50.08253 33.72894 49.83763 curveto
34.17862 49.57973 34.63216 49.32845 35.08936 49.084 curveto
35.57231 48.82565 36.05914 48.57414 36.54941 48.3297 curveto
37.06747 48.07133 37.58897 47.82005 38.11389 47.57607 curveto
38.67027 47.31726 39.23032 47.06575 39.7933 46.82176 curveto
40.39005 46.56317 40.98999 46.31189 41.5929 46.06813 curveto
42.23364 45.8091 42.87737 45.5578 43.52405 45.31404 curveto
44.21176 45.05478 44.90247 44.8035 45.59566 44.55974 curveto
46.33287 44.3007 47.07281 44.04941 47.81526 43.8061 curveto
48.60675 43.54684 49.40073 43.2951 50.19724 43.0518 curveto
51.04594 42.79253 51.89716 42.54124 52.75044 42.29817 curveto
53.66164 42.03868 54.57487 41.78717 55.4904 41.54387 curveto
56.46704 41.28436 57.44572 41.03308 58.42647 40.79024 curveto
59.47516 40.53052 60.52568 40.279 61.57825 40.03592 curveto
62.70195 39.77643 63.8275 39.52515 64.95508 39.2823 curveto
66.16135 39.02258 67.36943 38.77106 68.57933 38.52821 curveto
69.87361 38.26826 71.16948 38.01698 72.46695 37.77391 curveto
73.8538 37.51419 75.24225 37.2629 76.63231 37.02028 curveto
78.1213 36.76033 79.6117 36.50882 81.10367 36.26596 curveto
82.69917 36.00624 84.29626 35.75496 85.8945 35.51234 curveto
87.60698 35.2524 89.32082 35.00089 91.03603 34.75803 curveto
92.87164 34.49808 94.70839 34.24702 96.54628 34.00441 curveto
98.51666 33.74423 100.48817 33.49294 102.46083 33.25009 curveto stroke
newpath 99.67702 35.09845 moveto
100.26234 34.07855 101.2937 33.39377 102.46083 33.25009 curveto
101.2937 33.39377 100.12706 32.97955 99.31184 32.13205 curveto stroke
newpath 15.84601 71.52068 moveto
16.65349 72.37556 17.01134 73.56071 16.81192 74.71962 curveto
17.01134 73.56071 17.74477 72.56334 18.79153 72.02754 curveto stroke
newpath 29.88785 54.29626 moveto
29.35938 54.29626 28.85262 54.0863 28.47894 53.71265 curveto
28.10529 53.33897 27.89532 52.83221 27.89532 52.30374 curveto
27.89532 51.77527 28.10529 51.26851 28.47894 50.89484 curveto
28.85262 50.52118 29.35938 50.31122 29.88785 50.31122 curveto
30.41632 50.31122 30.92308 50.52118 31.29675 50.89484 curveto
31.67041 51.26851 31.88037 51.77527 31.88037 52.30374 curveto
31.88037 52.83221 31.67041 53.33897 31.29675 53.71265 curveto
30.92308 54.0863 30.41632 54.29626 29.88785 54.29626 curveto closepath fill
newpath 44.83177 46.8243 moveto
44.3033 46.8243 43.79654 46.61433 43.42287 46.24068 curveto
43.04921 45.867 42.83925 45.36024 42.83925 44.83177 curveto
42.83925 44.3033 43.04921 43.79654 43.42287 43.42287 curveto
43.79654 43.04921 44.3033 42.83925 44.83177 42.83925 curveto
45.36024 42.83925 45.867 43.04921 46.24068 43.42287 curveto
46.61433 43.79654 46.8243 44.3033 46.8243 44.83177 curveto
46.8243 45.36024 46.61433 45.867 46.24068 46.24068 curveto
45.867 46.61433 45.36024 46.8243 44.83177 46.8243 curveto closepath fill
newpath 74.71962 39.35233 moveto
74.19115 39.35233 73.68439 39.14236 73.31071 38.7687 curveto
72.93706 38.39503 72.7271 37.88828 72.7271 37.3598 curveto
72.7271 36.83133 72.93706 36.32457 73.31071 35.9509 curveto
73.68439 35.57724 74.19115 35.36728 74.71962 35.36728 curveto
75.2481 35.36728 75.75485 35.57724 76.12852 35.9509 curveto
76.50218 36.32457 76.71214 36.83133 76.71214 37.3598 curveto
76.71214 37.88828 76.50218 38.39503 76.12852 38.7687 curveto
75.75485 39.14236 75.2481 39.35233 74.71962 39.35233 curveto closepath fill
showpage
%%EOF
