%!PS
%%BoundingBox: -1 -1 90 105 
%%HiResBoundingBox: -0.24907 -0.24907 89.91261 104.85654 
%%Creator: MetaPost 1.9991
%%CreationDate: 2017.08.03:0846
%%Pages: 1
%%BeginProlog
%%EndProlog
%%Page: 1 1
 0 0 0 setrgbcolor 0 0.49814 dtransform truncate idtransform setlinewidth pop
 [] 0 setdash 1 setlinecap 1 setlinejoin 10 setmiterlimit
newpath 0 14.94392 moveto
89.66354 14.94392 lineto stroke
newpath 84.68224 17.43459 moveto
85.85817 15.86667 87.70366 14.94392 89.66354 14.94392 curveto
87.70366 14.94392 85.85817 14.02118 84.68224 12.45326 curveto stroke
 0.49814 0 dtransform exch truncate exch idtransform pop setlinewidth
newpath 44.83177 0 moveto
44.83177 104.60747 lineto stroke
 0 0.49814 dtransform truncate idtransform setlinewidth pop
newpath 42.34111 99.62616 moveto
43.90903 100.8021 44.83177 102.64758 44.83177 104.60747 curveto
44.83177 102.64758 45.75452 100.8021 47.32243 99.62616 curveto stroke
 0.49814 0 dtransform exch truncate exch idtransform pop setlinewidth
newpath 14.94392 12.9514 moveto
14.94392 16.93645 lineto stroke
newpath 29.88785 12.9514 moveto
29.88785 16.93645 lineto stroke
newpath 44.83177 12.9514 moveto
44.83177 16.93645 lineto stroke
newpath 59.7757 12.9514 moveto
59.7757 16.93645 lineto stroke
newpath 74.71962 12.9514 moveto
74.71962 16.93645 lineto stroke
 0 0.49814 dtransform truncate idtransform setlinewidth pop
newpath 46.8243 14.94392 moveto
42.83925 14.94392 lineto stroke
newpath 46.8243 29.88785 moveto
42.83925 29.88785 lineto stroke
newpath 46.8243 44.83177 moveto
42.83925 44.83177 lineto stroke
newpath 46.8243 59.7757 moveto
42.83925 59.7757 lineto stroke
newpath 46.8243 74.71962 moveto
42.83925 74.71962 lineto stroke
newpath 46.8243 89.66354 moveto
42.83925 89.66354 lineto stroke
 0 1.24533 dtransform truncate idtransform setlinewidth pop
newpath 7.47195 99.47961 moveto
7.95401 97.5879 8.45224 95.7003 8.96667 93.81728 curveto
9.44849 92.05302 9.9465 90.29335 10.46025 88.53824 curveto
10.94275 86.89029 11.44098 85.24713 11.95496 83.60876 curveto
12.43745 82.0705 12.93593 80.53748 13.44966 79.00948 curveto
13.9324 77.5736 14.43086 76.14342 14.94438 74.71825 curveto
15.42711 73.37906 15.92513 72.04556 16.43796 70.71753 curveto
16.92114 69.46635 17.4196 68.2211 17.93266 66.98178 curveto
18.41608 65.8136 18.91476 64.65181 19.42737 63.49617 curveto
19.9108 62.40643 20.40903 61.3233 20.92094 60.24657 curveto
21.40504 59.22821 21.90373 58.2169 22.41566 57.21222 curveto
22.9002 56.26135 23.39891 55.31778 23.91037 54.38106 curveto
24.39539 53.49312 24.89384 52.61249 25.40508 51.73936 curveto
25.89009 50.91072 26.38834 50.09006 26.89865 49.27669 curveto
27.38458 48.50208 27.88327 47.73569 28.39337 46.97704 curveto
28.87975 46.25351 29.37843 45.53865 29.88808 44.83131 curveto
30.37491 44.15567 30.87361 43.4887 31.38278 42.82947 curveto
31.86986 42.19876 32.36832 41.57692 32.87636 40.96307 curveto
33.36433 40.3734 33.86302 39.79285 34.37106 39.22028 curveto
34.85973 38.66959 35.35843 38.1278 35.86578 37.59422 curveto
36.35468 37.08002 36.8529 36.57495 37.35936 36.07808 curveto
37.84915 35.59763 38.34785 35.12607 38.85406 34.66272 curveto
39.34454 34.21373 39.84325 33.77364 40.34877 33.34177 curveto
40.83972 32.92242 41.33841 32.51198 41.84349 32.10951 curveto
42.33466 31.71822 42.83313 31.33536 43.33707 30.96071 curveto
43.82915 30.59473 44.32784 30.23741 44.83177 29.88785 curveto
45.32454 29.54604 45.823 29.21266 46.32648 28.88681 curveto
46.81924 28.56781 47.31749 28.25723 47.82005 27.95374 curveto
48.31374 27.65547 48.81242 27.36542 49.31477 27.08221 curveto
49.8089 26.80379 50.30736 26.53313 50.80948 26.26907 curveto
51.30406 26.00912 51.80254 25.7567 52.30418 25.51065 curveto
52.79878 25.26804 53.29678 25.03249 53.79776 24.80331 curveto
54.29303 24.57666 54.7915 24.35684 55.29248 24.14296 curveto
55.78798 23.93135 56.28644 23.72635 56.78719 23.52682 curveto
57.28268 23.32936 57.7807 23.13828 58.28076 22.95244 curveto
58.77695 22.76796 59.2754 22.58942 59.77547 22.4159 curveto
60.27188 22.24373 60.77034 22.07704 61.27017 21.91537 curveto
61.76682 21.75461 62.26529 21.59955 62.7649 21.4486 curveto
63.2613 21.29878 63.75931 21.15376 64.25847 21.01306 curveto
64.75555 20.87306 65.2538 20.73784 65.75317 20.60649 curveto
66.25027 20.47585 66.74873 20.34975 67.24788 20.2273 curveto
67.74521 20.1053 68.24345 19.98764 68.7426 19.8734 curveto
69.2397 19.75961 69.73747 19.64993 70.23618 19.54344 curveto
70.73372 19.43718 71.23196 19.3348 71.73088 19.23538 curveto
72.22844 19.13618 72.72667 19.04065 73.22559 18.94783 curveto
73.72292 18.85548 74.2207 18.76633 74.71916 18.6799 curveto
75.21695 18.5937 75.71518 18.51048 76.21388 18.42976 curveto
76.71165 18.34927 77.2099 18.27151 77.70859 18.19626 curveto
78.20638 18.12102 78.7046 18.04851 79.2033 17.97827 curveto
79.70085 17.90826 80.19864 17.84077 80.69687 17.77533 curveto
81.19489 17.70988 81.69312 17.64671 82.19159 17.5856 curveto stroke
newpath 79.40688 19.4326 moveto
79.99269 18.41298 81.0244 17.7287 82.19159 17.5856 curveto
81.0244 17.7287 79.85796 17.31392 79.04317 16.46602 curveto stroke
newpath 6.76189 96.21439 moveto
7.49927 97.13039 7.76233 98.3401 7.47195 99.47961 curveto
7.76233 98.3401 8.57227 97.40382 9.6581 96.95242 curveto stroke
newpath 44.83177 31.88037 moveto
44.3033 31.88037 43.79654 31.67041 43.42287 31.29675 curveto
43.04921 30.92308 42.83925 30.41632 42.83925 29.88785 curveto
42.83925 29.35938 43.04921 28.85262 43.42287 28.47894 curveto
43.79654 28.10529 44.3033 27.89532 44.83177 27.89532 curveto
45.36024 27.89532 45.867 28.10529 46.24068 28.47894 curveto
46.61433 28.85262 46.8243 29.35938 46.8243 29.88785 curveto
46.8243 30.41632 46.61433 30.92308 46.24068 31.29675 curveto
45.867 31.67041 45.36024 31.88037 44.83177 31.88037 curveto closepath fill
newpath 29.88785 46.8243 moveto
29.35938 46.8243 28.85262 46.61433 28.47894 46.24068 curveto
28.10529 45.867 27.89532 45.36024 27.89532 44.83177 curveto
27.89532 44.3033 28.10529 43.79654 28.47894 43.42287 curveto
28.85262 43.04921 29.35938 42.83925 29.88785 42.83925 curveto
30.41632 42.83925 30.92308 43.04921 31.29675 43.42287 curveto
31.67041 43.79654 31.88037 44.3033 31.88037 44.83177 curveto
31.88037 45.36024 31.67041 45.867 31.29675 46.24068 curveto
30.92308 46.61433 30.41632 46.8243 29.88785 46.8243 curveto closepath fill
newpath 14.94392 76.71214 moveto
14.41545 76.71214 13.90869 76.50218 13.53502 76.12852 curveto
13.16136 75.75485 12.9514 75.2481 12.9514 74.71962 curveto
12.9514 74.19115 13.16136 73.68439 13.53502 73.31071 curveto
13.90869 72.93706 14.41545 72.7271 14.94392 72.7271 curveto
15.4724 72.7271 15.97916 72.93706 16.35283 73.31071 curveto
16.72649 73.68439 16.93645 74.19115 16.93645 74.71962 curveto
16.93645 75.2481 16.72649 75.75485 16.35283 76.12852 curveto
15.97916 76.50218 15.4724 76.71214 14.94392 76.71214 curveto closepath fill
showpage
%%EOF
