%!PS
%%BoundingBox: -1 -1 135 83 
%%HiResBoundingBox: -0.24907 -0.24907 134.74438 82.44066 
%%Creator: MetaPost 1.9991
%%CreationDate: 2017.08.03:0846
%%Pages: 1
%%BeginProlog
%%EndProlog
%%Page: 1 1
 0 0 0 setrgbcolor 0 0.49814 dtransform truncate idtransform setlinewidth pop
 [] 0 setdash 1 setlinecap 1 setlinejoin 10 setmiterlimit
newpath 0 22.4159 moveto
134.49532 22.4159 lineto stroke
newpath 129.514 24.90656 moveto
130.68994 23.33864 132.53543 22.4159 134.49532 22.4159 curveto
132.53543 22.4159 130.68994 21.49315 129.514 19.92523 curveto stroke
 0.49814 0 dtransform exch truncate exch idtransform pop setlinewidth
newpath 119.55139 0 moveto
119.55139 82.19159 lineto stroke
 0 0.49814 dtransform truncate idtransform setlinewidth pop
newpath 117.06073 77.21028 moveto
118.62865 78.38622 119.55139 80.2317 119.55139 82.19159 curveto
119.55139 80.2317 120.47414 78.38622 122.04205 77.21028 curveto stroke
 0.49814 0 dtransform exch truncate exch idtransform pop setlinewidth
newpath 14.94392 20.42337 moveto
14.94392 24.40842 lineto stroke
newpath 29.88785 20.42337 moveto
29.88785 24.40842 lineto stroke
newpath 44.83177 20.42337 moveto
44.83177 24.40842 lineto stroke
newpath 59.7757 20.42337 moveto
59.7757 24.40842 lineto stroke
newpath 74.71962 20.42337 moveto
74.71962 24.40842 lineto stroke
newpath 89.66354 20.42337 moveto
89.66354 24.40842 lineto stroke
newpath 104.60747 20.42337 moveto
104.60747 24.40842 lineto stroke
 0 0.49814 dtransform truncate idtransform setlinewidth pop
newpath 121.54391 7.47197 moveto
117.55887 7.47197 lineto stroke
newpath 121.54391 37.35982 moveto
117.55887 37.35982 lineto stroke
newpath 121.54391 52.30374 moveto
117.55887 52.30374 lineto stroke
newpath 121.54391 67.24767 moveto
117.55887 67.24767 lineto stroke
newpath 14.94392 24.40842 moveto
14.41545 24.40842 13.90869 24.19846 13.53502 23.8248 curveto
13.16136 23.45113 12.9514 22.94437 12.9514 22.4159 curveto
12.9514 21.88742 13.16136 21.38066 13.53502 21.00699 curveto
13.90869 20.63333 14.41545 20.42337 14.94392 20.42337 curveto
15.4724 20.42337 15.97916 20.63333 16.35283 21.00699 curveto
16.72649 21.38066 16.93645 21.88742 16.93645 22.4159 curveto
16.93645 22.94437 16.72649 23.45113 16.35283 23.8248 curveto
15.97916 24.19846 15.4724 24.40842 14.94392 24.40842 curveto closepath fill
newpath 59.7757 69.24019 moveto
59.24722 69.24019 58.74046 69.03023 58.36679 68.65657 curveto
57.99313 68.2829 57.78317 67.77614 57.78317 67.24767 curveto
57.78317 66.7192 57.99313 66.21243 58.36679 65.83876 curveto
58.74046 65.4651 59.24722 65.25514 59.7757 65.25514 curveto
60.30417 65.25514 60.81093 65.4651 61.1846 65.83876 curveto
61.55826 66.21243 61.76822 66.7192 61.76822 67.24767 curveto
61.76822 67.77614 61.55826 68.2829 61.1846 68.65657 curveto
60.81093 69.03023 60.30417 69.24019 59.7757 69.24019 curveto closepath fill
 0 1.24533 dtransform truncate idtransform setlinewidth pop
newpath 104.60747 22.4159 moveto
104.6077 23.93066 104.53085 25.4443 104.37762 26.95134 curveto
104.22438 28.45836 103.99431 29.9565 103.68944 31.44026 curveto
103.38457 32.9238 103.00513 34.39114 102.55182 35.83615 curveto
102.0985 37.28137 101.57176 38.70267 100.97432 40.09453 curveto
100.37689 41.48663 99.70924 42.84772 98.97408 44.17233 curveto
98.23892 45.4967 97.43741 46.78323 96.57228 48.02643 curveto
95.70715 49.26962 94.77931 50.4679 93.79288 51.61716 curveto
92.80574 52.76709 91.76093 53.86618 90.66252 54.91031 curveto
89.56458 55.95398 88.41464 56.94112 87.21683 57.86827 curveto
86.01923 58.79543 84.77534 59.66124 83.48996 60.4623 curveto
82.20435 61.26358 80.87906 61.99919 79.51889 62.6664 curveto
78.15894 63.3336 76.76593 63.93126 75.34532 64.4573 curveto
73.92517 64.98314 72.47926 65.43713 71.01306 65.81657 curveto
69.54639 66.19624 68.06148 66.50111 66.56381 66.7305 curveto
65.06659 66.9599 63.55888 67.11336 62.04616 67.1902 curveto
60.53343 67.26704 59.01796 67.26704 57.50523 67.1902 curveto
55.99251 67.11336 54.4848 66.9599 52.98758 66.7305 curveto
51.49014 66.50111 50.00546 66.19624 48.53902 65.81657 curveto
47.07259 65.43713 45.62645 64.98337 44.20607 64.4573 curveto
42.78569 63.93126 41.39291 63.3336 40.03319 62.6664 curveto
38.67325 61.99919 37.34772 61.26358 36.06212 60.4623 curveto
34.7765 59.66101 33.5324 58.7952 32.33456 57.86827 curveto
31.13675 56.94135 29.98659 55.95444 28.88887 54.911 curveto
27.79047 53.86687 26.74565 52.76732 25.75851 51.61716 curveto
24.77208 50.4679 23.84424 49.2694 22.97911 48.02643 curveto
22.11398 46.78346 21.31224 45.49716 20.57732 44.17302 curveto
19.84215 42.8484 19.1745 41.48732 18.57707 40.09521 curveto
17.97963 38.70335 17.4529 37.28206 16.99957 35.83684 curveto
16.54626 34.39183 16.16682 32.92448 15.86195 31.44095 curveto
15.55708 29.95695 15.32701 28.45859 15.17377 26.95134 curveto
15.02054 25.4443 14.9437 23.93066 14.94392 22.4159 curveto stroke
 1 1 1 setrgbcolor
newpath 104.60747 24.40842 moveto
104.079 24.40842 103.57224 24.19846 103.19856 23.8248 curveto
102.8249 23.45113 102.61494 22.94437 102.61494 22.4159 curveto
102.61494 21.88742 102.8249 21.38066 103.19856 21.00699 curveto
103.57224 20.63333 104.079 20.42337 104.60747 20.42337 curveto
105.13594 20.42337 105.6427 20.63333 106.01637 21.00699 curveto
106.39003 21.38066 106.59999 21.88742 106.59999 22.4159 curveto
106.59999 22.94437 106.39003 23.45113 106.01637 23.8248 curveto
105.6427 24.19846 105.13594 24.40842 104.60747 24.40842 curveto closepath fill
 0 0 0 setrgbcolor
newpath 104.60747 24.40842 moveto
104.079 24.40842 103.57224 24.19846 103.19856 23.8248 curveto
102.8249 23.45113 102.61494 22.94437 102.61494 22.4159 curveto
102.61494 21.88742 102.8249 21.38066 103.19856 21.00699 curveto
103.57224 20.63333 104.079 20.42337 104.60747 20.42337 curveto
105.13594 20.42337 105.6427 20.63333 106.01637 21.00699 curveto
106.39003 21.38066 106.59999 21.88742 106.59999 22.4159 curveto
106.59999 22.94437 106.39003 23.45113 106.01637 23.8248 curveto
105.6427 24.19846 105.13594 24.40842 104.60747 24.40842 curveto stroke
showpage
%%EOF
