%!PS
%%BoundingBox: -4 -1 210 120 
%%HiResBoundingBox: -3.22353 -0.24907 209.464 119.80046 
%%Creator: MetaPost 1.9991
%%CreationDate: 2017.08.03:0846
%%Pages: 1
%%BeginProlog
%%EndProlog
%%Page: 1 1
 0 0 0 setrgbcolor 0 0.49814 dtransform truncate idtransform setlinewidth pop
 [] 0 setdash 1 setlinecap 1 setlinejoin 10 setmiterlimit
newpath 0 59.7757 moveto
209.21494 59.7757 lineto stroke
newpath 204.23363 62.26636 moveto
205.40956 60.69844 207.25505 59.7757 209.21494 59.7757 curveto
207.25505 59.7757 205.40956 58.85295 204.23363 57.28503 curveto stroke
 0.49814 0 dtransform exch truncate exch idtransform pop setlinewidth
newpath 119.55139 0 moveto
119.55139 119.55139 lineto stroke
 0 0.49814 dtransform truncate idtransform setlinewidth pop
newpath 117.06073 114.57008 moveto
118.62865 115.74602 119.55139 117.5915 119.55139 119.55139 curveto
119.55139 117.5915 120.47414 115.74602 122.04205 114.57008 curveto stroke
 0 1.24533 dtransform truncate idtransform setlinewidth pop
newpath -2.60086 91.65619 moveto
1.59087 91.02455 5.77757 90.36055 9.95897 89.66415 curveto
13.75514 89.0319 17.54616 88.36911 21.33078 87.6709 curveto
24.74692 87.04063 28.15714 86.3783 31.55974 85.67886 curveto
34.6203 85.04982 37.67403 84.38718 40.71878 83.68561 curveto
43.4402 83.05853 46.15341 82.3965 48.85628 81.69357 curveto
51.26105 81.06818 53.65608 80.40614 56.03865 79.70123 curveto
58.14743 79.07735 60.24483 78.41501 62.32732 77.70798 curveto
64.15851 77.08623 65.97603 76.42435 67.77562 75.71594 curveto
69.35097 75.09572 70.90991 74.43382 72.44696 73.7239 curveto
73.78806 73.10443 75.10893 72.44194 76.40367 71.73065 curveto
77.52951 71.11209 78.63057 70.4496 79.70047 69.73862 curveto
80.63295 69.11899 81.53532 68.45514 82.40121 67.74536 curveto
83.15962 67.12376 83.88171 66.45898 84.56259 65.75333 curveto
85.16702 65.12717 85.72827 64.46088 86.24603 63.76129 curveto
86.7147 63.12784 87.13474 62.45987 87.51173 61.76804 curveto
87.86137 61.12668 88.15872 60.4584 88.41821 59.7757 curveto
88.6651 59.12613 88.86043 58.45862 89.02583 57.78366 curveto
89.18666 57.12694 89.30083 56.45988 89.39462 55.7904 curveto
89.4872 55.1296 89.54071 54.4642 89.5839 53.79837 curveto
89.62706 53.13481 89.64044 52.4699 89.65366 51.80511 curveto
89.66689 51.14125 89.6602 50.4771 89.66354 49.81308 curveto
89.66689 49.14906 89.6602 48.48491 89.67343 47.82104 curveto
89.68665 47.15627 89.70003 46.49135 89.7432 45.82779 curveto
89.78638 45.16196 89.83989 44.49657 89.93246 43.83575 curveto
90.02626 43.16628 90.14043 42.49922 90.30125 41.8425 curveto
90.46666 41.16754 90.66199 40.50003 90.90887 39.85046 curveto
91.16837 39.16776 91.46571 38.49948 91.81535 37.85812 curveto
92.19235 37.16629 92.61238 36.49832 93.08105 35.86487 curveto
93.59882 35.16528 94.16006 34.49915 94.7645 33.87283 curveto
95.44537 33.16718 96.16731 32.5024 96.92572 31.8808 curveto
97.79161 31.17102 98.69414 30.50717 99.62662 29.88754 curveto
100.69652 29.17671 101.79758 28.51407 102.92342 27.89551 curveto
104.21815 27.18422 105.53903 26.52173 106.88013 25.90225 curveto
108.41718 25.19234 109.97612 24.53044 111.55147 23.91022 curveto
113.3509 23.20181 115.16843 22.53993 116.99963 21.91818 curveto
119.0821 21.21115 121.1795 20.54881 123.28844 19.92493 curveto
125.671 19.22002 128.06604 18.55798 130.47081 17.93259 curveto
133.17368 17.22966 135.88689 16.56763 138.6083 15.94055 curveto
141.65306 15.23898 144.70663 14.57634 147.7672 13.9473 curveto
151.16995 13.24786 154.58017 12.58553 157.99646 11.95526 curveto
161.78093 11.25705 165.57195 10.59425 169.36812 9.962 curveto
173.54967 9.26561 177.73637 8.60161 181.9281 7.96997 curveto stroke
newpath 179.19537 9.893 moveto
179.75285 8.85765 180.7653 8.14519 181.9281 7.96997 curveto
180.7653 8.14519 179.58788 7.76271 178.75003 6.93759 curveto stroke
newpath 0.13187 89.73315 moveto
-0.42561 90.76851 -1.43806 91.48097 -2.60086 91.65619 curveto
-1.43806 91.48097 -0.26064 91.86345 0.57721 92.68857 curveto stroke
newpath 9.96262 91.65607 moveto
9.43414 91.65607 8.92738 91.4461 8.55371 91.07245 curveto
8.18005 90.69878 7.9701 90.19202 7.9701 89.66354 curveto
7.9701 89.13507 8.18005 88.62831 8.55371 88.25464 curveto
8.92738 87.88098 9.43414 87.67102 9.96262 87.67102 curveto
10.49109 87.67102 10.99785 87.88098 11.37152 88.25464 curveto
11.74518 88.62831 11.95514 89.13507 11.95514 89.66354 curveto
11.95514 90.19202 11.74518 90.69878 11.37152 91.07245 curveto
10.99785 91.4461 10.49109 91.65607 9.96262 91.65607 curveto closepath fill
newpath 79.70093 71.73083 moveto
79.17245 71.73083 78.6657 71.52087 78.29202 71.14722 curveto
77.91837 70.77354 77.7084 70.26678 77.7084 69.73831 curveto
77.7084 69.20984 77.91837 68.70308 78.29202 68.3294 curveto
78.6657 67.95575 79.17245 67.74579 79.70093 67.74579 curveto
80.2294 67.74579 80.73616 67.95575 81.10983 68.3294 curveto
81.48349 68.70308 81.69345 69.20984 81.69345 69.73831 curveto
81.69345 70.26678 81.48349 70.77354 81.10983 71.14722 curveto
80.73616 71.52087 80.2294 71.73083 79.70093 71.73083 curveto closepath fill
newpath 89.66354 51.8056 moveto
89.13507 51.8056 88.62831 51.59564 88.25464 51.22198 curveto
87.88098 50.84831 87.67102 50.34155 87.67102 49.81308 curveto
87.67102 49.2846 87.88098 48.77785 88.25464 48.40417 curveto
88.62831 48.03052 89.13507 47.82056 89.66354 47.82056 curveto
90.19202 47.82056 90.69878 48.03052 91.07245 48.40417 curveto
91.4461 48.77785 91.65607 49.2846 91.65607 49.81308 curveto
91.65607 50.34155 91.4461 50.84831 91.07245 51.22198 curveto
90.69878 51.59564 90.19202 51.8056 89.66354 51.8056 curveto closepath fill
newpath 99.62616 31.88037 moveto
99.09769 31.88037 98.59093 31.67041 98.21725 31.29675 curveto
97.8436 30.92308 97.63364 30.41632 97.63364 29.88785 curveto
97.63364 29.35938 97.8436 28.85262 98.21725 28.47894 curveto
98.59093 28.10529 99.09769 27.89532 99.62616 27.89532 curveto
100.15463 27.89532 100.66139 28.10529 101.03506 28.47894 curveto
101.40872 28.85262 101.61868 29.35938 101.61868 29.88785 curveto
101.61868 30.41632 101.40872 30.92308 101.03506 31.29675 curveto
100.66139 31.67041 100.15463 31.88037 99.62616 31.88037 curveto closepath fill
newpath 169.36447 11.95514 moveto
168.836 11.95514 168.32924 11.74518 167.95557 11.37152 curveto
167.58191 10.99785 167.37195 10.49109 167.37195 9.96262 curveto
167.37195 9.43414 167.58191 8.92738 167.95557 8.55371 curveto
168.32924 8.18005 168.836 7.9701 169.36447 7.9701 curveto
169.89294 7.9701 170.3997 8.18005 170.77338 8.55371 curveto
171.14703 8.92738 171.357 9.43414 171.357 9.96262 curveto
171.357 10.49109 171.14703 10.99785 170.77338 11.37152 curveto
170.3997 11.74518 169.89294 11.95514 169.36447 11.95514 curveto closepath fill
showpage
%%EOF
