%!PS
%%BoundingBox: -1 -1 105 90 
%%HiResBoundingBox: -0.24907 -0.24907 104.85654 89.91261 
%%Creator: MetaPost 1.9991
%%CreationDate: 2017.08.03:0846
%%Pages: 1
%%BeginProlog
%%EndProlog
%%Page: 1 1
 0 0 0 setrgbcolor 0 0.49814 dtransform truncate idtransform setlinewidth pop
 [] 0 setdash 1 setlinecap 1 setlinejoin 10 setmiterlimit
newpath 0 44.83177 moveto
104.60747 44.83177 lineto stroke
newpath 99.62616 47.32243 moveto
100.8021 45.75452 102.64758 44.83177 104.60747 44.83177 curveto
102.64758 44.83177 100.8021 43.90903 99.62616 42.34111 curveto stroke
 0.49814 0 dtransform exch truncate exch idtransform pop setlinewidth
newpath 14.94392 0 moveto
14.94392 89.66354 lineto stroke
 0 0.49814 dtransform truncate idtransform setlinewidth pop
newpath 12.45326 84.68224 moveto
14.02118 85.85817 14.94392 87.70366 14.94392 89.66354 curveto
14.94392 87.70366 15.86667 85.85817 17.43459 84.68224 curveto stroke
 0.49814 0 dtransform exch truncate exch idtransform pop setlinewidth
newpath 14.94392 42.83925 moveto
14.94392 46.8243 lineto stroke
newpath 29.88785 42.83925 moveto
29.88785 46.8243 lineto stroke
newpath 44.83177 42.83925 moveto
44.83177 46.8243 lineto stroke
newpath 59.7757 42.83925 moveto
59.7757 46.8243 lineto stroke
newpath 74.71962 42.83925 moveto
74.71962 46.8243 lineto stroke
newpath 89.66354 42.83925 moveto
89.66354 46.8243 lineto stroke
 0 0.49814 dtransform truncate idtransform setlinewidth pop
newpath 16.93645 14.94392 moveto
12.9514 14.94392 lineto stroke
newpath 16.93645 29.88785 moveto
12.9514 29.88785 lineto stroke
newpath 16.93645 44.83177 moveto
12.9514 44.83177 lineto stroke
newpath 16.93645 59.7757 moveto
12.9514 59.7757 lineto stroke
newpath 16.93645 74.71962 moveto
12.9514 74.71962 lineto stroke
 0 1.24533 dtransform truncate idtransform setlinewidth pop
newpath 17.5856 82.19159 moveto
17.64671 81.69312 17.70988 81.19489 17.77533 80.69687 curveto
17.84077 80.19864 17.90826 79.70085 17.97827 79.2033 curveto
18.04851 78.7046 18.12102 78.20638 18.19626 77.70859 curveto
18.27151 77.2099 18.34927 76.71165 18.42976 76.21388 curveto
18.51048 75.71518 18.5937 75.21695 18.6799 74.71916 curveto
18.76633 74.2207 18.85548 73.72292 18.94783 73.22559 curveto
19.04065 72.72667 19.13618 72.22844 19.23538 71.73088 curveto
19.3348 71.23196 19.43718 70.73372 19.54344 70.23618 curveto
19.64993 69.73747 19.75961 69.2397 19.8734 68.7426 curveto
19.98764 68.24345 20.1053 67.74521 20.2273 67.24788 curveto
20.34975 66.74873 20.47585 66.25027 20.60649 65.75317 curveto
20.73784 65.2538 20.87306 64.75555 21.01306 64.25847 curveto
21.15376 63.75931 21.29878 63.2613 21.4486 62.7649 curveto
21.59955 62.26529 21.75461 61.76682 21.91537 61.27017 curveto
22.07704 60.77034 22.24373 60.27188 22.4159 59.77547 curveto
22.58942 59.2754 22.76796 58.77695 22.95244 58.28076 curveto
23.13828 57.7807 23.32936 57.28268 23.52682 56.78719 curveto
23.72635 56.28644 23.93135 55.78798 24.14296 55.29248 curveto
24.35684 54.7915 24.57666 54.29303 24.80331 53.79776 curveto
25.03249 53.29678 25.26804 52.79878 25.51065 52.30418 curveto
25.7567 51.80254 26.00912 51.30406 26.26907 50.80948 curveto
26.53313 50.30736 26.80379 49.8089 27.08221 49.31477 curveto
27.36542 48.81242 27.65547 48.31374 27.95374 47.82005 curveto
28.25723 47.31749 28.56781 46.81924 28.88681 46.32648 curveto
29.21266 45.823 29.54604 45.32454 29.88785 44.83177 curveto
30.23741 44.32784 30.59473 43.82915 30.96071 43.33707 curveto
31.33536 42.83313 31.71822 42.33466 32.10951 41.84349 curveto
32.51198 41.33841 32.92242 40.83972 33.34177 40.34877 curveto
33.77364 39.84325 34.21373 39.34454 34.66272 38.85406 curveto
35.12607 38.34785 35.59763 37.84915 36.07808 37.35936 curveto
36.57495 36.8529 37.08002 36.35468 37.59422 35.86578 curveto
38.1278 35.35843 38.66959 34.85973 39.22028 34.37106 curveto
39.79285 33.86302 40.3734 33.36433 40.96307 32.87636 curveto
41.57692 32.36832 42.19876 31.86986 42.82947 31.38278 curveto
43.4887 30.87361 44.15567 30.37491 44.83131 29.88808 curveto
45.53865 29.37843 46.25351 28.87975 46.97704 28.39337 curveto
47.73569 27.88327 48.50208 27.38458 49.27669 26.89865 curveto
50.09006 26.38834 50.91072 25.89009 51.73936 25.40508 curveto
52.61249 24.89384 53.49312 24.39539 54.38106 23.91037 curveto
55.31778 23.39891 56.26135 22.9002 57.21222 22.41566 curveto
58.2169 21.90373 59.22821 21.40504 60.24657 20.92094 curveto
61.3233 20.40903 62.40643 19.9108 63.49617 19.42737 curveto
64.65181 18.91476 65.8136 18.41608 66.98178 17.93266 curveto
68.2211 17.4196 69.46635 16.92114 70.71753 16.43796 curveto
72.04556 15.92513 73.37906 15.42711 74.71825 14.94438 curveto
76.14342 14.43086 77.5736 13.9324 79.00948 13.44966 curveto
80.53748 12.93593 82.0705 12.43745 83.60876 11.95496 curveto
85.24713 11.44098 86.89029 10.94275 88.53824 10.46025 curveto
90.29335 9.9465 92.05302 9.44849 93.81728 8.96667 curveto
95.7003 8.45224 97.5879 7.95401 99.47961 7.47195 curveto stroke
newpath 96.95242 9.6581 moveto
97.40382 8.57227 98.3401 7.76233 99.47961 7.47195 curveto
98.3401 7.76233 97.13039 7.49927 96.21439 6.76189 curveto stroke
newpath 16.46602 79.04317 moveto
17.31392 79.85796 17.7287 81.0244 17.5856 82.19159 curveto
17.7287 81.0244 18.41298 79.99269 19.4326 79.40688 curveto stroke
newpath 29.88785 46.8243 moveto
29.35938 46.8243 28.85262 46.61433 28.47894 46.24068 curveto
28.10529 45.867 27.89532 45.36024 27.89532 44.83177 curveto
27.89532 44.3033 28.10529 43.79654 28.47894 43.42287 curveto
28.85262 43.04921 29.35938 42.83925 29.88785 42.83925 curveto
30.41632 42.83925 30.92308 43.04921 31.29675 43.42287 curveto
31.67041 43.79654 31.88037 44.3033 31.88037 44.83177 curveto
31.88037 45.36024 31.67041 45.867 31.29675 46.24068 curveto
30.92308 46.61433 30.41632 46.8243 29.88785 46.8243 curveto closepath fill
newpath 44.83177 31.88037 moveto
44.3033 31.88037 43.79654 31.67041 43.42287 31.29675 curveto
43.04921 30.92308 42.83925 30.41632 42.83925 29.88785 curveto
42.83925 29.35938 43.04921 28.85262 43.42287 28.47894 curveto
43.79654 28.10529 44.3033 27.89532 44.83177 27.89532 curveto
45.36024 27.89532 45.867 28.10529 46.24068 28.47894 curveto
46.61433 28.85262 46.8243 29.35938 46.8243 29.88785 curveto
46.8243 30.41632 46.61433 30.92308 46.24068 31.29675 curveto
45.867 31.67041 45.36024 31.88037 44.83177 31.88037 curveto closepath fill
newpath 74.71962 16.93645 moveto
74.19115 16.93645 73.68439 16.72649 73.31071 16.35283 curveto
72.93706 15.97916 72.7271 15.4724 72.7271 14.94392 curveto
72.7271 14.41545 72.93706 13.90869 73.31071 13.53502 curveto
73.68439 13.16136 74.19115 12.9514 74.71962 12.9514 curveto
75.2481 12.9514 75.75485 13.16136 76.12852 13.53502 curveto
76.50218 13.90869 76.71214 14.41545 76.71214 14.94392 curveto
76.71214 15.4724 76.50218 15.97916 76.12852 16.35283 curveto
75.75485 16.72649 75.2481 16.93645 74.71962 16.93645 curveto closepath fill
showpage
%%EOF
