%!PS
%%BoundingBox: -1 -1 135 105 
%%HiResBoundingBox: -0.24907 -0.24907 134.74438 104.85654 
%%Creator: MetaPost 1.9991
%%CreationDate: 2017.08.03:0846
%%Pages: 1
%%BeginProlog
%%EndProlog
%%Page: 1 1
 0 0 0 setrgbcolor 0 0.49814 dtransform truncate idtransform setlinewidth pop
 [] 0 setdash 1 setlinecap 1 setlinejoin 10 setmiterlimit
newpath 0 14.94392 moveto
134.49532 14.94392 lineto stroke
newpath 129.514 17.43459 moveto
130.68994 15.86667 132.53543 14.94392 134.49532 14.94392 curveto
132.53543 14.94392 130.68994 14.02118 129.514 12.45326 curveto stroke
 0.49814 0 dtransform exch truncate exch idtransform pop setlinewidth
newpath 44.83177 0 moveto
44.83177 104.60747 lineto stroke
 0 0.49814 dtransform truncate idtransform setlinewidth pop
newpath 42.34111 99.62616 moveto
43.90903 100.8021 44.83177 102.64758 44.83177 104.60747 curveto
44.83177 102.64758 45.75452 100.8021 47.32243 99.62616 curveto stroke
 0.49814 0 dtransform exch truncate exch idtransform pop setlinewidth
newpath 14.94392 12.9514 moveto
14.94392 16.93645 lineto stroke
newpath 29.88785 12.9514 moveto
29.88785 16.93645 lineto stroke
newpath 44.83177 12.9514 moveto
44.83177 16.93645 lineto stroke
newpath 59.7757 12.9514 moveto
59.7757 16.93645 lineto stroke
newpath 74.71962 12.9514 moveto
74.71962 16.93645 lineto stroke
newpath 89.66354 12.9514 moveto
89.66354 16.93645 lineto stroke
newpath 104.60747 12.9514 moveto
104.60747 16.93645 lineto stroke
newpath 119.55139 12.9514 moveto
119.55139 16.93645 lineto stroke
 0 0.49814 dtransform truncate idtransform setlinewidth pop
newpath 46.8243 14.94392 moveto
42.83925 14.94392 lineto stroke
newpath 46.8243 29.88785 moveto
42.83925 29.88785 lineto stroke
newpath 46.8243 44.83177 moveto
42.83925 44.83177 lineto stroke
newpath 46.8243 59.7757 moveto
42.83925 59.7757 lineto stroke
newpath 46.8243 74.71962 moveto
42.83925 74.71962 lineto stroke
newpath 46.8243 89.66354 moveto
42.83925 89.66354 lineto stroke
 0 1.24533 dtransform truncate idtransform setlinewidth pop
newpath 14.94392 29.88785 moveto
15.43692 30.87405 15.93492 31.85754 16.43796 32.8385 curveto
16.9314 33.80055 17.42964 34.76031 17.93335 35.7171 curveto
18.42635 36.65361 18.92412 37.58739 19.42737 38.51842 curveto
19.92014 39.43005 20.41815 40.3392 20.9214 41.24515 curveto
21.41417 42.13217 21.91194 43.01622 22.41544 43.8971 curveto
22.90842 44.75995 23.40689 45.61983 23.91083 46.47653 curveto
24.40337 47.31384 24.90137 48.14818 25.40485 48.97911 curveto
25.89738 49.7918 26.39517 50.60106 26.89888 51.4069 curveto
27.39142 52.19473 27.8892 52.97914 28.39291 53.7599 curveto
28.88567 54.5238 29.38414 55.28404 29.8883 56.0404 curveto
30.38062 56.77875 30.87839 57.51344 31.38232 58.24405 curveto
31.87463 58.95776 32.37242 59.66762 32.87636 60.37312 curveto
33.36844 61.06223 33.86646 61.74698 34.37039 62.42741 curveto
34.86293 63.09233 35.36116 63.75293 35.86578 64.40874 curveto
36.35786 65.04834 36.85564 65.6834 37.3598 66.31366 curveto
37.85188 66.92865 38.34967 67.53885 38.85384 68.1438 curveto
39.34615 68.73462 39.8446 69.32065 40.34923 69.90097 curveto
40.84108 70.4667 41.3391 71.02696 41.84326 71.58176 curveto
42.33511 72.12286 42.8329 72.65826 43.3373 73.18774 curveto
43.82915 73.70422 44.32715 74.215 44.83131 74.71916 curveto
45.32362 75.21147 45.82208 75.69762 46.3267 76.17717 curveto
46.81856 76.6444 47.31657 77.10545 47.82074 77.55923 curveto
48.31259 78.00183 48.81061 78.43805 49.31477 78.8665 curveto
49.80663 79.28447 50.30463 79.6956 50.80879 80.09898 curveto
51.30133 80.49301 51.79979 80.87975 52.30418 81.25804 curveto
52.79626 81.62698 53.29428 81.9884 53.79822 82.34117 curveto
54.29053 82.68571 54.78853 83.02205 55.29225 83.3495 curveto
55.78477 83.66942 56.28256 83.98112 56.78627 84.28326 curveto
57.2795 84.57901 57.77773 84.8661 58.28166 85.14316 curveto
58.77466 85.41428 59.27245 85.67606 59.7757 85.92757 curveto
60.26892 86.17406 60.76692 86.41098 61.26973 86.63718 curveto
61.76385 86.85951 62.2621 87.07156 62.76512 87.27269 curveto
63.25902 87.47015 63.75703 87.65714 64.25914 87.83295 curveto
64.75351 88.00603 65.25151 88.16815 65.75317 88.31865 curveto
66.24799 88.46709 66.746 88.60435 67.24721 88.72955 curveto
67.74294 88.85336 68.24162 88.96556 68.7426 89.06589 curveto
69.23833 89.16508 69.73656 89.25241 70.23662 89.32744 curveto
70.73303 89.402 71.23128 89.46425 71.73065 89.51419 curveto
72.22775 89.5639 72.72575 89.60129 73.22469 89.62614 curveto
73.72269 89.651 74.22139 89.66354 74.72008 89.66354 curveto
75.2183 89.66354 75.71655 89.651 76.2141 89.62614 curveto
76.71303 89.60129 77.21103 89.5639 77.70813 89.51419 curveto
78.2075 89.46425 78.70575 89.402 79.20216 89.32744 curveto
79.70268 89.25241 80.20137 89.16486 80.69756 89.06566 curveto
81.19807 88.96556 81.6963 88.85336 82.19159 88.72955 curveto
82.69278 88.60414 83.1908 88.46709 83.68561 88.31865 curveto
84.18773 88.16815 84.68619 88.0058 85.181 87.83272 curveto
85.68312 87.65714 86.18112 87.46992 86.67503 87.27246 curveto
87.1776 87.07156 87.67538 86.85951 88.16907 86.6374 curveto
88.67186 86.41121 89.16986 86.17429 89.66309 85.9278 curveto
90.1668 85.67606 90.66504 85.41405 91.15848 85.1427 curveto
91.66197 84.86588 92.15974 84.57924 92.65251 84.28372 curveto
93.15622 83.98158 93.654 83.6701 94.14655 83.34996 curveto
94.65025 83.0225 95.14825 82.68594 95.64056 82.3414 curveto
96.14496 81.9884 96.64343 81.62675 97.13596 81.25735 curveto
97.6399 80.87929 98.13791 80.49301 98.62999 80.09944 curveto
99.13416 79.69606 99.63217 79.28493 100.12402 78.86673 curveto
100.62819 78.43828 101.12619 78.00206 101.61804 77.55946 curveto
102.12267 77.10522 102.62112 76.64394 103.11343 76.17625 curveto
103.6176 75.69717 104.11584 75.21147 104.60747 74.71962 curveto stroke
newpath 14.94392 31.88037 moveto
14.41545 31.88037 13.90869 31.67041 13.53502 31.29675 curveto
13.16136 30.92308 12.9514 30.41632 12.9514 29.88785 curveto
12.9514 29.35938 13.16136 28.85262 13.53502 28.47894 curveto
13.90869 28.10529 14.41545 27.89532 14.94392 27.89532 curveto
15.4724 27.89532 15.97916 28.10529 16.35283 28.47894 curveto
16.72649 28.85262 16.93645 29.35938 16.93645 29.88785 curveto
16.93645 30.41632 16.72649 30.92308 16.35283 31.29675 curveto
15.97916 31.67041 15.4724 31.88037 14.94392 31.88037 curveto closepath fill
newpath 74.71962 91.65607 moveto
74.19115 91.65607 73.68439 91.4461 73.31071 91.07245 curveto
72.93706 90.69878 72.7271 90.19202 72.7271 89.66354 curveto
72.7271 89.13507 72.93706 88.62831 73.31071 88.25464 curveto
73.68439 87.88098 74.19115 87.67102 74.71962 87.67102 curveto
75.2481 87.67102 75.75485 87.88098 76.12852 88.25464 curveto
76.50218 88.62831 76.71214 89.13507 76.71214 89.66354 curveto
76.71214 90.19202 76.50218 90.69878 76.12852 91.07245 curveto
75.75485 91.4461 75.2481 91.65607 74.71962 91.65607 curveto closepath fill
newpath 44.83177 76.71214 moveto
44.3033 76.71214 43.79654 76.50218 43.42287 76.12852 curveto
43.04921 75.75485 42.83925 75.2481 42.83925 74.71962 curveto
42.83925 74.19115 43.04921 73.68439 43.42287 73.31071 curveto
43.79654 72.93706 44.3033 72.7271 44.83177 72.7271 curveto
45.36024 72.7271 45.867 72.93706 46.24068 73.31071 curveto
46.61433 73.68439 46.8243 74.19115 46.8243 74.71962 curveto
46.8243 75.2481 46.61433 75.75485 46.24068 76.12852 curveto
45.867 76.50218 45.36024 76.71214 44.83177 76.71214 curveto closepath fill
 1 1 1 setrgbcolor
newpath 104.60747 76.71214 moveto
104.079 76.71214 103.57224 76.50218 103.19856 76.12852 curveto
102.8249 75.75485 102.61494 75.2481 102.61494 74.71962 curveto
102.61494 74.19115 102.8249 73.68439 103.19856 73.31071 curveto
103.57224 72.93706 104.079 72.7271 104.60747 72.7271 curveto
105.13594 72.7271 105.6427 72.93706 106.01637 73.31071 curveto
106.39003 73.68439 106.59999 74.19115 106.59999 74.71962 curveto
106.59999 75.2481 106.39003 75.75485 106.01637 76.12852 curveto
105.6427 76.50218 105.13594 76.71214 104.60747 76.71214 curveto closepath fill
 0 0 0 setrgbcolor
newpath 104.60747 76.71214 moveto
104.079 76.71214 103.57224 76.50218 103.19856 76.12852 curveto
102.8249 75.75485 102.61494 75.2481 102.61494 74.71962 curveto
102.61494 74.19115 102.8249 73.68439 103.19856 73.31071 curveto
103.57224 72.93706 104.079 72.7271 104.60747 72.7271 curveto
105.13594 72.7271 105.6427 72.93706 106.01637 73.31071 curveto
106.39003 73.68439 106.59999 74.19115 106.59999 74.71962 curveto
106.59999 75.2481 106.39003 75.75485 106.01637 76.12852 curveto
105.6427 76.50218 105.13594 76.71214 104.60747 76.71214 curveto stroke
showpage
%%EOF
