%!PS
%%BoundingBox: -1 -1 120 120 
%%HiResBoundingBox: -0.24907 -0.24907 119.80046 119.80046 
%%Creator: MetaPost 1.9991
%%CreationDate: 2017.08.03:0846
%%Pages: 1
%%BeginProlog
%%EndProlog
%%Page: 1 1
 0 0 0 setrgbcolor 0 0.49814 dtransform truncate idtransform setlinewidth pop
 [] 0 setdash 1 setlinecap 1 setlinejoin 10 setmiterlimit
newpath 0 104.60747 moveto
119.55139 104.60747 lineto stroke
newpath 114.57008 107.09813 moveto
115.74602 105.53021 117.5915 104.60747 119.55139 104.60747 curveto
117.5915 104.60747 115.74602 103.68472 114.57008 102.1168 curveto stroke
 0.49814 0 dtransform exch truncate exch idtransform pop setlinewidth
newpath 59.7757 0 moveto
59.7757 119.55139 lineto stroke
 0 0.49814 dtransform truncate idtransform setlinewidth pop
newpath 57.28503 114.57008 moveto
58.85295 115.74602 59.7757 117.5915 59.7757 119.55139 curveto
59.7757 117.5915 60.69844 115.74602 62.26636 114.57008 curveto stroke
 0.49814 0 dtransform exch truncate exch idtransform pop setlinewidth
newpath 14.94392 102.61494 moveto
14.94392 106.59999 lineto stroke
newpath 29.88785 102.61494 moveto
29.88785 106.59999 lineto stroke
newpath 44.83177 102.61494 moveto
44.83177 106.59999 lineto stroke
newpath 74.71962 102.61494 moveto
74.71962 106.59999 lineto stroke
newpath 89.66354 102.61494 moveto
89.66354 106.59999 lineto stroke
newpath 104.60747 102.61494 moveto
104.60747 106.59999 lineto stroke
 0 0.49814 dtransform truncate idtransform setlinewidth pop
newpath 61.76822 14.94392 moveto
57.78317 14.94392 lineto stroke
newpath 61.76822 29.88785 moveto
57.78317 29.88785 lineto stroke
newpath 61.76822 44.83177 moveto
57.78317 44.83177 lineto stroke
newpath 61.76822 59.7757 moveto
57.78317 59.7757 lineto stroke
newpath 61.76822 74.71962 moveto
57.78317 74.71962 lineto stroke
newpath 61.76822 89.66354 moveto
57.78317 89.66354 lineto stroke
newpath 14.94392 106.59999 moveto
14.41545 106.59999 13.90869 106.39003 13.53502 106.01637 curveto
13.16136 105.6427 12.9514 105.13594 12.9514 104.60747 curveto
12.9514 104.079 13.16136 103.57224 13.53502 103.19856 curveto
13.90869 102.8249 14.41545 102.61494 14.94392 102.61494 curveto
15.4724 102.61494 15.97916 102.8249 16.35283 103.19856 curveto
16.72649 103.57224 16.93645 104.079 16.93645 104.60747 curveto
16.93645 105.13594 16.72649 105.6427 16.35283 106.01637 curveto
15.97916 106.39003 15.4724 106.59999 14.94392 106.59999 curveto closepath fill
newpath 59.7757 16.93645 moveto
59.24722 16.93645 58.74046 16.72649 58.36679 16.35283 curveto
57.99313 15.97916 57.78317 15.4724 57.78317 14.94392 curveto
57.78317 14.41545 57.99313 13.90869 58.36679 13.53502 curveto
58.74046 13.16136 59.24722 12.9514 59.7757 12.9514 curveto
60.30417 12.9514 60.81093 13.16136 61.1846 13.53502 curveto
61.55826 13.90869 61.76822 14.41545 61.76822 14.94392 curveto
61.76822 15.4724 61.55826 15.97916 61.1846 16.35283 curveto
60.81093 16.72649 60.30417 16.93645 59.7757 16.93645 curveto closepath fill
 0 1.24533 dtransform truncate idtransform setlinewidth pop
newpath 104.60747 104.60747 moveto
104.60793 101.58247 104.53131 98.55771 104.37762 95.53659 curveto
104.22507 92.5385 103.99635 89.54497 103.68944 86.55875 curveto
103.3873 83.61858 103.00992 80.68684 102.55182 77.76697 curveto
102.10443 74.91412 101.58018 72.07361 100.97432 69.25018 curveto
100.38693 66.51273 99.72269 63.79237 98.97408 61.0946 curveto
98.2542 58.50081 97.45702 55.9289 96.57228 53.3864 curveto
95.72836 50.96135 94.80553 48.56433 93.79288 46.20494 curveto
92.83379 43.97052 91.79468 41.77075 90.66252 39.61864 curveto
89.5997 37.59787 88.45569 35.62065 87.21683 33.70273 curveto
86.06073 31.91295 84.82323 30.17676 83.48996 28.51468 curveto
82.25133 26.9707 80.93196 25.49265 79.51889 24.10648 curveto
78.20865 22.82109 76.82042 21.61711 75.34532 20.52464 curveto
73.9733 19.50833 72.52943 18.5912 71.01306 17.8061 curveto
69.58629 17.06754 68.10002 16.4489 66.56381 15.97826 curveto
65.09099 15.527 63.57872 15.21436 62.04616 15.05885 curveto
60.53639 14.90561 59.015 14.90561 57.50523 15.05885 curveto
55.97267 15.21436 54.4604 15.527 52.98758 15.97826 curveto
51.4516 16.4489 49.96556 17.06754 48.53902 17.8061 curveto
47.02242 18.5912 45.57832 19.5081 44.20607 20.52464 curveto
42.7312 21.61711 41.3432 22.82109 40.03319 24.10648 curveto
38.62012 25.49265 37.30075 26.9707 36.06212 28.51468 curveto
34.72862 30.17676 33.49089 31.91295 32.33456 33.70273 curveto
31.0957 35.6202 29.95146 37.59695 28.88887 39.61726 curveto
27.75671 41.76984 26.71783 43.97006 25.75851 46.20494 curveto
24.74586 48.56433 23.82303 50.96135 22.97911 53.3864 curveto
22.0946 55.92844 21.29697 58.49966 20.57732 61.09323 curveto
19.8287 63.79102 19.16446 66.51137 18.57707 69.24881 curveto
17.9712 72.07224 17.44696 74.91277 16.99957 77.7656 curveto
16.54147 80.68547 16.1641 83.6172 15.86195 86.55737 curveto
15.55504 89.54405 15.32632 92.53804 15.17377 95.53659 curveto
15.02008 98.55771 14.94347 101.58247 14.94392 104.60747 curveto stroke
 1 1 1 setrgbcolor
newpath 104.60747 106.59999 moveto
104.079 106.59999 103.57224 106.39003 103.19856 106.01637 curveto
102.8249 105.6427 102.61494 105.13594 102.61494 104.60747 curveto
102.61494 104.079 102.8249 103.57224 103.19856 103.19856 curveto
103.57224 102.8249 104.079 102.61494 104.60747 102.61494 curveto
105.13594 102.61494 105.6427 102.8249 106.01637 103.19856 curveto
106.39003 103.57224 106.59999 104.079 106.59999 104.60747 curveto
106.59999 105.13594 106.39003 105.6427 106.01637 106.01637 curveto
105.6427 106.39003 105.13594 106.59999 104.60747 106.59999 curveto closepath fill
 0 0 0 setrgbcolor
newpath 104.60747 106.59999 moveto
104.079 106.59999 103.57224 106.39003 103.19856 106.01637 curveto
102.8249 105.6427 102.61494 105.13594 102.61494 104.60747 curveto
102.61494 104.079 102.8249 103.57224 103.19856 103.19856 curveto
103.57224 102.8249 104.079 102.61494 104.60747 102.61494 curveto
105.13594 102.61494 105.6427 102.8249 106.01637 103.19856 curveto
106.39003 103.57224 106.59999 104.079 106.59999 104.60747 curveto
106.59999 105.13594 106.39003 105.6427 106.01637 106.01637 curveto
105.6427 106.39003 105.13594 106.59999 104.60747 106.59999 curveto stroke
showpage
%%EOF
