%!PS
%%BoundingBox: -1 -1 120 68 
%%HiResBoundingBox: -0.24907 -0.24907 119.80046 67.49673 
%%Creator: MetaPost 1.9991
%%CreationDate: 2017.08.03:0846
%%Pages: 1
%%BeginProlog
%%EndProlog
%%Page: 1 1
 0 0 0 setrgbcolor 0 0.49814 dtransform truncate idtransform setlinewidth pop
 [] 0 setdash 1 setlinecap 1 setlinejoin 10 setmiterlimit
newpath 0 22.4159 moveto
119.55139 22.4159 lineto stroke
newpath 114.57008 24.90656 moveto
115.74602 23.33864 117.5915 22.4159 119.55139 22.4159 curveto
117.5915 22.4159 115.74602 21.49315 114.57008 19.92523 curveto stroke
 0.49814 0 dtransform exch truncate exch idtransform pop setlinewidth
newpath 59.7757 0 moveto
59.7757 67.24767 lineto stroke
 0 0.49814 dtransform truncate idtransform setlinewidth pop
newpath 57.28503 62.26636 moveto
58.85295 63.44229 59.7757 65.28778 59.7757 67.24767 curveto
59.7757 65.28778 60.69844 63.44229 62.26636 62.26636 curveto stroke
 0.49814 0 dtransform exch truncate exch idtransform pop setlinewidth
newpath 14.94392 20.42337 moveto
14.94392 24.40842 lineto stroke
newpath 29.88785 20.42337 moveto
29.88785 24.40842 lineto stroke
newpath 44.83177 20.42337 moveto
44.83177 24.40842 lineto stroke
newpath 74.71962 20.42337 moveto
74.71962 24.40842 lineto stroke
newpath 89.66354 20.42337 moveto
89.66354 24.40842 lineto stroke
newpath 104.60747 20.42337 moveto
104.60747 24.40842 lineto stroke
 0 0.49814 dtransform truncate idtransform setlinewidth pop
newpath 61.76822 7.47197 moveto
57.78317 7.47197 lineto stroke
newpath 61.76822 37.35982 moveto
57.78317 37.35982 lineto stroke
newpath 61.76822 52.30374 moveto
57.78317 52.30374 lineto stroke
newpath 14.94392 24.40842 moveto
14.41545 24.40842 13.90869 24.19846 13.53502 23.8248 curveto
13.16136 23.45113 12.9514 22.94437 12.9514 22.4159 curveto
12.9514 21.88742 13.16136 21.38066 13.53502 21.00699 curveto
13.90869 20.63333 14.41545 20.42337 14.94392 20.42337 curveto
15.4724 20.42337 15.97916 20.63333 16.35283 21.00699 curveto
16.72649 21.38066 16.93645 21.88742 16.93645 22.4159 curveto
16.93645 22.94437 16.72649 23.45113 16.35283 23.8248 curveto
15.97916 24.19846 15.4724 24.40842 14.94392 24.40842 curveto closepath fill
newpath 59.7757 51.30753 moveto
59.24722 51.30753 58.74046 51.09756 58.36679 50.7239 curveto
57.99313 50.35023 57.78317 49.84348 57.78317 49.315 curveto
57.78317 48.78653 57.99313 48.27977 58.36679 47.9061 curveto
58.74046 47.53244 59.24722 47.32248 59.7757 47.32248 curveto
60.30417 47.32248 60.81093 47.53244 61.1846 47.9061 curveto
61.55826 48.27977 61.76822 48.78653 61.76822 49.315 curveto
61.76822 49.84348 61.55826 50.35023 61.1846 50.7239 curveto
60.81093 51.09756 60.30417 51.30753 59.7757 51.30753 curveto closepath fill
 0 1.24533 dtransform truncate idtransform setlinewidth pop
newpath 104.60747 22.4159 moveto
104.60701 23.32777 104.53017 24.23805 104.37762 25.13716 curveto
104.22256 26.05223 103.9902 26.95247 103.68944 27.8306 curveto
103.37886 28.73769 102.996 29.61833 102.55182 30.46796 curveto
102.08755 31.35611 101.55739 32.20802 100.97432 33.023 curveto
100.36093 33.8806 99.69008 34.69556 98.97408 35.46971 curveto
98.21886 36.28627 97.41461 37.05609 96.57228 37.78235 curveto
95.68388 38.5483 94.75423 39.26476 93.79288 39.93674 curveto
92.78088 40.64384 91.73494 41.30103 90.66252 41.91258 curveto
89.53972 42.55289 88.3891 43.14279 87.21683 43.68732 curveto
85.99529 44.25464 84.7514 44.77203 83.48996 45.24382 curveto
82.1827 45.73271 80.85764 46.17212 79.51889 46.56615 curveto
78.14047 46.9718 76.74814 47.32912 75.34532 47.64084 curveto
73.91058 47.95961 72.46535 48.23074 71.01306 48.45625 curveto
69.53613 48.68565 68.05214 48.86784 66.56381 49.00465 curveto
65.06111 49.14284 63.55455 49.23474 62.04616 49.28056 curveto
60.53275 49.32663 59.01865 49.32663 57.50523 49.28056 curveto
55.99684 49.23474 54.49028 49.14284 52.98758 49.00465 curveto
51.49948 48.86784 50.01572 48.68565 48.53902 48.45625 curveto
47.0865 48.23074 45.64104 47.95961 44.20607 47.64084 curveto
42.80348 47.32912 41.41138 46.9718 40.03319 46.56615 curveto
38.69444 46.17212 37.36938 45.73271 36.06212 45.24382 curveto
34.80045 44.77203 33.55634 44.25464 32.33456 43.68732 curveto
31.1623 43.14302 30.01167 42.55334 28.88887 41.91304 curveto
27.81645 41.30148 26.77051 40.64407 25.75851 39.93674 curveto
24.79716 39.26476 23.86751 38.5483 22.97911 37.78235 curveto
22.13678 37.05609 21.33253 36.28673 20.57732 35.47017 curveto
19.86131 34.69601 19.19046 33.88104 18.57707 33.02344 curveto
17.994 32.20848 17.46384 31.35657 16.99957 30.46841 curveto
16.55539 29.61879 16.17253 28.73792 15.86195 27.83083 curveto
15.56119 26.9527 15.32883 26.05246 15.17377 25.13716 curveto
15.02145 24.23805 14.94438 23.32777 14.94392 22.4159 curveto stroke
 1 1 1 setrgbcolor
newpath 104.60747 24.40842 moveto
104.079 24.40842 103.57224 24.19846 103.19856 23.8248 curveto
102.8249 23.45113 102.61494 22.94437 102.61494 22.4159 curveto
102.61494 21.88742 102.8249 21.38066 103.19856 21.00699 curveto
103.57224 20.63333 104.079 20.42337 104.60747 20.42337 curveto
105.13594 20.42337 105.6427 20.63333 106.01637 21.00699 curveto
106.39003 21.38066 106.59999 21.88742 106.59999 22.4159 curveto
106.59999 22.94437 106.39003 23.45113 106.01637 23.8248 curveto
105.6427 24.19846 105.13594 24.40842 104.60747 24.40842 curveto closepath fill
 0 0 0 setrgbcolor
newpath 104.60747 24.40842 moveto
104.079 24.40842 103.57224 24.19846 103.19856 23.8248 curveto
102.8249 23.45113 102.61494 22.94437 102.61494 22.4159 curveto
102.61494 21.88742 102.8249 21.38066 103.19856 21.00699 curveto
103.57224 20.63333 104.079 20.42337 104.60747 20.42337 curveto
105.13594 20.42337 105.6427 20.63333 106.01637 21.00699 curveto
106.39003 21.38066 106.59999 21.88742 106.59999 22.4159 curveto
106.59999 22.94437 106.39003 23.45113 106.01637 23.8248 curveto
105.6427 24.19846 105.13594 24.40842 104.60747 24.40842 curveto stroke
showpage
%%EOF
