%!PS
%%BoundingBox: -1 -1 213 120 
%%HiResBoundingBox: -0.24907 -0.24907 212.43861 119.80046 
%%Creator: MetaPost 1.9991
%%CreationDate: 2017.08.03:0846
%%Pages: 1
%%BeginProlog
%%EndProlog
%%Page: 1 1
 0 0 0 setrgbcolor 0 0.49814 dtransform truncate idtransform setlinewidth pop
 [] 0 setdash 1 setlinecap 1 setlinejoin 10 setmiterlimit
newpath 0 59.7757 moveto
209.21494 59.7757 lineto stroke
newpath 204.23363 62.26636 moveto
205.40956 60.69844 207.25505 59.7757 209.21494 59.7757 curveto
207.25505 59.7757 205.40956 58.85295 204.23363 57.28503 curveto stroke
 0.49814 0 dtransform exch truncate exch idtransform pop setlinewidth
newpath 119.55139 0 moveto
119.55139 119.55139 lineto stroke
 0 0.49814 dtransform truncate idtransform setlinewidth pop
newpath 117.06073 114.57008 moveto
118.62865 115.74602 119.55139 117.5915 119.55139 119.55139 curveto
119.55139 117.5915 120.47414 115.74602 122.04205 114.57008 curveto stroke
 1 1 1 setrgbcolor
newpath 93.74019 31.50775 moveto
125.43736 31.50775 lineto
125.43736 48.19318 lineto
93.74019 48.19318 lineto
 closepath fill
 0 0 0 setrgbcolor 0 1.24533 dtransform truncate idtransform setlinewidth pop
newpath 27.28699 38.85414 moveto
31.47491 39.16972 35.66162 39.50174 39.84682 39.85016 curveto
43.63873 40.1659 47.4296 40.4973 51.21863 40.84679 curveto
54.6299 41.16147 58.03981 41.49255 61.44759 41.8428 curveto
64.50253 42.15672 67.55565 42.48796 70.60663 42.83943 curveto
73.32152 43.15213 76.03412 43.48308 78.74413 43.83545 curveto
81.14099 44.14708 83.53542 44.47787 85.9265 44.83162 curveto
88.02617 45.1422 90.12263 45.47298 92.21516 45.82825 curveto
94.03542 46.1373 95.85187 46.46764 97.66347 46.82426 curveto
99.22574 47.13179 100.78346 47.46198 102.33481 47.82028 curveto
103.66025 48.12645 104.9799 48.45648 106.29152 48.81691 curveto
107.39867 49.1211 108.49866 49.45082 109.58832 49.81293 curveto
110.4992 50.1156 111.40082 50.44562 112.28906 50.80956 curveto
113.02345 51.11055 113.7457 51.44043 114.45044 51.80557 curveto
115.02979 52.1058 115.59315 52.4363 116.13388 52.80159 curveto
116.57945 53.10258 117.00328 53.43474 117.39958 53.79822 curveto
117.73114 54.10225 118.0338 54.43623 118.30606 54.79439 curveto
118.54199 55.10481 118.7422 55.4403 118.91368 55.7904 curveto
119.06995 56.10919 119.1867 56.4453 119.28247 56.78703 curveto
119.37369 57.11296 119.4281 57.44756 119.47174 57.78305 curveto
119.51476 58.11354 119.52814 58.44676 119.5415 58.77968 curveto
119.55473 59.11153 119.54805 59.4437 119.55139 59.7757 curveto
119.55473 60.1077 119.54805 60.43987 119.56128 60.77171 curveto
119.57465 61.10463 119.58803 61.43785 119.63104 61.76834 curveto
119.67468 62.10384 119.7291 62.43843 119.82031 62.76436 curveto
119.91608 63.1061 120.03284 63.4422 120.1891 63.76099 curveto
120.36058 64.11108 120.56079 64.44658 120.79672 64.757 curveto
121.06898 65.11516 121.37164 65.44914 121.7032 65.75317 curveto
122.0995 66.11665 122.52333 66.4488 122.9689 66.7498 curveto
123.50963 67.1151 124.07285 67.44559 124.65234 67.74582 curveto
125.35693 68.11096 126.07918 68.44084 126.81357 68.74184 curveto
127.70181 69.10593 128.60358 69.43579 129.51447 69.73846 curveto
130.60413 70.10042 131.70412 70.4303 132.81126 70.73448 curveto
134.12288 71.09491 135.44254 71.42494 136.76797 71.73111 curveto
138.31932 72.08942 139.87704 72.4196 141.43932 72.72713 curveto
143.25076 73.0836 145.06721 73.4141 146.88748 73.72314 curveto
148.98 74.07841 151.07661 74.4092 153.17628 74.71977 curveto
155.56737 75.07352 157.96179 75.40431 160.35866 75.71594 curveto
163.06866 76.06831 165.78127 76.39926 168.49615 76.71196 curveto
171.54698 77.06343 174.6001 77.39467 177.65504 77.70859 curveto
181.06297 78.05884 184.47289 78.38992 187.88431 78.7046 curveto
191.67334 79.0541 195.46405 79.3855 199.25597 79.70123 curveto
203.44131 80.04965 207.62802 80.38167 211.81595 80.69725 curveto stroke
newpath 208.7233 81.96283 moveto
209.49754 81.07776 210.64334 80.60889 211.81595 80.69725 curveto
210.64334 80.60889 209.58076 79.97357 208.9479 78.98245 curveto stroke
newpath 30.37964 37.58856 moveto
29.6054 38.47363 28.4596 38.9425 27.28699 38.85414 curveto
28.4596 38.9425 29.52217 39.57782 30.15503 40.56894 curveto stroke
newpath 119.55139 61.76822 moveto
119.02292 61.76822 118.51616 61.55826 118.14249 61.1846 curveto
117.76883 60.81093 117.55887 60.30417 117.55887 59.7757 curveto
117.55887 59.24722 117.76883 58.74046 118.14249 58.36679 curveto
118.51616 57.99313 119.02292 57.78317 119.55139 57.78317 curveto
120.07986 57.78317 120.58662 57.99313 120.9603 58.36679 curveto
121.33395 58.74046 121.54391 59.24722 121.54391 59.7757 curveto
121.54391 60.30417 121.33395 60.81093 120.9603 61.1846 curveto
120.58662 61.55826 120.07986 61.76822 119.55139 61.76822 curveto closepath fill
newpath 109.58878 51.8056 moveto
109.0603 51.8056 108.55354 51.59564 108.17987 51.22198 curveto
107.80621 50.84831 107.59625 50.34155 107.59625 49.81308 curveto
107.59625 49.2846 107.80621 48.77785 108.17987 48.40417 curveto
108.55354 48.03052 109.0603 47.82056 109.58878 47.82056 curveto
110.11725 47.82056 110.62401 48.03052 110.99768 48.40417 curveto
111.37134 48.77785 111.5813 49.2846 111.5813 49.81308 curveto
111.5813 50.34155 111.37134 50.84831 110.99768 51.22198 curveto
110.62401 51.59564 110.11725 51.8056 109.58878 51.8056 curveto closepath fill
newpath 129.514 71.73083 moveto
128.98553 71.73083 128.47878 71.52087 128.1051 71.14722 curveto
127.73145 70.77354 127.52148 70.26678 127.52148 69.73831 curveto
127.52148 69.20984 127.73145 68.70308 128.1051 68.3294 curveto
128.47878 67.95575 128.98553 67.74579 129.514 67.74579 curveto
130.04248 67.74579 130.54924 67.95575 130.92291 68.3294 curveto
131.29657 68.70308 131.50653 69.20984 131.50653 69.73831 curveto
131.50653 70.26678 131.29657 70.77354 130.92291 71.14722 curveto
130.54924 71.52087 130.04248 71.73083 129.514 71.73083 curveto closepath fill
newpath 39.85046 41.84299 moveto
39.32199 41.84299 38.81523 41.63303 38.44156 41.25937 curveto
38.0679 40.8857 37.85794 40.37894 37.85794 39.85046 curveto
37.85794 39.32199 38.0679 38.81523 38.44156 38.44156 curveto
38.81523 38.0679 39.32199 37.85794 39.85046 37.85794 curveto
40.37894 37.85794 40.8857 38.0679 41.25937 38.44156 curveto
41.63303 38.81523 41.84299 39.32199 41.84299 39.85046 curveto
41.84299 40.37894 41.63303 40.8857 41.25937 41.25937 curveto
40.8857 41.63303 40.37894 41.84299 39.85046 41.84299 curveto closepath fill
newpath 199.25232 81.69345 moveto
198.72385 81.69345 198.21709 81.48349 197.84341 81.10983 curveto
197.46976 80.73616 197.2598 80.2294 197.2598 79.70093 curveto
197.2598 79.17245 197.46976 78.6657 197.84341 78.29202 curveto
198.21709 77.91837 198.72385 77.7084 199.25232 77.7084 curveto
199.78079 77.7084 200.28755 77.91837 200.66122 78.29202 curveto
201.03488 78.6657 201.24484 79.17245 201.24484 79.70093 curveto
201.24484 80.2294 201.03488 80.73616 200.66122 81.10983 curveto
200.28755 81.48349 199.78079 81.69345 199.25232 81.69345 curveto closepath fill
showpage
%%EOF
