%!PS
%%BoundingBox: -1 -1 160 110 
%%HiResBoundingBox: -0.24907 -0.24907 159.65092 109.83784 
%%Creator: MetaPost 1.9991
%%CreationDate: 2017.08.03:0846
%%Pages: 1
%%BeginProlog
%%EndProlog
%%Page: 1 1
 0 0 0 setrgbcolor 0 0.49814 dtransform truncate idtransform setlinewidth pop
 [] 0 setdash 1 setlinecap 1 setlinejoin 10 setmiterlimit
newpath 0 29.88785 moveto
159.40186 29.88785 lineto stroke
newpath 154.42055 32.37851 moveto
155.59648 30.8106 157.44197 29.88785 159.40186 29.88785 curveto
157.44197 29.88785 155.59648 28.9651 154.42055 27.39719 curveto stroke
 0.49814 0 dtransform exch truncate exch idtransform pop setlinewidth
newpath 79.70093 0 moveto
79.70093 109.58878 lineto stroke
 0 0.49814 dtransform truncate idtransform setlinewidth pop
newpath 77.21027 104.60747 moveto
78.77818 105.7834 79.70093 107.62889 79.70093 109.58878 curveto
79.70093 107.62889 80.62367 105.7834 82.19159 104.60747 curveto stroke
 0.49814 0 dtransform exch truncate exch idtransform pop setlinewidth
newpath 19.92523 27.89532 moveto
19.92523 31.88037 lineto stroke
newpath 39.85046 27.89532 moveto
39.85046 31.88037 lineto stroke
newpath 59.7757 27.89532 moveto
59.7757 31.88037 lineto stroke
newpath 99.62616 27.89532 moveto
99.62616 31.88037 lineto stroke
newpath 119.55139 27.89532 moveto
119.55139 31.88037 lineto stroke
newpath 139.47662 27.89532 moveto
139.47662 31.88037 lineto stroke
 0 0.49814 dtransform truncate idtransform setlinewidth pop
newpath 81.69345 9.96262 moveto
77.7084 9.96262 lineto stroke
newpath 81.69345 49.81308 moveto
77.7084 49.81308 lineto stroke
newpath 81.69345 69.73831 moveto
77.7084 69.73831 lineto stroke
newpath 81.69345 89.66354 moveto
77.7084 89.66354 lineto stroke
newpath 19.92523 31.88037 moveto
19.39676 31.88037 18.89 31.67041 18.51633 31.29675 curveto
18.14267 30.92308 17.93271 30.41632 17.93271 29.88785 curveto
17.93271 29.35938 18.14267 28.85262 18.51633 28.47894 curveto
18.89 28.10529 19.39676 27.89532 19.92523 27.89532 curveto
20.4537 27.89532 20.96046 28.10529 21.33414 28.47894 curveto
21.7078 28.85262 21.91776 29.35938 21.91776 29.88785 curveto
21.91776 30.41632 21.7078 30.92308 21.33414 31.29675 curveto
20.96046 31.67041 20.4537 31.88037 19.92523 31.88037 curveto closepath fill
newpath 79.70093 91.65607 moveto
79.17245 91.65607 78.6657 91.4461 78.29202 91.07245 curveto
77.91837 90.69878 77.7084 90.19202 77.7084 89.66354 curveto
77.7084 89.13507 77.91837 88.62831 78.29202 88.25464 curveto
78.6657 87.88098 79.17245 87.67102 79.70093 87.67102 curveto
80.2294 87.67102 80.73616 87.88098 81.10983 88.25464 curveto
81.48349 88.62831 81.69345 89.13507 81.69345 89.66354 curveto
81.69345 90.19202 81.48349 90.69878 81.10983 91.07245 curveto
80.73616 91.4461 80.2294 91.65607 79.70093 91.65607 curveto closepath fill
 0 1.24533 dtransform truncate idtransform setlinewidth pop
newpath 139.47662 29.88785 moveto
139.47693 31.90755 139.37447 33.92574 139.17015 35.9351 curveto
138.96585 37.94447 138.65907 39.94197 138.25258 41.92033 curveto
137.84608 43.89839 137.34016 45.85484 136.73575 47.78152 curveto
136.13133 49.7085 135.429 51.60355 134.63243 53.45937 curveto
133.83586 55.3155 132.94565 57.1303 131.96544 58.89642 curveto
130.98523 60.66226 129.91655 62.37762 128.76305 64.03522 curveto
127.60953 65.69283 126.37242 67.29053 125.05716 68.82286 curveto
123.741 70.35611 122.3479 71.82156 120.88336 73.21373 curveto
119.41943 74.6053 117.8862 75.92146 116.2891 77.15767 curveto
114.6923 78.39388 113.0338 79.54831 111.31995 80.61638 curveto
109.6058 81.68475 107.83875 82.66557 106.02518 83.55518 curveto
104.21191 84.44478 102.35457 85.24165 100.46043 85.94307 curveto
98.5669 86.64418 96.63902 87.24951 94.68407 87.75542 curveto
92.72852 88.26164 90.74864 88.66814 88.75174 88.974 curveto
86.75545 89.27985 84.74518 89.48447 82.72821 89.58693 curveto
80.71124 89.68939 78.69061 89.68939 76.67365 89.58693 curveto
74.65668 89.48447 72.64641 89.27985 70.65012 88.974 curveto
68.65352 88.66814 66.67395 88.26164 64.71869 87.75542 curveto
62.76344 87.24951 60.83525 86.64447 58.94142 85.94307 curveto
57.04759 85.24165 55.19055 84.44478 53.37758 83.55518 curveto
51.56432 82.66557 49.79697 81.68475 48.08282 80.61638 curveto
46.36867 79.548 44.70985 78.39359 43.11276 77.15767 curveto
41.51566 75.92177 39.98212 74.60591 38.5185 73.21465 curveto
37.05396 71.82246 35.66086 70.35641 34.3447 68.82286 curveto
33.02943 67.29053 31.79233 65.69252 30.63881 64.03522 curveto
29.4853 62.37793 28.41632 60.66287 27.43642 58.89734 curveto
26.4562 57.1312 25.566 55.31642 24.76942 53.46028 curveto
23.97285 51.60445 23.27052 49.7094 22.6661 47.78242 curveto
22.06169 45.85576 21.55577 43.89929 21.14928 41.92125 curveto
20.74278 39.94258 20.436 37.94478 20.2317 35.9351 curveto
20.02739 33.92574 19.92493 31.90755 19.92523 29.88785 curveto stroke
 1 1 1 setrgbcolor
newpath 139.47662 31.88037 moveto
138.94815 31.88037 138.44139 31.67041 138.06772 31.29675 curveto
137.69406 30.92308 137.4841 30.41632 137.4841 29.88785 curveto
137.4841 29.35938 137.69406 28.85262 138.06772 28.47894 curveto
138.44139 28.10529 138.94815 27.89532 139.47662 27.89532 curveto
140.0051 27.89532 140.51186 28.10529 140.88553 28.47894 curveto
141.25919 28.85262 141.46915 29.35938 141.46915 29.88785 curveto
141.46915 30.41632 141.25919 30.92308 140.88553 31.29675 curveto
140.51186 31.67041 140.0051 31.88037 139.47662 31.88037 curveto closepath fill
 0 0 0 setrgbcolor
newpath 139.47662 31.88037 moveto
138.94815 31.88037 138.44139 31.67041 138.06772 31.29675 curveto
137.69406 30.92308 137.4841 30.41632 137.4841 29.88785 curveto
137.4841 29.35938 137.69406 28.85262 138.06772 28.47894 curveto
138.44139 28.10529 138.94815 27.89532 139.47662 27.89532 curveto
140.0051 27.89532 140.51186 28.10529 140.88553 28.47894 curveto
141.25919 28.85262 141.46915 29.35938 141.46915 29.88785 curveto
141.46915 30.41632 141.25919 30.92308 140.88553 31.29675 curveto
140.51186 31.67041 140.0051 31.88037 139.47662 31.88037 curveto stroke
showpage
%%EOF
