%!PS
%%BoundingBox: -1 -1 128 83 
%%HiResBoundingBox: -0.24907 -0.24907 127.27243 82.44066 
%%Creator: MetaPost 1.9991
%%CreationDate: 2017.08.03:0846
%%Pages: 1
%%BeginProlog
%%EndProlog
%%Page: 1 1
 0 0 0 setrgbcolor 0 0.49814 dtransform truncate idtransform setlinewidth pop
 [] 0 setdash 1 setlinecap 1 setlinejoin 10 setmiterlimit
newpath 0 22.4159 moveto
127.02336 22.4159 lineto stroke
newpath 122.04205 24.90656 moveto
123.21799 23.33864 125.06348 22.4159 127.02336 22.4159 curveto
125.06348 22.4159 123.21799 21.49315 122.04205 19.92523 curveto stroke
 0.49814 0 dtransform exch truncate exch idtransform pop setlinewidth
newpath 59.7757 0 moveto
59.7757 82.19159 lineto stroke
 0 0.49814 dtransform truncate idtransform setlinewidth pop
newpath 57.28503 77.21028 moveto
58.85295 78.38622 59.7757 80.2317 59.7757 82.19159 curveto
59.7757 80.2317 60.69844 78.38622 62.26636 77.21028 curveto stroke
 0.49814 0 dtransform exch truncate exch idtransform pop setlinewidth
newpath 14.94392 20.42337 moveto
14.94392 24.40842 lineto stroke
newpath 29.88785 20.42337 moveto
29.88785 24.40842 lineto stroke
newpath 44.83177 20.42337 moveto
44.83177 24.40842 lineto stroke
newpath 74.71962 20.42337 moveto
74.71962 24.40842 lineto stroke
newpath 89.66354 20.42337 moveto
89.66354 24.40842 lineto stroke
newpath 104.60747 20.42337 moveto
104.60747 24.40842 lineto stroke
 0 0.49814 dtransform truncate idtransform setlinewidth pop
newpath 61.76822 7.47197 moveto
57.78317 7.47197 lineto stroke
newpath 61.76822 37.35982 moveto
57.78317 37.35982 lineto stroke
newpath 61.76822 52.30374 moveto
57.78317 52.30374 lineto stroke
newpath 61.76822 67.24767 moveto
57.78317 67.24767 lineto stroke
newpath 24.91164 24.40842 moveto
24.38316 24.40842 23.8764 24.19846 23.50273 23.8248 curveto
23.12907 23.45113 22.91911 22.94437 22.91911 22.4159 curveto
22.91911 21.88742 23.12907 21.38066 23.50273 21.00699 curveto
23.8764 20.63333 24.38316 20.42337 24.91164 20.42337 curveto
25.44011 20.42337 25.94687 20.63333 26.32054 21.00699 curveto
26.6942 21.38066 26.90416 21.88742 26.90416 22.4159 curveto
26.90416 22.94437 26.6942 23.45113 26.32054 23.8248 curveto
25.94687 24.19846 25.44011 24.40842 24.91164 24.40842 curveto closepath fill
newpath 69.73885 69.24019 moveto
69.21037 69.24019 68.70361 69.03023 68.32994 68.65657 curveto
67.95628 68.2829 67.74632 67.77614 67.74632 67.24767 curveto
67.74632 66.7192 67.95628 66.21243 68.32994 65.83876 curveto
68.70361 65.4651 69.21037 65.25514 69.73885 65.25514 curveto
70.26732 65.25514 70.77408 65.4651 71.14775 65.83876 curveto
71.52141 66.21243 71.73137 66.7192 71.73137 67.24767 curveto
71.73137 67.77614 71.52141 68.2829 71.14775 68.65657 curveto
70.77408 69.03023 70.26732 69.24019 69.73885 69.24019 curveto closepath fill
 0 1.24533 dtransform truncate idtransform setlinewidth pop
newpath 114.57062 22.4159 moveto
114.57085 23.93066 114.494 25.4443 114.34076 26.95134 curveto
114.18753 28.45836 113.95746 29.9565 113.65259 31.44026 curveto
113.34772 32.9238 112.96828 34.39114 112.51495 35.83615 curveto
112.06165 37.28137 111.5349 38.70267 110.93747 40.09453 curveto
110.34004 41.48663 109.67238 42.84772 108.93723 44.17233 curveto
108.20207 45.4967 107.40056 46.78323 106.53543 48.02643 curveto
105.6703 49.26962 104.74246 50.4679 103.75601 51.61716 curveto
102.76889 52.76709 101.72408 53.86618 100.62567 54.91031 curveto
99.52773 55.95398 98.37779 56.94112 97.17998 57.86827 curveto
95.98238 58.79543 94.7385 59.66124 93.45311 60.4623 curveto
92.1675 61.26358 90.84221 61.99919 89.48204 62.6664 curveto
88.12209 63.3336 86.72908 63.93126 85.30847 64.4573 curveto
83.88832 64.98314 82.44241 65.43713 80.9762 65.81657 curveto
79.50954 66.19624 78.02463 66.50111 76.52696 66.7305 curveto
75.02974 66.9599 73.52203 67.11336 72.00931 67.1902 curveto
70.49658 67.26704 68.98111 67.26704 67.46838 67.1902 curveto
65.95566 67.11336 64.44795 66.9599 62.95073 66.7305 curveto
61.45328 66.50111 59.96861 66.19624 58.50217 65.81657 curveto
57.03574 65.43713 55.58958 64.98337 54.16922 64.4573 curveto
52.74884 63.93126 51.35606 63.3336 49.99634 62.6664 curveto
48.63638 61.99919 47.31087 61.26358 46.02525 60.4623 curveto
44.73965 59.66101 43.49554 58.7952 42.29771 57.86827 curveto
41.0999 56.94135 39.94974 55.95444 38.85202 54.911 curveto
37.75362 53.86687 36.7088 52.76732 35.72166 51.61716 curveto
34.73523 50.4679 33.80739 49.2694 32.94226 48.02643 curveto
32.07713 46.78346 31.27539 45.49716 30.54047 44.17302 curveto
29.8053 42.8484 29.13763 41.48732 28.5402 40.09521 curveto
27.94278 38.70335 27.41605 37.28206 26.96272 35.83684 curveto
26.50941 34.39183 26.12997 32.92448 25.8251 31.44095 curveto
25.52023 29.95695 25.29016 28.45859 25.13692 26.95134 curveto
24.98369 25.4443 24.90685 23.93066 24.90707 22.4159 curveto stroke
 1 1 1 setrgbcolor
newpath 114.57062 24.40842 moveto
114.04214 24.40842 113.53539 24.19846 113.16171 23.8248 curveto
112.78806 23.45113 112.5781 22.94437 112.5781 22.4159 curveto
112.5781 21.88742 112.78806 21.38066 113.16171 21.00699 curveto
113.53539 20.63333 114.04214 20.42337 114.57062 20.42337 curveto
115.09909 20.42337 115.60585 20.63333 115.97952 21.00699 curveto
116.35318 21.38066 116.56314 21.88742 116.56314 22.4159 curveto
116.56314 22.94437 116.35318 23.45113 115.97952 23.8248 curveto
115.60585 24.19846 115.09909 24.40842 114.57062 24.40842 curveto closepath fill
 0 0 0 setrgbcolor
newpath 114.57062 24.40842 moveto
114.04214 24.40842 113.53539 24.19846 113.16171 23.8248 curveto
112.78806 23.45113 112.5781 22.94437 112.5781 22.4159 curveto
112.5781 21.88742 112.78806 21.38066 113.16171 21.00699 curveto
113.53539 20.63333 114.04214 20.42337 114.57062 20.42337 curveto
115.09909 20.42337 115.60585 20.63333 115.97952 21.00699 curveto
116.35318 21.38066 116.56314 21.88742 116.56314 22.4159 curveto
116.56314 22.94437 116.35318 23.45113 115.97952 23.8248 curveto
115.60585 24.19846 115.09909 24.40842 114.57062 24.40842 curveto stroke
showpage
%%EOF
