%!PS
%%BoundingBox: -1 -1 90 105 
%%HiResBoundingBox: -0.24907 -0.24907 89.91261 104.85654 
%%Creator: MetaPost 1.9991
%%CreationDate: 2017.08.03:0846
%%Pages: 1
%%BeginProlog
%%EndProlog
%%Page: 1 1
 0 0 0 setrgbcolor 0 0.49814 dtransform truncate idtransform setlinewidth pop
 [] 0 setdash 1 setlinecap 1 setlinejoin 10 setmiterlimit
newpath 0 14.94392 moveto
89.66354 14.94392 lineto stroke
newpath 84.68224 17.43459 moveto
85.85817 15.86667 87.70366 14.94392 89.66354 14.94392 curveto
87.70366 14.94392 85.85817 14.02118 84.68224 12.45326 curveto stroke
 0.49814 0 dtransform exch truncate exch idtransform pop setlinewidth
newpath 44.83177 0 moveto
44.83177 104.60747 lineto stroke
 0 0.49814 dtransform truncate idtransform setlinewidth pop
newpath 42.34111 99.62616 moveto
43.90903 100.8021 44.83177 102.64758 44.83177 104.60747 curveto
44.83177 102.64758 45.75452 100.8021 47.32243 99.62616 curveto stroke
 0.49814 0 dtransform exch truncate exch idtransform pop setlinewidth
newpath 14.94392 12.9514 moveto
14.94392 16.93645 lineto stroke
newpath 29.88785 12.9514 moveto
29.88785 16.93645 lineto stroke
newpath 44.83177 12.9514 moveto
44.83177 16.93645 lineto stroke
newpath 59.7757 12.9514 moveto
59.7757 16.93645 lineto stroke
newpath 74.71962 12.9514 moveto
74.71962 16.93645 lineto stroke
 0 0.49814 dtransform truncate idtransform setlinewidth pop
newpath 46.8243 14.94392 moveto
42.83925 14.94392 lineto stroke
newpath 46.8243 29.88785 moveto
42.83925 29.88785 lineto stroke
newpath 46.8243 44.83177 moveto
42.83925 44.83177 lineto stroke
newpath 46.8243 59.7757 moveto
42.83925 59.7757 lineto stroke
newpath 46.8243 74.71962 moveto
42.83925 74.71962 lineto stroke
newpath 46.8243 89.66354 moveto
42.83925 89.66354 lineto stroke
 0 1.24533 dtransform truncate idtransform setlinewidth pop
newpath 7.47195 17.5856 moveto
7.97043 17.64671 8.46866 17.70988 8.96667 17.77533 curveto
9.4649 17.84077 9.96269 17.90826 10.46025 17.97827 curveto
10.95894 18.04851 11.45717 18.12102 11.95496 18.19626 curveto
12.45364 18.27151 12.95189 18.34927 13.44966 18.42976 curveto
13.94836 18.51048 14.4466 18.5937 14.94438 18.6799 curveto
15.44284 18.76633 15.94063 18.85548 16.43796 18.94783 curveto
16.93687 19.04065 17.4351 19.13618 17.93266 19.23538 curveto
18.43158 19.3348 18.92982 19.43718 19.42737 19.54344 curveto
19.92607 19.64993 20.42384 19.75961 20.92094 19.8734 curveto
21.42009 19.98764 21.91833 20.1053 22.41566 20.2273 curveto
22.91481 20.34975 23.41327 20.47585 23.91037 20.60649 curveto
24.40974 20.73784 24.90799 20.87306 25.40508 21.01306 curveto
25.90424 21.15376 26.40224 21.29878 26.89865 21.4486 curveto
27.39825 21.59955 27.89673 21.75461 28.39337 21.91537 curveto
28.8932 22.07704 29.39166 22.24373 29.88808 22.4159 curveto
30.38814 22.58942 30.8866 22.76796 31.38278 22.95244 curveto
31.88284 23.13828 32.38086 23.32936 32.87636 23.52682 curveto
33.3771 23.72635 33.87556 23.93135 34.37106 24.14296 curveto
34.87204 24.35684 35.37051 24.57666 35.86578 24.80331 curveto
36.36676 25.03249 36.86476 25.26804 37.35936 25.51065 curveto
37.86101 25.7567 38.35948 26.00912 38.85406 26.26907 curveto
39.35619 26.53313 39.85464 26.80379 40.34877 27.08221 curveto
40.85112 27.36542 41.34981 27.65547 41.84349 27.95374 curveto
42.34605 28.25723 42.8443 28.56781 43.33707 28.88681 curveto
43.84055 29.21266 44.339 29.54604 44.83177 29.88785 curveto
45.33571 30.23741 45.8344 30.59473 46.32648 30.96071 curveto
46.83041 31.33536 47.32889 31.71822 47.82005 32.10951 curveto
48.32513 32.51198 48.82382 32.92242 49.31477 33.34177 curveto
49.8203 33.77364 50.319 34.21373 50.80948 34.66272 curveto
51.31569 35.12607 51.81439 35.59763 52.30418 36.07808 curveto
52.81064 36.57495 53.30887 37.08002 53.79776 37.59422 curveto
54.30511 38.1278 54.80382 38.66959 55.29248 39.22028 curveto
55.80052 39.79285 56.29921 40.3734 56.78719 40.96307 curveto
57.29523 41.57692 57.79369 42.19876 58.28076 42.82947 curveto
58.78993 43.4887 59.28864 44.15567 59.77547 44.83131 curveto
60.28511 45.53865 60.7838 46.25351 61.27017 46.97704 curveto
61.78027 47.73569 62.27896 48.50208 62.7649 49.27669 curveto
63.2752 50.09006 63.77345 50.91072 64.25847 51.73936 curveto
64.7697 52.61249 65.26816 53.49312 65.75317 54.38106 curveto
66.26463 55.31778 66.76334 56.26135 67.24788 57.21222 curveto
67.75981 58.2169 68.2585 59.22821 68.7426 60.24657 curveto
69.25452 61.3233 69.75275 62.40643 70.23618 63.49617 curveto
70.74878 64.65181 71.24747 65.8136 71.73088 66.98178 curveto
72.24394 68.2211 72.7424 69.46635 73.22559 70.71753 curveto
73.73842 72.04556 74.23643 73.37906 74.71916 74.71825 curveto
75.23268 76.14342 75.73114 77.5736 76.21388 79.00948 curveto
76.72762 80.53748 77.22609 82.0705 77.70859 83.60876 curveto
78.22256 85.24713 78.7208 86.89029 79.2033 88.53824 curveto
79.71704 90.29335 80.21506 92.05302 80.69687 93.81728 curveto
81.2113 95.7003 81.70953 97.5879 82.19159 99.47961 curveto stroke
newpath 80.00545 96.95242 moveto
81.09128 97.40382 81.90121 98.3401 82.19159 99.47961 curveto
81.90121 98.3401 82.16428 97.13039 82.90166 96.21439 curveto stroke
newpath 10.62038 16.46602 moveto
9.80559 17.31392 8.63914 17.7287 7.47195 17.5856 curveto
8.63914 17.7287 9.67085 18.41298 10.25667 19.4326 curveto stroke
newpath 44.83177 31.88037 moveto
44.3033 31.88037 43.79654 31.67041 43.42287 31.29675 curveto
43.04921 30.92308 42.83925 30.41632 42.83925 29.88785 curveto
42.83925 29.35938 43.04921 28.85262 43.42287 28.47894 curveto
43.79654 28.10529 44.3033 27.89532 44.83177 27.89532 curveto
45.36024 27.89532 45.867 28.10529 46.24068 28.47894 curveto
46.61433 28.85262 46.8243 29.35938 46.8243 29.88785 curveto
46.8243 30.41632 46.61433 30.92308 46.24068 31.29675 curveto
45.867 31.67041 45.36024 31.88037 44.83177 31.88037 curveto closepath fill
newpath 59.7757 46.8243 moveto
59.24722 46.8243 58.74046 46.61433 58.36679 46.24068 curveto
57.99313 45.867 57.78317 45.36024 57.78317 44.83177 curveto
57.78317 44.3033 57.99313 43.79654 58.36679 43.42287 curveto
58.74046 43.04921 59.24722 42.83925 59.7757 42.83925 curveto
60.30417 42.83925 60.81093 43.04921 61.1846 43.42287 curveto
61.55826 43.79654 61.76822 44.3033 61.76822 44.83177 curveto
61.76822 45.36024 61.55826 45.867 61.1846 46.24068 curveto
60.81093 46.61433 60.30417 46.8243 59.7757 46.8243 curveto closepath fill
newpath 74.71962 76.71214 moveto
74.19115 76.71214 73.68439 76.50218 73.31071 76.12852 curveto
72.93706 75.75485 72.7271 75.2481 72.7271 74.71962 curveto
72.7271 74.19115 72.93706 73.68439 73.31071 73.31071 curveto
73.68439 72.93706 74.19115 72.7271 74.71962 72.7271 curveto
75.2481 72.7271 75.75485 72.93706 76.12852 73.31071 curveto
76.50218 73.68439 76.71214 74.19115 76.71214 74.71962 curveto
76.71214 75.2481 76.50218 75.75485 76.12852 76.12852 curveto
75.75485 76.50218 75.2481 76.71214 74.71962 76.71214 curveto closepath fill
showpage
%%EOF
