%!PS
%%BoundingBox: -1 -1 140 66 
%%HiResBoundingBox: -0.24907 -0.24907 139.7257 65.00607 
%%Creator: MetaPost 1.9991
%%CreationDate: 2017.08.03:0846
%%Pages: 1
%%BeginProlog
%%EndProlog
%%Page: 1 1
 0 0 0 setrgbcolor 0 0.49814 dtransform truncate idtransform setlinewidth pop
 [] 0 setdash 1 setlinecap 1 setlinejoin 10 setmiterlimit
newpath 0 54.79439 moveto
139.47662 54.79439 lineto stroke
newpath 134.49532 57.28505 moveto
135.67125 55.71713 137.51674 54.79439 139.47662 54.79439 curveto
137.51674 54.79439 135.67125 53.87164 134.49532 52.30373 curveto stroke
 0.49814 0 dtransform exch truncate exch idtransform pop setlinewidth
newpath 109.58878 0 moveto
109.58878 64.757 lineto stroke
 0 0.49814 dtransform truncate idtransform setlinewidth pop
newpath 107.09811 59.7757 moveto
108.66603 60.95163 109.58878 62.79712 109.58878 64.757 curveto
109.58878 62.79712 110.51152 60.95163 112.07944 59.7757 curveto stroke
 0.49814 0 dtransform exch truncate exch idtransform pop setlinewidth
newpath 9.96262 52.80186 moveto
9.96262 56.78691 lineto stroke
newpath 19.92523 52.80186 moveto
19.92523 56.78691 lineto stroke
newpath 29.88785 52.80186 moveto
29.88785 56.78691 lineto stroke
newpath 39.85046 52.80186 moveto
39.85046 56.78691 lineto stroke
newpath 49.81308 52.80186 moveto
49.81308 56.78691 lineto stroke
newpath 59.7757 52.80186 moveto
59.7757 56.78691 lineto stroke
newpath 69.73831 52.80186 moveto
69.73831 56.78691 lineto stroke
newpath 79.70093 52.80186 moveto
79.70093 56.78691 lineto stroke
newpath 89.66354 52.80186 moveto
89.66354 56.78691 lineto stroke
newpath 99.62616 52.80186 moveto
99.62616 56.78691 lineto stroke
newpath 119.55139 52.80186 moveto
119.55139 56.78691 lineto stroke
newpath 129.514 52.80186 moveto
129.514 56.78691 lineto stroke
 0 0.49814 dtransform truncate idtransform setlinewidth pop
newpath 111.5813 14.94392 moveto
107.59625 14.94392 lineto stroke
newpath 111.5813 24.90654 moveto
107.59625 24.90654 lineto stroke
newpath 111.5813 34.86916 moveto
107.59625 34.86916 lineto stroke
newpath 111.5813 44.83177 moveto
107.59625 44.83177 lineto stroke
newpath 9.96262 26.89906 moveto
9.43414 26.89906 8.92738 26.6891 8.55371 26.31544 curveto
8.18005 25.94177 7.9701 25.43501 7.9701 24.90654 curveto
7.9701 24.37807 8.18005 23.8713 8.55371 23.49763 curveto
8.92738 23.12398 9.43414 22.91402 9.96262 22.91402 curveto
10.49109 22.91402 10.99785 23.12398 11.37152 23.49763 curveto
11.74518 23.8713 11.95514 24.37807 11.95514 24.90654 curveto
11.95514 25.43501 11.74518 25.94177 11.37152 26.31544 curveto
10.99785 26.6891 10.49109 26.89906 9.96262 26.89906 curveto closepath fill
newpath 69.73831 11.95514 moveto
69.20984 11.95514 68.70308 11.74518 68.3294 11.37152 curveto
67.95575 10.99785 67.74579 10.49109 67.74579 9.96262 curveto
67.74579 9.43414 67.95575 8.92738 68.3294 8.55371 curveto
68.70308 8.18005 69.20984 7.9701 69.73831 7.9701 curveto
70.26678 7.9701 70.77354 8.18005 71.14722 8.55371 curveto
71.52087 8.92738 71.73083 9.43414 71.73083 9.96262 curveto
71.73083 10.49109 71.52087 10.99785 71.14722 11.37152 curveto
70.77354 11.74518 70.26678 11.95514 69.73831 11.95514 curveto closepath fill
 0 1.24533 dtransform truncate idtransform setlinewidth pop
newpath 129.514 24.90654 moveto
129.50702 24.38786 129.40303 23.8751 129.20753 23.39473 curveto
128.98575 22.8496 128.66362 22.35295 128.28996 21.89842 curveto
127.84227 21.35374 127.32434 20.87245 126.77313 20.43312 curveto
126.11064 19.90532 125.40163 19.43983 124.66982 19.01358 curveto
123.80711 18.51102 122.91325 18.06454 122.00282 17.65439 curveto
120.95375 17.18178 119.88324 16.75871 118.80043 16.36969 curveto
117.5785 15.93066 116.34123 15.53572 115.09454 15.17271 curveto
113.71317 14.77048 112.32053 14.40761 110.92075 14.075 curveto
109.39677 13.71289 107.86444 13.38666 106.32648 13.089 curveto
104.67572 12.76947 103.01874 12.48322 101.35733 12.22433 curveto
99.59666 11.94994 97.83128 11.70656 96.06256 11.48962 curveto
94.2107 11.26251 92.35547 11.06459 90.49782 10.89265 curveto
88.57465 10.71465 86.64888 10.5643 84.72145 10.43965 curveto
82.74538 10.3118 80.76779 10.21086 78.78912 10.13501 curveto
76.78204 10.05809 74.77405 10.00731 72.7656 9.98177 curveto
70.7474 9.95624 68.72922 9.95624 66.71103 9.98177 curveto
64.70258 10.00731 62.69458 10.05809 60.6875 10.13501 curveto
58.70914 10.21071 56.73186 10.3118 54.75607 10.43965 curveto
52.82834 10.56445 50.90228 10.7145 48.9788 10.89265 curveto
47.12146 11.06459 45.26654 11.26251 43.41496 11.48962 curveto
41.64624 11.70656 39.88087 11.95009 38.12021 12.22433 curveto
36.4585 12.48322 34.80121 12.76947 33.15015 13.089 curveto
31.61218 13.38666 30.07985 13.71274 28.55588 14.07484 curveto
27.1561 14.40746 25.76346 14.77032 24.38208 15.17271 curveto
23.13539 15.53587 21.89827 15.93082 20.6762 16.36969 curveto
19.59338 16.75856 18.52287 17.18147 17.4738 17.6541 curveto
16.56337 18.06409 15.66966 18.51086 14.80681 19.01343 curveto
14.075 19.43968 13.36583 19.90501 12.70349 20.43282 curveto
12.15228 20.872 11.63435 21.35344 11.18666 21.89812 curveto
10.813 22.35265 10.49088 22.84944 10.26909 23.39473 curveto
10.0736 23.8751 9.9696 24.38786 9.96262 24.90654 curveto stroke
 1 1 1 setrgbcolor
newpath 129.514 26.89906 moveto
128.98553 26.89906 128.47878 26.6891 128.1051 26.31544 curveto
127.73145 25.94177 127.52148 25.43501 127.52148 24.90654 curveto
127.52148 24.37807 127.73145 23.8713 128.1051 23.49763 curveto
128.47878 23.12398 128.98553 22.91402 129.514 22.91402 curveto
130.04248 22.91402 130.54924 23.12398 130.92291 23.49763 curveto
131.29657 23.8713 131.50653 24.37807 131.50653 24.90654 curveto
131.50653 25.43501 131.29657 25.94177 130.92291 26.31544 curveto
130.54924 26.6891 130.04248 26.89906 129.514 26.89906 curveto closepath fill
 0 0 0 setrgbcolor
newpath 129.514 26.89906 moveto
128.98553 26.89906 128.47878 26.6891 128.1051 26.31544 curveto
127.73145 25.94177 127.52148 25.43501 127.52148 24.90654 curveto
127.52148 24.37807 127.73145 23.8713 128.1051 23.49763 curveto
128.47878 23.12398 128.98553 22.91402 129.514 22.91402 curveto
130.04248 22.91402 130.54924 23.12398 130.92291 23.49763 curveto
131.29657 23.8713 131.50653 24.37807 131.50653 24.90654 curveto
131.50653 25.43501 131.29657 25.94177 130.92291 26.31544 curveto
130.54924 26.6891 130.04248 26.89906 129.514 26.89906 curveto stroke
showpage
%%EOF
