%!PS
%%BoundingBox: -1 -1 150 83 
%%HiResBoundingBox: -0.24907 -0.24907 149.68831 82.44066 
%%Creator: MetaPost 1.9991
%%CreationDate: 2017.08.03:0846
%%Pages: 1
%%BeginProlog
%%EndProlog
%%Page: 1 1
 0 0 0 setrgbcolor 0 0.49814 dtransform truncate idtransform setlinewidth pop
 [] 0 setdash 1 setlinecap 1 setlinejoin 10 setmiterlimit
newpath 0 22.4159 moveto
149.43924 22.4159 lineto stroke
newpath 144.45793 24.90656 moveto
145.63387 23.33864 147.47935 22.4159 149.43924 22.4159 curveto
147.47935 22.4159 145.63387 21.49315 144.45793 19.92523 curveto stroke
 0.49814 0 dtransform exch truncate exch idtransform pop setlinewidth
newpath 74.71962 0 moveto
74.71962 82.19159 lineto stroke
 0 0.49814 dtransform truncate idtransform setlinewidth pop
newpath 72.22896 77.21028 moveto
73.79688 78.38622 74.71962 80.2317 74.71962 82.19159 curveto
74.71962 80.2317 75.64236 78.38622 77.21028 77.21028 curveto stroke
 0.49814 0 dtransform exch truncate exch idtransform pop setlinewidth
newpath 14.94392 20.42337 moveto
14.94392 24.40842 lineto stroke
newpath 29.88785 20.42337 moveto
29.88785 24.40842 lineto stroke
newpath 44.83177 20.42337 moveto
44.83177 24.40842 lineto stroke
newpath 59.7757 20.42337 moveto
59.7757 24.40842 lineto stroke
newpath 89.66354 20.42337 moveto
89.66354 24.40842 lineto stroke
newpath 104.60747 20.42337 moveto
104.60747 24.40842 lineto stroke
newpath 119.55139 20.42337 moveto
119.55139 24.40842 lineto stroke
newpath 134.49532 20.42337 moveto
134.49532 24.40842 lineto stroke
 0 0.49814 dtransform truncate idtransform setlinewidth pop
newpath 76.71214 7.47197 moveto
72.7271 7.47197 lineto stroke
newpath 76.71214 37.35982 moveto
72.7271 37.35982 lineto stroke
newpath 76.71214 52.30374 moveto
72.7271 52.30374 lineto stroke
newpath 76.71214 67.24767 moveto
72.7271 67.24767 lineto stroke
newpath 7.47195 24.40842 moveto
6.94348 24.40842 6.43672 24.19846 6.06305 23.8248 curveto
5.68939 23.45113 5.47943 22.94437 5.47943 22.4159 curveto
5.47943 21.88742 5.68939 21.38066 6.06305 21.00699 curveto
6.43672 20.63333 6.94348 20.42337 7.47195 20.42337 curveto
8.00043 20.42337 8.50719 20.63333 8.88086 21.00699 curveto
9.25452 21.38066 9.46448 21.88742 9.46448 22.4159 curveto
9.46448 22.94437 9.25452 23.45113 8.88086 23.8248 curveto
8.50719 24.19846 8.00043 24.40842 7.47195 24.40842 curveto closepath fill
newpath 74.71962 69.24019 moveto
74.19115 69.24019 73.68439 69.03023 73.31071 68.65657 curveto
72.93706 68.2829 72.7271 67.77614 72.7271 67.24767 curveto
72.7271 66.7192 72.93706 66.21243 73.31071 65.83876 curveto
73.68439 65.4651 74.19115 65.25514 74.71962 65.25514 curveto
75.2481 65.25514 75.75485 65.4651 76.12852 65.83876 curveto
76.50218 66.21243 76.71214 66.7192 76.71214 67.24767 curveto
76.71214 67.77614 76.50218 68.2829 76.12852 68.65657 curveto
75.75485 69.03023 75.2481 69.24019 74.71962 69.24019 curveto closepath fill
 0 1.24533 dtransform truncate idtransform setlinewidth pop
newpath 141.96729 22.4159 moveto
141.96683 23.9341 141.85144 25.45047 141.6225 26.95134 curveto
141.3906 28.47113 141.04309 29.97108 140.59023 31.44026 curveto
140.12665 32.94432 139.55408 34.41212 138.88391 35.83615 curveto
138.19185 37.30714 137.39763 38.72775 136.51768 40.09453 curveto
135.6033 41.51491 134.59793 42.87418 133.51732 44.17233 curveto
132.39131 45.52498 131.18552 46.80899 129.9145 48.02643 curveto
128.5892 49.29608 127.19505 50.4914 125.7455 51.61716 curveto
124.23482 52.79034 122.66554 53.88647 121.04997 54.91031 curveto
119.37239 55.97337 117.64624 56.95753 115.88132 57.86827 curveto
114.05505 58.8107 112.18889 59.67378 110.29102 60.4623 curveto
108.33524 61.27498 106.34753 62.00809 104.33452 62.6664 curveto
102.27089 63.34135 100.18193 63.93695 98.07407 64.4573 curveto
95.92491 64.98793 93.75706 65.44011 91.57578 65.81657 curveto
89.36232 66.19852 87.13632 66.50224 84.9019 66.7305 curveto
82.649 66.96059 80.38881 67.11359 78.12541 67.1902 curveto
75.85542 67.26704 73.58382 67.26704 71.31383 67.1902 curveto
69.05043 67.11359 66.79024 66.96059 64.53734 66.7305 curveto
62.30313 66.50224 60.0776 66.19852 57.86461 65.81657 curveto
55.68286 65.44011 53.51479 64.98793 51.36517 64.4573 curveto
49.25754 63.93695 47.16927 63.34113 45.10587 62.6664 curveto
43.09285 62.00809 41.10492 61.27498 39.14912 60.4623 curveto
37.25104 59.67355 35.38441 58.8107 33.55792 57.86827 curveto
31.793 56.95775 30.06685 55.97404 28.38927 54.911 curveto
26.77347 53.88693 25.20465 52.79057 23.69374 51.61716 curveto
22.24419 50.4914 20.85004 49.29585 19.52473 48.02643 curveto
18.25395 46.80922 17.04793 45.52544 15.92192 44.17302 curveto
14.84131 42.87486 13.83594 41.5156 12.92155 40.09521 curveto
12.04161 38.72842 11.24739 37.30783 10.55533 35.83684 curveto
9.88516 34.41281 9.31259 32.945 8.84901 31.44095 curveto
8.39615 29.97154 8.04865 28.47136 7.81674 26.95134 curveto
7.5878 25.45047 7.47241 23.9341 7.47195 22.4159 curveto stroke
 1 1 1 setrgbcolor
newpath 141.96729 24.40842 moveto
141.43881 24.40842 140.93205 24.19846 140.55838 23.8248 curveto
140.18472 23.45113 139.97476 22.94437 139.97476 22.4159 curveto
139.97476 21.88742 140.18472 21.38066 140.55838 21.00699 curveto
140.93205 20.63333 141.43881 20.42337 141.96729 20.42337 curveto
142.49576 20.42337 143.00252 20.63333 143.37619 21.00699 curveto
143.74985 21.38066 143.95981 21.88742 143.95981 22.4159 curveto
143.95981 22.94437 143.74985 23.45113 143.37619 23.8248 curveto
143.00252 24.19846 142.49576 24.40842 141.96729 24.40842 curveto closepath fill
 0 0 0 setrgbcolor
newpath 141.96729 24.40842 moveto
141.43881 24.40842 140.93205 24.19846 140.55838 23.8248 curveto
140.18472 23.45113 139.97476 22.94437 139.97476 22.4159 curveto
139.97476 21.88742 140.18472 21.38066 140.55838 21.00699 curveto
140.93205 20.63333 141.43881 20.42337 141.96729 20.42337 curveto
142.49576 20.42337 143.00252 20.63333 143.37619 21.00699 curveto
143.74985 21.38066 143.95981 21.88742 143.95981 22.4159 curveto
143.95981 22.94437 143.74985 23.45113 143.37619 23.8248 curveto
143.00252 24.19846 142.49576 24.40842 141.96729 24.40842 curveto stroke
showpage
%%EOF
