%!PS
%%BoundingBox: -1 -1 150 90 
%%HiResBoundingBox: -0.24907 -0.24907 149.68831 89.91261 
%%Creator: MetaPost 1.9991
%%CreationDate: 2017.08.03:0846
%%Pages: 1
%%BeginProlog
%%EndProlog
%%Page: 1 1
 0 0 0 setrgbcolor 0 0.49814 dtransform truncate idtransform setlinewidth pop
 [] 0 setdash 1 setlinecap 1 setlinejoin 10 setmiterlimit
newpath 0 14.94392 moveto
149.43924 14.94392 lineto stroke
newpath 144.45793 17.43459 moveto
145.63387 15.86667 147.47935 14.94392 149.43924 14.94392 curveto
147.47935 14.94392 145.63387 14.02118 144.45793 12.45326 curveto stroke
 0.49814 0 dtransform exch truncate exch idtransform pop setlinewidth
newpath 59.7757 0 moveto
59.7757 89.66354 lineto stroke
 0 0.49814 dtransform truncate idtransform setlinewidth pop
newpath 57.28503 84.68224 moveto
58.85295 85.85817 59.7757 87.70366 59.7757 89.66354 curveto
59.7757 87.70366 60.69844 85.85817 62.26636 84.68224 curveto stroke
 0.49814 0 dtransform exch truncate exch idtransform pop setlinewidth
newpath 14.94392 12.9514 moveto
14.94392 16.93645 lineto stroke
newpath 29.88785 12.9514 moveto
29.88785 16.93645 lineto stroke
newpath 44.83177 12.9514 moveto
44.83177 16.93645 lineto stroke
newpath 59.7757 12.9514 moveto
59.7757 16.93645 lineto stroke
newpath 74.71962 12.9514 moveto
74.71962 16.93645 lineto stroke
newpath 89.66354 12.9514 moveto
89.66354 16.93645 lineto stroke
newpath 104.60747 12.9514 moveto
104.60747 16.93645 lineto stroke
newpath 119.55139 12.9514 moveto
119.55139 16.93645 lineto stroke
newpath 134.49532 12.9514 moveto
134.49532 16.93645 lineto stroke
 0 0.49814 dtransform truncate idtransform setlinewidth pop
newpath 61.76822 14.94392 moveto
57.78317 14.94392 lineto stroke
newpath 61.76822 29.88785 moveto
57.78317 29.88785 lineto stroke
newpath 61.76822 44.83177 moveto
57.78317 44.83177 lineto stroke
newpath 61.76822 59.7757 moveto
57.78317 59.7757 lineto stroke
newpath 61.76822 74.71962 moveto
57.78317 74.71962 lineto stroke
 0 1.24533 dtransform truncate idtransform setlinewidth pop
newpath 29.88785 14.94392 moveto
30.38084 15.93013 30.87885 16.91362 31.38188 17.89458 curveto
31.87532 18.85663 32.37357 19.81639 32.87727 20.77318 curveto
33.37027 21.70969 33.86804 22.64346 34.37129 23.5745 curveto
34.86406 24.48613 35.36208 25.39528 35.86533 26.30122 curveto
36.3581 27.18825 36.85587 28.0723 37.35936 28.95317 curveto
37.85234 29.81602 38.35081 30.6759 38.85475 31.53261 curveto
39.34729 32.36992 39.84529 33.20425 40.34877 34.03519 curveto
40.84131 34.84787 41.3391 35.65714 41.8428 36.46298 curveto
42.33534 37.25081 42.83313 38.03522 43.33684 38.81598 curveto
43.82959 39.57988 44.32806 40.34012 44.83223 41.09648 curveto
45.32454 41.83482 45.82231 42.56952 46.32625 43.30013 curveto
46.81856 44.01384 47.31635 44.7237 47.82028 45.4292 curveto
48.31236 46.1183 48.81038 46.80305 49.31432 47.48349 curveto
49.80685 48.1484 50.30508 48.809 50.80971 49.46481 curveto
51.30179 50.10442 51.79956 50.73947 52.30373 51.36974 curveto
52.7958 51.98473 53.2936 52.59492 53.79776 53.19987 curveto
54.29007 53.7907 54.78853 54.37672 55.29315 54.95705 curveto
55.785 55.52278 56.28302 56.08304 56.78719 56.63783 curveto
57.27904 57.17894 57.77682 57.71434 58.28122 58.24382 curveto
58.77307 58.7603 59.27107 59.27107 59.77524 59.77524 curveto
60.26755 60.26755 60.766 60.7537 61.27063 61.23325 curveto
61.76248 61.70047 62.2605 62.16153 62.76466 62.61531 curveto
63.25652 63.0579 63.75453 63.49413 64.2587 63.92258 curveto
64.75055 64.34055 65.24855 64.75168 65.75272 65.15506 curveto
66.24525 65.54909 66.74371 65.93582 67.24811 66.31412 curveto
67.74019 66.68306 68.2382 67.04448 68.74214 67.39725 curveto
69.23445 67.74179 69.73245 68.07813 70.23618 68.40558 curveto
70.7287 68.7255 71.22649 69.0372 71.7302 69.33934 curveto
72.22342 69.63509 72.72165 69.92218 73.22559 70.19923 curveto
73.71858 70.47035 74.21637 70.73213 74.71962 70.98364 curveto
75.21284 71.23013 75.71085 71.46706 76.21365 71.69325 curveto
76.70778 71.91559 77.20602 72.12764 77.70905 72.32877 curveto
78.20294 72.52623 78.70096 72.71321 79.20306 72.88902 curveto
79.69743 73.0621 80.19543 73.22423 80.6971 73.37473 curveto
81.19191 73.52316 81.68993 73.66043 82.19113 73.78563 curveto
82.68686 73.90944 83.18555 74.02164 83.68652 74.12196 curveto
84.18225 74.22116 84.68048 74.30849 85.18054 74.38351 curveto
85.67696 74.45807 86.1752 74.52032 86.67458 74.57027 curveto
87.17168 74.61998 87.66968 74.65736 88.16861 74.68222 curveto
88.66661 74.70708 89.16531 74.71962 89.664 74.71962 curveto
90.16223 74.71962 90.66048 74.70708 91.15802 74.68222 curveto
91.65695 74.65736 92.15495 74.61998 92.65205 74.57027 curveto
93.15143 74.52032 93.64967 74.45807 94.14609 74.38351 curveto
94.6466 74.30849 95.1453 74.22093 95.64148 74.12173 curveto
96.142 74.02164 96.64023 73.90944 97.13551 73.78563 curveto
97.6367 73.66022 98.13472 73.52316 98.62953 73.37473 curveto
99.13165 73.22423 99.63011 73.06187 100.12492 72.8888 curveto
100.62704 72.71321 101.12505 72.526 101.61896 72.32854 curveto
102.12152 72.12764 102.61931 71.91559 103.11299 71.69348 curveto
103.61578 71.46729 104.11378 71.23036 104.60701 70.98387 curveto
105.11072 70.73213 105.60896 70.47012 106.1024 70.19878 curveto
106.6059 69.92195 107.10367 69.63531 107.59644 69.3398 curveto
108.10014 69.03766 108.59793 68.72618 109.09047 68.40604 curveto
109.59418 68.07858 110.09218 67.74202 110.58449 67.39748 curveto
111.08888 67.04448 111.58736 66.68283 112.07988 66.31343 curveto
112.58382 65.93536 113.08183 65.54909 113.57391 65.15552 curveto
114.07808 64.75214 114.5761 64.341 115.06795 63.9228 curveto
115.57211 63.49435 116.07011 63.05814 116.56197 62.61554 curveto
117.06659 62.1613 117.56505 61.70001 118.05736 61.23233 curveto
118.56152 60.75325 119.05977 60.26755 119.55139 59.7757 curveto stroke
newpath 29.88785 16.93645 moveto
29.35938 16.93645 28.85262 16.72649 28.47894 16.35283 curveto
28.10529 15.97916 27.89532 15.4724 27.89532 14.94392 curveto
27.89532 14.41545 28.10529 13.90869 28.47894 13.53502 curveto
28.85262 13.16136 29.35938 12.9514 29.88785 12.9514 curveto
30.41632 12.9514 30.92308 13.16136 31.29675 13.53502 curveto
31.67041 13.90869 31.88037 14.41545 31.88037 14.94392 curveto
31.88037 15.4724 31.67041 15.97916 31.29675 16.35283 curveto
30.92308 16.72649 30.41632 16.93645 29.88785 16.93645 curveto closepath fill
newpath 89.66354 76.71214 moveto
89.13507 76.71214 88.62831 76.50218 88.25464 76.12852 curveto
87.88098 75.75485 87.67102 75.2481 87.67102 74.71962 curveto
87.67102 74.19115 87.88098 73.68439 88.25464 73.31071 curveto
88.62831 72.93706 89.13507 72.7271 89.66354 72.7271 curveto
90.19202 72.7271 90.69878 72.93706 91.07245 73.31071 curveto
91.4461 73.68439 91.65607 74.19115 91.65607 74.71962 curveto
91.65607 75.2481 91.4461 75.75485 91.07245 76.12852 curveto
90.69878 76.50218 90.19202 76.71214 89.66354 76.71214 curveto closepath fill
newpath 59.7757 61.76822 moveto
59.24722 61.76822 58.74046 61.55826 58.36679 61.1846 curveto
57.99313 60.81093 57.78317 60.30417 57.78317 59.7757 curveto
57.78317 59.24722 57.99313 58.74046 58.36679 58.36679 curveto
58.74046 57.99313 59.24722 57.78317 59.7757 57.78317 curveto
60.30417 57.78317 60.81093 57.99313 61.1846 58.36679 curveto
61.55826 58.74046 61.76822 59.24722 61.76822 59.7757 curveto
61.76822 60.30417 61.55826 60.81093 61.1846 61.1846 curveto
60.81093 61.55826 60.30417 61.76822 59.7757 61.76822 curveto closepath fill
 1 1 1 setrgbcolor
newpath 119.55139 61.76822 moveto
119.02292 61.76822 118.51616 61.55826 118.14249 61.1846 curveto
117.76883 60.81093 117.55887 60.30417 117.55887 59.7757 curveto
117.55887 59.24722 117.76883 58.74046 118.14249 58.36679 curveto
118.51616 57.99313 119.02292 57.78317 119.55139 57.78317 curveto
120.07986 57.78317 120.58662 57.99313 120.9603 58.36679 curveto
121.33395 58.74046 121.54391 59.24722 121.54391 59.7757 curveto
121.54391 60.30417 121.33395 60.81093 120.9603 61.1846 curveto
120.58662 61.55826 120.07986 61.76822 119.55139 61.76822 curveto closepath fill
 0 0 0 setrgbcolor
newpath 119.55139 61.76822 moveto
119.02292 61.76822 118.51616 61.55826 118.14249 61.1846 curveto
117.76883 60.81093 117.55887 60.30417 117.55887 59.7757 curveto
117.55887 59.24722 117.76883 58.74046 118.14249 58.36679 curveto
118.51616 57.99313 119.02292 57.78317 119.55139 57.78317 curveto
120.07986 57.78317 120.58662 57.99313 120.9603 58.36679 curveto
121.33395 58.74046 121.54391 59.24722 121.54391 59.7757 curveto
121.54391 60.30417 121.33395 60.81093 120.9603 61.1846 curveto
120.58662 61.55826 120.07986 61.76822 119.55139 61.76822 curveto stroke
showpage
%%EOF
