%!PS
%%BoundingBox: -1 -1 120 83 
%%HiResBoundingBox: -0.24907 -0.24907 119.80046 82.44066 
%%Creator: MetaPost 1.9991
%%CreationDate: 2017.08.03:0846
%%Pages: 1
%%BeginProlog
%%EndProlog
%%Page: 1 1
 0 0 0 setrgbcolor 0 0.49814 dtransform truncate idtransform setlinewidth pop
 [] 0 setdash 1 setlinecap 1 setlinejoin 10 setmiterlimit
newpath 0 22.4159 moveto
119.55139 22.4159 lineto stroke
newpath 114.57008 24.90656 moveto
115.74602 23.33864 117.5915 22.4159 119.55139 22.4159 curveto
117.5915 22.4159 115.74602 21.49315 114.57008 19.92523 curveto stroke
 0.49814 0 dtransform exch truncate exch idtransform pop setlinewidth
newpath 59.7757 0 moveto
59.7757 82.19159 lineto stroke
 0 0.49814 dtransform truncate idtransform setlinewidth pop
newpath 57.28503 77.21028 moveto
58.85295 78.38622 59.7757 80.2317 59.7757 82.19159 curveto
59.7757 80.2317 60.69844 78.38622 62.26636 77.21028 curveto stroke
 0.49814 0 dtransform exch truncate exch idtransform pop setlinewidth
newpath 14.94392 20.42337 moveto
14.94392 24.40842 lineto stroke
newpath 29.88785 20.42337 moveto
29.88785 24.40842 lineto stroke
newpath 44.83177 20.42337 moveto
44.83177 24.40842 lineto stroke
newpath 74.71962 20.42337 moveto
74.71962 24.40842 lineto stroke
newpath 89.66354 20.42337 moveto
89.66354 24.40842 lineto stroke
newpath 104.60747 20.42337 moveto
104.60747 24.40842 lineto stroke
 0 0.49814 dtransform truncate idtransform setlinewidth pop
newpath 61.76822 7.47197 moveto
57.78317 7.47197 lineto stroke
newpath 61.76822 37.35982 moveto
57.78317 37.35982 lineto stroke
newpath 61.76822 52.30374 moveto
57.78317 52.30374 lineto stroke
newpath 61.76822 67.24767 moveto
57.78317 67.24767 lineto stroke
newpath 14.94392 16.93645 moveto
14.41545 16.93645 13.90869 16.72649 13.53502 16.35283 curveto
13.16136 15.97916 12.9514 15.4724 12.9514 14.94392 curveto
12.9514 14.41545 13.16136 13.90869 13.53502 13.53502 curveto
13.90869 13.16136 14.41545 12.9514 14.94392 12.9514 curveto
15.4724 12.9514 15.97916 13.16136 16.35283 13.53502 curveto
16.72649 13.90869 16.93645 14.41545 16.93645 14.94392 curveto
16.93645 15.4724 16.72649 15.97916 16.35283 16.35283 curveto
15.97916 16.72649 15.4724 16.93645 14.94392 16.93645 curveto closepath fill
newpath 59.7757 61.76823 moveto
59.24722 61.76823 58.74046 61.55827 58.36679 61.18462 curveto
57.99313 60.81094 57.78317 60.30418 57.78317 59.77571 curveto
57.78317 59.24724 57.99313 58.74048 58.36679 58.3668 curveto
58.74046 57.99315 59.24722 57.78319 59.7757 57.78319 curveto
60.30417 57.78319 60.81093 57.99315 61.1846 58.3668 curveto
61.55826 58.74048 61.76822 59.24724 61.76822 59.77571 curveto
61.76822 60.30418 61.55826 60.81094 61.1846 61.18462 curveto
60.81093 61.55827 60.30417 61.76823 59.7757 61.76823 curveto closepath fill
 0 1.24533 dtransform truncate idtransform setlinewidth pop
newpath 104.60747 14.94392 moveto
104.6077 16.45871 104.53085 17.97235 104.37762 19.47937 curveto
104.22438 20.9864 103.99431 22.48453 103.68944 23.96829 curveto
103.38457 25.45183 103.00513 26.91919 102.55182 28.36418 curveto
102.0985 29.80942 101.57176 31.2307 100.97432 32.62257 curveto
100.37689 34.01468 99.70924 35.37576 98.97408 36.70036 curveto
98.23892 38.02473 97.43741 39.31126 96.57228 40.55446 curveto
95.70715 41.79767 94.77931 42.99594 93.79288 44.14519 curveto
92.80574 45.29514 91.76093 46.39421 90.66252 47.43834 curveto
89.56458 48.48203 88.41464 49.46915 87.21683 50.3963 curveto
86.01923 51.32346 84.77534 52.18927 83.48996 52.99033 curveto
82.20435 53.79161 80.87906 54.52722 79.51889 55.19443 curveto
78.15894 55.86163 76.76593 56.45929 75.34532 56.98535 curveto
73.92517 57.51117 72.47926 57.96518 71.01306 58.3446 curveto
69.54639 58.72427 68.06148 59.02914 66.56381 59.25854 curveto
65.06659 59.48793 63.55888 59.6414 62.04616 59.71825 curveto
60.53343 59.79509 59.01796 59.79509 57.50523 59.71825 curveto
55.99251 59.6414 54.4848 59.48793 52.98758 59.25854 curveto
51.49014 59.02914 50.00546 58.72427 48.53902 58.3446 curveto
47.07259 57.96518 45.62645 57.5114 44.20607 56.98535 curveto
42.78569 56.45929 41.39291 55.86163 40.03319 55.19443 curveto
38.67325 54.52722 37.34772 53.79161 36.06212 52.99033 curveto
34.7765 52.18904 33.5324 51.32323 32.33456 50.3963 curveto
31.13675 49.46938 29.98659 48.48248 28.88887 47.43903 curveto
27.79047 46.3949 26.74565 45.29535 25.75851 44.14519 curveto
24.77208 42.99594 23.84424 41.79744 22.97911 40.55446 curveto
22.11398 39.3115 21.31224 38.02519 20.57732 36.70105 curveto
19.84215 35.37645 19.1745 34.01535 18.57707 32.62326 curveto
17.97963 31.23138 17.4529 29.8101 16.99957 28.36487 curveto
16.54626 26.91986 16.16682 25.45251 15.86195 23.96898 curveto
15.55708 22.48499 15.32701 20.98662 15.17377 19.47937 curveto
15.02054 17.97235 14.9437 16.45871 14.94392 14.94392 curveto stroke
 1 1 1 setrgbcolor
newpath 104.60747 16.93645 moveto
104.079 16.93645 103.57224 16.72649 103.19856 16.35283 curveto
102.8249 15.97916 102.61494 15.4724 102.61494 14.94392 curveto
102.61494 14.41545 102.8249 13.90869 103.19856 13.53502 curveto
103.57224 13.16136 104.079 12.9514 104.60747 12.9514 curveto
105.13594 12.9514 105.6427 13.16136 106.01637 13.53502 curveto
106.39003 13.90869 106.59999 14.41545 106.59999 14.94392 curveto
106.59999 15.4724 106.39003 15.97916 106.01637 16.35283 curveto
105.6427 16.72649 105.13594 16.93645 104.60747 16.93645 curveto closepath fill
 0 0 0 setrgbcolor
newpath 104.60747 16.93645 moveto
104.079 16.93645 103.57224 16.72649 103.19856 16.35283 curveto
102.8249 15.97916 102.61494 15.4724 102.61494 14.94392 curveto
102.61494 14.41545 102.8249 13.90869 103.19856 13.53502 curveto
103.57224 13.16136 104.079 12.9514 104.60747 12.9514 curveto
105.13594 12.9514 105.6427 13.16136 106.01637 13.53502 curveto
106.39003 13.90869 106.59999 14.41545 106.59999 14.94392 curveto
106.59999 15.4724 106.39003 15.97916 106.01637 16.35283 curveto
105.6427 16.72649 105.13594 16.93645 104.60747 16.93645 curveto stroke
showpage
%%EOF
