%!PS
%%BoundingBox: -1 -1 120 120 
%%HiResBoundingBox: -0.24907 -0.24907 119.80046 119.80046 
%%Creator: MetaPost 1.9991
%%CreationDate: 2017.08.03:0846
%%Pages: 1
%%BeginProlog
%%EndProlog
%%Page: 1 1
 0 0 0 setrgbcolor 0 0.49814 dtransform truncate idtransform setlinewidth pop
 [] 0 setdash 1 setlinecap 1 setlinejoin 10 setmiterlimit
newpath 0 39.85046 moveto
119.55139 39.85046 lineto stroke
newpath 114.57008 42.34113 moveto
115.74602 40.77321 117.5915 39.85046 119.55139 39.85046 curveto
117.5915 39.85046 115.74602 38.92772 114.57008 37.3598 curveto stroke
 0.49814 0 dtransform exch truncate exch idtransform pop setlinewidth
newpath 39.85046 0 moveto
39.85046 119.55139 lineto stroke
 0 0.49814 dtransform truncate idtransform setlinewidth pop
newpath 37.3598 114.57008 moveto
38.92772 115.74602 39.85046 117.5915 39.85046 119.55139 curveto
39.85046 117.5915 40.77321 115.74602 42.34113 114.57008 curveto stroke
 0.49814 0 dtransform exch truncate exch idtransform pop setlinewidth
newpath 99.62616 37.85794 moveto
99.62616 41.84299 lineto stroke
newpath 79.70093 37.85794 moveto
79.70093 41.84299 lineto stroke
newpath 59.7757 37.85794 moveto
59.7757 41.84299 lineto stroke
newpath 19.92523 37.85794 moveto
19.92523 41.84299 lineto stroke
 0 0.49814 dtransform truncate idtransform setlinewidth pop
newpath 41.84299 19.92523 moveto
37.85794 19.92523 lineto stroke
newpath 41.84299 59.7757 moveto
37.85794 59.7757 lineto stroke
newpath 41.84299 79.70093 moveto
37.85794 79.70093 lineto stroke
newpath 41.84299 99.62616 moveto
37.85794 99.62616 lineto stroke
 0 1.24533 dtransform truncate idtransform setlinewidth pop
newpath 19.92523 59.77509 moveto
20.58224 61.3363 21.24626 62.89479 21.91727 64.44994 curveto
22.57458 65.97345 23.23192 67.49727 23.91052 69.01167 curveto
24.56055 70.46222 25.21696 71.91003 25.90256 73.34386 curveto
26.5456 74.688 27.2014 76.02606 27.89581 77.34436 curveto
28.53033 78.54893 29.18492 79.7435 29.88785 80.90977 curveto
30.51416 81.94896 31.16753 82.97234 31.87988 83.95468 curveto
32.4986 84.8081 33.15166 85.63751 33.87314 86.40611 curveto
34.48607 87.05917 35.14005 87.67485 35.86517 88.20053 curveto
36.48175 88.64746 37.14334 89.03297 37.85843 89.29565 curveto
38.49721 89.53008 39.16972 89.66354 39.85046 89.66354 curveto
40.5309 89.66354 41.20372 89.53038 41.8425 89.29596 curveto
42.55789 89.03328 43.21918 88.64746 43.83575 88.20053 curveto
44.56088 87.67485 45.21486 87.05948 45.82779 86.40642 curveto
46.54927 85.63751 47.20233 84.8081 47.82104 83.95468 curveto
48.5334 82.97234 49.18677 81.94896 49.81308 80.90977 curveto
50.516 79.7435 51.1706 78.54893 51.80511 77.34436 curveto
52.49953 76.02606 53.15533 74.68831 53.79837 73.34416 curveto
54.48396 71.91034 55.14038 70.46283 55.7904 69.01228 curveto
56.46901 67.49788 57.12634 65.97406 57.78366 64.45023 curveto
58.45467 62.8951 59.11168 61.33388 59.7757 59.7757 curveto
60.43971 58.21751 61.09673 56.6563 61.76773 55.10117 curveto
62.42505 53.57733 63.08238 52.05351 63.76099 50.53911 curveto
64.41101 49.08856 65.06743 47.64105 65.75302 46.20723 curveto
66.39606 44.86308 67.05186 43.52533 67.74628 42.20703 curveto
68.3808 41.00246 69.03539 39.80789 69.73831 38.64162 curveto
70.36462 37.60243 71.01799 36.57906 71.73035 35.59671 curveto
72.34906 34.74329 73.00212 33.91388 73.7236 33.14497 curveto
74.33653 32.49191 74.99051 31.87654 75.71564 31.35086 curveto
76.33221 30.90393 76.9935 30.51811 77.7089 30.25543 curveto
78.34767 30.02101 79.0205 29.88785 79.70093 29.88785 curveto
80.38167 29.88785 81.05418 30.02132 81.69296 30.25574 curveto
82.40805 30.51842 83.06964 30.90393 83.68622 31.35086 curveto
84.41135 31.87654 85.06532 32.49222 85.67825 33.14528 curveto
86.39973 33.91388 87.0528 34.74329 87.67151 35.59671 curveto
88.38387 36.57906 89.03723 37.60243 89.66354 38.64162 curveto
90.36647 39.80789 91.02106 41.00246 91.65558 42.20703 curveto
92.34999 43.52533 93.0058 44.86339 93.64883 46.20753 curveto
94.33443 47.64136 94.99084 49.08917 95.64087 50.53972 curveto
96.31947 52.05412 96.9768 53.57794 97.63412 55.10146 curveto
98.30513 56.6566 98.96915 58.21509 99.62616 59.7763 curveto stroke
newpath 99.62616 61.76822 moveto
99.09769 61.76822 98.59093 61.55826 98.21725 61.1846 curveto
97.8436 60.81093 97.63364 60.30417 97.63364 59.7757 curveto
97.63364 59.24722 97.8436 58.74046 98.21725 58.36679 curveto
98.59093 57.99313 99.09769 57.78317 99.62616 57.78317 curveto
100.15463 57.78317 100.66139 57.99313 101.03506 58.36679 curveto
101.40872 58.74046 101.61868 59.24722 101.61868 59.7757 curveto
101.61868 60.30417 101.40872 60.81093 101.03506 61.1846 curveto
100.66139 61.55826 100.15463 61.76822 99.62616 61.76822 curveto closepath fill
newpath 79.70093 31.88037 moveto
79.17245 31.88037 78.6657 31.67041 78.29202 31.29675 curveto
77.91837 30.92308 77.7084 30.41632 77.7084 29.88785 curveto
77.7084 29.35938 77.91837 28.85262 78.29202 28.47894 curveto
78.6657 28.10529 79.17245 27.89532 79.70093 27.89532 curveto
80.2294 27.89532 80.73616 28.10529 81.10983 28.47894 curveto
81.48349 28.85262 81.69345 29.35938 81.69345 29.88785 curveto
81.69345 30.41632 81.48349 30.92308 81.10983 31.29675 curveto
80.73616 31.67041 80.2294 31.88037 79.70093 31.88037 curveto closepath fill
newpath 59.7757 61.76822 moveto
59.24722 61.76822 58.74046 61.55826 58.36679 61.1846 curveto
57.99313 60.81093 57.78317 60.30417 57.78317 59.7757 curveto
57.78317 59.24722 57.99313 58.74046 58.36679 58.36679 curveto
58.74046 57.99313 59.24722 57.78317 59.7757 57.78317 curveto
60.30417 57.78317 60.81093 57.99313 61.1846 58.36679 curveto
61.55826 58.74046 61.76822 59.24722 61.76822 59.7757 curveto
61.76822 60.30417 61.55826 60.81093 61.1846 61.1846 curveto
60.81093 61.55826 60.30417 61.76822 59.7757 61.76822 curveto closepath fill
newpath 39.85046 91.65607 moveto
39.32199 91.65607 38.81523 91.4461 38.44156 91.07245 curveto
38.0679 90.69878 37.85794 90.19202 37.85794 89.66354 curveto
37.85794 89.13507 38.0679 88.62831 38.44156 88.25464 curveto
38.81523 87.88098 39.32199 87.67102 39.85046 87.67102 curveto
40.37894 87.67102 40.8857 87.88098 41.25937 88.25464 curveto
41.63303 88.62831 41.84299 89.13507 41.84299 89.66354 curveto
41.84299 90.19202 41.63303 90.69878 41.25937 91.07245 curveto
40.8857 91.4461 40.37894 91.65607 39.85046 91.65607 curveto closepath fill
newpath 19.92523 61.76822 moveto
19.39676 61.76822 18.89 61.55826 18.51633 61.1846 curveto
18.14267 60.81093 17.93271 60.30417 17.93271 59.7757 curveto
17.93271 59.24722 18.14267 58.74046 18.51633 58.36679 curveto
18.89 57.99313 19.39676 57.78317 19.92523 57.78317 curveto
20.4537 57.78317 20.96046 57.99313 21.33414 58.36679 curveto
21.7078 58.74046 21.91776 59.24722 21.91776 59.7757 curveto
21.91776 60.30417 21.7078 60.81093 21.33414 61.1846 curveto
20.96046 61.55826 20.4537 61.76822 19.92523 61.76822 curveto closepath fill
showpage
%%EOF
