%!PS
%%BoundingBox: -1 -1 105 90 
%%HiResBoundingBox: -0.24907 -0.24907 104.85654 89.91261 
%%Creator: MetaPost 1.9991
%%CreationDate: 2017.08.03:0846
%%Pages: 1
%%BeginProlog
%%EndProlog
%%Page: 1 1
 0 0 0 setrgbcolor 0 0.49814 dtransform truncate idtransform setlinewidth pop
 [] 0 setdash 1 setlinecap 1 setlinejoin 10 setmiterlimit
newpath 0 44.83177 moveto
104.60747 44.83177 lineto stroke
newpath 99.62616 47.32243 moveto
100.8021 45.75452 102.64758 44.83177 104.60747 44.83177 curveto
102.64758 44.83177 100.8021 43.90903 99.62616 42.34111 curveto stroke
 0.49814 0 dtransform exch truncate exch idtransform pop setlinewidth
newpath 14.94392 0 moveto
14.94392 89.66354 lineto stroke
 0 0.49814 dtransform truncate idtransform setlinewidth pop
newpath 12.45326 84.68224 moveto
14.02118 85.85817 14.94392 87.70366 14.94392 89.66354 curveto
14.94392 87.70366 15.86667 85.85817 17.43459 84.68224 curveto stroke
 0.49814 0 dtransform exch truncate exch idtransform pop setlinewidth
newpath 14.94392 42.83925 moveto
14.94392 46.8243 lineto stroke
newpath 29.88785 42.83925 moveto
29.88785 46.8243 lineto stroke
newpath 44.83177 42.83925 moveto
44.83177 46.8243 lineto stroke
newpath 59.7757 42.83925 moveto
59.7757 46.8243 lineto stroke
newpath 74.71962 42.83925 moveto
74.71962 46.8243 lineto stroke
newpath 89.66354 42.83925 moveto
89.66354 46.8243 lineto stroke
 0 0.49814 dtransform truncate idtransform setlinewidth pop
newpath 16.93645 14.94392 moveto
12.9514 14.94392 lineto stroke
newpath 16.93645 29.88785 moveto
12.9514 29.88785 lineto stroke
newpath 16.93645 44.83177 moveto
12.9514 44.83177 lineto stroke
newpath 16.93645 59.7757 moveto
12.9514 59.7757 lineto stroke
newpath 16.93645 74.71962 moveto
12.9514 74.71962 lineto stroke
 0 1.24533 dtransform truncate idtransform setlinewidth pop
newpath 16.81192 67.24767 moveto
16.94713 66.49335 lineto
17.09239 65.73972 lineto
17.24812 64.98564 lineto
17.30194 64.73413 17.35735 64.48283 17.41481 64.23201 curveto
17.4725 63.98004 17.53224 63.72876 17.59404 63.4777 curveto
17.65607 63.22597 17.71968 62.97467 17.78581 62.72408 curveto
17.8524 62.4721 17.92104 62.2206 17.99194 61.96976 curveto
18.06332 61.71756 18.13652 61.46605 18.21268 61.21545 curveto
18.28906 60.96349 18.36797 60.7122 18.44937 60.46182 curveto
18.53146 60.2094 18.61606 59.95811 18.70361 59.70752 curveto
18.79164 59.45532 18.88217 59.20404 18.97588 58.95389 curveto
19.07028 58.70146 19.16765 58.44995 19.26799 58.19981 curveto
19.36946 57.94716 19.47366 57.69586 19.5813 57.44595 curveto
19.69006 57.1933 19.80179 56.94179 19.91718 56.69186 curveto
20.03392 56.439 20.15387 56.1877 20.27745 55.93825 curveto
20.40288 55.68513 20.53148 55.4334 20.66396 55.18393 curveto
20.7985 54.9306 20.93645 54.67885 21.0785 54.42963 curveto
21.22285 54.17628 21.37062 53.92477 21.5227 53.676 curveto
21.67776 53.4222 21.83647 53.17046 21.99951 52.92169 curveto
22.16574 52.66766 22.33607 52.41638 22.51051 52.16806 curveto
22.68929 51.91357 22.87193 51.66206 23.05891 51.41374 curveto
23.25069 51.15927 23.44633 50.90799 23.64655 50.66013 curveto
23.85245 50.40518 24.0627 50.15367 24.27727 49.90604 curveto
24.49844 49.65088 24.72397 49.39914 24.95381 49.15173 curveto
25.1912 48.89633 25.43245 48.64482 25.67848 48.3981 curveto
25.93341 48.14226 26.19269 47.89052 26.45651 47.64378 curveto
26.73015 47.38771 27.0081 47.13643 27.2904 46.89017 curveto
27.58432 46.63364 27.88258 46.38213 28.18518 46.13585 curveto
28.50053 45.87932 28.82 45.6278 29.1438 45.38223 curveto
29.48265 45.12502 29.82582 44.8735 30.17311 44.62791 curveto
30.53658 44.3707 30.90416 44.11942 31.27585 43.87428 curveto
31.66646 43.61662 32.06117 43.36511 32.45976 43.11998 curveto
32.87886 42.86208 33.30208 42.61057 33.72894 42.36566 curveto
34.17862 42.10777 34.63216 41.85649 35.08936 41.61205 curveto
35.57231 41.35368 36.05914 41.10217 36.54941 40.85773 curveto
37.06747 40.59938 37.58897 40.3481 38.11389 40.10411 curveto
38.67027 39.84529 39.23032 39.59378 39.7933 39.3498 curveto
40.39005 39.09122 40.98999 38.83994 41.5929 38.59616 curveto
42.23364 38.33713 42.87737 38.08585 43.52405 37.84209 curveto
44.21176 37.58282 44.90247 37.33153 45.59566 37.08777 curveto
46.33287 36.82874 47.07281 36.57745 47.81526 36.33415 curveto
48.60675 36.07487 49.40073 35.82314 50.19724 35.57983 curveto
51.04594 35.32057 51.89716 35.06929 52.75044 34.82622 curveto
53.66164 34.56671 54.57487 34.3152 55.4904 34.0719 curveto
56.46704 33.81241 57.44572 33.56113 58.42647 33.31827 curveto
59.47516 33.05855 60.52568 32.80704 61.57825 32.56396 curveto
62.70195 32.30447 63.8275 32.05319 64.95508 31.81033 curveto
66.16135 31.55061 67.36943 31.2991 68.57933 31.05626 curveto
69.87361 30.79631 71.16948 30.54501 72.46695 30.30194 curveto
73.8538 30.04222 75.24225 29.79094 76.63231 29.54831 curveto
78.1213 29.28836 79.6117 29.03685 81.10367 28.794 curveto
82.69917 28.53429 84.29626 28.283 85.8945 28.04037 curveto
87.60698 27.78043 89.32082 27.52892 91.03603 27.28607 curveto
92.87164 27.02612 94.70839 26.77505 96.54628 26.53244 curveto
98.51666 26.27226 100.48817 26.02098 102.46083 25.77814 curveto stroke
newpath 99.67702 27.6265 moveto
100.26234 26.6066 101.2937 25.92181 102.46083 25.77814 curveto
101.2937 25.92181 100.12706 25.5076 99.31184 24.6601 curveto stroke
newpath 15.84601 64.04872 moveto
16.65349 64.90361 17.01134 66.08876 16.81192 67.24767 curveto
17.01134 66.08876 17.74477 65.09138 18.79153 64.55559 curveto stroke
newpath 29.88785 46.8243 moveto
29.35938 46.8243 28.85262 46.61433 28.47894 46.24068 curveto
28.10529 45.867 27.89532 45.36024 27.89532 44.83177 curveto
27.89532 44.3033 28.10529 43.79654 28.47894 43.42287 curveto
28.85262 43.04921 29.35938 42.83925 29.88785 42.83925 curveto
30.41632 42.83925 30.92308 43.04921 31.29675 43.42287 curveto
31.67041 43.79654 31.88037 44.3033 31.88037 44.83177 curveto
31.88037 45.36024 31.67041 45.867 31.29675 46.24068 curveto
30.92308 46.61433 30.41632 46.8243 29.88785 46.8243 curveto closepath fill
newpath 44.83177 39.35233 moveto
44.3033 39.35233 43.79654 39.14236 43.42287 38.7687 curveto
43.04921 38.39503 42.83925 37.88828 42.83925 37.3598 curveto
42.83925 36.83133 43.04921 36.32457 43.42287 35.9509 curveto
43.79654 35.57724 44.3033 35.36728 44.83177 35.36728 curveto
45.36024 35.36728 45.867 35.57724 46.24068 35.9509 curveto
46.61433 36.32457 46.8243 36.83133 46.8243 37.3598 curveto
46.8243 37.88828 46.61433 38.39503 46.24068 38.7687 curveto
45.867 39.14236 45.36024 39.35233 44.83177 39.35233 curveto closepath fill
newpath 74.71962 31.88037 moveto
74.19115 31.88037 73.68439 31.67041 73.31071 31.29675 curveto
72.93706 30.92308 72.7271 30.41632 72.7271 29.88785 curveto
72.7271 29.35938 72.93706 28.85262 73.31071 28.47894 curveto
73.68439 28.10529 74.19115 27.89532 74.71962 27.89532 curveto
75.2481 27.89532 75.75485 28.10529 76.12852 28.47894 curveto
76.50218 28.85262 76.71214 29.35938 76.71214 29.88785 curveto
76.71214 30.41632 76.50218 30.92308 76.12852 31.29675 curveto
75.75485 31.67041 75.2481 31.88037 74.71962 31.88037 curveto closepath fill
showpage
%%EOF
