%!PS
%%BoundingBox: -1 -1 150 165 
%%HiResBoundingBox: -0.24907 -0.24907 149.68831 164.63223 
%%Creator: MetaPost 1.9991
%%CreationDate: 2017.08.03:0846
%%Pages: 1
%%BeginProlog
%%EndProlog
%%Page: 1 1
 0 0 0 setrgbcolor 0 0.49814 dtransform truncate idtransform setlinewidth pop
 [] 0 setdash 1 setlinecap 1 setlinejoin 10 setmiterlimit
newpath 0 59.7757 moveto
149.43924 59.7757 lineto stroke
newpath 144.45793 62.26636 moveto
145.63387 60.69844 147.47935 59.7757 149.43924 59.7757 curveto
147.47935 59.7757 145.63387 58.85295 144.45793 57.28503 curveto stroke
 0.49814 0 dtransform exch truncate exch idtransform pop setlinewidth
newpath 74.71962 0 moveto
74.71962 164.38316 lineto stroke
 0 0.49814 dtransform truncate idtransform setlinewidth pop
newpath 72.22896 159.40186 moveto
73.79688 160.57779 74.71962 162.42328 74.71962 164.38316 curveto
74.71962 162.42328 75.64236 160.57779 77.21028 159.40186 curveto stroke
 0.49814 0 dtransform exch truncate exch idtransform pop setlinewidth
newpath 14.94392 57.78317 moveto
14.94392 61.76822 lineto stroke
newpath 29.88785 57.78317 moveto
29.88785 61.76822 lineto stroke
newpath 44.83177 57.78317 moveto
44.83177 61.76822 lineto stroke
newpath 59.7757 57.78317 moveto
59.7757 61.76822 lineto stroke
newpath 89.66354 57.78317 moveto
89.66354 61.76822 lineto stroke
newpath 104.60747 57.78317 moveto
104.60747 61.76822 lineto stroke
newpath 119.55139 57.78317 moveto
119.55139 61.76822 lineto stroke
newpath 134.49532 57.78317 moveto
134.49532 61.76822 lineto stroke
 0 0.49814 dtransform truncate idtransform setlinewidth pop
newpath 76.71214 0 moveto
72.7271 0 lineto stroke
newpath 76.71214 14.94392 moveto
72.7271 14.94392 lineto stroke
newpath 76.71214 29.88785 moveto
72.7271 29.88785 lineto stroke
newpath 76.71214 44.83177 moveto
72.7271 44.83177 lineto stroke
newpath 76.71214 74.71962 moveto
72.7271 74.71962 lineto stroke
newpath 76.71214 89.66354 moveto
72.7271 89.66354 lineto stroke
newpath 76.71214 104.60747 moveto
72.7271 104.60747 lineto stroke
newpath 76.71214 119.55139 moveto
72.7271 119.55139 lineto stroke
newpath 76.71214 134.49532 moveto
72.7271 134.49532 lineto stroke
newpath 76.71214 149.43924 moveto
72.7271 149.43924 lineto stroke
 0 1.24533 dtransform truncate idtransform setlinewidth pop
newpath 52.30373 156.91121 moveto
52.87927 156.80745 53.40442 156.51627 53.79776 156.08324 curveto
54.44786 155.36723 54.8891 154.49731 55.2927 153.61942 curveto
55.89287 152.31396 56.35782 150.95265 56.78673 149.58176 curveto
57.35565 147.76324 57.83405 145.91829 58.28166 144.06625 curveto
58.83075 141.79398 59.3153 139.50688 59.7757 137.21498 curveto
60.31133 134.54822 60.7993 131.87187 61.26973 129.1928 curveto
61.79578 126.19699 62.28581 123.19525 62.76466 120.1917 curveto
63.28206 116.94597 63.77322 113.69614 64.2587 110.44562 curveto
64.76947 107.02568 65.26132 103.60301 65.75363 100.18034 curveto
66.2578 96.67558 66.74965 93.16922 67.24765 89.66354 curveto
67.74567 86.15787 68.23752 82.6515 68.74168 79.14674 curveto
69.234 75.72408 69.72585 72.3014 70.23662 68.88147 curveto
70.72209 65.63095 71.21326 62.38112 71.73065 59.13539 curveto
72.2095 56.13184 72.69954 53.1301 73.22559 50.1343 curveto
73.69601 47.45522 74.18399 44.77887 74.71962 42.1121 curveto
75.18001 39.8202 75.66457 37.53311 76.21365 35.26083 curveto
76.66127 33.40857 77.13966 31.56316 77.70859 29.74442 curveto
78.13728 28.37375 78.60268 27.0129 79.20262 25.70767 curveto
79.60622 24.82954 80.04723 23.95917 80.69756 23.24294 curveto
81.0991 22.8008 81.59735 22.41588 82.19159 22.41588 curveto
82.78581 22.41588 83.28406 22.8008 83.68561 23.24294 curveto
84.33594 23.95917 84.77695 24.82954 85.18054 25.70767 curveto
85.78049 27.0129 86.24588 28.37375 86.67458 29.74442 curveto
87.2435 31.56316 87.7219 33.40857 88.16951 35.26083 curveto
88.7186 37.53311 89.20316 39.8202 89.66354 42.1121 curveto
90.19917 44.77887 90.68715 47.45522 91.15758 50.1343 curveto
91.68362 53.1301 92.17366 56.13184 92.65251 59.13539 curveto
93.1699 62.38112 93.66107 65.63095 94.14655 68.88147 curveto
94.65732 72.3014 95.14917 75.72408 95.64148 79.14674 curveto
96.14565 82.6515 96.6375 86.15787 97.13551 89.66354 curveto
97.63351 93.16922 98.12537 96.67558 98.62953 100.18034 curveto
99.12184 103.60301 99.6137 107.02568 100.12447 110.44562 curveto
100.60994 113.69614 101.1011 116.94597 101.6185 120.1917 curveto
102.09735 123.19525 102.58739 126.19699 103.11343 129.1928 curveto
103.58386 131.87187 104.07184 134.54822 104.60747 137.21498 curveto
105.06786 139.50688 105.55241 141.79398 106.1015 144.06625 curveto
106.54912 145.91829 107.02751 147.76324 107.59644 149.58176 curveto
108.02534 150.95265 108.4903 152.31396 109.09047 153.61942 curveto
109.49406 154.49731 109.9353 155.36723 110.5854 156.08324 curveto
110.97874 156.51627 111.50389 156.80745 112.07944 156.91121 curveto stroke
newpath 52.30373 158.90373 moveto
51.77525 158.90373 51.2685 158.69377 50.89482 158.32011 curveto
50.52116 157.94644 50.3112 157.43968 50.3112 156.91121 curveto
50.3112 156.38274 50.52116 155.87598 50.89482 155.5023 curveto
51.2685 155.12865 51.77525 154.91869 52.30373 154.91869 curveto
52.8322 154.91869 53.33896 155.12865 53.71263 155.5023 curveto
54.08629 155.87598 54.29625 156.38274 54.29625 156.91121 curveto
54.29625 157.43968 54.08629 157.94644 53.71263 158.32011 curveto
53.33896 158.69377 52.8322 158.90373 52.30373 158.90373 curveto closepath fill
newpath 67.24765 91.65607 moveto
66.71918 91.65607 66.21242 91.4461 65.83875 91.07245 curveto
65.46509 90.69878 65.25513 90.19202 65.25513 89.66354 curveto
65.25513 89.13507 65.46509 88.62831 65.83875 88.25464 curveto
66.21242 87.88098 66.71918 87.67102 67.24765 87.67102 curveto
67.77612 87.67102 68.28288 87.88098 68.65656 88.25464 curveto
69.03021 88.62831 69.24017 89.13507 69.24017 89.66354 curveto
69.24017 90.19202 69.03021 90.69878 68.65656 91.07245 curveto
68.28288 91.4461 67.77612 91.65607 67.24765 91.65607 curveto closepath fill
newpath 82.19159 24.4084 moveto
81.66312 24.4084 81.15636 24.19844 80.78268 23.82478 curveto
80.40903 23.45111 80.19907 22.94435 80.19907 22.41588 curveto
80.19907 21.8874 80.40903 21.38065 80.78268 21.00697 curveto
81.15636 20.63332 81.66312 20.42336 82.19159 20.42336 curveto
82.72006 20.42336 83.22682 20.63332 83.6005 21.00697 curveto
83.97415 21.38065 84.18411 21.8874 84.18411 22.41588 curveto
84.18411 22.94435 83.97415 23.45111 83.6005 23.82478 curveto
83.22682 24.19844 82.72006 24.4084 82.19159 24.4084 curveto closepath fill
newpath 97.13551 91.65607 moveto
96.60704 91.65607 96.10028 91.4461 95.72661 91.07245 curveto
95.35295 90.69878 95.14299 90.19202 95.14299 89.66354 curveto
95.14299 89.13507 95.35295 88.62831 95.72661 88.25464 curveto
96.10028 87.88098 96.60704 87.67102 97.13551 87.67102 curveto
97.66399 87.67102 98.17075 87.88098 98.54442 88.25464 curveto
98.91808 88.62831 99.12804 89.13507 99.12804 89.66354 curveto
99.12804 90.19202 98.91808 90.69878 98.54442 91.07245 curveto
98.17075 91.4461 97.66399 91.65607 97.13551 91.65607 curveto closepath fill
newpath 112.07944 158.90373 moveto
111.55096 158.90373 111.0442 158.69377 110.67053 158.32011 curveto
110.29688 157.94644 110.08691 157.43968 110.08691 156.91121 curveto
110.08691 156.38274 110.29688 155.87598 110.67053 155.5023 curveto
111.0442 155.12865 111.55096 154.91869 112.07944 154.91869 curveto
112.60791 154.91869 113.11467 155.12865 113.48834 155.5023 curveto
113.862 155.87598 114.07196 156.38274 114.07196 156.91121 curveto
114.07196 157.43968 113.862 157.94644 113.48834 158.32011 curveto
113.11467 158.69377 112.60791 158.90373 112.07944 158.90373 curveto closepath fill
showpage
%%EOF
