%!PS
%%BoundingBox: -1 -1 120 75 
%%HiResBoundingBox: -0.24907 -0.24907 119.80046 74.96869 
%%Creator: MetaPost 1.9991
%%CreationDate: 2017.08.03:0846
%%Pages: 1
%%BeginProlog
%%EndProlog
%%Page: 1 1
 0 0 0 setrgbcolor 0 0.49814 dtransform truncate idtransform setlinewidth pop
 [] 0 setdash 1 setlinecap 1 setlinejoin 10 setmiterlimit
newpath 0 44.83177 moveto
119.55139 44.83177 lineto stroke
newpath 114.57008 47.32243 moveto
115.74602 45.75452 117.5915 44.83177 119.55139 44.83177 curveto
117.5915 44.83177 115.74602 43.90903 114.57008 42.34111 curveto stroke
 0.49814 0 dtransform exch truncate exch idtransform pop setlinewidth
newpath 59.7757 0 moveto
59.7757 74.71962 lineto stroke
 0 0.49814 dtransform truncate idtransform setlinewidth pop
newpath 57.28503 69.73831 moveto
58.85295 70.91425 59.7757 72.75974 59.7757 74.71962 curveto
59.7757 72.75974 60.69844 70.91425 62.26636 69.73831 curveto stroke
 0.49814 0 dtransform exch truncate exch idtransform pop setlinewidth
newpath 29.88785 42.83925 moveto
29.88785 46.8243 lineto stroke
newpath 89.66354 42.83925 moveto
89.66354 46.8243 lineto stroke
 0 0.49814 dtransform truncate idtransform setlinewidth pop
newpath 61.76822 14.94392 moveto
57.78317 14.94392 lineto stroke
newpath 29.88785 46.8243 moveto
29.35938 46.8243 28.85262 46.61433 28.47894 46.24068 curveto
28.10529 45.867 27.89532 45.36024 27.89532 44.83177 curveto
27.89532 44.3033 28.10529 43.79654 28.47894 43.42287 curveto
28.85262 43.04921 29.35938 42.83925 29.88785 42.83925 curveto
30.41632 42.83925 30.92308 43.04921 31.29675 43.42287 curveto
31.67041 43.79654 31.88037 44.3033 31.88037 44.83177 curveto
31.88037 45.36024 31.67041 45.867 31.29675 46.24068 curveto
30.92308 46.61433 30.41632 46.8243 29.88785 46.8243 curveto closepath fill
newpath 59.7757 24.4084 moveto
59.24722 24.4084 58.74046 24.19844 58.36679 23.82478 curveto
57.99313 23.45111 57.78317 22.94435 57.78317 22.41588 curveto
57.78317 21.8874 57.99313 21.38065 58.36679 21.00697 curveto
58.74046 20.63332 59.24722 20.42336 59.7757 20.42336 curveto
60.30417 20.42336 60.81093 20.63332 61.1846 21.00697 curveto
61.55826 21.38065 61.76822 21.8874 61.76822 22.41588 curveto
61.76822 22.94435 61.55826 23.45111 61.1846 23.82478 curveto
60.81093 24.19844 60.30417 24.4084 59.7757 24.4084 curveto closepath fill
 0 1.24533 dtransform truncate idtransform setlinewidth pop
newpath 89.66354 44.83177 moveto
89.66354 44.0729 89.61247 43.3154 89.51031 42.56383 curveto
89.4077 41.80632 89.25356 41.05656 89.05153 40.3196 curveto
88.8463 39.57121 88.59273 38.83742 88.2931 38.12141 curveto
87.98755 37.39037 87.63503 36.6803 87.24146 35.99257 curveto
86.83784 35.28705 86.39137 34.60707 85.90796 33.95355 curveto
85.41086 33.28178 84.87544 32.6392 84.30675 32.02628 curveto
83.72118 31.39555 83.10187 30.79767 82.45381 30.23126 curveto
81.78615 29.64796 81.08885 29.09933 80.36691 28.58446 curveto
79.62492 28.05544 78.85783 27.5629 78.06978 27.10547 curveto
77.2612 26.6362 76.4321 26.20432 75.5852 25.80846 curveto
74.7187 25.40349 73.83533 25.03682 72.93782 24.70663 curveto
72.02298 24.37007 71.09445 24.07181 70.15544 23.81094 curveto
69.2023 23.54599 68.23866 23.31978 67.26727 23.13144 curveto
66.28493 22.9408 65.2953 22.78848 64.3011 22.67447 curveto
63.30052 22.55954 62.29584 22.48293 61.28934 22.44461 curveto
60.28055 22.40631 59.27084 22.40631 58.26205 22.44461 curveto
57.25555 22.48293 56.25087 22.55954 55.25029 22.67447 curveto
54.25609 22.78848 53.26692 22.9408 52.28458 23.13144 curveto
51.31319 23.31978 50.34955 23.54599 49.39595 23.81094 curveto
48.45694 24.07181 47.52887 24.37007 46.61403 24.70663 curveto
45.7165 25.03682 44.83315 25.40349 43.96664 25.80846 curveto
43.11975 26.20432 42.29019 26.6362 41.48161 27.10547 curveto
40.69356 27.5629 39.92647 28.05498 39.18448 28.584 curveto
38.46254 29.09888 37.76524 29.64796 37.09758 30.23126 curveto
36.44952 30.79767 35.83022 31.39555 35.24464 32.02628 curveto
34.67595 32.63875 34.14053 33.28133 33.64343 33.9531 curveto
33.16002 34.60663 32.71355 35.28659 32.30994 35.99211 curveto
31.91637 36.67984 31.56384 37.39037 31.25829 38.12141 curveto
30.95866 38.83696 30.7051 39.57076 30.49986 40.31914 curveto
30.29784 41.05656 30.14369 41.80632 30.04108 42.56383 curveto
29.93892 43.3154 29.88785 44.0729 29.88785 44.83177 curveto stroke
 1 1 1 setrgbcolor
newpath 89.66354 46.8243 moveto
89.13507 46.8243 88.62831 46.61433 88.25464 46.24068 curveto
87.88098 45.867 87.67102 45.36024 87.67102 44.83177 curveto
87.67102 44.3033 87.88098 43.79654 88.25464 43.42287 curveto
88.62831 43.04921 89.13507 42.83925 89.66354 42.83925 curveto
90.19202 42.83925 90.69878 43.04921 91.07245 43.42287 curveto
91.4461 43.79654 91.65607 44.3033 91.65607 44.83177 curveto
91.65607 45.36024 91.4461 45.867 91.07245 46.24068 curveto
90.69878 46.61433 90.19202 46.8243 89.66354 46.8243 curveto closepath fill
 0 0 0 setrgbcolor
newpath 89.66354 46.8243 moveto
89.13507 46.8243 88.62831 46.61433 88.25464 46.24068 curveto
87.88098 45.867 87.67102 45.36024 87.67102 44.83177 curveto
87.67102 44.3033 87.88098 43.79654 88.25464 43.42287 curveto
88.62831 43.04921 89.13507 42.83925 89.66354 42.83925 curveto
90.19202 42.83925 90.69878 43.04921 91.07245 43.42287 curveto
91.4461 43.79654 91.65607 44.3033 91.65607 44.83177 curveto
91.65607 45.36024 91.4461 45.867 91.07245 46.24068 curveto
90.69878 46.61433 90.19202 46.8243 89.66354 46.8243 curveto stroke
showpage
%%EOF
