%!PS
%%BoundingBox: -1 -1 150 90 
%%HiResBoundingBox: -0.24907 -0.24907 149.68831 89.91261 
%%Creator: MetaPost 1.9991
%%CreationDate: 2017.08.03:0846
%%Pages: 1
%%BeginProlog
%%EndProlog
%%Page: 1 1
 0 0 0 setrgbcolor 0 0.49814 dtransform truncate idtransform setlinewidth pop
 [] 0 setdash 1 setlinecap 1 setlinejoin 10 setmiterlimit
newpath 0 14.94392 moveto
149.43924 14.94392 lineto stroke
newpath 144.45793 17.43459 moveto
145.63387 15.86667 147.47935 14.94392 149.43924 14.94392 curveto
147.47935 14.94392 145.63387 14.02118 144.45793 12.45326 curveto stroke
 0.49814 0 dtransform exch truncate exch idtransform pop setlinewidth
newpath 59.7757 0 moveto
59.7757 89.66354 lineto stroke
 0 0.49814 dtransform truncate idtransform setlinewidth pop
newpath 57.28503 84.68224 moveto
58.85295 85.85817 59.7757 87.70366 59.7757 89.66354 curveto
59.7757 87.70366 60.69844 85.85817 62.26636 84.68224 curveto stroke
 0.49814 0 dtransform exch truncate exch idtransform pop setlinewidth
newpath 14.94392 12.9514 moveto
14.94392 16.93645 lineto stroke
newpath 29.88785 12.9514 moveto
29.88785 16.93645 lineto stroke
newpath 44.83177 12.9514 moveto
44.83177 16.93645 lineto stroke
newpath 59.7757 12.9514 moveto
59.7757 16.93645 lineto stroke
newpath 74.71962 12.9514 moveto
74.71962 16.93645 lineto stroke
newpath 89.66354 12.9514 moveto
89.66354 16.93645 lineto stroke
newpath 104.60747 12.9514 moveto
104.60747 16.93645 lineto stroke
newpath 119.55139 12.9514 moveto
119.55139 16.93645 lineto stroke
newpath 134.49532 12.9514 moveto
134.49532 16.93645 lineto stroke
 0 0.49814 dtransform truncate idtransform setlinewidth pop
newpath 61.76822 14.94392 moveto
57.78317 14.94392 lineto stroke
newpath 61.76822 29.88785 moveto
57.78317 29.88785 lineto stroke
newpath 61.76822 44.83177 moveto
57.78317 44.83177 lineto stroke
newpath 61.76822 59.7757 moveto
57.78317 59.7757 lineto stroke
newpath 61.76822 74.71962 moveto
57.78317 74.71962 lineto stroke
 0 1.24533 dtransform truncate idtransform setlinewidth pop
newpath 14.94392 14.94392 moveto
15.43692 15.93013 15.93492 16.91362 16.43796 17.89458 curveto
16.9314 18.85663 17.42964 19.81639 17.93335 20.77318 curveto
18.42635 21.70969 18.92412 22.64346 19.42737 23.5745 curveto
19.92014 24.48613 20.41815 25.39528 20.9214 26.30122 curveto
21.41417 27.18825 21.91194 28.0723 22.41544 28.95317 curveto
22.90842 29.81602 23.40689 30.6759 23.91083 31.53261 curveto
24.40337 32.36992 24.90137 33.20425 25.40485 34.03519 curveto
25.89738 34.84787 26.39517 35.65714 26.89888 36.46298 curveto
27.39142 37.25081 27.8892 38.03522 28.39291 38.81598 curveto
28.88567 39.57988 29.38414 40.34012 29.8883 41.09648 curveto
30.38062 41.83482 30.87839 42.56952 31.38232 43.30013 curveto
31.87463 44.01384 32.37242 44.7237 32.87636 45.4292 curveto
33.36844 46.1183 33.86646 46.80305 34.37039 47.48349 curveto
34.86293 48.1484 35.36116 48.809 35.86578 49.46481 curveto
36.35786 50.10442 36.85564 50.73947 37.3598 51.36974 curveto
37.85188 51.98473 38.34967 52.59492 38.85384 53.19987 curveto
39.34615 53.7907 39.8446 54.37672 40.34923 54.95705 curveto
40.84108 55.52278 41.3391 56.08304 41.84326 56.63783 curveto
42.33511 57.17894 42.8329 57.71434 43.3373 58.24382 curveto
43.82915 58.7603 44.32715 59.27107 44.83131 59.77524 curveto
45.32362 60.26755 45.82208 60.7537 46.3267 61.23325 curveto
46.81856 61.70047 47.31657 62.16153 47.82074 62.61531 curveto
48.31259 63.0579 48.81061 63.49413 49.31477 63.92258 curveto
49.80663 64.34055 50.30463 64.75168 50.80879 65.15506 curveto
51.30133 65.54909 51.79979 65.93582 52.30418 66.31412 curveto
52.79626 66.68306 53.29428 67.04448 53.79822 67.39725 curveto
54.29053 67.74179 54.78853 68.07813 55.29225 68.40558 curveto
55.78477 68.7255 56.28256 69.0372 56.78627 69.33934 curveto
57.2795 69.63509 57.77773 69.92218 58.28166 70.19923 curveto
58.77466 70.47035 59.27245 70.73213 59.7757 70.98364 curveto
60.26892 71.23013 60.76692 71.46706 61.26973 71.69325 curveto
61.76385 71.91559 62.2621 72.12764 62.76512 72.32877 curveto
63.25902 72.52623 63.75703 72.71321 64.25914 72.88902 curveto
64.75351 73.0621 65.25151 73.22423 65.75317 73.37473 curveto
66.24799 73.52316 66.746 73.66043 67.24721 73.78563 curveto
67.74294 73.90944 68.24162 74.02164 68.7426 74.12196 curveto
69.23833 74.22116 69.73656 74.30849 70.23662 74.38351 curveto
70.73303 74.45807 71.23128 74.52032 71.73065 74.57027 curveto
72.22775 74.61998 72.72575 74.65736 73.22469 74.68222 curveto
73.72269 74.70708 74.22139 74.71962 74.72008 74.71962 curveto
75.2183 74.71962 75.71655 74.70708 76.2141 74.68222 curveto
76.71303 74.65736 77.21103 74.61998 77.70813 74.57027 curveto
78.2075 74.52032 78.70575 74.45807 79.20216 74.38351 curveto
79.70268 74.30849 80.20137 74.22093 80.69756 74.12173 curveto
81.19807 74.02164 81.6963 73.90944 82.19159 73.78563 curveto
82.69278 73.66022 83.1908 73.52316 83.68561 73.37473 curveto
84.18773 73.22423 84.68619 73.06187 85.181 72.8888 curveto
85.68312 72.71321 86.18112 72.526 86.67503 72.32854 curveto
87.1776 72.12764 87.67538 71.91559 88.16907 71.69348 curveto
88.67186 71.46729 89.16986 71.23036 89.66309 70.98387 curveto
90.1668 70.73213 90.66504 70.47012 91.15848 70.19878 curveto
91.66197 69.92195 92.15974 69.63531 92.65251 69.3398 curveto
93.15622 69.03766 93.654 68.72618 94.14655 68.40604 curveto
94.65025 68.07858 95.14825 67.74202 95.64056 67.39748 curveto
96.14496 67.04448 96.64343 66.68283 97.13596 66.31343 curveto
97.6399 65.93536 98.13791 65.54909 98.62999 65.15552 curveto
99.13416 64.75214 99.63217 64.341 100.12402 63.9228 curveto
100.62819 63.49435 101.12619 63.05814 101.61804 62.61554 curveto
102.12267 62.1613 102.62112 61.70001 103.11343 61.23233 curveto
103.6176 60.75325 104.11584 60.26755 104.60747 59.7757 curveto stroke
newpath 14.94392 16.93645 moveto
14.41545 16.93645 13.90869 16.72649 13.53502 16.35283 curveto
13.16136 15.97916 12.9514 15.4724 12.9514 14.94392 curveto
12.9514 14.41545 13.16136 13.90869 13.53502 13.53502 curveto
13.90869 13.16136 14.41545 12.9514 14.94392 12.9514 curveto
15.4724 12.9514 15.97916 13.16136 16.35283 13.53502 curveto
16.72649 13.90869 16.93645 14.41545 16.93645 14.94392 curveto
16.93645 15.4724 16.72649 15.97916 16.35283 16.35283 curveto
15.97916 16.72649 15.4724 16.93645 14.94392 16.93645 curveto closepath fill
newpath 74.71962 76.71214 moveto
74.19115 76.71214 73.68439 76.50218 73.31071 76.12852 curveto
72.93706 75.75485 72.7271 75.2481 72.7271 74.71962 curveto
72.7271 74.19115 72.93706 73.68439 73.31071 73.31071 curveto
73.68439 72.93706 74.19115 72.7271 74.71962 72.7271 curveto
75.2481 72.7271 75.75485 72.93706 76.12852 73.31071 curveto
76.50218 73.68439 76.71214 74.19115 76.71214 74.71962 curveto
76.71214 75.2481 76.50218 75.75485 76.12852 76.12852 curveto
75.75485 76.50218 75.2481 76.71214 74.71962 76.71214 curveto closepath fill
newpath 44.83177 61.76822 moveto
44.3033 61.76822 43.79654 61.55826 43.42287 61.1846 curveto
43.04921 60.81093 42.83925 60.30417 42.83925 59.7757 curveto
42.83925 59.24722 43.04921 58.74046 43.42287 58.36679 curveto
43.79654 57.99313 44.3033 57.78317 44.83177 57.78317 curveto
45.36024 57.78317 45.867 57.99313 46.24068 58.36679 curveto
46.61433 58.74046 46.8243 59.24722 46.8243 59.7757 curveto
46.8243 60.30417 46.61433 60.81093 46.24068 61.1846 curveto
45.867 61.55826 45.36024 61.76822 44.83177 61.76822 curveto closepath fill
 1 1 1 setrgbcolor
newpath 104.60747 61.76822 moveto
104.079 61.76822 103.57224 61.55826 103.19856 61.1846 curveto
102.8249 60.81093 102.61494 60.30417 102.61494 59.7757 curveto
102.61494 59.24722 102.8249 58.74046 103.19856 58.36679 curveto
103.57224 57.99313 104.079 57.78317 104.60747 57.78317 curveto
105.13594 57.78317 105.6427 57.99313 106.01637 58.36679 curveto
106.39003 58.74046 106.59999 59.24722 106.59999 59.7757 curveto
106.59999 60.30417 106.39003 60.81093 106.01637 61.1846 curveto
105.6427 61.55826 105.13594 61.76822 104.60747 61.76822 curveto closepath fill
 0 0 0 setrgbcolor
newpath 104.60747 61.76822 moveto
104.079 61.76822 103.57224 61.55826 103.19856 61.1846 curveto
102.8249 60.81093 102.61494 60.30417 102.61494 59.7757 curveto
102.61494 59.24722 102.8249 58.74046 103.19856 58.36679 curveto
103.57224 57.99313 104.079 57.78317 104.60747 57.78317 curveto
105.13594 57.78317 105.6427 57.99313 106.01637 58.36679 curveto
106.39003 58.74046 106.59999 59.24722 106.59999 59.7757 curveto
106.59999 60.30417 106.39003 60.81093 106.01637 61.1846 curveto
105.6427 61.55826 105.13594 61.76822 104.60747 61.76822 curveto stroke
showpage
%%EOF
