%!PS
%%BoundingBox: -1 -1 120 160 
%%HiResBoundingBox: -0.24907 -0.24907 119.80046 159.65092 
%%Creator: MetaPost 1.9991
%%CreationDate: 2017.08.03:0846
%%Pages: 1
%%BeginProlog
%%EndProlog
%%Page: 1 1
 0 0 0 setrgbcolor 0 0.49814 dtransform truncate idtransform setlinewidth pop
 [] 0 setdash 1 setlinecap 1 setlinejoin 10 setmiterlimit
newpath 0 79.70093 moveto
119.55139 79.70093 lineto stroke
newpath 114.57008 82.19159 moveto
115.74602 80.62367 117.5915 79.70093 119.55139 79.70093 curveto
117.5915 79.70093 115.74602 78.77818 114.57008 77.21027 curveto stroke
 0.49814 0 dtransform exch truncate exch idtransform pop setlinewidth
newpath 59.7757 0 moveto
59.7757 159.40186 lineto stroke
 0 0.49814 dtransform truncate idtransform setlinewidth pop
newpath 57.28503 154.42055 moveto
58.85295 155.59648 59.7757 157.44197 59.7757 159.40186 curveto
59.7757 157.44197 60.69844 155.59648 62.26636 154.42055 curveto stroke
 0.49814 0 dtransform exch truncate exch idtransform pop setlinewidth
newpath 19.92523 77.7084 moveto
19.92523 81.69345 lineto stroke
newpath 39.85046 77.7084 moveto
39.85046 81.69345 lineto stroke
newpath 79.70093 77.7084 moveto
79.70093 81.69345 lineto stroke
newpath 99.62616 77.7084 moveto
99.62616 81.69345 lineto stroke
 0 0.49814 dtransform truncate idtransform setlinewidth pop
newpath 61.76822 19.92523 moveto
57.78317 19.92523 lineto stroke
newpath 61.76822 39.85046 moveto
57.78317 39.85046 lineto stroke
newpath 61.76822 59.7757 moveto
57.78317 59.7757 lineto stroke
newpath 61.76822 99.62616 moveto
57.78317 99.62616 lineto stroke
newpath 61.76822 119.55139 moveto
57.78317 119.55139 lineto stroke
newpath 61.76822 139.47662 moveto
57.78317 139.47662 lineto stroke
 0 1.24533 dtransform truncate idtransform setlinewidth pop
newpath 19.92523 79.70184 moveto
20.58134 76.58366 21.24535 73.4673 21.91727 70.35277 curveto
22.57368 67.30968 23.22978 64.2666 23.91052 61.22899 curveto
24.55843 58.33731 25.21332 55.44714 25.90256 52.5649 curveto
26.54195 49.89153 27.19592 47.22179 27.89581 44.56392 curveto
28.52425 42.17725 29.17549 39.79634 29.88785 37.43307 curveto
30.50412 35.38754 31.15172 33.35141 31.87988 31.34296 curveto
32.48157 29.68384 33.12338 28.0384 33.87314 26.4404 curveto
34.45537 25.19963 35.08684 23.97984 35.86517 22.85126 curveto
36.42946 22.03311 37.05669 21.24991 37.85843 20.6613 curveto
38.4437 20.2314 39.12413 19.92523 39.85046 19.92523 curveto
40.57649 19.92493 41.25723 20.23079 41.8425 20.66039 curveto
42.64455 21.2493 43.27147 22.03311 43.83575 22.85126 curveto
44.61378 23.97954 45.24556 25.19902 45.82779 26.43948 curveto
46.57785 28.0378 47.21936 29.68353 47.82104 31.34296 curveto
48.54921 33.35141 49.19681 35.38754 49.81308 37.43307 curveto
50.52544 39.79634 51.17668 42.17725 51.80511 44.56392 curveto
52.505 47.22148 53.15898 49.89091 53.79837 52.56398 curveto
54.48761 55.44624 55.1425 58.3364 55.7904 61.22807 curveto
56.47115 64.26569 57.12724 67.30876 57.78366 70.35185 curveto
58.45558 73.46638 59.11168 76.58456 59.7757 79.70093 curveto
60.43971 82.81729 61.09581 85.93547 61.76773 89.05 curveto
62.42415 92.0931 63.08025 95.13617 63.76099 98.17378 curveto
64.40889 101.06546 65.06378 103.95561 65.75302 106.83788 curveto
66.39241 109.51094 67.04639 112.18037 67.74628 114.83794 curveto
68.37471 117.22461 69.02596 119.60551 69.73831 121.96878 curveto
70.35458 124.01431 71.00218 126.05045 71.73035 128.0589 curveto
72.33203 129.71832 72.97354 131.36406 73.7236 132.96237 curveto
74.30583 134.20284 74.9376 135.42232 75.71564 136.5506 curveto
76.27992 137.36874 76.90685 138.15256 77.7089 138.74147 curveto
78.29416 139.17107 78.9749 139.47693 79.70093 139.47662 curveto
80.42726 139.47662 81.1077 139.17046 81.69296 138.74055 curveto
82.4947 138.15195 83.12193 137.36874 83.68622 136.5506 curveto
84.46455 135.42201 85.09602 134.20222 85.67825 132.96146 curveto
86.42801 131.36345 87.06982 129.71802 87.67151 128.0589 curveto
88.39967 126.05045 89.04727 124.01431 89.66354 121.96878 curveto
90.3759 119.60551 91.02715 117.22461 91.65558 114.83794 curveto
92.35547 112.18007 93.00945 109.51033 93.64883 106.83696 curveto
94.33807 103.95471 94.99297 101.06454 95.64087 98.17287 curveto
96.32161 95.13525 96.9777 92.09218 97.63412 89.04909 curveto
98.30605 85.93456 98.97005 82.81819 99.62616 79.70001 curveto stroke
newpath 19.92523 81.69345 moveto
19.39676 81.69345 18.89 81.48349 18.51633 81.10983 curveto
18.14267 80.73616 17.93271 80.2294 17.93271 79.70093 curveto
17.93271 79.17245 18.14267 78.6657 18.51633 78.29202 curveto
18.89 77.91837 19.39676 77.7084 19.92523 77.7084 curveto
20.4537 77.7084 20.96046 77.91837 21.33414 78.29202 curveto
21.7078 78.6657 21.91776 79.17245 21.91776 79.70093 curveto
21.91776 80.2294 21.7078 80.73616 21.33414 81.10983 curveto
20.96046 81.48349 20.4537 81.69345 19.92523 81.69345 curveto closepath fill
newpath 39.85046 21.91776 moveto
39.32199 21.91776 38.81523 21.7078 38.44156 21.33414 curveto
38.0679 20.96046 37.85794 20.4537 37.85794 19.92523 curveto
37.85794 19.39676 38.0679 18.89 38.44156 18.51633 curveto
38.81523 18.14267 39.32199 17.93271 39.85046 17.93271 curveto
40.37894 17.93271 40.8857 18.14267 41.25937 18.51633 curveto
41.63303 18.89 41.84299 19.39676 41.84299 19.92523 curveto
41.84299 20.4537 41.63303 20.96046 41.25937 21.33414 curveto
40.8857 21.7078 40.37894 21.91776 39.85046 21.91776 curveto closepath fill
newpath 59.7757 81.69345 moveto
59.24722 81.69345 58.74046 81.48349 58.36679 81.10983 curveto
57.99313 80.73616 57.78317 80.2294 57.78317 79.70093 curveto
57.78317 79.17245 57.99313 78.6657 58.36679 78.29202 curveto
58.74046 77.91837 59.24722 77.7084 59.7757 77.7084 curveto
60.30417 77.7084 60.81093 77.91837 61.1846 78.29202 curveto
61.55826 78.6657 61.76822 79.17245 61.76822 79.70093 curveto
61.76822 80.2294 61.55826 80.73616 61.1846 81.10983 curveto
60.81093 81.48349 60.30417 81.69345 59.7757 81.69345 curveto closepath fill
newpath 79.70093 141.46915 moveto
79.17245 141.46915 78.6657 141.25919 78.29202 140.88553 curveto
77.91837 140.51186 77.7084 140.0051 77.7084 139.47662 curveto
77.7084 138.94815 77.91837 138.44139 78.29202 138.06772 curveto
78.6657 137.69406 79.17245 137.4841 79.70093 137.4841 curveto
80.2294 137.4841 80.73616 137.69406 81.10983 138.06772 curveto
81.48349 138.44139 81.69345 138.94815 81.69345 139.47662 curveto
81.69345 140.0051 81.48349 140.51186 81.10983 140.88553 curveto
80.73616 141.25919 80.2294 141.46915 79.70093 141.46915 curveto closepath fill
newpath 99.62616 81.69345 moveto
99.09769 81.69345 98.59093 81.48349 98.21725 81.10983 curveto
97.8436 80.73616 97.63364 80.2294 97.63364 79.70093 curveto
97.63364 79.17245 97.8436 78.6657 98.21725 78.29202 curveto
98.59093 77.91837 99.09769 77.7084 99.62616 77.7084 curveto
100.15463 77.7084 100.66139 77.91837 101.03506 78.29202 curveto
101.40872 78.6657 101.61868 79.17245 101.61868 79.70093 curveto
101.61868 80.2294 101.40872 80.73616 101.03506 81.10983 curveto
100.66139 81.48349 100.15463 81.69345 99.62616 81.69345 curveto closepath fill
showpage
%%EOF
