%!PS
%%BoundingBox: -1 -1 105 90 
%%HiResBoundingBox: -0.24907 -0.24907 104.85654 89.91261 
%%Creator: MetaPost 1.9991
%%CreationDate: 2017.08.03:0846
%%Pages: 1
%%BeginProlog
%%EndProlog
%%Page: 1 1
 0 0 0 setrgbcolor 0 0.49814 dtransform truncate idtransform setlinewidth pop
 [] 0 setdash 1 setlinecap 1 setlinejoin 10 setmiterlimit
newpath 0 44.83177 moveto
104.60747 44.83177 lineto stroke
newpath 99.62616 47.32243 moveto
100.8021 45.75452 102.64758 44.83177 104.60747 44.83177 curveto
102.64758 44.83177 100.8021 43.90903 99.62616 42.34111 curveto stroke
 0.49814 0 dtransform exch truncate exch idtransform pop setlinewidth
newpath 14.94392 0 moveto
14.94392 89.66354 lineto stroke
 0 0.49814 dtransform truncate idtransform setlinewidth pop
newpath 12.45326 84.68224 moveto
14.02118 85.85817 14.94392 87.70366 14.94392 89.66354 curveto
14.94392 87.70366 15.86667 85.85817 17.43459 84.68224 curveto stroke
 0.49814 0 dtransform exch truncate exch idtransform pop setlinewidth
newpath 14.94392 42.83925 moveto
14.94392 46.8243 lineto stroke
newpath 29.88785 42.83925 moveto
29.88785 46.8243 lineto stroke
newpath 44.83177 42.83925 moveto
44.83177 46.8243 lineto stroke
newpath 59.7757 42.83925 moveto
59.7757 46.8243 lineto stroke
newpath 74.71962 42.83925 moveto
74.71962 46.8243 lineto stroke
newpath 89.66354 42.83925 moveto
89.66354 46.8243 lineto stroke
 0 0.49814 dtransform truncate idtransform setlinewidth pop
newpath 16.93645 14.94392 moveto
12.9514 14.94392 lineto stroke
newpath 16.93645 29.88785 moveto
12.9514 29.88785 lineto stroke
newpath 16.93645 44.83177 moveto
12.9514 44.83177 lineto stroke
newpath 16.93645 59.7757 moveto
12.9514 59.7757 lineto stroke
newpath 16.93645 74.71962 moveto
12.9514 74.71962 lineto stroke
 0 1.24533 dtransform truncate idtransform setlinewidth pop
newpath 16.81192 22.41588 moveto
16.94713 23.1702 lineto
17.09239 23.92383 lineto
17.24812 24.6779 lineto
17.30194 24.92941 17.35735 25.18071 17.41481 25.43153 curveto
17.4725 25.6835 17.53224 25.93478 17.59404 26.18584 curveto
17.65607 26.43758 17.71968 26.68887 17.78581 26.93947 curveto
17.8524 27.19144 17.92104 27.44295 17.99194 27.69379 curveto
18.06332 27.94598 18.13652 28.1975 18.21268 28.44809 curveto
18.28906 28.70006 18.36797 28.95134 18.44937 29.20172 curveto
18.53146 29.45415 18.61606 29.70543 18.70361 29.95602 curveto
18.79164 30.20822 18.88217 30.4595 18.97588 30.70966 curveto
19.07028 30.96208 19.16765 31.2136 19.26799 31.46373 curveto
19.36946 31.71638 19.47366 31.96768 19.5813 32.21759 curveto
19.69006 32.47025 19.80179 32.72176 19.91718 32.97168 curveto
20.03392 33.22455 20.15387 33.47585 20.27745 33.7253 curveto
20.40288 33.97841 20.53148 34.23015 20.66396 34.47961 curveto
20.7985 34.73294 20.93645 34.9847 21.0785 35.23392 curveto
21.22285 35.48726 21.37062 35.73877 21.5227 35.98755 curveto
21.67776 36.24135 21.83647 36.49309 21.99951 36.74185 curveto
22.16574 36.99588 22.33607 37.24716 22.51051 37.49548 curveto
22.68929 37.74997 22.87193 38.00148 23.05891 38.2498 curveto
23.25069 38.50427 23.44633 38.75555 23.64655 39.00342 curveto
23.85245 39.25836 24.0627 39.50987 24.27727 39.7575 curveto
24.49844 40.01266 24.72397 40.2644 24.95381 40.51181 curveto
25.1912 40.76721 25.43245 41.01872 25.67848 41.26544 curveto
25.93341 41.52129 26.19269 41.77303 26.45651 42.01976 curveto
26.73015 42.27583 27.0081 42.52711 27.2904 42.77338 curveto
27.58432 43.0299 27.88258 43.28142 28.18518 43.5277 curveto
28.50053 43.78423 28.82 44.03574 29.1438 44.28131 curveto
29.48265 44.53853 29.82582 44.79004 30.17311 45.03563 curveto
30.53658 45.29285 30.90416 45.54413 31.27585 45.78926 curveto
31.66646 46.04692 32.06117 46.29843 32.45976 46.54356 curveto
32.87886 46.80147 33.30208 47.05298 33.72894 47.29788 curveto
34.17862 47.55577 34.63216 47.80705 35.08936 48.0515 curveto
35.57231 48.30986 36.05914 48.56137 36.54941 48.80582 curveto
37.06747 49.06416 37.58897 49.31544 38.11389 49.55943 curveto
38.67027 49.81825 39.23032 50.06976 39.7933 50.31375 curveto
40.39005 50.57233 40.98999 50.82361 41.5929 51.06738 curveto
42.23364 51.32642 42.87737 51.5777 43.52405 51.82146 curveto
44.21176 52.08072 44.90247 52.33202 45.59566 52.57578 curveto
46.33287 52.83481 47.07281 53.08609 47.81526 53.32939 curveto
48.60675 53.58867 49.40073 53.84041 50.19724 54.08371 curveto
51.04594 54.34297 51.89716 54.59425 52.75044 54.83733 curveto
53.66164 55.09683 54.57487 55.34834 55.4904 55.59164 curveto
56.46704 55.85114 57.44572 56.10242 58.42647 56.34528 curveto
59.47516 56.605 60.52568 56.8565 61.57825 57.09958 curveto
62.70195 57.35907 63.8275 57.61035 64.95508 57.85321 curveto
66.16135 58.11293 67.36943 58.36444 68.57933 58.60728 curveto
69.87361 58.86723 71.16948 59.11853 72.46695 59.3616 curveto
73.8538 59.62132 75.24225 59.8726 76.63231 60.11523 curveto
78.1213 60.37518 79.6117 60.6267 81.10367 60.86954 curveto
82.69917 61.12926 84.29626 61.38054 85.8945 61.62317 curveto
87.60698 61.88312 89.32082 62.13463 91.03603 62.37747 curveto
92.87164 62.63742 94.70839 62.88849 96.54628 63.1311 curveto
98.51666 63.39128 100.48817 63.64256 102.46083 63.8854 curveto stroke
newpath 99.31184 65.00345 moveto
100.12706 64.15594 101.2937 63.74173 102.46083 63.8854 curveto
101.2937 63.74173 100.26234 63.05695 99.67702 62.03705 curveto stroke
newpath 18.79153 25.10796 moveto
17.74477 24.57216 17.01134 23.57478 16.81192 22.41588 curveto
17.01134 23.57478 16.65349 24.75993 15.84601 25.61482 curveto stroke
newpath 29.88785 46.8243 moveto
29.35938 46.8243 28.85262 46.61433 28.47894 46.24068 curveto
28.10529 45.867 27.89532 45.36024 27.89532 44.83177 curveto
27.89532 44.3033 28.10529 43.79654 28.47894 43.42287 curveto
28.85262 43.04921 29.35938 42.83925 29.88785 42.83925 curveto
30.41632 42.83925 30.92308 43.04921 31.29675 43.42287 curveto
31.67041 43.79654 31.88037 44.3033 31.88037 44.83177 curveto
31.88037 45.36024 31.67041 45.867 31.29675 46.24068 curveto
30.92308 46.61433 30.41632 46.8243 29.88785 46.8243 curveto closepath fill
newpath 44.83177 54.29626 moveto
44.3033 54.29626 43.79654 54.0863 43.42287 53.71265 curveto
43.04921 53.33897 42.83925 52.83221 42.83925 52.30374 curveto
42.83925 51.77527 43.04921 51.26851 43.42287 50.89484 curveto
43.79654 50.52118 44.3033 50.31122 44.83177 50.31122 curveto
45.36024 50.31122 45.867 50.52118 46.24068 50.89484 curveto
46.61433 51.26851 46.8243 51.77527 46.8243 52.30374 curveto
46.8243 52.83221 46.61433 53.33897 46.24068 53.71265 curveto
45.867 54.0863 45.36024 54.29626 44.83177 54.29626 curveto closepath fill
newpath 74.71962 61.76822 moveto
74.19115 61.76822 73.68439 61.55826 73.31071 61.1846 curveto
72.93706 60.81093 72.7271 60.30417 72.7271 59.7757 curveto
72.7271 59.24722 72.93706 58.74046 73.31071 58.36679 curveto
73.68439 57.99313 74.19115 57.78317 74.71962 57.78317 curveto
75.2481 57.78317 75.75485 57.99313 76.12852 58.36679 curveto
76.50218 58.74046 76.71214 59.24722 76.71214 59.7757 curveto
76.71214 60.30417 76.50218 60.81093 76.12852 61.1846 curveto
75.75485 61.55826 75.2481 61.76822 74.71962 61.76822 curveto closepath fill
showpage
%%EOF
