%!PS
%%BoundingBox: -1 -1 120 160 
%%HiResBoundingBox: -0.24907 -0.24907 119.80046 159.65092 
%%Creator: MetaPost 1.9991
%%CreationDate: 2017.08.03:0846
%%Pages: 1
%%BeginProlog
%%EndProlog
%%Page: 1 1
 0 0 0 setrgbcolor 0 0.49814 dtransform truncate idtransform setlinewidth pop
 [] 0 setdash 1 setlinecap 1 setlinejoin 10 setmiterlimit
newpath 0 79.70093 moveto
119.55139 79.70093 lineto stroke
newpath 114.57008 82.19159 moveto
115.74602 80.62367 117.5915 79.70093 119.55139 79.70093 curveto
117.5915 79.70093 115.74602 78.77818 114.57008 77.21027 curveto stroke
 0.49814 0 dtransform exch truncate exch idtransform pop setlinewidth
newpath 39.85046 0 moveto
39.85046 159.40186 lineto stroke
 0 0.49814 dtransform truncate idtransform setlinewidth pop
newpath 37.3598 154.42055 moveto
38.92772 155.59648 39.85046 157.44197 39.85046 159.40186 curveto
39.85046 157.44197 40.77321 155.59648 42.34113 154.42055 curveto stroke
 0.49814 0 dtransform exch truncate exch idtransform pop setlinewidth
newpath 99.62616 77.7084 moveto
99.62616 81.69345 lineto stroke
newpath 79.70093 77.7084 moveto
79.70093 81.69345 lineto stroke
newpath 59.7757 77.7084 moveto
59.7757 81.69345 lineto stroke
newpath 19.92523 77.7084 moveto
19.92523 81.69345 lineto stroke
 0 0.49814 dtransform truncate idtransform setlinewidth pop
newpath 41.84299 19.92523 moveto
37.85794 19.92523 lineto stroke
newpath 41.84299 39.85046 moveto
37.85794 39.85046 lineto stroke
newpath 41.84299 59.7757 moveto
37.85794 59.7757 lineto stroke
newpath 41.84299 99.62616 moveto
37.85794 99.62616 lineto stroke
newpath 41.84299 119.55139 moveto
37.85794 119.55139 lineto stroke
newpath 41.84299 139.47662 moveto
37.85794 139.47662 lineto stroke
 0 1.24533 dtransform truncate idtransform setlinewidth pop
newpath 19.92523 79.70001 moveto
20.58134 82.81819 21.24535 85.93456 21.91727 89.04909 curveto
22.57368 92.09218 23.22978 95.13525 23.91052 98.17287 curveto
24.55843 101.06454 25.21332 103.95471 25.90256 106.83696 curveto
26.54195 109.51033 27.19592 112.18007 27.89581 114.83794 curveto
28.52425 117.22461 29.17549 119.60551 29.88785 121.96878 curveto
30.50412 124.01431 31.15172 126.05045 31.87988 128.0589 curveto
32.48157 129.71802 33.12338 131.36345 33.87314 132.96146 curveto
34.45537 134.20222 35.08684 135.42201 35.86517 136.5506 curveto
36.42946 137.36874 37.05669 138.15195 37.85843 138.74055 curveto
38.4437 139.17046 39.12413 139.47662 39.85046 139.47662 curveto
40.57649 139.47693 41.25723 139.17107 41.8425 138.74147 curveto
42.64455 138.15256 43.27147 137.36874 43.83575 136.5506 curveto
44.61378 135.42232 45.24556 134.20284 45.82779 132.96237 curveto
46.57785 131.36406 47.21936 129.71832 47.82104 128.0589 curveto
48.54921 126.05045 49.19681 124.01431 49.81308 121.96878 curveto
50.52544 119.60551 51.17668 117.22461 51.80511 114.83794 curveto
52.505 112.18037 53.15898 109.51094 53.79837 106.83788 curveto
54.48761 103.95561 55.1425 101.06546 55.7904 98.17378 curveto
56.47115 95.13617 57.12724 92.0931 57.78366 89.05 curveto
58.45558 85.93547 59.11168 82.81729 59.7757 79.70093 curveto
60.43971 76.58456 61.09581 73.46638 61.76773 70.35185 curveto
62.42415 67.30876 63.08025 64.26569 63.76099 61.22807 curveto
64.40889 58.3364 65.06378 55.44624 65.75302 52.56398 curveto
66.39241 49.89091 67.04639 47.22148 67.74628 44.56392 curveto
68.37471 42.17725 69.02596 39.79634 69.73831 37.43307 curveto
70.35458 35.38754 71.00218 33.35141 71.73035 31.34296 curveto
72.33203 29.68353 72.97354 28.0378 73.7236 26.43948 curveto
74.30583 25.19902 74.9376 23.97954 75.71564 22.85126 curveto
76.27992 22.03311 76.90685 21.2493 77.7089 20.66039 curveto
78.29416 20.23079 78.9749 19.92493 79.70093 19.92523 curveto
80.42726 19.92523 81.1077 20.2314 81.69296 20.6613 curveto
82.4947 21.24991 83.12193 22.03311 83.68622 22.85126 curveto
84.46455 23.97984 85.09602 25.19963 85.67825 26.4404 curveto
86.42801 28.0384 87.06982 29.68384 87.67151 31.34296 curveto
88.39967 33.35141 89.04727 35.38754 89.66354 37.43307 curveto
90.3759 39.79634 91.02715 42.17725 91.65558 44.56392 curveto
92.35547 47.22179 93.00945 49.89153 93.64883 52.5649 curveto
94.33807 55.44714 94.99297 58.33731 95.64087 61.22899 curveto
96.32161 64.2666 96.9777 67.30968 97.63412 70.35277 curveto
98.30605 73.4673 98.97005 76.58366 99.62616 79.70184 curveto stroke
newpath 99.62616 81.69345 moveto
99.09769 81.69345 98.59093 81.48349 98.21725 81.10983 curveto
97.8436 80.73616 97.63364 80.2294 97.63364 79.70093 curveto
97.63364 79.17245 97.8436 78.6657 98.21725 78.29202 curveto
98.59093 77.91837 99.09769 77.7084 99.62616 77.7084 curveto
100.15463 77.7084 100.66139 77.91837 101.03506 78.29202 curveto
101.40872 78.6657 101.61868 79.17245 101.61868 79.70093 curveto
101.61868 80.2294 101.40872 80.73616 101.03506 81.10983 curveto
100.66139 81.48349 100.15463 81.69345 99.62616 81.69345 curveto closepath fill
newpath 79.70093 21.91776 moveto
79.17245 21.91776 78.6657 21.7078 78.29202 21.33414 curveto
77.91837 20.96046 77.7084 20.4537 77.7084 19.92523 curveto
77.7084 19.39676 77.91837 18.89 78.29202 18.51633 curveto
78.6657 18.14267 79.17245 17.93271 79.70093 17.93271 curveto
80.2294 17.93271 80.73616 18.14267 81.10983 18.51633 curveto
81.48349 18.89 81.69345 19.39676 81.69345 19.92523 curveto
81.69345 20.4537 81.48349 20.96046 81.10983 21.33414 curveto
80.73616 21.7078 80.2294 21.91776 79.70093 21.91776 curveto closepath fill
newpath 59.7757 81.69345 moveto
59.24722 81.69345 58.74046 81.48349 58.36679 81.10983 curveto
57.99313 80.73616 57.78317 80.2294 57.78317 79.70093 curveto
57.78317 79.17245 57.99313 78.6657 58.36679 78.29202 curveto
58.74046 77.91837 59.24722 77.7084 59.7757 77.7084 curveto
60.30417 77.7084 60.81093 77.91837 61.1846 78.29202 curveto
61.55826 78.6657 61.76822 79.17245 61.76822 79.70093 curveto
61.76822 80.2294 61.55826 80.73616 61.1846 81.10983 curveto
60.81093 81.48349 60.30417 81.69345 59.7757 81.69345 curveto closepath fill
newpath 39.85046 141.46915 moveto
39.32199 141.46915 38.81523 141.25919 38.44156 140.88553 curveto
38.0679 140.51186 37.85794 140.0051 37.85794 139.47662 curveto
37.85794 138.94815 38.0679 138.44139 38.44156 138.06772 curveto
38.81523 137.69406 39.32199 137.4841 39.85046 137.4841 curveto
40.37894 137.4841 40.8857 137.69406 41.25937 138.06772 curveto
41.63303 138.44139 41.84299 138.94815 41.84299 139.47662 curveto
41.84299 140.0051 41.63303 140.51186 41.25937 140.88553 curveto
40.8857 141.25919 40.37894 141.46915 39.85046 141.46915 curveto closepath fill
newpath 19.92523 81.69345 moveto
19.39676 81.69345 18.89 81.48349 18.51633 81.10983 curveto
18.14267 80.73616 17.93271 80.2294 17.93271 79.70093 curveto
17.93271 79.17245 18.14267 78.6657 18.51633 78.29202 curveto
18.89 77.91837 19.39676 77.7084 19.92523 77.7084 curveto
20.4537 77.7084 20.96046 77.91837 21.33414 78.29202 curveto
21.7078 78.6657 21.91776 79.17245 21.91776 79.70093 curveto
21.91776 80.2294 21.7078 80.73616 21.33414 81.10983 curveto
20.96046 81.48349 20.4537 81.69345 19.92523 81.69345 curveto closepath fill
showpage
%%EOF
