%!PS
%%BoundingBox: -1 -1 120 128 
%%HiResBoundingBox: -0.24907 -0.24907 119.80046 127.27243 
%%Creator: MetaPost 1.9991
%%CreationDate: 2017.08.03:0846
%%Pages: 1
%%BeginProlog
%%EndProlog
%%Page: 1 1
 0 0 0 setrgbcolor 0 0.49814 dtransform truncate idtransform setlinewidth pop
 [] 0 setdash 1 setlinecap 1 setlinejoin 10 setmiterlimit
newpath 0 22.4159 moveto
119.55139 22.4159 lineto stroke
newpath 114.57008 24.90656 moveto
115.74602 23.33864 117.5915 22.4159 119.55139 22.4159 curveto
117.5915 22.4159 115.74602 21.49315 114.57008 19.92523 curveto stroke
 0.49814 0 dtransform exch truncate exch idtransform pop setlinewidth
newpath 59.7757 0 moveto
59.7757 127.02336 lineto stroke
 0 0.49814 dtransform truncate idtransform setlinewidth pop
newpath 57.28503 122.04205 moveto
58.85295 123.21799 59.7757 125.06348 59.7757 127.02336 curveto
59.7757 125.06348 60.69844 123.21799 62.26636 122.04205 curveto stroke
 0.49814 0 dtransform exch truncate exch idtransform pop setlinewidth
newpath 14.94392 20.42337 moveto
14.94392 24.40842 lineto stroke
newpath 29.88785 20.42337 moveto
29.88785 24.40842 lineto stroke
newpath 44.83177 20.42337 moveto
44.83177 24.40842 lineto stroke
newpath 74.71962 20.42337 moveto
74.71962 24.40842 lineto stroke
newpath 89.66354 20.42337 moveto
89.66354 24.40842 lineto stroke
newpath 104.60747 20.42337 moveto
104.60747 24.40842 lineto stroke
 0 0.49814 dtransform truncate idtransform setlinewidth pop
newpath 61.76822 7.47197 moveto
57.78317 7.47197 lineto stroke
newpath 61.76822 37.35982 moveto
57.78317 37.35982 lineto stroke
newpath 61.76822 52.30374 moveto
57.78317 52.30374 lineto stroke
newpath 61.76822 67.24767 moveto
57.78317 67.24767 lineto stroke
newpath 61.76822 82.19159 moveto
57.78317 82.19159 lineto stroke
newpath 61.76822 97.13551 moveto
57.78317 97.13551 lineto stroke
newpath 61.76822 112.07944 moveto
57.78317 112.07944 lineto stroke
newpath 14.94392 69.24019 moveto
14.41545 69.24019 13.90869 69.03023 13.53502 68.65657 curveto
13.16136 68.2829 12.9514 67.77614 12.9514 67.24767 curveto
12.9514 66.7192 13.16136 66.21243 13.53502 65.83876 curveto
13.90869 65.4651 14.41545 65.25514 14.94392 65.25514 curveto
15.4724 65.25514 15.97916 65.4651 16.35283 65.83876 curveto
16.72649 66.21243 16.93645 66.7192 16.93645 67.24767 curveto
16.93645 67.77614 16.72649 68.2829 16.35283 68.65657 curveto
15.97916 69.03023 15.4724 69.24019 14.94392 69.24019 curveto closepath fill
newpath 59.7757 114.07196 moveto
59.24722 114.07196 58.74046 113.862 58.36679 113.48834 curveto
57.99313 113.11467 57.78317 112.60791 57.78317 112.07944 curveto
57.78317 111.55096 57.99313 111.0442 58.36679 110.67053 curveto
58.74046 110.29688 59.24722 110.08691 59.7757 110.08691 curveto
60.30417 110.08691 60.81093 110.29688 61.1846 110.67053 curveto
61.55826 111.0442 61.76822 111.55096 61.76822 112.07944 curveto
61.76822 112.60791 61.55826 113.11467 61.1846 113.48834 curveto
60.81093 113.862 60.30417 114.07196 59.7757 114.07196 curveto closepath fill
 0 1.24533 dtransform truncate idtransform setlinewidth pop
newpath 104.60747 67.24767 moveto
104.6077 68.76244 104.53085 70.27608 104.37762 71.78311 curveto
104.22438 73.29013 103.99431 74.78827 103.68944 76.27203 curveto
103.38457 77.75557 103.00513 79.22292 102.55182 80.66792 curveto
102.0985 82.11314 101.57176 83.53444 100.97432 84.9263 curveto
100.37689 86.3184 99.70924 87.67949 98.97408 89.0041 curveto
98.23892 90.32848 97.43741 91.615 96.57228 92.8582 curveto
95.70715 94.1014 94.77931 95.29967 93.79288 96.44893 curveto
92.80574 97.59886 91.76093 98.69795 90.66252 99.74208 curveto
89.56458 100.78575 88.41464 101.77289 87.21683 102.70004 curveto
86.01923 103.6272 84.77534 104.49301 83.48996 105.29407 curveto
82.20435 106.09535 80.87906 106.83096 79.51889 107.49817 curveto
78.15894 108.16537 76.76593 108.76303 75.34532 109.28908 curveto
73.92517 109.81491 72.47926 110.2689 71.01306 110.64835 curveto
69.54639 111.02802 68.06148 111.33289 66.56381 111.56227 curveto
65.06659 111.79167 63.55888 111.94513 62.04616 112.02197 curveto
60.53343 112.09882 59.01796 112.09882 57.50523 112.02197 curveto
55.99251 111.94513 54.4848 111.79167 52.98758 111.56227 curveto
51.49014 111.33289 50.00546 111.02802 48.53902 110.64835 curveto
47.07259 110.2689 45.62645 109.81514 44.20607 109.28908 curveto
42.78569 108.76303 41.39291 108.16537 40.03319 107.49817 curveto
38.67325 106.83096 37.34772 106.09535 36.06212 105.29407 curveto
34.7765 104.49278 33.5324 103.62697 32.33456 102.70004 curveto
31.13675 101.77312 29.98659 100.78621 28.88887 99.74277 curveto
27.79047 98.69864 26.74565 97.59909 25.75851 96.44893 curveto
24.77208 95.29967 23.84424 94.10117 22.97911 92.8582 curveto
22.11398 91.61523 21.31224 90.32893 20.57732 89.00479 curveto
19.84215 87.68018 19.1745 86.31909 18.57707 84.92699 curveto
17.97963 83.53513 17.4529 82.11383 16.99957 80.66861 curveto
16.54626 79.2236 16.16682 77.75626 15.86195 76.27272 curveto
15.55708 74.78873 15.32701 73.29036 15.17377 71.78311 curveto
15.02054 70.27608 14.9437 68.76244 14.94392 67.24767 curveto stroke
 1 1 1 setrgbcolor
newpath 104.60747 69.24019 moveto
104.079 69.24019 103.57224 69.03023 103.19856 68.65657 curveto
102.8249 68.2829 102.61494 67.77614 102.61494 67.24767 curveto
102.61494 66.7192 102.8249 66.21243 103.19856 65.83876 curveto
103.57224 65.4651 104.079 65.25514 104.60747 65.25514 curveto
105.13594 65.25514 105.6427 65.4651 106.01637 65.83876 curveto
106.39003 66.21243 106.59999 66.7192 106.59999 67.24767 curveto
106.59999 67.77614 106.39003 68.2829 106.01637 68.65657 curveto
105.6427 69.03023 105.13594 69.24019 104.60747 69.24019 curveto closepath fill
 0 0 0 setrgbcolor
newpath 104.60747 69.24019 moveto
104.079 69.24019 103.57224 69.03023 103.19856 68.65657 curveto
102.8249 68.2829 102.61494 67.77614 102.61494 67.24767 curveto
102.61494 66.7192 102.8249 66.21243 103.19856 65.83876 curveto
103.57224 65.4651 104.079 65.25514 104.60747 65.25514 curveto
105.13594 65.25514 105.6427 65.4651 106.01637 65.83876 curveto
106.39003 66.21243 106.59999 66.7192 106.59999 67.24767 curveto
106.59999 67.77614 106.39003 68.2829 106.01637 68.65657 curveto
105.6427 69.03023 105.13594 69.24019 104.60747 69.24019 curveto stroke
showpage
%%EOF
