%!PS
%%BoundingBox: -1 -1 105 90 
%%HiResBoundingBox: -0.24907 -0.24907 104.85654 89.91261 
%%Creator: MetaPost 1.9991
%%CreationDate: 2017.08.03:0846
%%Pages: 1
%%BeginProlog
%%EndProlog
%%Page: 1 1
 0 0 0 setrgbcolor 0 0.49814 dtransform truncate idtransform setlinewidth pop
 [] 0 setdash 1 setlinecap 1 setlinejoin 10 setmiterlimit
newpath 0 44.83177 moveto
104.60747 44.83177 lineto stroke
newpath 99.62616 47.32243 moveto
100.8021 45.75452 102.64758 44.83177 104.60747 44.83177 curveto
102.64758 44.83177 100.8021 43.90903 99.62616 42.34111 curveto stroke
 0.49814 0 dtransform exch truncate exch idtransform pop setlinewidth
newpath 14.94392 0 moveto
14.94392 89.66354 lineto stroke
 0 0.49814 dtransform truncate idtransform setlinewidth pop
newpath 12.45326 84.68224 moveto
14.02118 85.85817 14.94392 87.70366 14.94392 89.66354 curveto
14.94392 87.70366 15.86667 85.85817 17.43459 84.68224 curveto stroke
 0.49814 0 dtransform exch truncate exch idtransform pop setlinewidth
newpath 14.94392 42.83925 moveto
14.94392 46.8243 lineto stroke
newpath 29.88785 42.83925 moveto
29.88785 46.8243 lineto stroke
newpath 44.83177 42.83925 moveto
44.83177 46.8243 lineto stroke
newpath 59.7757 42.83925 moveto
59.7757 46.8243 lineto stroke
newpath 74.71962 42.83925 moveto
74.71962 46.8243 lineto stroke
newpath 89.66354 42.83925 moveto
89.66354 46.8243 lineto stroke
 0 0.49814 dtransform truncate idtransform setlinewidth pop
newpath 16.93645 14.94392 moveto
12.9514 14.94392 lineto stroke
newpath 16.93645 29.88785 moveto
12.9514 29.88785 lineto stroke
newpath 16.93645 44.83177 moveto
12.9514 44.83177 lineto stroke
newpath 16.93645 59.7757 moveto
12.9514 59.7757 lineto stroke
newpath 16.93645 74.71962 moveto
12.9514 74.71962 lineto stroke
 0 1.24533 dtransform truncate idtransform setlinewidth pop
newpath 17.5856 7.47195 moveto
17.64671 7.97043 17.70988 8.46866 17.77533 8.96667 curveto
17.84077 9.4649 17.90826 9.96269 17.97827 10.46025 curveto
18.04851 10.95894 18.12102 11.45717 18.19626 11.95496 curveto
18.27151 12.45364 18.34927 12.95189 18.42976 13.44966 curveto
18.51048 13.94836 18.5937 14.4466 18.6799 14.94438 curveto
18.76633 15.44284 18.85548 15.94063 18.94783 16.43796 curveto
19.04065 16.93687 19.13618 17.4351 19.23538 17.93266 curveto
19.3348 18.43158 19.43718 18.92982 19.54344 19.42737 curveto
19.64993 19.92607 19.75961 20.42384 19.8734 20.92094 curveto
19.98764 21.42009 20.1053 21.91833 20.2273 22.41566 curveto
20.34975 22.91481 20.47585 23.41327 20.60649 23.91037 curveto
20.73784 24.40974 20.87306 24.90799 21.01306 25.40508 curveto
21.15376 25.90424 21.29878 26.40224 21.4486 26.89865 curveto
21.59955 27.39825 21.75461 27.89673 21.91537 28.39337 curveto
22.07704 28.8932 22.24373 29.39166 22.4159 29.88808 curveto
22.58942 30.38814 22.76796 30.8866 22.95244 31.38278 curveto
23.13828 31.88284 23.32936 32.38086 23.52682 32.87636 curveto
23.72635 33.3771 23.93135 33.87556 24.14296 34.37106 curveto
24.35684 34.87204 24.57666 35.37051 24.80331 35.86578 curveto
25.03249 36.36676 25.26804 36.86476 25.51065 37.35936 curveto
25.7567 37.86101 26.00912 38.35948 26.26907 38.85406 curveto
26.53313 39.35619 26.80379 39.85464 27.08221 40.34877 curveto
27.36542 40.85112 27.65547 41.34981 27.95374 41.84349 curveto
28.25723 42.34605 28.56781 42.8443 28.88681 43.33707 curveto
29.21266 43.84055 29.54604 44.339 29.88785 44.83177 curveto
30.23741 45.33571 30.59473 45.8344 30.96071 46.32648 curveto
31.33536 46.83041 31.71822 47.32889 32.10951 47.82005 curveto
32.51198 48.32513 32.92242 48.82382 33.34177 49.31477 curveto
33.77364 49.8203 34.21373 50.319 34.66272 50.80948 curveto
35.12607 51.31569 35.59763 51.81439 36.07808 52.30418 curveto
36.57495 52.81064 37.08002 53.30887 37.59422 53.79776 curveto
38.1278 54.30511 38.66959 54.80382 39.22028 55.29248 curveto
39.79285 55.80052 40.3734 56.29921 40.96307 56.78719 curveto
41.57692 57.29523 42.19876 57.79369 42.82947 58.28076 curveto
43.4887 58.78993 44.15567 59.28864 44.83131 59.77547 curveto
45.53865 60.28511 46.25351 60.7838 46.97704 61.27017 curveto
47.73569 61.78027 48.50208 62.27896 49.27669 62.7649 curveto
50.09006 63.2752 50.91072 63.77345 51.73936 64.25847 curveto
52.61249 64.7697 53.49312 65.26816 54.38106 65.75317 curveto
55.31778 66.26463 56.26135 66.76334 57.21222 67.24788 curveto
58.2169 67.75981 59.22821 68.2585 60.24657 68.7426 curveto
61.3233 69.25452 62.40643 69.75275 63.49617 70.23618 curveto
64.65181 70.74878 65.8136 71.24747 66.98178 71.73088 curveto
68.2211 72.24394 69.46635 72.7424 70.71753 73.22559 curveto
72.04556 73.73842 73.37906 74.23643 74.71825 74.71916 curveto
76.14342 75.23268 77.5736 75.73114 79.00948 76.21388 curveto
80.53748 76.72762 82.0705 77.22609 83.60876 77.70859 curveto
85.24713 78.22256 86.89029 78.7208 88.53824 79.2033 curveto
90.29335 79.71704 92.05302 80.21506 93.81728 80.69687 curveto
95.7003 81.2113 97.5879 81.70953 99.47961 82.19159 curveto stroke
newpath 96.21439 82.90166 moveto
97.13039 82.16428 98.3401 81.90121 99.47961 82.19159 curveto
98.3401 81.90121 97.40382 81.09128 96.95242 80.00545 curveto stroke
newpath 19.4326 10.25667 moveto
18.41298 9.67085 17.7287 8.63914 17.5856 7.47195 curveto
17.7287 8.63914 17.31392 9.80559 16.46602 10.62038 curveto stroke
newpath 29.88785 46.8243 moveto
29.35938 46.8243 28.85262 46.61433 28.47894 46.24068 curveto
28.10529 45.867 27.89532 45.36024 27.89532 44.83177 curveto
27.89532 44.3033 28.10529 43.79654 28.47894 43.42287 curveto
28.85262 43.04921 29.35938 42.83925 29.88785 42.83925 curveto
30.41632 42.83925 30.92308 43.04921 31.29675 43.42287 curveto
31.67041 43.79654 31.88037 44.3033 31.88037 44.83177 curveto
31.88037 45.36024 31.67041 45.867 31.29675 46.24068 curveto
30.92308 46.61433 30.41632 46.8243 29.88785 46.8243 curveto closepath fill
newpath 44.83177 61.76822 moveto
44.3033 61.76822 43.79654 61.55826 43.42287 61.1846 curveto
43.04921 60.81093 42.83925 60.30417 42.83925 59.7757 curveto
42.83925 59.24722 43.04921 58.74046 43.42287 58.36679 curveto
43.79654 57.99313 44.3033 57.78317 44.83177 57.78317 curveto
45.36024 57.78317 45.867 57.99313 46.24068 58.36679 curveto
46.61433 58.74046 46.8243 59.24722 46.8243 59.7757 curveto
46.8243 60.30417 46.61433 60.81093 46.24068 61.1846 curveto
45.867 61.55826 45.36024 61.76822 44.83177 61.76822 curveto closepath fill
newpath 74.71962 76.71214 moveto
74.19115 76.71214 73.68439 76.50218 73.31071 76.12852 curveto
72.93706 75.75485 72.7271 75.2481 72.7271 74.71962 curveto
72.7271 74.19115 72.93706 73.68439 73.31071 73.31071 curveto
73.68439 72.93706 74.19115 72.7271 74.71962 72.7271 curveto
75.2481 72.7271 75.75485 72.93706 76.12852 73.31071 curveto
76.50218 73.68439 76.71214 74.19115 76.71214 74.71962 curveto
76.71214 75.2481 76.50218 75.75485 76.12852 76.12852 curveto
75.75485 76.50218 75.2481 76.71214 74.71962 76.71214 curveto closepath fill
showpage
%%EOF
