%!PS
%%BoundingBox: -1 -1 150 165 
%%HiResBoundingBox: -0.24907 -0.24907 149.68831 164.63223 
%%Creator: MetaPost 1.9991
%%CreationDate: 2017.08.03:0846
%%Pages: 1
%%BeginProlog
%%EndProlog
%%Page: 1 1
 0 0 0 setrgbcolor 0 0.49814 dtransform truncate idtransform setlinewidth pop
 [] 0 setdash 1 setlinecap 1 setlinejoin 10 setmiterlimit
newpath 0 59.7757 moveto
149.43924 59.7757 lineto stroke
newpath 144.45793 62.26636 moveto
145.63387 60.69844 147.47935 59.7757 149.43924 59.7757 curveto
147.47935 59.7757 145.63387 58.85295 144.45793 57.28503 curveto stroke
 0.49814 0 dtransform exch truncate exch idtransform pop setlinewidth
newpath 74.71962 0 moveto
74.71962 164.38316 lineto stroke
 0 0.49814 dtransform truncate idtransform setlinewidth pop
newpath 72.22896 159.40186 moveto
73.79688 160.57779 74.71962 162.42328 74.71962 164.38316 curveto
74.71962 162.42328 75.64236 160.57779 77.21028 159.40186 curveto stroke
 0.49814 0 dtransform exch truncate exch idtransform pop setlinewidth
newpath 14.94392 57.78317 moveto
14.94392 61.76822 lineto stroke
newpath 29.88785 57.78317 moveto
29.88785 61.76822 lineto stroke
newpath 44.83177 57.78317 moveto
44.83177 61.76822 lineto stroke
newpath 59.7757 57.78317 moveto
59.7757 61.76822 lineto stroke
newpath 89.66354 57.78317 moveto
89.66354 61.76822 lineto stroke
newpath 104.60747 57.78317 moveto
104.60747 61.76822 lineto stroke
newpath 119.55139 57.78317 moveto
119.55139 61.76822 lineto stroke
newpath 134.49532 57.78317 moveto
134.49532 61.76822 lineto stroke
 0 0.49814 dtransform truncate idtransform setlinewidth pop
newpath 76.71214 0 moveto
72.7271 0 lineto stroke
newpath 76.71214 14.94392 moveto
72.7271 14.94392 lineto stroke
newpath 76.71214 29.88785 moveto
72.7271 29.88785 lineto stroke
newpath 76.71214 44.83177 moveto
72.7271 44.83177 lineto stroke
newpath 76.71214 74.71962 moveto
72.7271 74.71962 lineto stroke
newpath 76.71214 89.66354 moveto
72.7271 89.66354 lineto stroke
newpath 76.71214 104.60747 moveto
72.7271 104.60747 lineto stroke
newpath 76.71214 119.55139 moveto
72.7271 119.55139 lineto stroke
newpath 76.71214 134.49532 moveto
72.7271 134.49532 lineto stroke
newpath 76.71214 149.43924 moveto
72.7271 149.43924 lineto stroke
 0 1.24533 dtransform truncate idtransform setlinewidth pop
newpath 14.94392 14.94392 moveto
15.44513 14.94484 15.94519 14.99112 16.43796 15.0821 curveto
16.94713 15.17606 17.44629 15.3172 17.93198 15.49597 curveto
18.44754 15.68593 18.94624 15.91827 19.42783 16.18279 curveto
19.94637 16.46782 20.44347 16.79048 20.92186 17.13844 curveto
21.44176 17.51674 21.93817 17.92628 22.41588 18.3568 curveto
22.93579 18.82516 23.43175 19.31929 23.90991 19.83029 curveto
24.4289 20.38486 24.92485 20.96016 25.40395 21.5494 curveto
25.92224 22.18672 26.41866 22.84138 26.8998 23.50722 curveto
27.41582 24.22095 27.91177 24.94904 28.39381 25.686 curveto
28.90802 26.47202 29.40398 27.26965 29.88785 28.07481 curveto
30.40022 28.92786 30.89664 29.79048 31.38188 30.65926 curveto
31.89265 31.57364 32.38907 32.49579 32.8759 33.42294 curveto
33.38577 34.39388 33.88264 35.37141 34.37175 36.35284 curveto
34.87933 37.37167 35.37575 38.3962 35.86578 39.42368 curveto
36.37177 40.48491 36.86864 41.5507 37.3598 42.619 curveto
37.86465 43.71672 38.36107 44.81808 38.85384 45.92105 curveto
39.35709 47.04773 39.85396 48.17714 40.34787 49.30792 curveto
40.85043 50.45831 41.34753 51.61122 41.84372 52.76457 curveto
42.34424 53.92819 42.84111 55.0934 43.33774 56.25885 curveto
43.83713 57.43045 44.33376 58.60341 44.83177 59.7757 curveto
45.32979 60.94775 45.82642 62.12025 46.3258 63.29185 curveto
46.82243 64.4573 47.3193 65.62297 47.81982 66.78682 curveto
48.31578 67.93994 48.81311 69.09239 49.31567 70.24278 curveto
49.80981 71.3738 50.30623 72.50343 50.80971 73.63034 curveto
51.30247 74.7333 51.79912 75.83421 52.30373 76.9317 curveto
52.79514 78.00023 53.29155 79.06625 53.79776 80.12772 curveto
54.2878 81.1552 54.78421 82.17972 55.2918 83.19855 curveto
55.7809 84.17998 56.27777 85.15752 56.78764 86.12845 curveto
57.27448 87.0556 57.77089 87.97775 58.28166 88.89214 curveto
58.7669 89.76091 59.26332 90.62354 59.7757 91.47658 curveto
60.25957 92.28174 60.75552 93.07938 61.26973 93.86539 curveto
61.75177 94.60236 62.24773 95.33044 62.76375 96.04417 curveto
63.24489 96.71 63.74153 97.36467 64.2596 98.002 curveto
64.7389 98.59145 65.23465 99.16722 65.75363 99.72177 curveto
66.2318 100.23256 66.72775 100.72646 67.24765 101.1946 curveto
67.72537 101.62488 68.22179 102.03465 68.74168 102.41295 curveto
69.22008 102.76091 69.71718 103.08357 70.23572 103.3686 curveto
70.7173 103.63335 71.21577 103.86615 71.73157 104.0561 curveto
72.21725 104.23488 72.71664 104.37534 73.22559 104.46928 curveto
73.71835 104.56027 74.21841 104.60747 74.71962 104.60747 curveto
75.22083 104.60747 75.72089 104.56027 76.21365 104.46928 curveto
76.7226 104.37534 77.22198 104.23488 77.70767 104.0561 curveto
78.22346 103.86615 78.72194 103.63335 79.20352 103.3686 curveto
79.72206 103.08357 80.21916 102.76091 80.69756 102.41295 curveto
81.21745 102.03465 81.71387 101.62488 82.19159 101.1946 curveto
82.71149 100.72646 83.20744 100.23256 83.68561 99.72177 curveto
84.20459 99.16722 84.70033 98.59145 85.17964 98.002 curveto
85.69771 97.36467 86.19435 96.71 86.67549 96.04417 curveto
87.19151 95.33044 87.68747 94.60236 88.16951 93.86539 curveto
88.68372 93.07938 89.17967 92.28174 89.66354 91.47658 curveto
90.17592 90.62354 90.67233 89.76091 91.15758 88.89214 curveto
91.66835 87.97775 92.16476 87.0556 92.6516 86.12845 curveto
93.16147 85.15752 93.65834 84.17998 94.14745 83.19855 curveto
94.65503 82.17972 95.15144 81.1552 95.64148 80.12772 curveto
96.14769 79.06625 96.6441 78.00023 97.13551 76.9317 curveto
97.64012 75.83421 98.13676 74.7333 98.62953 73.63034 curveto
99.13301 72.50343 99.62943 71.3738 100.12357 70.24278 curveto
100.62613 69.09239 101.12346 67.93994 101.61942 66.78682 curveto
102.11993 65.62297 102.6168 64.4573 103.11343 63.29185 curveto
103.61282 62.12025 104.10945 60.94775 104.60747 59.7757 curveto
105.10548 58.60341 105.60211 57.43045 106.1015 56.25885 curveto
106.59813 55.0934 107.095 53.92819 107.59552 52.76457 curveto
108.0917 51.61122 108.5888 50.45831 109.09137 49.30792 curveto
109.58528 48.17714 110.08215 47.04773 110.5854 45.92105 curveto
111.07817 44.81808 111.57458 43.71672 112.07944 42.619 curveto
112.5706 41.5507 113.06747 40.48491 113.57346 39.42368 curveto
114.06349 38.3962 114.5599 37.37167 115.06749 36.35284 curveto
115.5566 35.37141 116.05347 34.39388 116.56334 33.42294 curveto
117.05017 32.49579 117.54659 31.57364 118.05736 30.65926 curveto
118.5426 29.79048 119.03902 28.92786 119.55139 28.07481 curveto
120.03526 27.26965 120.53122 26.47202 121.04543 25.686 curveto
121.52747 24.94904 122.02342 24.22095 122.53944 23.50722 curveto
123.02058 22.84138 123.517 22.18672 124.0353 21.5494 curveto
124.51439 20.96016 125.01035 20.38486 125.52933 19.83029 curveto
126.00749 19.31929 126.50345 18.82516 127.02336 18.3568 curveto
127.50107 17.92628 127.99748 17.51674 128.51738 17.13844 curveto
128.99577 16.79048 129.49287 16.46782 130.01141 16.18279 curveto
130.493 15.91827 130.9917 15.68593 131.50726 15.49597 curveto
131.99295 15.3172 132.49211 15.17606 133.00128 15.0821 curveto
133.49405 14.99112 133.99411 14.94484 134.49532 14.94392 curveto stroke
newpath 44.83177 61.76822 moveto
44.3033 61.76822 43.79654 61.55826 43.42287 61.1846 curveto
43.04921 60.81093 42.83925 60.30417 42.83925 59.7757 curveto
42.83925 59.24722 43.04921 58.74046 43.42287 58.36679 curveto
43.79654 57.99313 44.3033 57.78317 44.83177 57.78317 curveto
45.36024 57.78317 45.867 57.99313 46.24068 58.36679 curveto
46.61433 58.74046 46.8243 59.24722 46.8243 59.7757 curveto
46.8243 60.30417 46.61433 60.81093 46.24068 61.1846 curveto
45.867 61.55826 45.36024 61.76822 44.83177 61.76822 curveto closepath fill
newpath 104.60747 61.76822 moveto
104.079 61.76822 103.57224 61.55826 103.19856 61.1846 curveto
102.8249 60.81093 102.61494 60.30417 102.61494 59.7757 curveto
102.61494 59.24722 102.8249 58.74046 103.19856 58.36679 curveto
103.57224 57.99313 104.079 57.78317 104.60747 57.78317 curveto
105.13594 57.78317 105.6427 57.99313 106.01637 58.36679 curveto
106.39003 58.74046 106.59999 59.24722 106.59999 59.7757 curveto
106.59999 60.30417 106.39003 60.81093 106.01637 61.1846 curveto
105.6427 61.55826 105.13594 61.76822 104.60747 61.76822 curveto closepath fill
newpath 134.49532 16.93645 moveto
133.96684 16.93645 133.46008 16.72649 133.08641 16.35283 curveto
132.71275 15.97916 132.50279 15.4724 132.50279 14.94392 curveto
132.50279 14.41545 132.71275 13.90869 133.08641 13.53502 curveto
133.46008 13.16136 133.96684 12.9514 134.49532 12.9514 curveto
135.02379 12.9514 135.53055 13.16136 135.90422 13.53502 curveto
136.27788 13.90869 136.48784 14.41545 136.48784 14.94392 curveto
136.48784 15.4724 136.27788 15.97916 135.90422 16.35283 curveto
135.53055 16.72649 135.02379 16.93645 134.49532 16.93645 curveto closepath fill
newpath 14.94392 16.93645 moveto
14.41545 16.93645 13.90869 16.72649 13.53502 16.35283 curveto
13.16136 15.97916 12.9514 15.4724 12.9514 14.94392 curveto
12.9514 14.41545 13.16136 13.90869 13.53502 13.53502 curveto
13.90869 13.16136 14.41545 12.9514 14.94392 12.9514 curveto
15.4724 12.9514 15.97916 13.16136 16.35283 13.53502 curveto
16.72649 13.90869 16.93645 14.41545 16.93645 14.94392 curveto
16.93645 15.4724 16.72649 15.97916 16.35283 16.35283 curveto
15.97916 16.72649 15.4724 16.93645 14.94392 16.93645 curveto closepath fill
newpath 74.71962 106.59999 moveto
74.19115 106.59999 73.68439 106.39003 73.31071 106.01637 curveto
72.93706 105.6427 72.7271 105.13594 72.7271 104.60747 curveto
72.7271 104.079 72.93706 103.57224 73.31071 103.19856 curveto
73.68439 102.8249 74.19115 102.61494 74.71962 102.61494 curveto
75.2481 102.61494 75.75485 102.8249 76.12852 103.19856 curveto
76.50218 103.57224 76.71214 104.079 76.71214 104.60747 curveto
76.71214 105.13594 76.50218 105.6427 76.12852 106.01637 curveto
75.75485 106.39003 75.2481 106.59999 74.71962 106.59999 curveto closepath fill
showpage
%%EOF
