%!PS
%%BoundingBox: -1 -1 204 99 
%%HiResBoundingBox: -0.24907 -0.76472 203.48643 98.87897 
%%Creator: MetaPost 2.000
%%CreationDate: 2017.06.16:1148
%%Pages: 1
%%BeginProlog
%%EndProlog
%%Page: 1 1
 0 0 0 setrgbcolor
newpath 120.39783 61.76822 moveto
119.86935 61.76822 119.3626 61.55826 118.98892 61.1846 curveto
118.61526 60.81093 118.4053 60.30417 118.4053 59.7757 curveto
118.4053 59.24722 118.61526 58.74046 118.98892 58.36679 curveto
119.3626 57.99313 119.86935 57.78317 120.39783 57.78317 curveto
120.9263 57.78317 121.43306 57.99313 121.80673 58.36679 curveto
122.18039 58.74046 122.39035 59.24722 122.39035 59.7757 curveto
122.39035 60.30417 122.18039 60.81093 121.80673 61.1846 curveto
121.43306 61.55826 120.9263 61.76822 120.39783 61.76822 curveto closepath fill
newpath 157.95612 37.85794 moveto
157.42764 37.85794 156.92088 37.64798 156.54721 37.27432 curveto
156.17355 36.90065 155.9636 36.39389 155.9636 35.86542 curveto
155.9636 35.33694 156.17355 34.83018 156.54721 34.45651 curveto
156.92088 34.08286 157.42764 33.8729 157.95612 33.8729 curveto
158.48459 33.8729 158.99135 34.08286 159.36502 34.45651 curveto
159.73868 34.83018 159.94864 35.33694 159.94864 35.86542 curveto
159.94864 36.39389 159.73868 36.90065 159.36502 37.27432 curveto
158.99135 37.64798 158.48459 37.85794 157.95612 37.85794 curveto closepath fill
 0 0.49814 dtransform truncate idtransform setlinewidth pop [] 0 setdash 1 setlinecap 1 setlinejoin
 10 setmiterlimit
newpath 0 47.82056 moveto
203.23737 47.82056 lineto stroke
newpath 198.25606 50.31122 moveto
199.43199 48.7433 201.27748 47.82056 203.23737 47.82056 curveto
201.27748 47.82056 199.43199 46.89781 198.25606 45.3299 curveto stroke
 0.49814 0 dtransform exch truncate exch idtransform pop setlinewidth
newpath 101.61868 0 moveto
101.61868 98.6299 lineto stroke
 0 0.49814 dtransform truncate idtransform setlinewidth pop
newpath 99.12802 93.64859 moveto
100.69594 94.82452 101.61868 96.67001 101.61868 98.6299 curveto
101.61868 96.67001 102.54143 94.82452 104.10934 93.64859 curveto stroke
newpath 7.97205 35.86542 moveto
7.97205 35.93147 7.9458 35.99483 7.8991 36.04153 curveto
7.85239 36.08824 7.78903 36.11449 7.72298 36.11449 curveto
7.65692 36.11449 7.59357 36.08824 7.54686 36.04153 curveto
7.50015 35.99483 7.4739 35.93147 7.4739 35.86542 curveto
7.4739 35.79936 7.50015 35.73601 7.54686 35.6893 curveto
7.59357 35.6426 7.65692 35.61635 7.72298 35.61635 curveto
7.78903 35.61635 7.85239 35.6426 7.8991 35.6893 curveto
7.9458 35.73601 7.97205 35.79936 7.97205 35.86542 curveto closepath fill
newpath 10.9468 36.23357 moveto
10.9468 36.29962 10.92055 36.36298 10.87384 36.40968 curveto
10.82713 36.45639 10.76378 36.48264 10.69772 36.48264 curveto
10.63167 36.48264 10.56831 36.45639 10.5216 36.40968 curveto
10.4749 36.36298 10.44865 36.29962 10.44865 36.23357 curveto
10.44865 36.16751 10.4749 36.10416 10.5216 36.05745 curveto
10.56831 36.01074 10.63167 35.9845 10.69772 35.9845 curveto
10.76378 35.9845 10.82713 36.01074 10.87384 36.05745 curveto
10.92055 36.10416 10.9468 36.16751 10.9468 36.23357 curveto closepath fill
newpath 13.77116 37.24445 moveto
13.77116 37.3105 13.74492 37.37386 13.69821 37.42056 curveto
13.6515 37.46727 13.58815 37.49352 13.5221 37.49352 curveto
13.45604 37.49352 13.39268 37.46727 13.34598 37.42056 curveto
13.29927 37.37386 13.27303 37.3105 13.27303 37.24445 curveto
13.27303 37.17839 13.29927 37.11504 13.34598 37.06833 curveto
13.39268 37.02162 13.45604 36.99538 13.5221 36.99538 curveto
13.58815 36.99538 13.6515 37.02162 13.69821 37.06833 curveto
13.74492 37.11504 13.77116 37.17839 13.77116 37.24445 curveto closepath fill
newpath 16.3918 38.70966 moveto
16.3918 38.77571 16.36555 38.83907 16.31885 38.88577 curveto
16.27214 38.93248 16.20879 38.95872 16.14273 38.95872 curveto
16.07668 38.95872 16.01332 38.93248 15.96661 38.88577 curveto
15.9199 38.83907 15.89366 38.77571 15.89366 38.70966 curveto
15.89366 38.6436 15.9199 38.58025 15.96661 38.53354 curveto
16.01332 38.48683 16.07668 38.46059 16.14273 38.46059 curveto
16.20879 38.46059 16.27214 38.48683 16.31885 38.53354 curveto
16.36555 38.58025 16.3918 38.6436 16.3918 38.70966 curveto closepath fill
newpath 18.82909 40.46542 moveto
18.82909 40.53148 18.80284 40.59483 18.75613 40.64154 curveto
18.70943 40.68825 18.64607 40.7145 18.58002 40.7145 curveto
18.51396 40.7145 18.4506 40.68825 18.4039 40.64154 curveto
18.3572 40.59483 18.33095 40.53148 18.33095 40.46542 curveto
18.33095 40.39937 18.3572 40.33601 18.4039 40.2893 curveto
18.4506 40.2426 18.51396 40.21635 18.58002 40.21635 curveto
18.64607 40.21635 18.70943 40.2426 18.75613 40.2893 curveto
18.80284 40.33601 18.82909 40.39937 18.82909 40.46542 curveto closepath fill
newpath 21.12645 42.40096 moveto
21.12645 42.46701 21.1002 42.53036 21.0535 42.57707 curveto
21.00679 42.62378 20.94344 42.65002 20.87738 42.65002 curveto
20.81133 42.65002 20.74797 42.62378 20.70126 42.57707 curveto
20.65456 42.53036 20.62831 42.46701 20.62831 42.40096 curveto
20.62831 42.3349 20.65456 42.27155 20.70126 42.22484 curveto
20.74797 42.17813 20.81133 42.15189 20.87738 42.15189 curveto
20.94344 42.15189 21.00679 42.17813 21.0535 42.22484 curveto
21.1002 42.27155 21.12645 42.3349 21.12645 42.40096 curveto closepath fill
newpath 23.32896 44.44481 moveto
23.32896 44.51086 23.30272 44.57422 23.25601 44.62093 curveto
23.2093 44.66763 23.14595 44.69388 23.0799 44.69388 curveto
23.01384 44.69388 22.95049 44.66763 22.90378 44.62093 curveto
22.85707 44.57422 22.83083 44.51086 22.83083 44.44481 curveto
22.83083 44.37875 22.85707 44.3154 22.90378 44.26869 curveto
22.95049 44.22198 23.01384 44.19574 23.0799 44.19574 curveto
23.14595 44.19574 23.2093 44.22198 23.25601 44.26869 curveto
23.30272 44.3154 23.32896 44.37875 23.32896 44.44481 curveto closepath fill
newpath 25.47557 46.5473 moveto
25.47557 46.61336 25.44933 46.67671 25.40262 46.72342 curveto
25.35591 46.77013 25.29256 46.79637 25.2265 46.79637 curveto
25.16045 46.79637 25.09709 46.77013 25.05038 46.72342 curveto
25.00368 46.67671 24.97743 46.61336 24.97743 46.5473 curveto
24.97743 46.48125 25.00368 46.4179 25.05038 46.37119 curveto
25.09709 46.32448 25.16045 46.29823 25.2265 46.29823 curveto
25.29256 46.29823 25.35591 46.32448 25.40262 46.37119 curveto
25.44933 46.4179 25.47557 46.48125 25.47557 46.5473 curveto closepath fill
newpath 27.60167 48.67004 moveto
27.60167 48.7361 27.57542 48.79945 27.52872 48.84616 curveto
27.48201 48.89287 27.41866 48.91911 27.3526 48.91911 curveto
27.28654 48.91911 27.22319 48.89287 27.17648 48.84616 curveto
27.12978 48.79945 27.10353 48.7361 27.10353 48.67004 curveto
27.10353 48.60399 27.12978 48.54063 27.17648 48.49393 curveto
27.22319 48.44722 27.28654 48.42097 27.3526 48.42097 curveto
27.41866 48.42097 27.48201 48.44722 27.52872 48.49393 curveto
27.57542 48.54063 27.60167 48.60399 27.60167 48.67004 curveto closepath fill
newpath 29.74153 50.77943 moveto
29.74153 50.84549 29.71529 50.90884 29.66858 50.95555 curveto
29.62187 51.00226 29.55852 51.0285 29.49246 51.0285 curveto
29.4264 51.0285 29.36305 51.00226 29.31635 50.95555 curveto
29.26964 50.90884 29.2434 50.84549 29.2434 50.77943 curveto
29.2434 50.71338 29.26964 50.65002 29.31635 50.60332 curveto
29.36305 50.55661 29.4264 50.53036 29.49246 50.53036 curveto
29.55852 50.53036 29.62187 50.55661 29.66858 50.60332 curveto
29.71529 50.65002 29.74153 50.71338 29.74153 50.77943 curveto closepath fill
newpath 31.92982 52.83862 moveto
31.92982 52.90468 31.90358 52.96803 31.85687 53.01474 curveto
31.81017 53.06145 31.74681 53.08769 31.68076 53.08769 curveto
31.6147 53.08769 31.55135 53.06145 31.50464 53.01474 curveto
31.45793 52.96803 31.43169 52.90468 31.43169 52.83862 curveto
31.43169 52.77257 31.45793 52.70921 31.50464 52.6625 curveto
31.55135 52.6158 31.6147 52.58955 31.68076 52.58955 curveto
31.74681 52.58955 31.81017 52.6158 31.85687 52.6625 curveto
31.90358 52.70921 31.92982 52.77257 31.92982 52.83862 curveto closepath fill
newpath 34.20488 54.80066 moveto
34.20488 54.86671 34.17863 54.93007 34.13193 54.97678 curveto
34.08522 55.02348 34.02187 55.04973 33.95581 55.04973 curveto
33.88976 55.04973 33.8264 55.02348 33.7797 54.97678 curveto
33.73299 54.93007 33.70674 54.86671 33.70674 54.80066 curveto
33.70674 54.7346 33.73299 54.67125 33.7797 54.62454 curveto
33.8264 54.57784 33.88976 54.55159 33.95581 54.55159 curveto
34.02187 54.55159 34.08522 54.57784 34.13193 54.62454 curveto
34.17863 54.67125 34.20488 54.7346 34.20488 54.80066 curveto closepath fill
newpath 36.60999 56.59937 moveto
36.60999 56.66542 36.58374 56.72878 36.53703 56.77548 curveto
36.49033 56.82219 36.42697 56.84843 36.36092 56.84843 curveto
36.29486 56.84843 36.2315 56.82219 36.1848 56.77548 curveto
36.13809 56.72878 36.11185 56.66542 36.11185 56.59937 curveto
36.11185 56.53331 36.13809 56.46996 36.1848 56.42325 curveto
36.2315 56.37654 36.29486 56.3503 36.36092 56.3503 curveto
36.42697 56.3503 36.49033 56.37654 36.53703 56.42325 curveto
36.58374 56.46996 36.60999 56.53331 36.60999 56.59937 curveto closepath fill
newpath 39.19069 58.13358 moveto
39.19069 58.19963 39.16444 58.26299 39.11774 58.3097 curveto
39.07103 58.3564 39.00768 58.38264 38.94162 58.38264 curveto
38.87556 58.38264 38.81221 58.3564 38.7655 58.3097 curveto
38.7188 58.26299 38.69255 58.19963 38.69255 58.13358 curveto
38.69255 58.06752 38.7188 58.00417 38.7655 57.95746 curveto
38.81221 57.91075 38.87556 57.8845 38.94162 57.8845 curveto
39.00768 57.8845 39.07103 57.91075 39.11774 57.95746 curveto
39.16444 58.00417 39.19069 58.06752 39.19069 58.13358 curveto closepath fill
newpath 41.97545 59.25089 moveto
41.97545 59.31694 41.9492 59.3803 41.9025 59.427 curveto
41.85579 59.47371 41.79243 59.49995 41.72638 59.49995 curveto
41.66032 59.49995 41.59697 59.47371 41.55026 59.427 curveto
41.50356 59.3803 41.47731 59.31694 41.47731 59.25089 curveto
41.47731 59.18483 41.50356 59.12148 41.55026 59.07477 curveto
41.59697 59.02806 41.66032 59.00182 41.72638 59.00182 curveto
41.79243 59.00182 41.85579 59.02806 41.9025 59.07477 curveto
41.9492 59.12148 41.97545 59.18483 41.97545 59.25089 curveto closepath fill
newpath 44.9299 59.76057 moveto
44.9299 59.82663 44.90366 59.88998 44.85695 59.93669 curveto
44.81024 59.9834 44.74689 60.00964 44.68083 60.00964 curveto
44.61478 60.00964 44.55142 59.9834 44.50471 59.93669 curveto
44.45801 59.88998 44.43176 59.82663 44.43176 59.76057 curveto
44.43176 59.69452 44.45801 59.63116 44.50471 59.58446 curveto
44.55142 59.53775 44.61478 59.5115 44.68083 59.5115 curveto
44.74689 59.5115 44.81024 59.53775 44.85695 59.58446 curveto
44.90366 59.63116 44.9299 59.69452 44.9299 59.76057 curveto closepath fill
newpath 47.91882 59.53778 moveto
47.91882 59.60384 47.89258 59.66719 47.84587 59.7139 curveto
47.79916 59.7606 47.73581 59.78685 47.66975 59.78685 curveto
47.6037 59.78685 47.54034 59.7606 47.49364 59.7139 curveto
47.44693 59.66719 47.42068 59.60384 47.42068 59.53778 curveto
47.42068 59.47173 47.44693 59.40837 47.49364 59.36166 curveto
47.54034 59.31496 47.6037 59.28871 47.66975 59.28871 curveto
47.73581 59.28871 47.79916 59.31496 47.84587 59.36166 curveto
47.89258 59.40837 47.91882 59.47173 47.91882 59.53778 curveto closepath fill
newpath 50.78064 58.64127 moveto
50.78064 58.70732 50.7544 58.77068 50.70769 58.81738 curveto
50.66098 58.86409 50.59763 58.89034 50.53157 58.89034 curveto
50.46552 58.89034 50.40216 58.86409 50.35545 58.81738 curveto
50.30875 58.77068 50.2825 58.70732 50.2825 58.64127 curveto
50.2825 58.57521 50.30875 58.51186 50.35545 58.46515 curveto
50.40216 58.41844 50.46552 58.3922 50.53157 58.3922 curveto
50.59763 58.3922 50.66098 58.41844 50.70769 58.46515 curveto
50.7544 58.51186 50.78064 58.57521 50.78064 58.64127 curveto closepath fill
newpath 53.44157 57.25227 moveto
53.44157 57.31833 53.41533 57.38168 53.36862 57.42839 curveto
53.32191 57.4751 53.25856 57.50134 53.1925 57.50134 curveto
53.12645 57.50134 53.0631 57.4751 53.01639 57.42839 curveto
52.96968 57.38168 52.94344 57.31833 52.94344 57.25227 curveto
52.94344 57.18622 52.96968 57.12286 53.01639 57.07616 curveto
53.0631 57.02945 53.12645 57.0032 53.1925 57.0032 curveto
53.25856 57.0032 53.32191 57.02945 53.36862 57.07616 curveto
53.41533 57.12286 53.44157 57.18622 53.44157 57.25227 curveto closepath fill
newpath 55.91191 55.54468 moveto
55.91191 55.61073 55.88567 55.67409 55.83896 55.7208 curveto
55.79225 55.7675 55.7289 55.79375 55.66284 55.79375 curveto
55.59679 55.79375 55.53343 55.7675 55.48672 55.7208 curveto
55.44002 55.67409 55.41377 55.61073 55.41377 55.54468 curveto
55.41377 55.47862 55.44002 55.41527 55.48672 55.36856 curveto
55.53343 55.32185 55.59679 55.29561 55.66284 55.29561 curveto
55.7289 55.29561 55.79225 55.32185 55.83896 55.36856 curveto
55.88567 55.41527 55.91191 55.47862 55.91191 55.54468 curveto closepath fill
newpath 58.23352 53.63837 moveto
58.23352 53.70442 58.20728 53.76778 58.16057 53.81448 curveto
58.11386 53.86119 58.0505 53.88744 57.98445 53.88744 curveto
57.9184 53.88744 57.85504 53.86119 57.80833 53.81448 curveto
57.76163 53.76778 57.73538 53.70442 57.73538 53.63837 curveto
57.73538 53.57231 57.76163 53.50896 57.80833 53.46225 curveto
57.85504 53.41554 57.9184 53.3893 57.98445 53.3893 curveto
58.0505 53.3893 58.11386 53.41554 58.16057 53.46225 curveto
58.20728 53.50896 58.23352 53.57231 58.23352 53.63837 curveto closepath fill
newpath 60.45145 51.61183 moveto
60.45145 51.67789 60.4252 51.74124 60.3785 51.78795 curveto
60.33179 51.83466 60.26843 51.8609 60.20238 51.8609 curveto
60.13632 51.8609 60.07297 51.83466 60.02626 51.78795 curveto
59.97955 51.74124 59.95331 51.67789 59.95331 51.61183 curveto
59.95331 51.54578 59.97955 51.48242 60.02626 51.43571 curveto
60.07297 51.389 60.13632 51.36276 60.20238 51.36276 curveto
60.26843 51.36276 60.33179 51.389 60.3785 51.43571 curveto
60.4252 51.48242 60.45145 51.54578 60.45145 51.61183 curveto closepath fill
newpath 62.60638 49.51779 moveto
62.60638 49.58385 62.58014 49.6472 62.53343 49.69391 curveto
62.48672 49.74062 62.42337 49.76686 62.35732 49.76686 curveto
62.29126 49.76686 62.2279 49.74062 62.1812 49.69391 curveto
62.13449 49.6472 62.10825 49.58385 62.10825 49.51779 curveto
62.10825 49.45174 62.13449 49.38838 62.1812 49.34167 curveto
62.2279 49.29497 62.29126 49.26872 62.35732 49.26872 curveto
62.42337 49.26872 62.48672 49.29497 62.53343 49.34167 curveto
62.58014 49.38838 62.60638 49.45174 62.60638 49.51779 curveto closepath fill
newpath 64.73407 47.39627 moveto
64.73407 47.46233 64.70782 47.52568 64.66112 47.57239 curveto
64.61441 47.6191 64.55106 47.64534 64.485 47.64534 curveto
64.41895 47.64534 64.35559 47.6191 64.30888 47.57239 curveto
64.26218 47.52568 64.23593 47.46233 64.23593 47.39627 curveto
64.23593 47.33022 64.26218 47.26686 64.30888 47.22015 curveto
64.35559 47.17345 64.41895 47.1472 64.485 47.1472 curveto
64.55106 47.1472 64.61441 47.17345 64.66112 47.22015 curveto
64.70782 47.26686 64.73407 47.33022 64.73407 47.39627 curveto closepath fill
newpath 66.86816 45.28156 moveto
66.86816 45.34761 66.84192 45.41096 66.79521 45.45767 curveto
66.7485 45.50438 66.68515 45.53062 66.6191 45.53062 curveto
66.55304 45.53062 66.48969 45.50438 66.44298 45.45767 curveto
66.39627 45.41096 66.37003 45.34761 66.37003 45.28156 curveto
66.37003 45.2155 66.39627 45.15215 66.44298 45.10544 curveto
66.48969 45.05873 66.55304 45.03249 66.6191 45.03249 curveto
66.68515 45.03249 66.7485 45.05873 66.79521 45.10544 curveto
66.84192 45.15215 66.86816 45.2155 66.86816 45.28156 curveto closepath fill
newpath 69.04362 43.20938 moveto
69.04362 43.27544 69.01738 43.33879 68.97067 43.3855 curveto
68.92397 43.4322 68.86061 43.45845 68.79456 43.45845 curveto
68.7285 43.45845 68.66515 43.4322 68.61844 43.3855 curveto
68.57173 43.33879 68.54549 43.27544 68.54549 43.20938 curveto
68.54549 43.14333 68.57173 43.07997 68.61844 43.03326 curveto
68.66515 42.98656 68.7285 42.96031 68.79456 42.96031 curveto
68.86061 42.96031 68.92397 42.98656 68.97067 43.03326 curveto
69.01738 43.07997 69.04362 43.14333 69.04362 43.20938 curveto closepath fill
newpath 71.29774 41.22343 moveto
71.29774 41.28949 71.2715 41.35284 71.2248 41.39955 curveto
71.17809 41.44626 71.11473 41.4725 71.04868 41.4725 curveto
70.98262 41.4725 70.91927 41.44626 70.87256 41.39955 curveto
70.82585 41.35284 70.7996 41.28949 70.7996 41.22343 curveto
70.7996 41.15738 70.82585 41.09402 70.87256 41.04732 curveto
70.91927 41.00061 70.98262 40.97437 71.04868 40.97437 curveto
71.11473 40.97437 71.17809 41.00061 71.2248 41.04732 curveto
71.2715 41.09402 71.29774 41.15738 71.29774 41.22343 curveto closepath fill
newpath 73.67357 39.38507 moveto
73.67357 39.45113 73.64732 39.51448 73.60062 39.56119 curveto
73.55391 39.6079 73.49055 39.63414 73.4245 39.63414 curveto
73.35844 39.63414 73.29509 39.6079 73.24838 39.56119 curveto
73.20168 39.51448 73.17543 39.45113 73.17543 39.38507 curveto
73.17543 39.31902 73.20168 39.25566 73.24838 39.20895 curveto
73.29509 39.16225 73.35844 39.136 73.4245 39.136 curveto
73.49055 39.136 73.55391 39.16225 73.60062 39.20895 curveto
73.64732 39.25566 73.67357 39.31902 73.67357 39.38507 curveto closepath fill
newpath 76.2163 37.78697 moveto
76.2163 37.85303 76.19005 37.91638 76.14334 37.96309 curveto
76.09663 38.0098 76.03328 38.03604 75.96722 38.03604 curveto
75.90117 38.03604 75.83781 38.0098 75.7911 37.96309 curveto
75.7444 37.91638 75.71815 37.85303 75.71815 37.78697 curveto
75.71815 37.72092 75.7444 37.65756 75.7911 37.61086 curveto
75.83781 37.56415 75.90117 37.5379 75.96722 37.5379 curveto
76.03328 37.5379 76.09663 37.56415 76.14334 37.61086 curveto
76.19005 37.65756 76.2163 37.72092 76.2163 37.78697 curveto closepath fill
newpath 78.96011 36.5714 moveto
78.96011 36.63745 78.93387 36.7008 78.88716 36.74751 curveto
78.84045 36.79422 78.7771 36.82047 78.71104 36.82047 curveto
78.64499 36.82047 78.58163 36.79422 78.53493 36.74751 curveto
78.48822 36.7008 78.46198 36.63745 78.46198 36.5714 curveto
78.46198 36.50534 78.48822 36.44199 78.53493 36.39528 curveto
78.58163 36.34857 78.64499 36.32233 78.71104 36.32233 curveto
78.7771 36.32233 78.84045 36.34857 78.88716 36.39528 curveto
78.93387 36.44199 78.96011 36.50534 78.96011 36.5714 curveto closepath fill
newpath 81.88799 35.92554 moveto
81.88799 35.9916 81.86174 36.05495 81.81503 36.10165 curveto
81.76833 36.14836 81.70497 36.1746 81.63892 36.1746 curveto
81.57286 36.1746 81.5095 36.14836 81.4628 36.10165 curveto
81.41609 36.05495 81.38985 35.9916 81.38985 35.92554 curveto
81.38985 35.85948 81.41609 35.79613 81.4628 35.74942 curveto
81.5095 35.70271 81.57286 35.67647 81.63892 35.67647 curveto
81.70497 35.67647 81.76833 35.70271 81.81503 35.74942 curveto
81.86174 35.79613 81.88799 35.85948 81.88799 35.92554 curveto closepath fill
newpath 84.8838 35.99998 moveto
84.8838 36.06604 84.85756 36.1294 84.81085 36.1761 curveto
84.76414 36.22281 84.70079 36.24905 84.63474 36.24905 curveto
84.56868 36.24905 84.50533 36.22281 84.45862 36.1761 curveto
84.41191 36.1294 84.38567 36.06604 84.38567 35.99998 curveto
84.38567 35.93393 84.41191 35.87057 84.45862 35.82387 curveto
84.50533 35.77716 84.56868 35.75092 84.63474 35.75092 curveto
84.70079 35.75092 84.76414 35.77716 84.81085 35.82387 curveto
84.85756 35.87057 84.8838 35.93393 84.8838 35.99998 curveto closepath fill
newpath 87.78067 36.77449 moveto
87.78067 36.84055 87.75443 36.9039 87.70772 36.9506 curveto
87.66101 36.99731 87.59766 37.02356 87.5316 37.02356 curveto
87.46555 37.02356 87.40219 36.99731 87.35548 36.9506 curveto
87.30878 36.9039 87.28253 36.84055 87.28253 36.77449 curveto
87.28253 36.70844 87.30878 36.64508 87.35548 36.59837 curveto
87.40219 36.55167 87.46555 36.52542 87.5316 36.52542 curveto
87.59766 36.52542 87.66101 36.55167 87.70772 36.59837 curveto
87.75443 36.64508 87.78067 36.70844 87.78067 36.77449 curveto closepath fill
newpath 90.48286 38.08 moveto
90.48286 38.14606 90.45662 38.20941 90.40991 38.25612 curveto
90.3632 38.30283 90.29985 38.32907 90.2338 38.32907 curveto
90.16774 38.32907 90.10439 38.30283 90.05768 38.25612 curveto
90.01097 38.20941 89.98473 38.14606 89.98473 38.08 curveto
89.98473 38.01395 90.01097 37.95059 90.05768 37.90388 curveto
90.10439 37.85718 90.16774 37.83093 90.2338 37.83093 curveto
90.29985 37.83093 90.3632 37.85718 90.40991 37.90388 curveto
90.45662 37.95059 90.48286 38.01395 90.48286 38.08 curveto closepath fill
newpath 92.9888 39.73553 moveto
92.9888 39.80159 92.96255 39.86494 92.91585 39.91165 curveto
92.86914 39.95836 92.80579 39.9846 92.73973 39.9846 curveto
92.67368 39.9846 92.61032 39.95836 92.56361 39.91165 curveto
92.5169 39.86494 92.49066 39.80159 92.49066 39.73553 curveto
92.49066 39.66948 92.5169 39.60612 92.56361 39.55942 curveto
92.61032 39.51271 92.67368 39.48647 92.73973 39.48647 curveto
92.80579 39.48647 92.86914 39.51271 92.91585 39.55942 curveto
92.96255 39.60612 92.9888 39.66948 92.9888 39.73553 curveto closepath fill
newpath 95.33688 41.60965 moveto
95.33688 41.6757 95.31064 41.73906 95.26393 41.78577 curveto
95.21722 41.83247 95.15387 41.85872 95.08781 41.85872 curveto
95.02176 41.85872 94.9584 41.83247 94.9117 41.78577 curveto
94.86499 41.73906 94.83875 41.6757 94.83875 41.60965 curveto
94.83875 41.5436 94.86499 41.48024 94.9117 41.43353 curveto
94.9584 41.38683 95.02176 41.36058 95.08781 41.36058 curveto
95.15387 41.36058 95.21722 41.38683 95.26393 41.43353 curveto
95.31064 41.48024 95.33688 41.5436 95.33688 41.60965 curveto closepath fill
newpath 97.57208 43.61684 moveto
97.57208 43.68289 97.54584 43.74625 97.49913 43.79295 curveto
97.45242 43.83966 97.38907 43.8659 97.32301 43.8659 curveto
97.25696 43.8659 97.1936 43.83966 97.1469 43.79295 curveto
97.10019 43.74625 97.07394 43.68289 97.07394 43.61684 curveto
97.07394 43.55078 97.10019 43.48743 97.1469 43.44072 curveto
97.1936 43.39401 97.25696 43.36777 97.32301 43.36777 curveto
97.38907 43.36777 97.45242 43.39401 97.49913 43.44072 curveto
97.54584 43.48743 97.57208 43.55078 97.57208 43.61684 curveto closepath fill
newpath 99.73611 45.70047 moveto
99.73611 45.76653 99.70987 45.82988 99.66316 45.87659 curveto
99.61646 45.9233 99.5531 45.94954 99.48705 45.94954 curveto
99.42099 45.94954 99.35764 45.9233 99.31093 45.87659 curveto
99.26422 45.82988 99.23798 45.76653 99.23798 45.70047 curveto
99.23798 45.63441 99.26422 45.57106 99.31093 45.52435 curveto
99.35764 45.47765 99.42099 45.4514 99.48705 45.4514 curveto
99.5531 45.4514 99.61646 45.47765 99.66316 45.52435 curveto
99.70987 45.57106 99.73611 45.63441 99.73611 45.70047 curveto closepath fill
newpath 101.86642 47.81923 moveto
101.86642 47.88528 101.84018 47.94864 101.79347 47.99535 curveto
101.74677 48.04205 101.68341 48.0683 101.61736 48.0683 curveto
101.5513 48.0683 101.48795 48.04205 101.44124 47.99535 curveto
101.39453 47.94864 101.36829 47.88528 101.36829 47.81923 curveto
101.36829 47.75317 101.39453 47.68982 101.44124 47.64311 curveto
101.48795 47.5964 101.5513 47.57016 101.61736 47.57016 curveto
101.68341 47.57016 101.74677 47.5964 101.79347 47.64311 curveto
101.84018 47.68982 101.86642 47.75317 101.86642 47.81923 curveto closepath fill
newpath 103.99673 49.93802 moveto
103.99673 50.00407 103.97049 50.06743 103.92378 50.11414 curveto
103.87708 50.16084 103.81372 50.18709 103.74767 50.18709 curveto
103.68161 50.18709 103.61826 50.16084 103.57155 50.11414 curveto
103.52484 50.06743 103.4986 50.00407 103.4986 49.93802 curveto
103.4986 49.87196 103.52484 49.80861 103.57155 49.7619 curveto
103.61826 49.7152 103.68161 49.68895 103.74767 49.68895 curveto
103.81372 49.68895 103.87708 49.7152 103.92378 49.7619 curveto
103.97049 49.80861 103.99673 49.87196 103.99673 49.93802 curveto closepath fill
newpath 106.16078 52.0218 moveto
106.16078 52.08786 106.13454 52.15121 106.08783 52.19792 curveto
106.04112 52.24463 105.97777 52.27087 105.91171 52.27087 curveto
105.84566 52.27087 105.7823 52.24463 105.7356 52.19792 curveto
105.68889 52.15121 105.66264 52.08786 105.66264 52.0218 curveto
105.66264 51.95575 105.68889 51.8924 105.7356 51.84569 curveto
105.7823 51.79898 105.84566 51.77274 105.91171 51.77274 curveto
105.97777 51.77274 106.04112 51.79898 106.08783 51.84569 curveto
106.13454 51.8924 106.16078 51.95575 106.16078 52.0218 curveto closepath fill
newpath 108.39586 54.02913 moveto
108.39586 54.09518 108.36961 54.15854 108.3229 54.20525 curveto
108.2762 54.25195 108.21284 54.2782 108.14679 54.2782 curveto
108.08073 54.2782 108.01738 54.25195 107.97067 54.20525 curveto
107.92397 54.15854 107.89772 54.09518 107.89772 54.02913 curveto
107.89772 53.96307 107.92397 53.89972 107.97067 53.85301 curveto
108.01738 53.8063 108.08073 53.78006 108.14679 53.78006 curveto
108.21284 53.78006 108.2762 53.8063 108.3229 53.85301 curveto
108.36961 53.89972 108.39586 53.96307 108.39586 54.02913 curveto closepath fill
newpath 110.74368 55.90337 moveto
110.74368 55.96942 110.71744 56.03278 110.67073 56.07948 curveto
110.62402 56.12619 110.56067 56.15244 110.49461 56.15244 curveto
110.42856 56.15244 110.3652 56.12619 110.3185 56.07948 curveto
110.27179 56.03278 110.24554 55.96942 110.24554 55.90337 curveto
110.24554 55.83731 110.27179 55.77396 110.3185 55.72725 curveto
110.3652 55.68054 110.42856 55.6543 110.49461 55.6543 curveto
110.56067 55.6543 110.62402 55.68054 110.67073 55.72725 curveto
110.71744 55.77396 110.74368 55.83731 110.74368 55.90337 curveto closepath fill
newpath 113.24942 57.55923 moveto
113.24942 57.62529 113.22318 57.68864 113.17647 57.73535 curveto
113.12976 57.78206 113.0664 57.8083 113.00035 57.8083 curveto
112.9343 57.8083 112.87094 57.78206 112.82423 57.73535 curveto
112.77753 57.68864 112.75128 57.62529 112.75128 57.55923 curveto
112.75128 57.49318 112.77753 57.42982 112.82423 57.38312 curveto
112.87094 57.33641 112.9343 57.31017 113.00035 57.31017 curveto
113.0664 57.31017 113.12976 57.33641 113.17647 57.38312 curveto
113.22318 57.42982 113.24942 57.49318 113.24942 57.55923 curveto closepath fill
newpath 115.95145 58.86533 moveto
115.95145 58.93138 115.9252 58.99474 115.8785 59.04144 curveto
115.83179 59.08815 115.76843 59.1144 115.70238 59.1144 curveto
115.63632 59.1144 115.57297 59.08815 115.52626 59.04144 curveto
115.47955 58.99474 115.45331 58.93138 115.45331 58.86533 curveto
115.45331 58.79927 115.47955 58.73592 115.52626 58.68921 curveto
115.57297 58.6425 115.63632 58.61626 115.70238 58.61626 curveto
115.76843 58.61626 115.83179 58.6425 115.8785 58.68921 curveto
115.9252 58.73592 115.95145 58.79927 115.95145 58.86533 curveto closepath fill
newpath 118.84811 59.64061 moveto
118.84811 59.70667 118.82187 59.77002 118.77516 59.81673 curveto
118.72845 59.86343 118.6651 59.88968 118.59904 59.88968 curveto
118.53299 59.88968 118.46964 59.86343 118.42293 59.81673 curveto
118.37622 59.77002 118.34998 59.70667 118.34998 59.64061 curveto
118.34998 59.57455 118.37622 59.5112 118.42293 59.4645 curveto
118.46964 59.41779 118.53299 59.39154 118.59904 59.39154 curveto
118.6651 59.39154 118.72845 59.41779 118.77516 59.4645 curveto
118.82187 59.5112 118.84811 59.57455 118.84811 59.64061 curveto closepath fill
newpath 121.8439 59.71593 moveto
121.8439 59.78198 121.81766 59.84534 121.77095 59.89204 curveto
121.72424 59.93875 121.66089 59.965 121.59483 59.965 curveto
121.52878 59.965 121.46542 59.93875 121.41872 59.89204 curveto
121.37201 59.84534 121.34576 59.78198 121.34576 59.71593 curveto
121.34576 59.64987 121.37201 59.58652 121.41872 59.53981 curveto
121.46542 59.4931 121.52878 59.46686 121.59483 59.46686 curveto
121.66089 59.46686 121.72424 59.4931 121.77095 59.53981 curveto
121.81766 59.58652 121.8439 59.64987 121.8439 59.71593 curveto closepath fill
newpath 124.77206 59.07086 moveto
124.77206 59.13692 124.74582 59.20027 124.69911 59.24698 curveto
124.6524 59.29369 124.58905 59.31993 124.523 59.31993 curveto
124.45694 59.31993 124.39359 59.29369 124.34688 59.24698 curveto
124.30017 59.20027 124.27393 59.13692 124.27393 59.07086 curveto
124.27393 59.0048 124.30017 58.94145 124.34688 58.89474 curveto
124.39359 58.84804 124.45694 58.8218 124.523 58.8218 curveto
124.58905 58.8218 124.6524 58.84804 124.69911 58.89474 curveto
124.74582 58.94145 124.77206 59.0048 124.77206 59.07086 curveto closepath fill
newpath 127.51619 57.85579 moveto
127.51619 57.92184 127.48994 57.9852 127.44324 58.0319 curveto
127.39653 58.07861 127.33318 58.10486 127.26712 58.10486 curveto
127.20107 58.10486 127.13771 58.07861 127.091 58.0319 curveto
127.0443 57.9852 127.01805 57.92184 127.01805 57.85579 curveto
127.01805 57.78973 127.0443 57.72638 127.091 57.67967 curveto
127.13771 57.63297 127.20107 57.60672 127.26712 57.60672 curveto
127.33318 57.60672 127.39653 57.63297 127.44324 57.67967 curveto
127.48994 57.72638 127.51619 57.78973 127.51619 57.85579 curveto closepath fill
newpath 130.0589 56.25818 moveto
130.0589 56.32423 130.03265 56.38759 129.98595 56.4343 curveto
129.93924 56.481 129.87589 56.50725 129.80983 56.50725 curveto
129.74377 56.50725 129.68042 56.481 129.63371 56.4343 curveto
129.587 56.38759 129.56076 56.32423 129.56076 56.25818 curveto
129.56076 56.19212 129.587 56.12877 129.63371 56.08206 curveto
129.68042 56.03535 129.74377 56.00911 129.80983 56.00911 curveto
129.87589 56.00911 129.93924 56.03535 129.98595 56.08206 curveto
130.03265 56.12877 130.0589 56.19212 130.0589 56.25818 curveto closepath fill
newpath 132.4348 54.42014 moveto
132.4348 54.48619 132.40855 54.54955 132.36185 54.59625 curveto
132.31514 54.64296 132.25179 54.6692 132.18573 54.6692 curveto
132.11967 54.6692 132.05632 54.64296 132.00961 54.59625 curveto
131.9629 54.54955 131.93666 54.48619 131.93666 54.42014 curveto
131.93666 54.35408 131.9629 54.29073 132.00961 54.24402 curveto
132.05632 54.19731 132.11967 54.17107 132.18573 54.17107 curveto
132.25179 54.17107 132.31514 54.19731 132.36185 54.24402 curveto
132.40855 54.29073 132.4348 54.35408 132.4348 54.42014 curveto closepath fill
newpath 134.68904 52.43436 moveto
134.68904 52.50041 134.6628 52.56377 134.61609 52.61047 curveto
134.56938 52.65718 134.50603 52.68343 134.43997 52.68343 curveto
134.37392 52.68343 134.31056 52.65718 134.26385 52.61047 curveto
134.21715 52.56377 134.1909 52.50041 134.1909 52.43436 curveto
134.1909 52.3683 134.21715 52.30495 134.26385 52.25824 curveto
134.31056 52.21153 134.37392 52.18529 134.43997 52.18529 curveto
134.50603 52.18529 134.56938 52.21153 134.61609 52.25824 curveto
134.6628 52.30495 134.68904 52.3683 134.68904 52.43436 curveto closepath fill
newpath 136.8646 50.36223 moveto
136.8646 50.42828 136.83835 50.49164 136.79164 50.53835 curveto
136.74493 50.58505 136.68158 50.6113 136.61552 50.6113 curveto
136.54947 50.6113 136.48611 50.58505 136.4394 50.53835 curveto
136.3927 50.49164 136.36646 50.42828 136.36646 50.36223 curveto
136.36646 50.29617 136.3927 50.23282 136.4394 50.18611 curveto
136.48611 50.1394 136.54947 50.11316 136.61552 50.11316 curveto
136.68158 50.11316 136.74493 50.1394 136.79164 50.18611 curveto
136.83835 50.23282 136.8646 50.29617 136.8646 50.36223 curveto closepath fill
newpath 138.99866 48.24763 moveto
138.99866 48.31369 138.97241 48.37704 138.9257 48.42375 curveto
138.879 48.47046 138.81564 48.4967 138.74959 48.4967 curveto
138.68353 48.4967 138.62018 48.47046 138.57347 48.42375 curveto
138.52676 48.37704 138.50052 48.31369 138.50052 48.24763 curveto
138.50052 48.18158 138.52676 48.11823 138.57347 48.07152 curveto
138.62018 48.02481 138.68353 47.99857 138.74959 47.99857 curveto
138.81564 47.99857 138.879 48.02481 138.9257 48.07152 curveto
138.97241 48.11823 138.99866 48.18158 138.99866 48.24763 curveto closepath fill
newpath 141.12627 46.12614 moveto
141.12627 46.1922 141.10002 46.25555 141.05331 46.30226 curveto
141.0066 46.34897 140.94325 46.37521 140.8772 46.37521 curveto
140.81114 46.37521 140.74779 46.34897 140.70108 46.30226 curveto
140.65437 46.25555 140.62813 46.1922 140.62813 46.12614 curveto
140.62813 46.06009 140.65437 45.99673 140.70108 45.95003 curveto
140.74779 45.90332 140.81114 45.87708 140.8772 45.87708 curveto
140.94325 45.87708 141.0066 45.90332 141.05331 45.95003 curveto
141.10002 45.99673 141.12627 46.06009 141.12627 46.12614 curveto closepath fill
newpath 143.2811 44.03207 moveto
143.2811 44.09813 143.25485 44.16148 143.20815 44.20819 curveto
143.16144 44.2549 143.09808 44.28114 143.03203 44.28114 curveto
142.96597 44.28114 142.90262 44.2549 142.85591 44.20819 curveto
142.8092 44.16148 142.78296 44.09813 142.78296 44.03207 curveto
142.78296 43.96602 142.8092 43.90266 142.85591 43.85596 curveto
142.90262 43.80925 142.96597 43.783 143.03203 43.783 curveto
143.09808 43.783 143.16144 43.80925 143.20815 43.85596 curveto
143.25485 43.90266 143.2811 43.96602 143.2811 44.03207 curveto closepath fill
newpath 145.49893 42.00543 moveto
145.49893 42.07149 145.47269 42.13484 145.42598 42.18155 curveto
145.37927 42.22826 145.31592 42.2545 145.24986 42.2545 curveto
145.1838 42.2545 145.12045 42.22826 145.07375 42.18155 curveto
145.02704 42.13484 145.0008 42.07149 145.0008 42.00543 curveto
145.0008 41.93938 145.02704 41.87602 145.07375 41.82932 curveto
145.12045 41.78261 145.1838 41.75636 145.24986 41.75636 curveto
145.31592 41.75636 145.37927 41.78261 145.42598 41.82932 curveto
145.47269 41.87602 145.49893 41.93938 145.49893 42.00543 curveto closepath fill
newpath 147.82037 40.0989 moveto
147.82037 40.16496 147.79413 40.22832 147.74742 40.27502 curveto
147.70071 40.32173 147.63736 40.34798 147.5713 40.34798 curveto
147.50525 40.34798 147.4419 40.32173 147.39519 40.27502 curveto
147.34848 40.22832 147.32224 40.16496 147.32224 40.0989 curveto
147.32224 40.03285 147.34848 39.9695 147.39519 39.92279 curveto
147.4419 39.87608 147.50525 39.84984 147.5713 39.84984 curveto
147.63736 39.84984 147.70071 39.87608 147.74742 39.92279 curveto
147.79413 39.9695 147.82037 40.03285 147.82037 40.0989 curveto closepath fill
newpath 150.2905 38.39095 moveto
150.2905 38.457 150.26425 38.52036 150.21754 38.56706 curveto
150.17084 38.61377 150.10748 38.64001 150.04143 38.64001 curveto
149.97537 38.64001 149.91202 38.61377 149.86531 38.56706 curveto
149.8186 38.52036 149.79236 38.457 149.79236 38.39095 curveto
149.79236 38.32489 149.8186 38.26154 149.86531 38.21483 curveto
149.91202 38.16812 149.97537 38.14188 150.04143 38.14188 curveto
150.10748 38.14188 150.17084 38.16812 150.21754 38.21483 curveto
150.26425 38.26154 150.2905 38.32489 150.2905 38.39095 curveto closepath fill
newpath 152.95114 37.00145 moveto
152.95114 37.0675 152.9249 37.13086 152.87819 37.17757 curveto
152.83148 37.22427 152.76813 37.25052 152.70207 37.25052 curveto
152.63602 37.25052 152.57266 37.22427 152.52596 37.17757 curveto
152.47925 37.13086 152.453 37.0675 152.453 37.00145 curveto
152.453 36.9354 152.47925 36.87204 152.52596 36.82533 curveto
152.57266 36.77863 152.63602 36.75238 152.70207 36.75238 curveto
152.76813 36.75238 152.83148 36.77863 152.87819 36.82533 curveto
152.9249 36.87204 152.95114 36.9354 152.95114 37.00145 curveto closepath fill
newpath 155.81268 36.10413 moveto
155.81268 36.17018 155.78644 36.23354 155.73973 36.28024 curveto
155.69302 36.32695 155.62967 36.3532 155.56361 36.3532 curveto
155.49756 36.3532 155.4342 36.32695 155.3875 36.28024 curveto
155.34079 36.23354 155.31454 36.17018 155.31454 36.10413 curveto
155.31454 36.03807 155.34079 35.97472 155.3875 35.92801 curveto
155.4342 35.8813 155.49756 35.85506 155.56361 35.85506 curveto
155.62967 35.85506 155.69302 35.8813 155.73973 35.92801 curveto
155.78644 35.97472 155.81268 36.03807 155.81268 36.10413 curveto closepath fill
newpath 158.80164 35.88034 moveto
158.80164 35.9464 158.77539 36.00975 158.72868 36.05646 curveto
158.68198 36.10316 158.61862 36.12941 158.55257 36.12941 curveto
158.48651 36.12941 158.42316 36.10316 158.37645 36.05646 curveto
158.32974 36.00975 158.3035 35.9464 158.3035 35.88034 curveto
158.3035 35.81429 158.32974 35.75093 158.37645 35.70422 curveto
158.42316 35.65752 158.48651 35.63127 158.55257 35.63127 curveto
158.61862 35.63127 158.68198 35.65752 158.72868 35.70422 curveto
158.77539 35.75093 158.80164 35.81429 158.80164 35.88034 curveto closepath fill
newpath 161.75613 36.38907 moveto
161.75613 36.45512 161.72989 36.51848 161.68318 36.56519 curveto
161.63647 36.6119 161.57312 36.63814 161.50706 36.63814 curveto
161.44101 36.63814 161.37766 36.6119 161.33095 36.56519 curveto
161.28424 36.51848 161.258 36.45512 161.258 36.38907 curveto
161.258 36.32301 161.28424 36.25966 161.33095 36.21295 curveto
161.37766 36.16624 161.44101 36.14 161.50706 36.14 curveto
161.57312 36.14 161.63647 36.16624 161.68318 36.21295 curveto
161.72989 36.25966 161.75613 36.32301 161.75613 36.38907 curveto closepath fill
newpath 164.54099 37.5056 moveto
164.54099 37.57166 164.51474 37.63501 164.46803 37.68172 curveto
164.42133 37.72842 164.35797 37.75467 164.29192 37.75467 curveto
164.22586 37.75467 164.1625 37.72842 164.1158 37.68172 curveto
164.06909 37.63501 164.04285 37.57166 164.04285 37.5056 curveto
164.04285 37.43954 164.06909 37.37619 164.1158 37.32948 curveto
164.1625 37.28278 164.22586 37.25653 164.29192 37.25653 curveto
164.35797 37.25653 164.42133 37.28278 164.46803 37.32948 curveto
164.51474 37.37619 164.54099 37.43954 164.54099 37.5056 curveto closepath fill
newpath 167.12198 39.03935 moveto
167.12198 39.10541 167.09573 39.16876 167.04903 39.21547 curveto
167.00232 39.26218 166.93896 39.28842 166.87291 39.28842 curveto
166.80685 39.28842 166.7435 39.26218 166.6968 39.21547 curveto
166.65009 39.16876 166.62384 39.10541 166.62384 39.03935 curveto
166.62384 38.9733 166.65009 38.90994 166.6968 38.86324 curveto
166.7435 38.81653 166.80685 38.79028 166.87291 38.79028 curveto
166.93896 38.79028 167.00232 38.81653 167.04903 38.86324 curveto
167.09573 38.90994 167.12198 38.9733 167.12198 39.03935 curveto closepath fill
newpath 169.52737 40.83784 moveto
169.52737 40.9039 169.50113 40.96725 169.45442 41.01396 curveto
169.40771 41.06067 169.34436 41.08691 169.2783 41.08691 curveto
169.21225 41.08691 169.1489 41.06067 169.10219 41.01396 curveto
169.05548 40.96725 169.02924 40.9039 169.02924 40.83784 curveto
169.02924 40.77179 169.05548 40.70844 169.10219 40.66173 curveto
169.1489 40.61502 169.21225 40.58878 169.2783 40.58878 curveto
169.34436 40.58878 169.40771 40.61502 169.45442 40.66173 curveto
169.50113 40.70844 169.52737 40.77179 169.52737 40.83784 curveto closepath fill
newpath 171.80257 42.7997 moveto
171.80257 42.86575 171.77632 42.92911 171.72961 42.97581 curveto
171.6829 43.02252 171.61955 43.04877 171.5535 43.04877 curveto
171.48744 43.04877 171.42409 43.02252 171.37738 42.97581 curveto
171.33067 42.92911 171.30443 42.86575 171.30443 42.7997 curveto
171.30443 42.73364 171.33067 42.67029 171.37738 42.62358 curveto
171.42409 42.57687 171.48744 42.55063 171.5535 42.55063 curveto
171.61955 42.55063 171.6829 42.57687 171.72961 42.62358 curveto
171.77632 42.67029 171.80257 42.73364 171.80257 42.7997 curveto closepath fill
newpath 173.99089 44.85872 moveto
173.99089 44.92477 173.96465 44.98813 173.91794 45.03484 curveto
173.87123 45.08154 173.80788 45.10779 173.74182 45.10779 curveto
173.67577 45.10779 173.61241 45.08154 173.5657 45.03484 curveto
173.519 44.98813 173.49275 44.92477 173.49275 44.85872 curveto
173.49275 44.79266 173.519 44.72931 173.5657 44.6826 curveto
173.61241 44.6359 173.67577 44.60965 173.74182 44.60965 curveto
173.80788 44.60965 173.87123 44.6359 173.91794 44.6826 curveto
173.96465 44.72931 173.99089 44.79266 173.99089 44.85872 curveto closepath fill
newpath 176.13072 46.96796 moveto
176.13072 47.03401 176.10448 47.09737 176.05777 47.14407 curveto
176.01106 47.19078 175.94771 47.21703 175.88165 47.21703 curveto
175.8156 47.21703 175.75224 47.19078 175.70554 47.14407 curveto
175.65883 47.09737 175.63258 47.03401 175.63258 46.96796 curveto
175.63258 46.9019 175.65883 46.83855 175.70554 46.79184 curveto
175.75224 46.74513 175.8156 46.71889 175.88165 46.71889 curveto
175.94771 46.71889 176.01106 46.74513 176.05777 46.79184 curveto
176.10448 46.83855 176.13072 46.9019 176.13072 46.96796 curveto closepath fill
newpath 178.25706 49.09094 moveto
178.25706 49.157 178.23082 49.22035 178.18411 49.26706 curveto
178.1374 49.31377 178.07405 49.34001 178.008 49.34001 curveto
177.94194 49.34001 177.87859 49.31377 177.83188 49.26706 curveto
177.78517 49.22035 177.75893 49.157 177.75893 49.09094 curveto
177.75893 49.02489 177.78517 48.96153 177.83188 48.91483 curveto
177.87859 48.86812 177.94194 48.84187 178.008 48.84187 curveto
178.07405 48.84187 178.1374 48.86812 178.18411 48.91483 curveto
178.23082 48.96153 178.25706 49.02489 178.25706 49.09094 curveto closepath fill
newpath 180.40358 51.19347 moveto
180.40358 51.25952 180.37733 51.32288 180.33063 51.36958 curveto
180.28392 51.41629 180.22057 51.44254 180.15451 51.44254 curveto
180.08846 51.44254 180.0251 51.41629 179.9784 51.36958 curveto
179.93169 51.32288 179.90544 51.25952 179.90544 51.19347 curveto
179.90544 51.12741 179.93169 51.06406 179.9784 51.01735 curveto
180.0251 50.97064 180.08846 50.9444 180.15451 50.9444 curveto
180.22057 50.9444 180.28392 50.97064 180.33063 51.01735 curveto
180.37733 51.06406 180.40358 51.12741 180.40358 51.19347 curveto closepath fill
newpath 182.6059 53.23741 moveto
182.6059 53.30347 182.57965 53.36682 182.53294 53.41353 curveto
182.48624 53.46024 182.42288 53.48648 182.35683 53.48648 curveto
182.29077 53.48648 182.22742 53.46024 182.18071 53.41353 curveto
182.134 53.36682 182.10776 53.30347 182.10776 53.23741 curveto
182.10776 53.17136 182.134 53.108 182.18071 53.0613 curveto
182.22742 53.01459 182.29077 52.98834 182.35683 52.98834 curveto
182.42288 52.98834 182.48624 53.01459 182.53294 53.0613 curveto
182.57965 53.108 182.6059 53.17136 182.6059 53.23741 curveto closepath fill
newpath 184.90323 55.17316 moveto
184.90323 55.23921 184.87698 55.30257 184.83028 55.34927 curveto
184.78357 55.39598 184.72021 55.42223 184.65416 55.42223 curveto
184.5881 55.42223 184.52475 55.39598 184.47804 55.34927 curveto
184.43134 55.30257 184.40509 55.23921 184.40509 55.17316 curveto
184.40509 55.1071 184.43134 55.04375 184.47804 54.99704 curveto
184.52475 54.95033 184.5881 54.92409 184.65416 54.92409 curveto
184.72021 54.92409 184.78357 54.95033 184.83028 54.99704 curveto
184.87698 55.04375 184.90323 55.1071 184.90323 55.17316 curveto closepath fill
newpath 187.3403 56.92926 moveto
187.3403 56.99532 187.31406 57.05867 187.26735 57.10538 curveto
187.22064 57.15208 187.15729 57.17833 187.09123 57.17833 curveto
187.02518 57.17833 186.96182 57.15208 186.91512 57.10538 curveto
186.86841 57.05867 186.84216 56.99532 186.84216 56.92926 curveto
186.84216 56.8632 186.86841 56.79985 186.91512 56.75314 curveto
186.96182 56.70644 187.02518 56.68019 187.09123 56.68019 curveto
187.15729 56.68019 187.22064 56.70644 187.26735 56.75314 curveto
187.31406 56.79985 187.3403 56.8632 187.3403 56.92926 curveto closepath fill
newpath 189.96065 58.39494 moveto
189.96065 58.461 189.9344 58.52435 189.8877 58.57106 curveto
189.84099 58.61777 189.77763 58.64401 189.71158 58.64401 curveto
189.64552 58.64401 189.58217 58.61777 189.53546 58.57106 curveto
189.48875 58.52435 189.46251 58.461 189.46251 58.39494 curveto
189.46251 58.32889 189.48875 58.26553 189.53546 58.21883 curveto
189.58217 58.17212 189.64552 58.14587 189.71158 58.14587 curveto
189.77763 58.14587 189.84099 58.17212 189.8877 58.21883 curveto
189.9344 58.26553 189.96065 58.32889 189.96065 58.39494 curveto closepath fill
newpath 192.78465 59.40656 moveto
192.78465 59.47261 192.7584 59.53596 192.7117 59.58267 curveto
192.665 59.62938 192.60164 59.65562 192.53558 59.65562 curveto
192.46953 59.65562 192.40617 59.62938 192.35947 59.58267 curveto
192.31276 59.53596 192.28651 59.47261 192.28651 59.40656 curveto
192.28651 59.3405 192.31276 59.27715 192.35947 59.23044 curveto
192.40617 59.18373 192.46953 59.15749 192.53558 59.15749 curveto
192.60164 59.15749 192.665 59.18373 192.7117 59.23044 curveto
192.7584 59.27715 192.78465 59.3405 192.78465 59.40656 curveto closepath fill
newpath 195.76346 59.7757 moveto
195.76346 59.84175 195.73721 59.9051 195.6905 59.95181 curveto
195.6438 59.99852 195.58044 60.02477 195.51439 60.02477 curveto
195.44833 60.02477 195.38498 59.99852 195.33827 59.95181 curveto
195.29156 59.9051 195.26532 59.84175 195.26532 59.7757 curveto
195.26532 59.70964 195.29156 59.64629 195.33827 59.59958 curveto
195.38498 59.55287 195.44833 59.52663 195.51439 59.52663 curveto
195.58044 59.52663 195.6438 59.55287 195.6905 59.59958 curveto
195.73721 59.64629 195.76346 59.70964 195.76346 59.7757 curveto closepath fill
 0.49814 0 dtransform exch truncate exch idtransform pop setlinewidth
newpath 139.17697 0 moveto
139.17697 1.99205 lineto stroke
newpath 139.17697 5.97757 moveto
139.17697 9.963 lineto stroke
newpath 139.17697 13.94719 moveto
139.17697 17.93242 lineto stroke
newpath 139.17697 21.91826 moveto
139.17697 25.90273 lineto stroke
newpath 139.17697 29.88786 moveto
139.17697 33.87302 lineto stroke
newpath 139.17697 37.85747 moveto
139.17697 41.8428 lineto stroke
newpath 139.17697 45.8285 moveto
139.17697 49.81284 lineto stroke
newpath 139.17697 53.79813 moveto
139.17697 57.78218 lineto stroke
newpath 139.17697 61.76772 moveto
139.17697 65.75328 lineto stroke
newpath 139.17697 69.73732 moveto
139.17697 73.72273 lineto stroke
newpath 139.17697 77.70839 moveto
139.17697 81.69246 lineto stroke
newpath 139.17697 85.678 moveto
139.17697 89.6635 lineto stroke
newpath 139.17697 93.64906 moveto
139.17697 95.64111 lineto stroke
newpath 176.73524 0 moveto
176.73524 1.99205 lineto stroke
newpath 176.73524 5.97757 moveto
176.73524 9.963 lineto stroke
newpath 176.73524 13.94719 moveto
176.73524 17.93242 lineto stroke
newpath 176.73524 21.91826 moveto
176.73524 25.90273 lineto stroke
newpath 176.73524 29.88786 moveto
176.73524 33.87302 lineto stroke
newpath 176.73524 37.85747 moveto
176.73524 41.8428 lineto stroke
newpath 176.73524 45.8285 moveto
176.73524 49.81284 lineto stroke
newpath 176.73524 53.79813 moveto
176.73524 57.78218 lineto stroke
newpath 176.73524 61.76772 moveto
176.73524 65.75328 lineto stroke
newpath 176.73524 69.73732 moveto
176.73524 73.72273 lineto stroke
newpath 176.73524 77.70839 moveto
176.73524 81.69246 lineto stroke
newpath 176.73524 85.678 moveto
176.73524 89.6635 lineto stroke
newpath 176.73524 93.64906 moveto
176.73524 95.64111 lineto stroke
newpath 64.0604 0 moveto
64.0604 1.99205 lineto stroke
newpath 64.0604 5.97757 moveto
64.0604 9.963 lineto stroke
newpath 64.0604 13.94719 moveto
64.0604 17.93242 lineto stroke
newpath 64.0604 21.91826 moveto
64.0604 25.90273 lineto stroke
newpath 64.0604 29.88786 moveto
64.0604 33.87302 lineto stroke
newpath 64.0604 37.85747 moveto
64.0604 41.8428 lineto stroke
newpath 64.0604 45.8285 moveto
64.0604 49.81284 lineto stroke
newpath 64.0604 53.79813 moveto
64.0604 57.78218 lineto stroke
newpath 64.0604 61.76772 moveto
64.0604 65.75328 lineto stroke
newpath 64.0604 69.73732 moveto
64.0604 73.72273 lineto stroke
newpath 64.0604 77.70839 moveto
64.0604 81.69246 lineto stroke
newpath 64.0604 85.678 moveto
64.0604 89.6635 lineto stroke
newpath 64.0604 93.64906 moveto
64.0604 95.64111 lineto stroke
newpath 26.50212 0 moveto
26.50212 1.99205 lineto stroke
newpath 26.50212 5.97757 moveto
26.50212 9.963 lineto stroke
newpath 26.50212 13.94719 moveto
26.50212 17.93242 lineto stroke
newpath 26.50212 21.91826 moveto
26.50212 25.90273 lineto stroke
newpath 26.50212 29.88786 moveto
26.50212 33.87302 lineto stroke
newpath 26.50212 37.85747 moveto
26.50212 41.8428 lineto stroke
newpath 26.50212 45.8285 moveto
26.50212 49.81284 lineto stroke
newpath 26.50212 53.79813 moveto
26.50212 57.78218 lineto stroke
newpath 26.50212 61.76772 moveto
26.50212 65.75328 lineto stroke
newpath 26.50212 69.73732 moveto
26.50212 73.72273 lineto stroke
newpath 26.50212 77.70839 moveto
26.50212 81.69246 lineto stroke
newpath 26.50212 85.678 moveto
26.50212 89.6635 lineto stroke
newpath 26.50212 93.64906 moveto
26.50212 95.64111 lineto stroke
 0 0.49814 dtransform truncate idtransform setlinewidth pop
newpath 104.63976 95.6382 moveto
104.92688 91.18147 105.33113 86.73314 105.85213 82.29756 curveto
106.13998 79.84674 106.56995 77.41544 107.06413 74.99782 curveto
107.37935 73.456 107.80038 71.93861 108.2765 70.43875 curveto
108.61034 69.38745 109.02661 68.3648 109.48833 67.36331 curveto
109.8373 66.60626 110.25084 65.88133 110.7007 65.17973 curveto
111.06226 64.61588 111.47397 64.08649 111.91324 63.58081 curveto
112.28539 63.1525 112.6951 62.75919 113.12506 62.38924 curveto
113.50615 62.06143 113.91458 61.76736 114.33743 61.49556 curveto
114.72563 61.246 115.13261 61.02783 115.5498 60.83083 curveto
115.9431 60.64511 116.34917 60.48805 116.76181 60.35088 curveto
117.1593 60.2188 117.56447 60.11226 117.97418 60.02562 curveto
118.3744 59.94078 118.77902 59.87932 119.186 59.83736 curveto
119.58879 59.79576 119.99358 59.7757 120.39856 59.7757 curveto
120.80334 59.7757 121.20815 59.79594 121.61093 59.83754 curveto
122.0179 59.87949 122.42252 59.94115 122.82275 60.02597 curveto
123.23247 60.11281 123.6378 60.21916 124.03511 60.35123 curveto
124.44794 60.48842 124.85382 60.64566 125.24712 60.83154 curveto
125.66432 61.02856 126.0713 61.24673 126.45949 61.49629 curveto
126.88234 61.7681 127.29079 62.06235 127.67186 62.39034 curveto
128.10182 62.76047 128.51172 63.15395 128.88368 63.58246 curveto
129.32295 64.0883 129.73468 64.61806 130.09624 65.1821 curveto
130.54608 65.88388 130.95981 66.60901 131.30861 67.36623 curveto
131.77031 68.36827 132.1866 69.39146 132.52043 70.44331 curveto
132.99655 71.94354 133.41757 73.46127 133.7328 75.00346 curveto
134.22716 77.42273 134.65694 79.85568 134.9448 82.30833 curveto
135.46579 86.747 135.87004 91.19861 136.15717 95.65863 curveto stroke
newpath 134.47385 92.77199 moveto
135.458 93.41566 136.08162 94.48512 136.15717 95.65863 curveto
136.08162 94.48512 136.563 93.34453 137.45648 92.58 curveto stroke
newpath 103.34059 92.55954 moveto
104.23402 93.32411 104.71535 94.4647 104.63976 95.6382 curveto
104.71535 94.4647 105.33904 93.39531 106.3232 92.75168 curveto stroke
newpath 142.19804 0.00584 moveto
142.48517 4.4622 142.88942 8.90999 143.41042 13.345 curveto
143.69827 15.79565 144.12823 18.22678 144.62242 20.64421 curveto
144.93764 22.18567 145.35866 23.70287 145.83478 25.20236 curveto
146.16861 26.25366 146.5849 27.27649 147.0466 28.27817 curveto
147.3954 29.03503 147.80913 29.75978 148.25897 30.46138 curveto
148.62035 31.02524 149.03207 31.55463 149.47134 32.0603 curveto
149.8433 32.48862 150.25339 32.88193 150.68335 33.25188 curveto
151.06442 33.57968 151.47287 33.87411 151.89572 34.14592 curveto
152.2839 34.3953 152.69089 34.61346 153.1081 34.81029 curveto
153.50139 34.996 153.90727 35.15324 154.31992 35.29024 curveto
154.7174 35.42232 155.12256 35.52885 155.53229 35.6155 curveto
155.93251 35.70033 156.33731 35.7618 156.7443 35.80376 curveto
157.14706 35.84535 157.55186 35.86542 157.95665 35.86542 curveto
158.36145 35.86542 158.76624 35.84517 159.16902 35.80357 curveto
159.576 35.76163 159.9808 35.69997 160.38103 35.61514 curveto
160.79074 35.5283 161.19609 35.42195 161.5934 35.28989 curveto
162.00604 35.1527 162.41193 34.99527 162.80522 34.80957 curveto
163.22241 34.61255 163.6294 34.39438 164.0176 34.14482 curveto
164.44044 33.87302 164.84888 33.57877 165.22997 33.25078 curveto
165.66011 32.88065 166.07 32.48717 166.44197 32.05865 curveto
166.88124 31.55281 167.29277 31.02306 167.65434 30.45901 curveto
168.10419 29.75723 168.51791 29.03229 168.8667 28.27525 curveto
169.32841 27.27303 169.74469 26.24965 170.07852 25.1978 curveto
170.55464 23.69757 170.97568 22.17984 171.2909 20.63765 curveto
171.78526 18.21838 172.21504 15.78543 172.5029 13.33278 curveto
173.0239 8.89412 173.42815 4.4425 173.71527 -0.01752 curveto stroke
newpath 175.01459 3.06111 moveto
174.12111 2.29659 173.63972 1.15599 173.71527 -0.01752 curveto
173.63972 1.15599 173.0161 2.22545 172.03195 2.86913 curveto stroke
newpath 143.88153 2.89235 moveto
142.89737 2.24873 142.27365 1.17934 142.19804 0.00584 curveto
142.27365 1.17934 141.79236 2.31993 140.89893 3.08452 curveto stroke
newpath 98.59761 0.00291 moveto
98.31049 4.45964 97.90623 8.90797 97.38524 13.34355 curveto
97.09738 15.79437 96.66742 18.22568 96.17323 20.6433 curveto
95.85802 22.18512 95.43698 23.7025 94.96086 25.20236 curveto
94.62703 26.25366 94.21075 27.2763 93.74904 28.2778 curveto
93.40007 29.03485 92.98653 29.75978 92.53667 30.46138 curveto
92.17511 31.02524 91.7634 31.55463 91.32413 32.0603 curveto
90.95198 32.48862 90.54227 32.88193 90.1123 33.25188 curveto
89.73122 33.57968 89.32278 33.87375 88.89993 34.14555 curveto
88.51173 34.39511 88.10475 34.61328 87.68756 34.81029 curveto
87.29427 34.996 86.8882 35.15306 86.47556 35.29024 curveto
86.07806 35.42232 85.6729 35.52885 85.26318 35.6155 curveto
84.86296 35.70033 84.45834 35.7618 84.05136 35.80376 curveto
83.64857 35.84535 83.24379 35.86542 82.8388 35.86542 curveto
82.43402 35.86542 82.02922 35.84517 81.62643 35.80357 curveto
81.21947 35.76163 80.81485 35.69997 80.41461 35.61514 curveto
80.0049 35.5283 79.59956 35.42195 79.20226 35.28989 curveto
78.78943 35.1527 78.38354 34.99545 77.99025 34.80957 curveto
77.57304 34.61255 77.16606 34.39438 76.77788 34.14482 curveto
76.35503 33.87302 75.94658 33.57877 75.5655 33.25078 curveto
75.13554 32.88065 74.72565 32.48717 74.35368 32.05865 curveto
73.91441 31.55281 73.50269 31.02306 73.14113 30.45901 curveto
72.69128 29.75723 72.27756 29.0321 71.92876 28.27489 curveto
71.46706 27.27284 71.05077 26.24965 70.71693 25.1978 curveto
70.24081 23.69757 69.8198 22.17984 69.50456 20.63765 curveto
69.01021 18.21838 68.58043 15.78543 68.29257 13.33278 curveto
67.77158 8.89412 67.36732 4.4425 67.0802 -0.01752 curveto stroke
newpath 68.76352 2.86913 moveto
67.77937 2.22545 67.15575 1.15599 67.0802 -0.01752 curveto
67.15575 1.15599 66.67436 2.29659 65.78088 3.06111 curveto stroke
newpath 99.89677 3.08157 moveto
99.00334 2.317 98.52202 1.1764 98.59761 0.00291 curveto
98.52202 1.1764 97.89833 2.2458 96.91417 2.88943 curveto stroke
newpath 61.03932 95.63527 moveto
60.7522 91.17891 60.34795 86.73112 59.82695 82.29611 curveto
59.5391 79.84546 59.10913 77.41434 58.61494 74.9969 curveto
58.29973 73.45544 57.87871 71.93825 57.40259 70.43875 curveto
57.06876 69.38745 56.65247 68.36462 56.19077 67.36295 curveto
55.84196 66.60608 55.42824 65.88133 54.9784 65.17973 curveto
54.61702 64.61588 54.20529 64.08649 53.76602 63.58081 curveto
53.39406 63.1525 52.98398 62.75919 52.55402 62.38924 curveto
52.17294 62.06143 51.7645 61.767 51.34164 61.4952 curveto
50.95346 61.24582 50.54648 61.02765 50.12927 60.83083 curveto
49.73598 60.64511 49.3301 60.48787 48.91745 60.35088 curveto
48.51996 60.2188 48.1148 60.11226 47.70508 60.02562 curveto
47.30486 59.94078 46.90005 59.87932 46.49307 59.83736 curveto
46.0903 59.79576 45.6855 59.7757 45.28072 59.7757 curveto
44.87592 59.7757 44.47113 59.79594 44.06834 59.83754 curveto
43.66136 59.87949 43.25656 59.94115 42.85634 60.02597 curveto
42.44662 60.11281 42.04128 60.21916 41.64397 60.35123 curveto
41.23132 60.48842 40.82544 60.64584 40.43214 60.83154 curveto
40.01495 61.02856 39.60797 61.24673 39.21977 61.49629 curveto
38.79692 61.7681 38.38849 62.06235 38.0074 62.39034 curveto
37.57726 62.76047 37.16736 63.15395 36.7954 63.58246 curveto
36.35612 64.0883 35.9446 64.61806 35.58302 65.1821 curveto
35.13318 65.88388 34.71945 66.60883 34.37067 67.36586 curveto
33.90895 68.36809 33.49268 69.39146 33.15884 70.44331 curveto
32.68272 71.94354 32.26169 73.46127 31.94647 75.00346 curveto
31.4521 77.42273 31.02232 79.85568 30.73447 82.30833 curveto
30.21347 86.747 29.80922 91.19861 29.5221 95.65863 curveto stroke
newpath 28.22278 92.58 moveto
29.11626 93.34453 29.59764 94.48512 29.5221 95.65863 curveto
29.59764 94.48512 30.22127 93.41566 31.20541 92.77199 curveto stroke
newpath 59.35583 92.74876 moveto
60.34 93.39238 60.96371 94.46178 61.03932 95.63527 curveto
60.96371 94.46178 61.445 93.32118 62.33844 92.5566 curveto stroke
newpath 179.75632 95.63527 moveto
180.04346 91.17946 180.4477 86.73204 180.9685 82.29756 curveto
181.25638 79.84637 181.68634 77.4147 182.18051 74.9969 curveto
182.49574 73.45544 182.91676 71.93825 183.39288 70.43875 curveto
183.7269 69.38727 184.14319 68.36462 184.60489 67.36295 curveto
184.95367 66.60608 185.36723 65.88133 185.81708 65.17973 curveto
186.17845 64.61588 186.59018 64.08667 187.02927 63.58118 curveto
187.4014 63.15285 187.81131 62.75937 188.24146 62.38924 curveto
188.62253 62.06143 189.03098 61.76736 189.45364 61.49556 curveto
189.84164 61.24619 190.24863 61.02783 190.66583 60.831 curveto
191.05913 60.6453 191.4652 60.48805 191.87784 60.35088 curveto
192.27533 60.2188 192.68048 60.11226 193.0902 60.02562 curveto
193.49043 59.94078 193.89522 59.87932 194.3022 59.83736 curveto
194.7048 59.79576 195.1096 59.77533 195.51439 59.7757 curveto stroke
newpath 178.45724 92.55656 moveto
179.35066 93.32117 179.83195 94.46178 179.75632 95.63527 curveto
179.83195 94.46178 180.45567 93.3924 181.43985 92.7488 curveto stroke
newpath 23.48105 0.00584 moveto
23.19391 4.46165 22.78967 8.90907 22.26886 13.34355 curveto
21.98099 15.79474 21.55103 18.22641 21.05685 20.64421 curveto
20.74162 22.18567 20.3206 23.70287 19.84448 25.20236 curveto
19.51047 26.25385 19.09418 27.27649 18.63248 28.27817 curveto
18.28369 29.03503 17.87013 29.75978 17.42029 30.46138 curveto
17.05891 31.02524 16.64719 31.55444 16.2081 32.05994 curveto
15.83597 32.48827 15.42606 32.88174 14.99591 33.25188 curveto
14.61484 33.57968 14.20639 33.87375 13.78372 34.14555 curveto
13.39572 34.39493 12.98874 34.61328 12.57153 34.81012 curveto
12.17824 34.99582 11.77217 35.15306 11.35953 35.29024 curveto
10.96204 35.42232 10.55688 35.52885 10.14717 35.6155 curveto
9.74693 35.70033 9.34215 35.7618 8.93517 35.80376 curveto
8.53256 35.84535 8.12776 35.86578 7.72298 35.86542 curveto stroke
newpath 24.78012 3.08455 moveto
23.8867 2.31995 23.40541 1.17934 23.48105 0.00584 curveto
23.40541 1.17934 22.7817 2.24872 21.79752 2.89232 curveto stroke
 0 1.4944 dtransform truncate idtransform setlinewidth pop
newpath 104.63976 95.6382 moveto
104.92688 91.18147 105.33113 86.73314 105.85213 82.29756 curveto
106.13998 79.84674 106.56995 77.41544 107.06413 74.99782 curveto
107.37935 73.456 107.80038 71.93861 108.2765 70.43875 curveto
108.61034 69.38745 109.02661 68.3648 109.48833 67.36331 curveto
109.8373 66.60626 110.25084 65.88133 110.7007 65.17973 curveto
111.06226 64.61588 111.47397 64.08649 111.91324 63.58081 curveto
112.28539 63.1525 112.6951 62.75919 113.12506 62.38924 curveto
113.50615 62.06143 113.91458 61.76736 114.33743 61.49556 curveto
114.72563 61.246 115.13261 61.02783 115.5498 60.83083 curveto
115.9431 60.64511 116.34917 60.48805 116.76181 60.35088 curveto
117.1593 60.2188 117.56447 60.11226 117.97418 60.02562 curveto
118.3744 59.94078 118.77902 59.87932 119.186 59.83736 curveto
119.58879 59.79576 119.99358 59.7757 120.39856 59.7757 curveto
120.80334 59.7757 121.20815 59.79594 121.61093 59.83754 curveto
122.0179 59.87949 122.42252 59.94115 122.82275 60.02597 curveto
123.23247 60.11281 123.6378 60.21916 124.03511 60.35123 curveto
124.44794 60.48842 124.85382 60.64566 125.24712 60.83154 curveto
125.66432 61.02856 126.0713 61.24673 126.45949 61.49629 curveto
126.88234 61.7681 127.29079 62.06235 127.67186 62.39034 curveto
128.10182 62.76047 128.51172 63.15395 128.88368 63.58246 curveto
129.32295 64.0883 129.73468 64.61806 130.09624 65.1821 curveto
130.54608 65.88388 130.95981 66.60901 131.30861 67.36623 curveto
131.77031 68.36827 132.1866 69.39146 132.52043 70.44331 curveto
132.99655 71.94354 133.41757 73.46127 133.7328 75.00346 curveto
134.22716 77.42273 134.65694 79.85568 134.9448 82.30833 curveto
135.46579 86.747 135.87004 91.19861 136.15717 95.65863 curveto stroke
newpath 134.47385 92.77199 moveto
135.458 93.41566 136.08162 94.48512 136.15717 95.65863 curveto
136.08162 94.48512 136.563 93.34453 137.45648 92.58 curveto stroke
newpath 103.34059 92.55954 moveto
104.23402 93.32411 104.71535 94.4647 104.63976 95.6382 curveto
104.71535 94.4647 105.33904 93.39531 106.3232 92.75168 curveto stroke
newpath 142.19804 0.00584 moveto
142.48517 4.4622 142.88942 8.90999 143.41042 13.345 curveto
143.69827 15.79565 144.12823 18.22678 144.62242 20.64421 curveto
144.93764 22.18567 145.35866 23.70287 145.83478 25.20236 curveto
146.16861 26.25366 146.5849 27.27649 147.0466 28.27817 curveto
147.3954 29.03503 147.80913 29.75978 148.25897 30.46138 curveto
148.62035 31.02524 149.03207 31.55463 149.47134 32.0603 curveto
149.8433 32.48862 150.25339 32.88193 150.68335 33.25188 curveto
151.06442 33.57968 151.47287 33.87411 151.89572 34.14592 curveto
152.2839 34.3953 152.69089 34.61346 153.1081 34.81029 curveto
153.50139 34.996 153.90727 35.15324 154.31992 35.29024 curveto
154.7174 35.42232 155.12256 35.52885 155.53229 35.6155 curveto
155.93251 35.70033 156.33731 35.7618 156.7443 35.80376 curveto
157.14706 35.84535 157.55186 35.86542 157.95665 35.86542 curveto
158.36145 35.86542 158.76624 35.84517 159.16902 35.80357 curveto
159.576 35.76163 159.9808 35.69997 160.38103 35.61514 curveto
160.79074 35.5283 161.19609 35.42195 161.5934 35.28989 curveto
162.00604 35.1527 162.41193 34.99527 162.80522 34.80957 curveto
163.22241 34.61255 163.6294 34.39438 164.0176 34.14482 curveto
164.44044 33.87302 164.84888 33.57877 165.22997 33.25078 curveto
165.66011 32.88065 166.07 32.48717 166.44197 32.05865 curveto
166.88124 31.55281 167.29277 31.02306 167.65434 30.45901 curveto
168.10419 29.75723 168.51791 29.03229 168.8667 28.27525 curveto
169.32841 27.27303 169.74469 26.24965 170.07852 25.1978 curveto
170.55464 23.69757 170.97568 22.17984 171.2909 20.63765 curveto
171.78526 18.21838 172.21504 15.78543 172.5029 13.33278 curveto
173.0239 8.89412 173.42815 4.4425 173.71527 -0.01752 curveto stroke
newpath 175.01459 3.06111 moveto
174.12111 2.29659 173.63972 1.15599 173.71527 -0.01752 curveto
173.63972 1.15599 173.0161 2.22545 172.03195 2.86913 curveto stroke
newpath 143.88153 2.89235 moveto
142.89737 2.24873 142.27365 1.17934 142.19804 0.00584 curveto
142.27365 1.17934 141.79236 2.31993 140.89893 3.08452 curveto stroke
showpage
%%EOF
