%!PS
%%BoundingBox: -1 -1 141 140 
%%HiResBoundingBox: -0.24907 -0.24907 140.09929 139.7257 
%%Creator: MetaPost 2.000
%%CreationDate: 2017.06.16:1148
%%Pages: 1
%%BeginProlog
%%EndProlog
%%Page: 1 1
 0 0 0 setrgbcolor 0 0.49814 dtransform truncate idtransform setlinewidth pop [] 0 setdash 1 setlinecap
 1 setlinejoin 10 setmiterlimit
newpath 0 69.73831 moveto
139.47662 69.73831 lineto stroke
newpath 134.49532 72.22897 moveto
135.67125 70.66106 137.51674 69.73831 139.47662 69.73831 curveto
137.51674 69.73831 135.67125 68.81557 134.49532 67.24765 curveto stroke
 0.49814 0 dtransform exch truncate exch idtransform pop setlinewidth
newpath 69.73831 0 moveto
69.73831 139.47662 lineto stroke
 0 0.49814 dtransform truncate idtransform setlinewidth pop
newpath 67.24765 134.49532 moveto
68.81557 135.67125 69.73831 137.51674 69.73831 139.47662 curveto
69.73831 137.51674 70.66106 135.67125 72.22897 134.49532 curveto stroke
 0.49814 0 dtransform exch truncate exch idtransform pop setlinewidth
newpath 27.89532 67.74579 moveto
27.89532 71.73083 lineto stroke
newpath 69.73831 67.74579 moveto
69.73831 71.73083 lineto stroke
newpath 111.5813 67.74579 moveto
111.5813 71.73083 lineto stroke
 0 0.49814 dtransform truncate idtransform setlinewidth pop
newpath 71.73083 27.89532 moveto
67.74579 27.89532 lineto stroke
newpath 71.73083 69.73831 moveto
67.74579 69.73831 lineto stroke
newpath 71.73083 111.5813 moveto
67.74579 111.5813 lineto stroke
 0.7 setgray
newpath 111.5813 69.73831 moveto
111.5813 80.83626 107.172 91.47833 99.32516 99.32516 curveto
91.47833 107.172 80.83626 111.5813 69.73831 111.5813 curveto
58.64037 111.5813 47.99829 107.172 40.15146 99.32516 curveto
32.30463 91.47833 27.89532 80.83626 27.89532 69.73831 curveto
27.89532 58.64037 32.30463 47.99829 40.15146 40.15146 curveto
47.99829 32.30463 58.64037 27.89532 69.73831 27.89532 curveto
80.83626 27.89532 91.47833 32.30463 99.32516 40.15146 curveto
107.172 47.99829 111.5813 58.64037 111.5813 69.73831 curveto closepath stroke
 0 0 0 setrgbcolor
newpath 90.58043 71.5618 moveto
90.52722 72.16812 90.44762 72.77191 90.34184 73.37123 curveto
90.23607 73.97075 90.10455 74.56517 89.94705 75.1532 curveto
89.78957 75.74124 89.60632 76.32204 89.39818 76.8941 curveto
89.19003 77.46597 88.95679 78.02867 88.69948 78.58032 curveto
88.44217 79.13196 88.16103 79.67232 87.85669 80.19948 curveto
87.55235 80.72644 87.22525 81.23978 86.8762 81.7382 curveto
86.52718 82.23685 86.15643 82.71997 85.76527 83.18626 curveto
85.3741 83.65256 84.9625 84.10162 84.53217 84.53217 curveto
84.10184 84.9625 83.65277 85.37389 83.18648 85.76506 curveto
82.72018 86.15623 82.23706 86.52718 81.73842 86.8762 curveto
81.23978 87.22546 80.72623 87.55257 80.19907 87.8569 curveto
79.67189 88.16124 79.13196 88.44238 78.58032 88.69969 curveto
78.02846 88.957 77.46576 89.19003 76.89368 89.39818 curveto
76.32161 89.60632 75.74103 89.78957 75.15298 89.94705 curveto
74.56517 90.10455 73.97054 90.23607 73.37123 90.34184 curveto
72.7717 90.44762 72.16792 90.52744 71.56158 90.58043 curveto
70.95546 90.6334 70.3472 90.6598 69.73874 90.6598 curveto
69.13007 90.6598 68.52159 90.6334 67.91504 90.58043 curveto
67.3087 90.52744 66.70493 90.44762 66.1054 90.34184 curveto
65.50587 90.23607 64.91145 90.10455 64.32343 89.94705 curveto
63.7356 89.78957 63.1548 89.60632 62.58295 89.39818 curveto
62.01086 89.19003 61.44817 88.957 60.8963 88.69969 curveto stroke
newpath 64.23662 88.60826 moveto
63.19962 89.16275 61.96208 89.19661 60.8963 88.69969 curveto
61.96208 89.19661 62.73169 90.16632 62.97362 91.3171 curveto stroke
newpath 69.73831 71.73083 moveto
69.20984 71.73083 68.70308 71.52087 68.3294 71.14722 curveto
67.95575 70.77354 67.74579 70.26678 67.74579 69.73831 curveto
67.74579 69.20984 67.95575 68.70308 68.3294 68.3294 curveto
68.70308 67.95575 69.20984 67.74579 69.73831 67.74579 curveto
70.26678 67.74579 70.77354 67.95575 71.14722 68.3294 curveto
71.52087 68.70308 71.73083 69.20984 71.73083 69.73831 curveto
71.73083 70.26678 71.52087 70.77354 71.14722 71.14722 curveto
70.77354 71.52087 70.26678 71.73083 69.73831 71.73083 curveto closepath fill
newpath 48.81682 107.99484 moveto
48.28835 107.99484 47.78159 107.78488 47.40791 107.41122 curveto
47.03426 107.03755 46.8243 106.53079 46.8243 106.00232 curveto
46.8243 105.47385 47.03426 104.96709 47.40791 104.59341 curveto
47.78159 104.21976 48.28835 104.0098 48.81682 104.0098 curveto
49.34529 104.0098 49.85205 104.21976 50.22572 104.59341 curveto
50.59938 104.96709 50.80934 105.47385 50.80934 106.00232 curveto
50.80934 106.53079 50.59938 107.03755 50.22572 107.41122 curveto
49.85205 107.78488 49.34529 107.99484 48.81682 107.99484 curveto closepath fill
 0 1.24533 dtransform truncate idtransform setlinewidth pop
newpath 139.47662 69.73831 moveto
69.73831 69.73831 lineto
34.86916 130.133 lineto stroke
newpath 35.06937 126.79742 moveto
35.5313 127.87883 35.45712 129.11461 34.86916 130.133 curveto
35.45712 129.11461 36.49025 128.43248 37.65775 128.29184 curveto stroke
showpage
%%EOF
