%!PS
%%BoundingBox: -1 -1 214 180 
%%HiResBoundingBox: -0.24907 -0.24907 213.9193 179.57616 
%%Creator: MetaPost 2.000
%%CreationDate: 2017.06.16:1148
%%Pages: 1
%%BeginProlog
%%EndProlog
%%Page: 1 1
 0 0 0 setrgbcolor 0 0.49814 dtransform truncate idtransform setlinewidth pop [] 0 setdash 1 setlinecap
 1 setlinejoin 10 setmiterlimit
newpath 0 89.66354 moveto
179.32709 89.66354 lineto stroke
newpath 174.34578 92.1542 moveto
175.52171 90.58629 177.3672 89.66354 179.32709 89.66354 curveto
177.3672 89.66354 175.52171 88.7408 174.34578 87.17288 curveto stroke
 0.49814 0 dtransform exch truncate exch idtransform pop setlinewidth
newpath 89.66354 0 moveto
89.66354 179.32709 lineto stroke
 0 0.49814 dtransform truncate idtransform setlinewidth pop
newpath 87.17288 174.34578 moveto
88.7408 175.52171 89.66354 177.3672 89.66354 179.32709 curveto
89.66354 177.3672 90.58629 175.52171 92.1542 174.34578 curveto stroke
 0.49814 0 dtransform exch truncate exch idtransform pop setlinewidth
newpath 35.86542 87.67102 moveto
35.86542 91.65607 lineto stroke
newpath 89.66354 87.67102 moveto
89.66354 91.65607 lineto stroke
newpath 143.46167 87.67102 moveto
143.46167 91.65607 lineto stroke
 0 0.49814 dtransform truncate idtransform setlinewidth pop
newpath 91.65607 35.86542 moveto
87.67102 35.86542 lineto stroke
newpath 91.65607 89.66354 moveto
87.67102 89.66354 lineto stroke
newpath 91.65607 143.46167 moveto
87.67102 143.46167 lineto stroke
 0.7 setgray
newpath 143.46167 89.66354 moveto
143.46167 103.93233 137.79257 117.61499 127.70378 127.70378 curveto
117.61499 137.79257 103.93233 143.46167 89.66354 143.46167 curveto
75.39476 143.46167 61.7121 137.79257 51.6233 127.70378 curveto
41.53452 117.61499 35.86542 103.93233 35.86542 89.66354 curveto
35.86542 75.39476 41.53452 61.7121 51.6233 51.6233 curveto
61.7121 41.53452 75.39476 35.86542 89.66354 35.86542 curveto
103.93233 35.86542 117.61499 41.53452 127.70378 51.6233 curveto
137.79257 61.7121 143.46167 75.39476 143.46167 89.66354 curveto closepath stroke
 0 0 0 setrgbcolor
newpath 116.70961 92.00801 moveto
116.70961 92.07407 116.68336 92.13742 116.63666 92.18413 curveto
116.58995 92.23083 116.5266 92.25708 116.46054 92.25708 curveto
116.39449 92.25708 116.33113 92.23083 116.28442 92.18413 curveto
116.23772 92.13742 116.21147 92.07407 116.21147 92.00801 curveto
116.21147 91.94196 116.23772 91.8786 116.28442 91.8319 curveto
116.33113 91.78519 116.39449 91.75894 116.46054 91.75894 curveto
116.5266 91.75894 116.58995 91.78519 116.63666 91.8319 curveto
116.68336 91.8786 116.70961 91.94196 116.70961 92.00801 curveto closepath fill
newpath 116.27429 95.01279 moveto
116.27429 95.07884 116.24805 95.1422 116.20134 95.1889 curveto
116.15463 95.23561 116.09128 95.26186 116.02522 95.26186 curveto
115.95917 95.26186 115.89581 95.23561 115.8491 95.1889 curveto
115.8024 95.1422 115.77615 95.07884 115.77615 95.01279 curveto
115.77615 94.94673 115.8024 94.88338 115.8491 94.83667 curveto
115.89581 94.78996 115.95917 94.76372 116.02522 94.76372 curveto
116.09128 94.76372 116.15463 94.78996 116.20134 94.83667 curveto
116.24805 94.88338 116.27429 94.94673 116.27429 95.01279 curveto closepath fill
newpath 115.50381 97.94965 moveto
115.50381 98.0157 115.47757 98.07906 115.43086 98.12576 curveto
115.38416 98.17247 115.3208 98.19872 115.25475 98.19872 curveto
115.18869 98.19872 115.12534 98.17247 115.07863 98.12576 curveto
115.03192 98.07906 115.00568 98.0157 115.00568 97.94965 curveto
115.00568 97.88359 115.03192 97.82024 115.07863 97.77353 curveto
115.12534 97.72682 115.18869 97.70058 115.25475 97.70058 curveto
115.3208 97.70058 115.38416 97.72682 115.43086 97.77353 curveto
115.47757 97.82024 115.50381 97.88359 115.50381 97.94965 curveto closepath fill
newpath 114.40683 100.7807 moveto
114.40683 100.84676 114.38058 100.91011 114.33388 100.95682 curveto
114.28717 101.00352 114.22382 101.02977 114.15776 101.02977 curveto
114.0917 101.02977 114.02835 101.00352 113.98164 100.95682 curveto
113.93494 100.91011 113.90869 100.84676 113.90869 100.7807 curveto
113.90869 100.71465 113.93494 100.65129 113.98164 100.60458 curveto
114.02835 100.55788 114.0917 100.53163 114.15776 100.53163 curveto
114.22382 100.53163 114.28717 100.55788 114.33388 100.60458 curveto
114.38058 100.65129 114.40683 100.71465 114.40683 100.7807 curveto closepath fill
newpath 112.99799 103.47035 moveto
112.99799 103.5364 112.97174 103.59976 112.92503 103.64647 curveto
112.87833 103.69318 112.81497 103.71942 112.74892 103.71942 curveto
112.68286 103.71942 112.6195 103.69318 112.5728 103.64647 curveto
112.5261 103.59976 112.49985 103.5364 112.49985 103.47035 curveto
112.49985 103.4043 112.5261 103.34094 112.5728 103.29424 curveto
112.6195 103.24753 112.68286 103.22128 112.74892 103.22128 curveto
112.81497 103.22128 112.87833 103.24753 112.92503 103.29424 curveto
112.97174 103.34094 112.99799 103.4043 112.99799 103.47035 curveto closepath fill
newpath 111.29492 105.98395 moveto
111.29492 106.05 111.26868 106.11336 111.22197 106.16006 curveto
111.17526 106.20677 111.11191 106.23302 111.04585 106.23302 curveto
110.9798 106.23302 110.91644 106.20677 110.86974 106.16006 curveto
110.82303 106.11336 110.79678 106.05 110.79678 105.98395 curveto
110.79678 105.9179 110.82303 105.85454 110.86974 105.80783 curveto
110.91644 105.76112 110.9798 105.73488 111.04585 105.73488 curveto
111.11191 105.73488 111.17526 105.76112 111.22197 105.80783 curveto
111.26868 105.85454 111.29492 105.9179 111.29492 105.98395 curveto closepath fill
newpath 109.31967 108.28967 moveto
109.31967 108.35573 109.29343 108.41908 109.24672 108.46579 curveto
109.20001 108.5125 109.13666 108.53874 109.0706 108.53874 curveto
109.00455 108.53874 108.9412 108.5125 108.89449 108.46579 curveto
108.84778 108.41908 108.82153 108.35573 108.82153 108.28967 curveto
108.82153 108.22362 108.84778 108.16026 108.89449 108.11356 curveto
108.9412 108.06685 109.00455 108.0406 109.0706 108.0406 curveto
109.13666 108.0406 109.20001 108.06685 109.24672 108.11356 curveto
109.29343 108.16026 109.31967 108.22362 109.31967 108.28967 curveto closepath fill
newpath 107.09691 110.35799 moveto
107.09691 110.42404 107.07066 110.4874 107.02396 110.5341 curveto
106.97725 110.58081 106.9139 110.60706 106.84784 110.60706 curveto
106.78178 110.60706 106.71843 110.58081 106.67172 110.5341 curveto
106.62502 110.4874 106.59877 110.42404 106.59877 110.35799 curveto
106.59877 110.29193 106.62502 110.22858 106.67172 110.18187 curveto
106.71843 110.13516 106.78178 110.10892 106.84784 110.10892 curveto
106.9139 110.10892 106.97725 110.13516 107.02396 110.18187 curveto
107.07066 110.22858 107.09691 110.29193 107.09691 110.35799 curveto closepath fill
newpath 104.65547 112.1627 moveto
104.65547 112.22876 104.62923 112.29211 104.58252 112.33882 curveto
104.53581 112.38553 104.47246 112.41177 104.4064 112.41177 curveto
104.34035 112.41177 104.277 112.38553 104.23029 112.33882 curveto
104.18358 112.29211 104.15733 112.22876 104.15733 112.1627 curveto
104.15733 112.09665 104.18358 112.0333 104.23029 111.98659 curveto
104.277 111.93988 104.34035 111.91364 104.4064 111.91364 curveto
104.47246 111.91364 104.53581 111.93988 104.58252 111.98659 curveto
104.62923 112.0333 104.65547 112.09665 104.65547 112.1627 curveto closepath fill
newpath 102.02612 113.6808 moveto
102.02612 113.74686 101.99988 113.81021 101.95317 113.85692 curveto
101.90646 113.90363 101.84311 113.92987 101.77705 113.92987 curveto
101.711 113.92987 101.64764 113.90363 101.60094 113.85692 curveto
101.55423 113.81021 101.52798 113.74686 101.52798 113.6808 curveto
101.52798 113.61475 101.55423 113.55139 101.60094 113.50468 curveto
101.64764 113.45798 101.711 113.43173 101.77705 113.43173 curveto
101.84311 113.43173 101.90646 113.45798 101.95317 113.50468 curveto
101.99988 113.55139 102.02612 113.61475 102.02612 113.6808 curveto closepath fill
newpath 99.24236 114.89285 moveto
99.24236 114.95891 99.21611 115.02226 99.1694 115.06897 curveto
99.1227 115.11568 99.05934 115.14192 98.99329 115.14192 curveto
98.92723 115.14192 98.86388 115.11568 98.81717 115.06897 curveto
98.77046 115.02226 98.74422 114.95891 98.74422 114.89285 curveto
98.74422 114.8268 98.77046 114.76344 98.81717 114.71674 curveto
98.86388 114.67003 98.92723 114.64378 98.99329 114.64378 curveto
99.05934 114.64378 99.1227 114.67003 99.1694 114.71674 curveto
99.21611 114.76344 99.24236 114.8268 99.24236 114.89285 curveto closepath fill
newpath 96.33963 115.78355 moveto
96.33963 115.84961 96.31339 115.91296 96.26668 115.95967 curveto
96.21997 116.00638 96.15662 116.03262 96.09056 116.03262 curveto
96.0245 116.03262 95.96115 116.00638 95.91444 115.95967 curveto
95.86774 115.91296 95.84149 115.84961 95.84149 115.78355 curveto
95.84149 115.7175 95.86774 115.65414 95.91444 115.60744 curveto
95.96115 115.56073 96.0245 115.53448 96.09056 115.53448 curveto
96.15662 115.53448 96.21997 115.56073 96.26668 115.60744 curveto
96.31339 115.65414 96.33963 115.7175 96.33963 115.78355 curveto closepath fill
newpath 93.35493 116.34157 moveto
93.35493 116.40762 93.32869 116.47098 93.28198 116.51768 curveto
93.23528 116.56439 93.17192 116.59064 93.10587 116.59064 curveto
93.03981 116.59064 92.97646 116.56439 92.92975 116.51768 curveto
92.88304 116.47098 92.8568 116.40762 92.8568 116.34157 curveto
92.8568 116.27551 92.88304 116.21216 92.92975 116.16545 curveto
92.97646 116.11874 93.03981 116.0925 93.10587 116.0925 curveto
93.17192 116.0925 93.23528 116.11874 93.28198 116.16545 curveto
93.32869 116.21216 93.35493 116.27551 93.35493 116.34157 curveto closepath fill
newpath 90.32681 116.55945 moveto
90.32681 116.6255 90.30057 116.68886 90.25386 116.73557 curveto
90.20715 116.78227 90.1438 116.80852 90.07774 116.80852 curveto
90.01169 116.80852 89.94833 116.78227 89.90163 116.73557 curveto
89.85492 116.68886 89.82867 116.6255 89.82867 116.55945 curveto
89.82867 116.4934 89.85492 116.43004 89.90163 116.38333 curveto
89.94833 116.33662 90.01169 116.31038 90.07774 116.31038 curveto
90.1438 116.31038 90.20715 116.33662 90.25386 116.38333 curveto
90.30057 116.43004 90.32681 116.4934 90.32681 116.55945 curveto closepath fill
newpath 87.29315 116.43504 moveto
87.29315 116.5011 87.2669 116.56445 87.2202 116.61116 curveto
87.1735 116.65787 87.11014 116.68411 87.04408 116.68411 curveto
86.97803 116.68411 86.91467 116.65787 86.86797 116.61116 curveto
86.82126 116.56445 86.79501 116.5011 86.79501 116.43504 curveto
86.79501 116.36899 86.82126 116.30563 86.86797 116.25893 curveto
86.91467 116.21222 86.97803 116.18597 87.04408 116.18597 curveto
87.11014 116.18597 87.1735 116.21222 87.2202 116.25893 curveto
87.2669 116.30563 87.29315 116.36899 87.29315 116.43504 curveto closepath fill
newpath 84.29294 115.96895 moveto
84.29294 116.035 84.2667 116.09836 84.21999 116.14507 curveto
84.17328 116.19177 84.10992 116.21802 84.04387 116.21802 curveto
83.97781 116.21802 83.91446 116.19177 83.86775 116.14507 curveto
83.82104 116.09836 83.7948 116.035 83.7948 115.96895 curveto
83.7948 115.9029 83.82104 115.83954 83.86775 115.79283 curveto
83.91446 115.74612 83.97781 115.71988 84.04387 115.71988 curveto
84.10992 115.71988 84.17328 115.74612 84.21999 115.79283 curveto
84.2667 115.83954 84.29294 115.9029 84.29294 115.96895 curveto closepath fill
newpath 81.36404 115.16814 moveto
81.36404 115.23419 81.3378 115.29755 81.29109 115.34425 curveto
81.24438 115.39096 81.18103 115.4172 81.11497 115.4172 curveto
81.04892 115.4172 80.98557 115.39096 80.93886 115.34425 curveto
80.89215 115.29755 80.8659 115.23419 80.8659 115.16814 curveto
80.8659 115.10208 80.89215 115.03873 80.93886 114.99202 curveto
80.98557 114.94531 81.04892 114.91907 81.11497 114.91907 curveto
81.18103 114.91907 81.24438 114.94531 81.29109 114.99202 curveto
81.3378 115.03873 81.36404 115.10208 81.36404 115.16814 curveto closepath fill
newpath 78.54433 114.04247 moveto
78.54433 114.10852 78.51808 114.17188 78.47137 114.21858 curveto
78.42467 114.26529 78.36131 114.29153 78.29526 114.29153 curveto
78.2292 114.29153 78.16585 114.26529 78.11914 114.21858 curveto
78.07243 114.17188 78.04619 114.10852 78.04619 114.04247 curveto
78.04619 113.97641 78.07243 113.91306 78.11914 113.86635 curveto
78.16585 113.81964 78.2292 113.7934 78.29526 113.7934 curveto
78.36131 113.7934 78.42467 113.81964 78.47137 113.86635 curveto
78.51808 113.91306 78.54433 113.97641 78.54433 114.04247 curveto closepath fill
newpath 81.63557 113.95103 moveto
80.59857 114.50552 79.36104 114.53938 78.29526 114.04247 curveto
79.36104 114.53938 80.13065 115.5091 80.37257 116.65987 curveto stroke
 1 1 1 setrgbcolor
newpath 206.6262 112.69127 moveto
206.6262 116.08458 205.27802 119.33832 202.87881 121.73752 curveto
200.47961 124.13672 197.22586 125.48491 193.83257 125.48491 curveto
128.95619 125.48491 lineto
125.5629 125.48491 122.30914 124.13672 119.90994 121.73752 curveto
117.51074 119.33832 116.16255 116.08458 116.16255 112.69127 curveto
116.16255 120.43394 lineto
116.16255 117.04063 117.51074 113.7869 119.90994 111.3877 curveto
122.30914 108.9885 125.5629 107.6403 128.95619 107.6403 curveto
193.83257 107.6403 lineto
197.22586 107.6403 200.47961 108.9885 202.87881 111.3877 curveto
205.27802 113.7869 206.6262 117.04063 206.6262 120.43394 curveto
 closepath fill
 0 0 0 setrgbcolor
newpath 116.46054 87.31908 moveto
116.39214 86.53949 116.2898 85.7632 116.15381 84.99266 curveto
116.0178 84.22183 115.84871 83.45758 115.64621 82.70154 curveto
115.44373 81.9455 115.20813 81.19876 114.94052 80.46324 curveto
114.67291 79.72798 114.373 79.0045 114.04219 78.29526 curveto
113.71136 77.586 113.3499 76.89125 112.9586 76.21347 curveto
112.56732 75.53595 112.14674 74.87596 111.69798 74.2351 curveto
111.24924 73.594 110.77257 72.97285 110.26964 72.37332 curveto
109.7667 71.77379 109.23749 71.19643 108.6842 70.64288 curveto
108.13094 70.0896 107.55356 69.56067 106.95404 69.05772 curveto
106.3545 68.5548 105.73337 68.07785 105.09225 67.6291 curveto
104.45113 67.18007 103.79086 66.7595 103.11308 66.36821 curveto
102.43529 65.97691 101.74109 65.61545 101.03183 65.28462 curveto
100.32231 64.95381 99.59883 64.65417 98.86331 64.38657 curveto
98.12778 64.11896 97.38132 63.88336 96.62527 63.68088 curveto
95.8695 63.47838 95.10498 63.30928 94.33443 63.17328 curveto
93.56361 63.0373 92.78732 62.93468 92.00775 62.86655 curveto
91.22844 62.79842 90.4464 62.76448 89.6641 62.76448 curveto
88.8815 62.76448 88.0992 62.79842 87.31934 62.86655 curveto
86.53976 62.93468 85.76347 63.0373 84.99266 63.17328 curveto
84.22183 63.30928 83.45758 63.47838 82.70154 63.68088 curveto
81.94577 63.88336 81.19904 64.11896 80.46378 64.38657 curveto
79.72826 64.65417 79.00478 64.95381 78.29526 65.28462 curveto stroke
newpath 80.37257 62.66722 moveto
80.13065 63.818 79.36104 64.7877 78.29526 65.28462 curveto
79.36104 64.7877 80.59857 64.82156 81.63557 65.37605 curveto stroke
newpath 89.66354 89.66354 moveto
88.64497 91.42776 lineto stroke
newpath 86.6071 94.95744 moveto
84.56923 98.48717 lineto stroke
newpath 82.53137 102.01677 moveto
80.49327 105.54686 lineto stroke
newpath 78.45563 109.0761 moveto
76.41776 112.60577 lineto stroke
newpath 74.37988 116.13544 moveto
72.34196 119.6652 lineto stroke
newpath 70.30481 123.1936 moveto
68.2669 126.72333 lineto stroke
newpath 66.22905 130.25294 moveto
64.19104 133.78284 lineto stroke
newpath 62.1533 137.31229 moveto
60.11552 140.84183 lineto stroke
newpath 58.07756 144.37163 moveto
56.03964 147.9014 lineto stroke
newpath 54.00182 151.43097 moveto
51.96396 154.9606 lineto stroke
newpath 49.92677 158.4891 moveto
47.8889 162.0188 lineto stroke
newpath 45.85034 165.54962 moveto
44.83177 167.31384 lineto stroke
 1 1 1 setrgbcolor
newpath 213.9193 58.89314 moveto
213.9193 62.28645 212.57112 65.54019 210.17192 67.93939 curveto
207.77272 70.3386 204.51897 71.68678 201.12566 71.68678 curveto
121.6631 71.68678 lineto
118.26979 71.68678 115.01604 70.3386 112.61684 67.93939 curveto
110.21764 65.54019 108.86946 62.28645 108.86946 58.89314 curveto
108.86946 66.63582 lineto
108.86946 63.24251 110.21764 59.98877 112.61684 57.58957 curveto
115.01604 55.19037 118.26979 53.84218 121.6631 53.84218 curveto
201.12566 53.84218 lineto
204.51897 53.84218 207.77272 55.19037 210.17192 57.58957 curveto
212.57112 59.98877 213.9193 63.24251 213.9193 66.63582 curveto
 closepath fill
 0 0 0 setrgbcolor 0 1.24533 dtransform truncate idtransform setlinewidth pop
newpath 179.32709 89.66354 moveto
89.66354 89.66354 lineto
44.83177 12.01324 lineto stroke
newpath 47.62036 13.8544 moveto
46.45287 13.71376 45.41974 13.03163 44.83177 12.01324 curveto
45.41974 13.03163 45.49391 14.26741 45.03198 15.34882 curveto stroke
newpath 176.3383 91.15794 moveto
177.04385 90.2172 178.15115 89.66354 179.32709 89.66354 curveto
178.15115 89.66354 177.04385 89.1099 176.3383 88.16914 curveto stroke
showpage
%%EOF
