%!PS
%%BoundingBox: -1 -1 180 180 
%%HiResBoundingBox: -0.24907 -0.24907 179.94975 179.57616 
%%Creator: MetaPost 2.000
%%CreationDate: 2017.06.16:1148
%%Pages: 1
%%BeginProlog
%%EndProlog
%%Page: 1 1
 0 0 0 setrgbcolor 0 0.49814 dtransform truncate idtransform setlinewidth pop [] 0 setdash 1 setlinecap
 1 setlinejoin 10 setmiterlimit
newpath 0 89.66354 moveto
179.32709 89.66354 lineto stroke
newpath 174.34578 92.1542 moveto
175.52171 90.58629 177.3672 89.66354 179.32709 89.66354 curveto
177.3672 89.66354 175.52171 88.7408 174.34578 87.17288 curveto stroke
 0.49814 0 dtransform exch truncate exch idtransform pop setlinewidth
newpath 89.66354 0 moveto
89.66354 179.32709 lineto stroke
 0 0.49814 dtransform truncate idtransform setlinewidth pop
newpath 87.17288 174.34578 moveto
88.7408 175.52171 89.66354 177.3672 89.66354 179.32709 curveto
89.66354 177.3672 90.58629 175.52171 92.1542 174.34578 curveto stroke
 0.49814 0 dtransform exch truncate exch idtransform pop setlinewidth
newpath 35.86542 87.67102 moveto
35.86542 91.65607 lineto stroke
newpath 89.66354 87.67102 moveto
89.66354 91.65607 lineto stroke
newpath 143.46167 87.67102 moveto
143.46167 91.65607 lineto stroke
 0 0.49814 dtransform truncate idtransform setlinewidth pop
newpath 91.65607 35.86542 moveto
87.67102 35.86542 lineto stroke
newpath 91.65607 89.66354 moveto
87.67102 89.66354 lineto stroke
newpath 91.65607 143.46167 moveto
87.67102 143.46167 lineto stroke
 0.7 setgray
newpath 143.46167 89.66354 moveto
143.46167 103.93233 137.79257 117.61499 127.70378 127.70378 curveto
117.61499 137.79257 103.93233 143.46167 89.66354 143.46167 curveto
75.39476 143.46167 61.7121 137.79257 51.6233 127.70378 curveto
41.53452 117.61499 35.86542 103.93233 35.86542 89.66354 curveto
35.86542 75.39476 41.53452 61.7121 51.6233 51.6233 curveto
61.7121 41.53452 75.39476 35.86542 89.66354 35.86542 curveto
103.93233 35.86542 117.61499 41.53452 127.70378 51.6233 curveto
137.79257 61.7121 143.46167 75.39476 143.46167 89.66354 curveto closepath stroke
 0 0 0 setrgbcolor
newpath 116.46054 92.00801 moveto
116.39214 92.7876 116.2898 93.56389 116.15381 94.33443 curveto
116.0178 95.10526 115.84871 95.8695 115.64621 96.62555 curveto
115.44373 97.38159 115.20813 98.12833 114.94052 98.86385 curveto
114.67291 99.5991 114.373 100.32259 114.04219 101.03183 curveto
113.71136 101.74109 113.3499 102.43584 112.9586 103.11362 curveto
112.56732 103.79114 112.14674 104.45113 111.69798 105.09198 curveto
111.24924 105.7331 110.77257 106.35423 110.26964 106.95377 curveto
109.7667 107.5533 109.23749 108.13066 108.6842 108.6842 curveto
108.13094 109.23749 107.55356 109.76642 106.95404 110.26936 curveto
106.3545 110.7723 105.73337 111.24924 105.09225 111.69798 curveto
104.45113 112.14702 103.79086 112.56758 103.11308 112.95888 curveto
102.43529 113.35017 101.74109 113.71164 101.03183 114.04247 curveto
100.32231 114.37328 99.59883 114.67291 98.86331 114.94052 curveto
98.12778 115.20813 97.38132 115.44373 96.62527 115.64621 curveto
95.8695 115.84871 95.10498 116.0178 94.33443 116.15381 curveto
93.56361 116.2898 92.78732 116.39241 92.00775 116.46054 curveto
91.22844 116.52867 90.4464 116.5626 89.6641 116.5626 curveto
88.8815 116.5626 88.0992 116.52867 87.31934 116.46054 curveto
86.53976 116.39241 85.76347 116.2898 84.99266 116.15381 curveto
84.22183 116.0178 83.45758 115.84871 82.70154 115.64621 curveto
81.94577 115.44373 81.19904 115.20813 80.46378 114.94052 curveto
79.72826 114.67291 79.00478 114.37328 78.29526 114.04247 curveto stroke
newpath 81.63557 113.95103 moveto
80.59857 114.50552 79.36104 114.53938 78.29526 114.04247 curveto
79.36104 114.53938 80.13065 115.5091 80.37257 116.65987 curveto stroke
newpath 89.66354 91.65607 moveto
89.13507 91.65607 88.62831 91.4461 88.25464 91.07245 curveto
87.88098 90.69878 87.67102 90.19202 87.67102 89.66354 curveto
87.67102 89.13507 87.88098 88.62831 88.25464 88.25464 curveto
88.62831 87.88098 89.13507 87.67102 89.66354 87.67102 curveto
90.19202 87.67102 90.69878 87.88098 91.07245 88.25464 curveto
91.4461 88.62831 91.65607 89.13507 91.65607 89.66354 curveto
91.65607 90.19202 91.4461 90.69878 91.07245 91.07245 curveto
90.69878 91.4461 90.19202 91.65607 89.66354 91.65607 curveto closepath fill
newpath 62.76448 138.28122 moveto
62.23601 138.28122 61.72925 138.07126 61.35558 137.6976 curveto
60.98192 137.32393 60.77196 136.81717 60.77196 136.2887 curveto
60.77196 135.76022 60.98192 135.25346 61.35558 134.87979 curveto
61.72925 134.50613 62.23601 134.29617 62.76448 134.29617 curveto
63.29295 134.29617 63.79971 134.50613 64.17339 134.87979 curveto
64.54704 135.25346 64.757 135.76022 64.757 136.2887 curveto
64.757 136.81717 64.54704 137.32393 64.17339 137.6976 curveto
63.79971 138.07126 63.29295 138.28122 62.76448 138.28122 curveto closepath fill
 0 1.24533 dtransform truncate idtransform setlinewidth pop
newpath 179.32709 89.66354 moveto
89.66354 89.66354 lineto
44.83177 167.31384 lineto stroke
newpath 45.03198 163.97827 moveto
45.49391 165.05968 45.41974 166.29546 44.83177 167.31384 curveto
45.41974 166.29546 46.45287 165.61333 47.62036 165.47269 curveto stroke
showpage
%%EOF
