%!PS
%%BoundingBox: -1 -1 181 153 
%%HiResBoundingBox: -0.24907 -0.24907 180.07684 152.6771 
%%Creator: MetaPost 2.000
%%CreationDate: 2017.06.16:1148
%%Pages: 1
%%BeginProlog
%%EndProlog
%%Page: 1 1
 0 0 0 setrgbcolor 0 0.49814 dtransform truncate idtransform setlinewidth pop [] 0 setdash 1 setlinecap
 1 setlinejoin 10 setmiterlimit
newpath 0 62.76448 moveto
179.32709 62.76448 lineto stroke
newpath 174.34578 65.25514 moveto
175.52171 63.68723 177.3672 62.76448 179.32709 62.76448 curveto
177.3672 62.76448 175.52171 61.84174 174.34578 60.27382 curveto stroke
 0.49814 0 dtransform exch truncate exch idtransform pop setlinewidth
newpath 89.66354 0 moveto
89.66354 152.42802 lineto stroke
 0 0.49814 dtransform truncate idtransform setlinewidth pop
newpath 87.17288 147.44672 moveto
88.7408 148.62265 89.66354 150.46814 89.66354 152.42802 curveto
89.66354 150.46814 90.58629 148.62265 92.1542 147.44672 curveto stroke
 0.49814 0 dtransform exch truncate exch idtransform pop setlinewidth
newpath 35.86542 60.77196 moveto
35.86542 64.757 lineto stroke
newpath 89.66354 60.77196 moveto
89.66354 64.757 lineto stroke
newpath 143.46167 60.77196 moveto
143.46167 64.757 lineto stroke
 0 0.49814 dtransform truncate idtransform setlinewidth pop
newpath 91.65607 8.96635 moveto
87.67102 8.96635 lineto stroke
newpath 91.65607 62.76448 moveto
87.67102 62.76448 lineto stroke
newpath 91.65607 116.5626 moveto
87.67102 116.5626 lineto stroke
 0.7 setgray
newpath 143.46167 62.76448 moveto
143.46167 77.03326 137.79257 90.71593 127.70378 100.80472 curveto
117.61499 110.89351 103.93233 116.5626 89.66354 116.5626 curveto
75.39476 116.5626 61.7121 110.89351 51.6233 100.80472 curveto
41.53452 90.71593 35.86542 77.03326 35.86542 62.76448 curveto
35.86542 48.4957 41.53452 34.81303 51.6233 24.72424 curveto
61.7121 14.63545 75.39476 8.96635 89.66354 8.96635 curveto
103.93233 8.96635 117.61499 14.63545 127.70378 24.72424 curveto
137.79257 34.81303 143.46167 48.4957 143.46167 62.76448 curveto closepath stroke
 0 0 0 setrgbcolor
newpath 52.52246 78.53003 moveto
52.06384 77.44946 51.65286 76.34946 51.29002 75.23305 curveto
50.92719 74.11662 50.61333 72.98462 50.34927 71.84084 curveto
50.08522 70.69705 49.87097 69.54233 49.70761 68.37994 curveto
49.54425 67.21756 49.43152 66.0486 49.37022 64.87637 curveto stroke
newpath 51.01866 67.78307 moveto
50.04234 67.1276 49.43163 66.0507 49.37022 64.87637 curveto
49.43163 66.0507 48.93654 67.18542 48.03392 67.93913 curveto stroke
newpath 49.97914 76.36261 moveto
51.12077 76.64455 52.06303 77.44754 52.52246 78.53003 curveto
52.06303 77.44754 52.14009 76.21193 52.73042 75.19492 curveto stroke
newpath 89.66354 64.757 moveto
89.13507 64.757 88.62831 64.54704 88.25464 64.17339 curveto
87.88098 63.79971 87.67102 63.29295 87.67102 62.76448 curveto
87.67102 62.23601 87.88098 61.72925 88.25464 61.35558 curveto
88.62831 60.98192 89.13507 60.77196 89.66354 60.77196 curveto
90.19202 60.77196 90.69878 60.98192 91.07245 61.35558 curveto
91.4461 61.72925 91.65607 62.23601 91.65607 62.76448 curveto
91.65607 63.29295 91.4461 63.79971 91.07245 64.17339 curveto
90.69878 64.54704 90.19202 64.757 89.66354 64.757 curveto closepath fill
 1 1 1 setrgbcolor
newpath 180.07684 102.08203 moveto
180.07684 105.47534 178.72865 108.72908 176.32945 111.12828 curveto
173.93025 113.52748 170.6765 114.87567 167.2832 114.87567 curveto
110.67378 114.87567 lineto
107.28049 114.87567 104.02673 113.52748 101.62753 111.12828 curveto
99.22833 108.72908 97.88014 105.47534 97.88014 102.08203 curveto
97.88014 113.11047 lineto
97.88014 109.71716 99.22833 106.46342 101.62753 104.06422 curveto
104.02673 101.66502 107.28049 100.31683 110.67378 100.31683 curveto
167.2832 100.31683 lineto
170.6765 100.31683 173.93025 101.66502 176.32945 104.06422 curveto
178.72865 106.46342 180.07684 109.71716 180.07684 113.11047 curveto
 closepath fill
 0 0 0 setrgbcolor
newpath 130.01215 62.76448 moveto
130.0124 63.93863 129.96124 65.11197 129.8589 66.28174 curveto
129.75656 67.45097 129.60278 68.61499 129.39893 69.77081 curveto
129.19507 70.92719 128.94115 72.07397 128.63742 73.20818 curveto
128.33368 74.34183 127.98042 75.46153 127.57901 76.56425 curveto
127.17732 77.66754 126.72746 78.75249 126.23137 79.81665 curveto
125.73528 80.88052 125.19322 81.92224 124.60655 82.93878 curveto
124.0196 83.9556 123.38861 84.94614 122.71521 85.90768 curveto
122.04181 86.86894 121.32707 87.80038 120.57268 88.69954 curveto
119.818 89.59897 119.02448 90.46501 118.19427 91.29521 curveto
117.36435 92.12514 116.49858 92.91867 115.59943 93.67307 curveto
114.70027 94.42773 113.76828 95.14275 112.80675 95.81615 curveto
111.8452 96.48927 110.85493 97.12 109.8384 97.70694 curveto
108.82158 98.29388 107.77986 98.83649 106.71571 99.33286 curveto
105.6521 99.82895 104.56715 100.27798 103.46442 100.6794 curveto
102.36113 101.08081 101.24089 101.43434 100.10669 101.73836 curveto
98.97249 102.04236 97.8257 102.29655 96.66933 102.50041 curveto
95.5135 102.70427 94.34949 102.8575 93.18025 102.95984 curveto
92.01048 103.06218 90.83714 103.11308 89.663 103.11308 curveto
88.4894 103.11308 87.3166 103.06218 86.14738 102.95984 curveto
84.9776 102.8575 83.81303 102.70372 82.65666 102.49986 curveto
81.50111 102.296 80.3546 102.04208 79.22122 101.73836 curveto
78.08702 101.43434 76.96649 101.08109 75.86322 100.6794 curveto
74.76048 100.27798 73.67554 99.82867 72.61192 99.33286 curveto
71.54778 98.83676 70.50578 98.29442 69.48924 97.70749 curveto
68.4727 97.12054 67.48271 96.48927 66.52116 95.81615 curveto
65.55936 95.14247 64.62709 94.42773 63.72766 93.67307 curveto
62.82878 92.91893 61.96301 92.12569 61.13336 91.29604 curveto
60.30316 90.46584 59.5091 89.5998 58.75441 88.70036 curveto
58.00002 87.80121 57.28555 86.86949 56.61243 85.90823 curveto
55.93903 84.94641 55.30775 83.9556 54.72054 82.93878 curveto stroke
newpath 57.50934 84.77962 moveto
56.34184 84.6391 55.30862 83.9571 54.72054 82.93878 curveto
55.30862 83.9571 55.38295 85.19287 54.92114 86.27434 curveto stroke
 0 1.24533 dtransform truncate idtransform setlinewidth pop
newpath 179.32709 62.76448 moveto
89.66354 62.76448 lineto
8.39255 100.65642 lineto stroke
newpath 10.4699 98.03906 moveto
10.22795 99.18982 9.45833 100.15952 8.39255 100.65642 curveto
9.45833 100.15952 10.69585 100.19339 11.73283 100.7479 curveto stroke
newpath 176.3383 64.25888 moveto
177.04385 63.31813 178.15115 62.76448 179.32709 62.76448 curveto
178.15115 62.76448 177.04385 62.21083 176.3383 61.27008 curveto stroke
showpage
%%EOF
