%!PS
%%BoundingBox: -1 -1 197 180 
%%HiResBoundingBox: -0.24907 -0.24907 196.96674 179.57616 
%%Creator: MetaPost 2.000
%%CreationDate: 2017.06.16:1148
%%Pages: 1
%%BeginProlog
%%EndProlog
%%Page: 1 1
 0 0 0 setrgbcolor 0 0.49814 dtransform truncate idtransform setlinewidth pop [] 0 setdash 1 setlinecap
 1 setlinejoin 10 setmiterlimit
newpath 0 89.66354 moveto
179.32709 89.66354 lineto stroke
newpath 174.34578 92.1542 moveto
175.52171 90.58629 177.3672 89.66354 179.32709 89.66354 curveto
177.3672 89.66354 175.52171 88.7408 174.34578 87.17288 curveto stroke
 0.49814 0 dtransform exch truncate exch idtransform pop setlinewidth
newpath 89.66354 0 moveto
89.66354 179.32709 lineto stroke
 0 0.49814 dtransform truncate idtransform setlinewidth pop
newpath 87.17288 174.34578 moveto
88.7408 175.52171 89.66354 177.3672 89.66354 179.32709 curveto
89.66354 177.3672 90.58629 175.52171 92.1542 174.34578 curveto stroke
 0.49814 0 dtransform exch truncate exch idtransform pop setlinewidth
newpath 35.86542 87.67102 moveto
35.86542 91.65607 lineto stroke
newpath 89.66354 87.67102 moveto
89.66354 91.65607 lineto stroke
newpath 143.46167 87.67102 moveto
143.46167 91.65607 lineto stroke
 0 0.49814 dtransform truncate idtransform setlinewidth pop
newpath 91.65607 35.86542 moveto
87.67102 35.86542 lineto stroke
newpath 91.65607 89.66354 moveto
87.67102 89.66354 lineto stroke
newpath 91.65607 143.46167 moveto
87.67102 143.46167 lineto stroke
 0.7 setgray
newpath 143.46167 89.66354 moveto
143.46167 103.93233 137.79257 117.61499 127.70378 127.70378 curveto
117.61499 137.79257 103.93233 143.46167 89.66354 143.46167 curveto
75.39476 143.46167 61.7121 137.79257 51.6233 127.70378 curveto
41.53452 117.61499 35.86542 103.93233 35.86542 89.66354 curveto
35.86542 75.39476 41.53452 61.7121 51.6233 51.6233 curveto
61.7121 41.53452 75.39476 35.86542 89.66354 35.86542 curveto
103.93233 35.86542 117.61499 41.53452 127.70378 51.6233 curveto
137.79257 61.7121 143.46167 75.39476 143.46167 89.66354 curveto closepath stroke
 0 0 0 setrgbcolor
newpath 62.86655 87.31908 moveto
62.93495 86.53949 63.0373 85.7632 63.17328 84.99266 curveto
63.30928 84.22183 63.47838 83.45758 63.68088 82.70154 curveto
63.88336 81.9455 64.11896 81.19876 64.38657 80.46324 curveto
64.65417 79.72798 64.95381 79.0045 65.28462 78.29526 curveto
65.61545 77.586 65.97691 76.8918 66.36821 76.214 curveto
66.7595 75.53622 67.18034 74.87596 67.6291 74.23483 curveto stroke
newpath 67.13948 77.54033 moveto
66.77338 76.42285 66.95477 75.19821 67.6291 74.23483 curveto
66.95477 75.19821 65.86624 75.78787 64.69093 75.82643 curveto stroke
newpath 61.63914 84.2111 moveto
62.51462 84.99619 62.96935 86.14764 62.86655 87.31908 curveto
62.96935 86.14764 63.61768 85.09299 64.6165 84.47237 curveto stroke
newpath 89.66354 91.65607 moveto
89.13507 91.65607 88.62831 91.4461 88.25464 91.07245 curveto
87.88098 90.69878 87.67102 90.19202 87.67102 89.66354 curveto
87.67102 89.13507 87.88098 88.62831 88.25464 88.25464 curveto
88.62831 87.88098 89.13507 87.67102 89.66354 87.67102 curveto
90.19202 87.67102 90.69878 87.88098 91.07245 88.25464 curveto
91.4461 88.62831 91.65607 89.13507 91.65607 89.66354 curveto
91.65607 90.19202 91.4461 90.69878 91.07245 91.07245 curveto
90.69878 91.4461 90.19202 91.65607 89.66354 91.65607 curveto closepath fill
 1 1 1 setrgbcolor
newpath 196.96674 130.57855 moveto
196.96674 133.97186 195.61856 137.22562 193.21936 139.62482 curveto
190.82016 142.02402 187.5664 143.3722 184.1731 143.3722 curveto
120.68295 143.3722 lineto
117.28964 143.3722 114.03589 142.02402 111.63669 139.62482 curveto
109.23749 137.22562 107.88931 133.97186 107.88931 130.57855 curveto
107.88931 138.41208 lineto
107.88931 135.01877 109.23749 131.76501 111.63669 129.36581 curveto
114.03589 126.96661 117.28964 125.61844 120.68295 125.61844 curveto
184.1731 125.61844 lineto
187.5664 125.61844 190.82016 126.96661 193.21936 129.36581 curveto
195.61856 131.76501 196.96674 135.01877 196.96674 138.41208 curveto
 closepath fill
 0 0 0 setrgbcolor
newpath 134.49532 89.66354 moveto
134.49559 90.96767 134.43895 92.27126 134.32512 93.57045 curveto
134.21129 94.86993 134.04054 96.16365 133.81398 97.44836 curveto
133.5874 98.73279 133.3053 100.00653 132.96791 101.26634 curveto
132.63025 102.52614 132.23785 103.77034 131.79184 104.99593 curveto
131.34583 106.22153 130.84698 107.42715 130.2959 108.60924 curveto
129.74425 109.79214 129.14117 110.95015 128.48856 112.08025 curveto
127.83623 113.20981 127.13518 114.31035 126.38707 115.37888 curveto
125.63896 116.44713 124.8446 117.48201 124.00647 118.48103 curveto
123.16808 119.48007 122.2867 120.44215 121.36456 121.36456 curveto
120.44215 122.28697 119.48033 123.16861 118.48103 124.00702 curveto
117.48201 124.84543 116.4466 125.63951 115.37805 126.38762 curveto
114.30952 127.13573 113.20898 127.83704 112.07944 128.4891 curveto
110.94987 129.14117 109.79242 129.74344 108.61061 130.29453 curveto
107.42879 130.84563 106.22318 131.34528 104.99785 131.79129 curveto
103.77225 132.23758 102.52777 132.63025 101.2677 132.96791 curveto
100.0079 133.30557 98.73415 133.58768 97.44972 133.81398 curveto
96.1642 134.04054 94.86993 134.21129 93.56963 134.32512 curveto
92.27043 134.43867 90.96684 134.49532 89.66272 134.49532 curveto
88.35832 134.49532 87.05475 134.43895 85.75526 134.32512 curveto
84.45607 134.21129 83.16234 134.04054 81.87791 133.81398 curveto
80.59349 133.5874 79.32 133.3053 78.0602 132.96791 curveto
76.8004 132.63025 75.5562 132.23785 74.33061 131.79184 curveto
73.10501 131.34583 71.8994 130.84644 70.7173 130.29507 curveto
69.53522 129.74371 68.37776 129.14117 67.2482 128.4891 curveto
66.11865 127.83704 65.01784 127.13655 63.94958 126.38844 curveto
62.88104 125.64034 61.8459 124.84543 60.8466 124.00702 curveto
59.84702 123.16835 58.88466 122.28642 57.96198 121.36374 curveto
57.03984 120.4416 56.15848 119.47952 55.32007 118.48048 curveto
54.48166 117.48119 53.68675 116.44604 52.93864 115.3775 curveto
52.19054 114.30925 51.49005 113.20844 50.83798 112.07889 curveto
50.18591 110.94933 49.58337 109.79187 49.03201 108.60979 curveto
48.48093 107.42796 47.98126 106.22263 47.53525 104.9973 curveto
47.08923 103.77171 46.69684 102.52696 46.35918 101.26689 curveto
46.02179 100.00708 45.73969 98.7336 45.5131 97.44917 curveto
45.28654 96.16475 45.1158 94.87102 45.00197 93.57182 curveto
44.88814 92.27234 44.83177 90.96877 44.83177 89.66437 curveto
44.83177 88.36024 44.88841 87.05666 45.00197 85.75746 curveto
45.1158 84.45715 45.28654 83.16289 45.5131 81.87737 curveto
45.73941 80.59294 46.02151 79.31918 46.35918 78.05939 curveto
46.69684 76.79932 47.08951 75.55484 47.5358 74.32924 curveto
47.98181 73.10391 48.48146 71.8983 49.03256 70.71648 curveto
49.58365 69.53467 50.18591 68.37721 50.83798 67.24765 curveto
51.49005 66.1181 52.19136 65.01756 52.93947 63.94904 curveto stroke
newpath 52.4495 67.25449 moveto
52.0835 66.13696 52.26503 64.91234 52.93947 63.94904 curveto
52.26503 64.91234 51.17642 65.50189 50.00113 65.54031 curveto stroke
 0 1.24533 dtransform truncate idtransform setlinewidth pop
newpath 179.32709 89.66354 moveto
89.66354 89.66354 lineto
20.98123 32.09943 lineto stroke
newpath 24.23183 32.87393 moveto
23.08678 33.14172 21.88249 32.85478 20.98123 32.09943 curveto
21.88249 32.85478 22.3755 33.99039 22.31197 35.16461 curveto stroke
showpage
%%EOF
