%!PS
%%BoundingBox: -1 -1 204 97 
%%HiResBoundingBox: -0.24907 -0.80266 203.48643 96.3854 
%%Creator: MetaPost 2.000
%%CreationDate: 2017.06.16:1148
%%Pages: 1
%%BeginProlog
%%EndProlog
%%Page: 1 1
 0 0 0 setrgbcolor
newpath 101.61868 61.76822 moveto
101.09021 61.76822 100.58345 61.55826 100.20978 61.1846 curveto
99.83612 60.81093 99.62616 60.30417 99.62616 59.7757 curveto
99.62616 59.24722 99.83612 58.74046 100.20978 58.36679 curveto
100.58345 57.99313 101.09021 57.78317 101.61868 57.78317 curveto
102.14716 57.78317 102.65392 57.99313 103.02759 58.36679 curveto
103.40125 58.74046 103.6112 59.24722 103.6112 59.7757 curveto
103.6112 60.30417 103.40125 60.81093 103.02759 61.1846 curveto
102.65392 61.55826 102.14716 61.76822 101.61868 61.76822 curveto closepath fill
newpath 139.17697 37.85794 moveto
138.6485 37.85794 138.14174 37.64798 137.76807 37.27432 curveto
137.39441 36.90065 137.18445 36.39389 137.18445 35.86542 curveto
137.18445 35.33694 137.39441 34.83018 137.76807 34.45651 curveto
138.14174 34.08286 138.6485 33.8729 139.17697 33.8729 curveto
139.70544 33.8729 140.2122 34.08286 140.58588 34.45651 curveto
140.95953 34.83018 141.1695 35.33694 141.1695 35.86542 curveto
141.1695 36.39389 140.95953 36.90065 140.58588 37.27432 curveto
140.2122 37.64798 139.70544 37.85794 139.17697 37.85794 curveto closepath fill
newpath 176.73524 61.76822 moveto
176.20677 61.76822 175.70001 61.55826 175.32634 61.1846 curveto
174.95268 60.81093 174.74272 60.30417 174.74272 59.7757 curveto
174.74272 59.24722 174.95268 58.74046 175.32634 58.36679 curveto
175.70001 57.99313 176.20677 57.78317 176.73524 57.78317 curveto
177.26372 57.78317 177.77048 57.99313 178.14415 58.36679 curveto
178.5178 58.74046 178.72777 59.24722 178.72777 59.7757 curveto
178.72777 60.30417 178.5178 60.81093 178.14415 61.1846 curveto
177.77048 61.55826 177.26372 61.76822 176.73524 61.76822 curveto closepath fill
 0 0.49814 dtransform truncate idtransform setlinewidth pop [] 0 setdash 1 setlinecap 1 setlinejoin
 10 setmiterlimit
newpath 0 47.82056 moveto
203.23737 47.82056 lineto stroke
newpath 198.25606 50.31122 moveto
199.43199 48.7433 201.27748 47.82056 203.23737 47.82056 curveto
201.27748 47.82056 199.43199 46.89781 198.25606 45.3299 curveto stroke
 0.49814 0 dtransform exch truncate exch idtransform pop setlinewidth
newpath 101.61868 0 moveto
101.61868 95.64111 lineto stroke
 0 0.49814 dtransform truncate idtransform setlinewidth pop
newpath 99.12802 90.6598 moveto
100.69594 91.83574 101.61868 93.68123 101.61868 95.64111 curveto
101.61868 93.68123 102.54143 91.83574 104.10934 90.6598 curveto stroke
newpath 7.97205 47.82037 moveto
7.97205 47.88643 7.9458 47.94978 7.8991 47.99649 curveto
7.85239 48.0432 7.78903 48.06944 7.72298 48.06944 curveto
7.65692 48.06944 7.59357 48.0432 7.54686 47.99649 curveto
7.50015 47.94978 7.4739 47.88643 7.4739 47.82037 curveto
7.4739 47.75432 7.50015 47.69096 7.54686 47.64426 curveto
7.59357 47.59755 7.65692 47.5713 7.72298 47.5713 curveto
7.78903 47.5713 7.85239 47.59755 7.8991 47.64426 curveto
7.9458 47.69096 7.97205 47.75432 7.97205 47.82037 curveto closepath fill
newpath 10.10217 49.93932 moveto
10.10217 50.00537 10.07593 50.06873 10.02922 50.11543 curveto
9.98251 50.16214 9.91916 50.18839 9.8531 50.18839 curveto
9.78705 50.18839 9.7237 50.16214 9.67699 50.11543 curveto
9.63028 50.06873 9.60403 50.00537 9.60403 49.93932 curveto
9.60403 49.87326 9.63028 49.8099 9.67699 49.7632 curveto
9.7237 49.71649 9.78705 49.69025 9.8531 49.69025 curveto
9.91916 49.69025 9.98251 49.71649 10.02922 49.7632 curveto
10.07593 49.8099 10.10217 49.87326 10.10217 49.93932 curveto closepath fill
newpath 12.2666 52.0232 moveto
12.2666 52.08925 12.24036 52.1526 12.19365 52.19931 curveto
12.14694 52.24602 12.08359 52.27226 12.01753 52.27226 curveto
11.95148 52.27226 11.88812 52.24602 11.84142 52.19931 curveto
11.79471 52.1526 11.76846 52.08925 11.76846 52.0232 curveto
11.76846 51.95714 11.79471 51.89378 11.84142 51.84708 curveto
11.88812 51.80037 11.95148 51.77412 12.01753 51.77412 curveto
12.08359 51.77412 12.14694 51.80037 12.19365 51.84708 curveto
12.24036 51.89378 12.2666 51.95714 12.2666 52.0232 curveto closepath fill
newpath 14.50241 54.03072 moveto
14.50241 54.09677 14.47617 54.16013 14.42946 54.20683 curveto
14.38275 54.25354 14.3194 54.27979 14.25334 54.27979 curveto
14.18729 54.27979 14.12393 54.25354 14.07722 54.20683 curveto
14.03052 54.16013 14.00427 54.09677 14.00427 54.03072 curveto
14.00427 53.96466 14.03052 53.9013 14.07722 53.8546 curveto
14.12393 53.80789 14.18729 53.78165 14.25334 53.78165 curveto
14.3194 53.78165 14.38275 53.80789 14.42946 53.8546 curveto
14.47617 53.9013 14.50241 53.96466 14.50241 54.03072 curveto closepath fill
newpath 16.85043 55.90489 moveto
16.85043 55.97095 16.82419 56.0343 16.77748 56.08101 curveto
16.73077 56.12772 16.66742 56.15396 16.60136 56.15396 curveto
16.53531 56.15396 16.47195 56.12772 16.42525 56.08101 curveto
16.37854 56.0343 16.3523 55.97095 16.3523 55.90489 curveto
16.3523 55.83884 16.37854 55.77548 16.42525 55.72878 curveto
16.47195 55.68207 16.53531 55.65582 16.60136 55.65582 curveto
16.66742 55.65582 16.73077 55.68207 16.77748 55.72878 curveto
16.82419 55.77548 16.85043 55.83884 16.85043 55.90489 curveto closepath fill
newpath 19.35622 57.56053 moveto
19.35622 57.62659 19.32997 57.68994 19.28326 57.73665 curveto
19.23656 57.78336 19.1732 57.8096 19.10715 57.8096 curveto
19.04109 57.8096 18.97774 57.78336 18.93103 57.73665 curveto
18.88432 57.68994 18.85808 57.62659 18.85808 57.56053 curveto
18.85808 57.49448 18.88432 57.43112 18.93103 57.38441 curveto
18.97774 57.3377 19.04109 57.31146 19.10715 57.31146 curveto
19.1732 57.31146 19.23656 57.3377 19.28326 57.38441 curveto
19.32997 57.43112 19.35622 57.49448 19.35622 57.56053 curveto closepath fill
newpath 22.05855 58.86646 moveto
22.05855 58.93251 22.0323 58.99586 21.9856 59.04257 curveto
21.93889 59.08928 21.87553 59.11552 21.80948 59.11552 curveto
21.74342 59.11552 21.68007 59.08928 21.63336 59.04257 curveto
21.58665 58.99586 21.56041 58.93251 21.56041 58.86646 curveto
21.56041 58.8004 21.58665 58.73705 21.63336 58.69034 curveto
21.68007 58.64363 21.74342 58.61739 21.80948 58.61739 curveto
21.87553 58.61739 21.93889 58.64363 21.9856 58.69034 curveto
22.0323 58.73705 22.05855 58.8004 22.05855 58.86646 curveto closepath fill
newpath 24.95558 59.64102 moveto
24.95558 59.70708 24.92934 59.77043 24.88263 59.81714 curveto
24.83592 59.86385 24.77257 59.89009 24.70651 59.89009 curveto
24.64046 59.89009 24.5771 59.86385 24.5304 59.81714 curveto
24.48369 59.77043 24.45744 59.70708 24.45744 59.64102 curveto
24.45744 59.57497 24.48369 59.51161 24.5304 59.4649 curveto
24.5771 59.4182 24.64046 59.39195 24.70651 59.39195 curveto
24.77257 59.39195 24.83592 59.4182 24.88263 59.4649 curveto
24.92934 59.51161 24.95558 59.57497 24.95558 59.64102 curveto closepath fill
newpath 27.95139 59.71545 moveto
27.95139 59.78151 27.92514 59.84486 27.87843 59.89157 curveto
27.83173 59.93828 27.76837 59.96452 27.70232 59.96452 curveto
27.63626 59.96452 27.5729 59.93828 27.5262 59.89157 curveto
27.47949 59.84486 27.45325 59.78151 27.45325 59.71545 curveto
27.45325 59.6494 27.47949 59.58604 27.5262 59.53934 curveto
27.5729 59.49263 27.63626 59.46638 27.70232 59.46638 curveto
27.76837 59.46638 27.83173 59.49263 27.87843 59.53934 curveto
27.92514 59.58604 27.95139 59.6494 27.95139 59.71545 curveto closepath fill
newpath 30.87923 59.07008 moveto
30.87923 59.13614 30.85298 59.1995 30.80627 59.2462 curveto
30.75957 59.29291 30.69621 59.31915 30.63016 59.31915 curveto
30.5641 59.31915 30.50075 59.29291 30.45404 59.2462 curveto
30.40733 59.1995 30.38109 59.13614 30.38109 59.07008 curveto
30.38109 59.00403 30.40733 58.94067 30.45404 58.89397 curveto
30.50075 58.84726 30.5641 58.82101 30.63016 58.82101 curveto
30.69621 58.82101 30.75957 58.84726 30.80627 58.89397 curveto
30.85298 58.94067 30.87923 59.00403 30.87923 59.07008 curveto closepath fill
newpath 33.623 57.85466 moveto
33.623 57.92072 33.59676 57.98407 33.55005 58.03078 curveto
33.50334 58.07748 33.43999 58.10373 33.37393 58.10373 curveto
33.30788 58.10373 33.24452 58.07748 33.19781 58.03078 curveto
33.15111 57.98407 33.12486 57.92072 33.12486 57.85466 curveto
33.12486 57.7886 33.15111 57.72525 33.19781 57.67854 curveto
33.24452 57.63184 33.30788 57.60559 33.37393 57.60559 curveto
33.43999 57.60559 33.50334 57.63184 33.55005 57.67854 curveto
33.59676 57.72525 33.623 57.7886 33.623 57.85466 curveto closepath fill
newpath 36.1655 56.25674 moveto
36.1655 56.3228 36.13925 56.38615 36.09254 56.43286 curveto
36.04584 56.47957 35.98248 56.50581 35.91643 56.50581 curveto
35.85037 56.50581 35.78702 56.47957 35.74031 56.43286 curveto
35.6936 56.38615 35.66736 56.3228 35.66736 56.25674 curveto
35.66736 56.19069 35.6936 56.12733 35.74031 56.08063 curveto
35.78702 56.03392 35.85037 56.00768 35.91643 56.00768 curveto
35.98248 56.00768 36.04584 56.03392 36.09254 56.08063 curveto
36.13925 56.12733 36.1655 56.19069 36.1655 56.25674 curveto closepath fill
newpath 38.54108 54.41847 moveto
38.54108 54.48453 38.51483 54.54788 38.46812 54.59459 curveto
38.42142 54.6413 38.35806 54.66754 38.292 54.66754 curveto
38.22595 54.66754 38.1626 54.6413 38.11589 54.59459 curveto
38.06918 54.54788 38.04294 54.48453 38.04294 54.41847 curveto
38.04294 54.35242 38.06918 54.28906 38.11589 54.24236 curveto
38.1626 54.19565 38.22595 54.1694 38.292 54.1694 curveto
38.35806 54.1694 38.42142 54.19565 38.46812 54.24236 curveto
38.51483 54.28906 38.54108 54.35242 38.54108 54.41847 curveto closepath fill
newpath 40.79558 52.43275 moveto
40.79558 52.49881 40.76933 52.56216 40.72263 52.60887 curveto
40.67592 52.65558 40.61256 52.68182 40.54651 52.68182 curveto
40.48045 52.68182 40.4171 52.65558 40.37039 52.60887 curveto
40.32368 52.56216 40.29744 52.49881 40.29744 52.43275 curveto
40.29744 52.3667 40.32368 52.30334 40.37039 52.25664 curveto
40.4171 52.20993 40.48045 52.18369 40.54651 52.18369 curveto
40.61256 52.18369 40.67592 52.20993 40.72263 52.25664 curveto
40.76933 52.30334 40.79558 52.3667 40.79558 52.43275 curveto closepath fill
newpath 42.9714 50.36035 moveto
42.9714 50.4264 42.94516 50.48976 42.89845 50.53647 curveto
42.85175 50.58318 42.78839 50.60942 42.72234 50.60942 curveto
42.65628 50.60942 42.59293 50.58318 42.54622 50.53647 curveto
42.49951 50.48976 42.47327 50.4264 42.47327 50.36035 curveto
42.47327 50.2943 42.49951 50.23094 42.54622 50.18423 curveto
42.59293 50.13753 42.65628 50.11128 42.72234 50.11128 curveto
42.78839 50.11128 42.85175 50.13753 42.89845 50.18423 curveto
42.94516 50.23094 42.9714 50.2943 42.9714 50.36035 curveto closepath fill
newpath 45.1058 48.24521 moveto
45.1058 48.31126 45.07956 48.37462 45.03285 48.42133 curveto
44.98615 48.46803 44.92279 48.49428 44.85674 48.49428 curveto
44.79068 48.49428 44.72733 48.46803 44.68062 48.42133 curveto
44.63391 48.37462 44.60767 48.31126 44.60767 48.24521 curveto
44.60767 48.17915 44.63391 48.1158 44.68062 48.06909 curveto
44.72733 48.02238 44.79068 47.99614 44.85674 47.99614 curveto
44.92279 47.99614 44.98615 48.02238 45.03285 48.06909 curveto
45.07956 48.1158 45.1058 48.17915 45.1058 48.24521 curveto closepath fill
newpath 47.23323 46.12343 moveto
47.23323 46.18948 47.20699 46.25284 47.16028 46.29955 curveto
47.11357 46.34625 47.05022 46.3725 46.98416 46.3725 curveto
46.9181 46.3725 46.85475 46.34625 46.80804 46.29955 curveto
46.76134 46.25284 46.73509 46.18948 46.73509 46.12343 curveto
46.73509 46.05737 46.76134 45.99402 46.80804 45.94731 curveto
46.85475 45.9006 46.9181 45.87436 46.98416 45.87436 curveto
47.05022 45.87436 47.11357 45.9006 47.16028 45.94731 curveto
47.20699 45.99402 47.23323 46.05737 47.23323 46.12343 curveto closepath fill
newpath 49.3879 44.02959 moveto
49.3879 44.09564 49.36165 44.159 49.31494 44.2057 curveto
49.26823 44.25241 49.20488 44.27866 49.13882 44.27866 curveto
49.07277 44.27866 49.00941 44.25241 48.9627 44.2057 curveto
48.916 44.159 48.88976 44.09564 48.88976 44.02959 curveto
48.88976 43.96353 48.916 43.90018 48.9627 43.85347 curveto
49.00941 43.80676 49.07277 43.78052 49.13882 43.78052 curveto
49.20488 43.78052 49.26823 43.80676 49.31494 43.85347 curveto
49.36165 43.90018 49.3879 43.96353 49.3879 44.02959 curveto closepath fill
newpath 51.60602 42.00311 moveto
51.60602 42.06917 51.57977 42.13252 51.53307 42.17923 curveto
51.48636 42.22594 51.423 42.25218 51.35695 42.25218 curveto
51.2909 42.25218 51.22754 42.22594 51.18083 42.17923 curveto
51.13412 42.13252 51.10788 42.06917 51.10788 42.00311 curveto
51.10788 41.93706 51.13412 41.8737 51.18083 41.827 curveto
51.22754 41.78029 51.2909 41.75404 51.35695 41.75404 curveto
51.423 41.75404 51.48636 41.78029 51.53307 41.827 curveto
51.57977 41.8737 51.60602 41.93706 51.60602 42.00311 curveto closepath fill
newpath 53.92818 40.09666 moveto
53.92818 40.16272 53.90193 40.22607 53.85522 40.27278 curveto
53.80852 40.31949 53.74516 40.34573 53.67911 40.34573 curveto
53.61305 40.34573 53.5497 40.31949 53.50299 40.27278 curveto
53.45628 40.22607 53.43004 40.16272 53.43004 40.09666 curveto
53.43004 40.03061 53.45628 39.96725 53.50299 39.92055 curveto
53.5497 39.87384 53.61305 39.8476 53.67911 39.8476 curveto
53.74516 39.8476 53.80852 39.87384 53.85522 39.92055 curveto
53.90193 39.96725 53.92818 40.03061 53.92818 40.09666 curveto closepath fill
newpath 56.39862 38.38867 moveto
56.39862 38.45473 56.37238 38.51808 56.32567 38.56479 curveto
56.27896 38.6115 56.2156 38.63774 56.14955 38.63774 curveto
56.0835 38.63774 56.02014 38.6115 55.97343 38.56479 curveto
55.92673 38.51808 55.90048 38.45473 55.90048 38.38867 curveto
55.90048 38.32262 55.92673 38.25926 55.97343 38.21255 curveto
56.02014 38.16585 56.0835 38.1396 56.14955 38.1396 curveto
56.2156 38.1396 56.27896 38.16585 56.32567 38.21255 curveto
56.37238 38.25926 56.39862 38.32262 56.39862 38.38867 curveto closepath fill
newpath 59.05974 36.99954 moveto
59.05974 37.0656 59.0335 37.12895 58.98679 37.17566 curveto
58.94008 37.22237 58.87672 37.24861 58.81067 37.24861 curveto
58.74461 37.24861 58.68126 37.22237 58.63455 37.17566 curveto
58.58784 37.12895 58.5616 37.0656 58.5616 36.99954 curveto
58.5616 36.93349 58.58784 36.87013 58.63455 36.82343 curveto
58.68126 36.77672 58.74461 36.75047 58.81067 36.75047 curveto
58.87672 36.75047 58.94008 36.77672 58.98679 36.82343 curveto
59.0335 36.87013 59.05974 36.93349 59.05974 36.99954 curveto closepath fill
newpath 61.92216 36.10303 moveto
61.92216 36.16908 61.89592 36.23244 61.84921 36.27914 curveto
61.8025 36.32585 61.73915 36.3521 61.6731 36.3521 curveto
61.60704 36.3521 61.54369 36.32585 61.49698 36.27914 curveto
61.45027 36.23244 61.42403 36.16908 61.42403 36.10303 curveto
61.42403 36.03697 61.45027 35.97362 61.49698 35.92691 curveto
61.54369 35.8802 61.60704 35.85396 61.6731 35.85396 curveto
61.73915 35.85396 61.8025 35.8802 61.84921 35.92691 curveto
61.89592 35.97362 61.92216 36.03697 61.92216 36.10303 curveto closepath fill
newpath 64.91125 35.88054 moveto
64.91125 35.9466 64.88501 36.00995 64.8383 36.05666 curveto
64.7916 36.10336 64.72824 36.12961 64.66219 36.12961 curveto
64.59613 36.12961 64.53278 36.10336 64.48607 36.05666 curveto
64.43936 36.00995 64.41312 35.9466 64.41312 35.88054 curveto
64.41312 35.81448 64.43936 35.75113 64.48607 35.70442 curveto
64.53278 35.65771 64.59613 35.63147 64.66219 35.63147 curveto
64.72824 35.63147 64.7916 35.65771 64.8383 35.70442 curveto
64.88501 35.75113 64.91125 35.81448 64.91125 35.88054 curveto closepath fill
newpath 67.86533 36.39035 moveto
67.86533 36.4564 67.83908 36.51976 67.79237 36.56647 curveto
67.74567 36.61317 67.68231 36.63942 67.61626 36.63942 curveto
67.5502 36.63942 67.48685 36.61317 67.44014 36.56647 curveto
67.39343 36.51976 67.36719 36.4564 67.36719 36.39035 curveto
67.36719 36.3243 67.39343 36.26094 67.44014 36.21423 curveto
67.48685 36.16753 67.5502 36.14128 67.61626 36.14128 curveto
67.68231 36.14128 67.74567 36.16753 67.79237 36.21423 curveto
67.83908 36.26094 67.86533 36.3243 67.86533 36.39035 curveto closepath fill
newpath 70.64998 37.50755 moveto
70.64998 37.57361 70.62373 37.63696 70.57703 37.68367 curveto
70.53032 37.73038 70.46696 37.75662 70.40091 37.75662 curveto
70.33485 37.75662 70.2715 37.73038 70.2248 37.68367 curveto
70.17809 37.63696 70.15184 37.57361 70.15184 37.50755 curveto
70.15184 37.4415 70.17809 37.37814 70.2248 37.33144 curveto
70.2715 37.28473 70.33485 37.25848 70.40091 37.25848 curveto
70.46696 37.25848 70.53032 37.28473 70.57703 37.33144 curveto
70.62373 37.37814 70.64998 37.4415 70.64998 37.50755 curveto closepath fill
newpath 73.23042 39.04218 moveto
73.23042 39.10823 73.20418 39.17159 73.15747 39.21829 curveto
73.11076 39.265 73.04741 39.29124 72.98135 39.29124 curveto
72.9153 39.29124 72.85194 39.265 72.80524 39.21829 curveto
72.75853 39.17159 72.73228 39.10823 72.73228 39.04218 curveto
72.73228 38.97612 72.75853 38.91277 72.80524 38.86606 curveto
72.85194 38.81935 72.9153 38.7931 72.98135 38.7931 curveto
73.04741 38.7931 73.11076 38.81935 73.15747 38.86606 curveto
73.20418 38.91277 73.23042 38.97612 73.23042 39.04218 curveto closepath fill
newpath 75.63573 40.84103 moveto
75.63573 40.90709 75.60948 40.97044 75.56277 41.01715 curveto
75.51607 41.06386 75.45271 41.0901 75.38666 41.0901 curveto
75.3206 41.0901 75.25725 41.06386 75.21054 41.01715 curveto
75.16383 40.97044 75.13759 40.90709 75.13759 40.84103 curveto
75.13759 40.77498 75.16383 40.71162 75.21054 40.66492 curveto
75.25725 40.61821 75.3206 40.59196 75.38666 40.59196 curveto
75.45271 40.59196 75.51607 40.61821 75.56277 40.66492 curveto
75.60948 40.71162 75.63573 40.77498 75.63573 40.84103 curveto closepath fill
newpath 77.91086 42.8031 moveto
77.91086 42.86916 77.88461 42.93251 77.8379 42.97922 curveto
77.7912 43.02592 77.72784 43.05217 77.66179 43.05217 curveto
77.59573 43.05217 77.53238 43.02592 77.48567 42.97922 curveto
77.43896 42.93251 77.41272 42.86916 77.41272 42.8031 curveto
77.41272 42.73705 77.43896 42.67369 77.48567 42.62698 curveto
77.53238 42.58028 77.59573 42.55403 77.66179 42.55403 curveto
77.72784 42.55403 77.7912 42.58028 77.8379 42.62698 curveto
77.88461 42.67369 77.91086 42.73705 77.91086 42.8031 curveto closepath fill
newpath 80.09901 44.86188 moveto
80.09901 44.92793 80.07277 44.99129 80.02606 45.038 curveto
79.97935 45.0847 79.916 45.11095 79.84995 45.11095 curveto
79.78389 45.11095 79.72054 45.0847 79.67383 45.038 curveto
79.62712 44.99129 79.60088 44.92793 79.60088 44.86188 curveto
79.60088 44.79582 79.62712 44.73247 79.67383 44.68576 curveto
79.72054 44.63905 79.78389 44.61281 79.84995 44.61281 curveto
79.916 44.61281 79.97935 44.63905 80.02606 44.68576 curveto
80.07277 44.73247 80.09901 44.79582 80.09901 44.86188 curveto closepath fill
newpath 82.2388 46.97124 moveto
82.2388 47.0373 82.21255 47.10065 82.16585 47.14735 curveto
82.11914 47.19406 82.05579 47.2203 81.98973 47.2203 curveto
81.92368 47.2203 81.86032 47.19406 81.81361 47.14735 curveto
81.7669 47.10065 81.74066 47.0373 81.74066 46.97124 curveto
81.74066 46.90518 81.7669 46.84183 81.81361 46.79512 curveto
81.86032 46.74841 81.92368 46.72217 81.98973 46.72217 curveto
82.05579 46.72217 82.11914 46.74841 82.16585 46.79512 curveto
82.21255 46.84183 82.2388 46.90518 82.2388 46.97124 curveto closepath fill
newpath 84.36478 49.09447 moveto
84.36478 49.16052 84.33853 49.22388 84.29182 49.27058 curveto
84.24512 49.31729 84.18176 49.34354 84.1157 49.34354 curveto
84.04965 49.34354 83.9863 49.31729 83.93959 49.27058 curveto
83.89288 49.22388 83.86664 49.16052 83.86664 49.09447 curveto
83.86664 49.02841 83.89288 48.96506 83.93959 48.91835 curveto
83.9863 48.87164 84.04965 48.8454 84.1157 48.8454 curveto
84.18176 48.8454 84.24512 48.87164 84.29182 48.91835 curveto
84.33853 48.96506 84.36478 49.02841 84.36478 49.09447 curveto closepath fill
newpath 86.51128 51.19667 moveto
86.51128 51.26273 86.48503 51.32608 86.43832 51.37279 curveto
86.39162 51.4195 86.32826 51.44574 86.2622 51.44574 curveto
86.19615 51.44574 86.1328 51.4195 86.08609 51.37279 curveto
86.03938 51.32608 86.01314 51.26273 86.01314 51.19667 curveto
86.01314 51.13062 86.03938 51.06726 86.08609 51.02055 curveto
86.1328 50.97385 86.19615 50.9476 86.2622 50.9476 curveto
86.32826 50.9476 86.39162 50.97385 86.43832 51.02055 curveto
86.48503 51.06726 86.51128 51.13062 86.51128 51.19667 curveto closepath fill
newpath 88.71355 53.24019 moveto
88.71355 53.30624 88.6873 53.3696 88.6406 53.4163 curveto
88.59389 53.46301 88.53053 53.48926 88.46448 53.48926 curveto
88.39842 53.48926 88.33507 53.46301 88.28836 53.4163 curveto
88.24165 53.3696 88.21541 53.30624 88.21541 53.24019 curveto
88.21541 53.17413 88.24165 53.11078 88.28836 53.06407 curveto
88.33507 53.01736 88.39842 52.99112 88.46448 52.99112 curveto
88.53053 52.99112 88.59389 53.01736 88.6406 53.06407 curveto
88.6873 53.11078 88.71355 53.17413 88.71355 53.24019 curveto closepath fill
newpath 91.01097 55.17561 moveto
91.01097 55.24167 90.98473 55.30502 90.93802 55.35173 curveto
90.89131 55.39844 90.82796 55.42468 90.7619 55.42468 curveto
90.69585 55.42468 90.63249 55.39844 90.58578 55.35173 curveto
90.53908 55.30502 90.51283 55.24167 90.51283 55.17561 curveto
90.51283 55.10956 90.53908 55.0462 90.58578 54.9995 curveto
90.63249 54.95279 90.69585 54.92654 90.7619 54.92654 curveto
90.82796 54.92654 90.89131 54.95279 90.93802 54.9995 curveto
90.98473 55.0462 91.01097 55.10956 91.01097 55.17561 curveto closepath fill
newpath 93.44827 56.93144 moveto
93.44827 56.9975 93.42203 57.06085 93.37532 57.10756 curveto
93.32861 57.15427 93.26526 57.18051 93.1992 57.18051 curveto
93.13315 57.18051 93.0698 57.15427 93.02309 57.10756 curveto
92.97638 57.06085 92.95013 56.9975 92.95013 56.93144 curveto
92.95013 56.86539 92.97638 56.80203 93.02309 56.75533 curveto
93.0698 56.70862 93.13315 56.68237 93.1992 56.68237 curveto
93.26526 56.68237 93.32861 56.70862 93.37532 56.75533 curveto
93.42203 56.80203 93.44827 56.86539 93.44827 56.93144 curveto closepath fill
newpath 96.06894 58.39674 moveto
96.06894 58.4628 96.0427 58.52615 95.99599 58.57286 curveto
95.94928 58.61957 95.88593 58.64581 95.81987 58.64581 curveto
95.75381 58.64581 95.69046 58.61957 95.64375 58.57286 curveto
95.59705 58.52615 95.5708 58.4628 95.5708 58.39674 curveto
95.5708 58.33069 95.59705 58.26733 95.64375 58.22063 curveto
95.69046 58.17392 95.75381 58.14767 95.81987 58.14767 curveto
95.88593 58.14767 95.94928 58.17392 95.99599 58.22063 curveto
96.0427 58.26733 96.06894 58.33069 96.06894 58.39674 curveto closepath fill
newpath 98.89363 59.40767 moveto
98.89363 59.47372 98.86739 59.53708 98.82068 59.58379 curveto
98.77397 59.6305 98.71062 59.65674 98.64456 59.65674 curveto
98.5785 59.65674 98.51515 59.6305 98.46844 59.58379 curveto
98.42174 59.53708 98.3955 59.47372 98.3955 59.40767 curveto
98.3955 59.34161 98.42174 59.27826 98.46844 59.23155 curveto
98.51515 59.18484 98.5785 59.1586 98.64456 59.1586 curveto
98.71062 59.1586 98.77397 59.18484 98.82068 59.23155 curveto
98.86739 59.27826 98.89363 59.34161 98.89363 59.40767 curveto closepath fill
newpath 101.86807 59.77565 moveto
101.86807 59.8417 101.84183 59.90506 101.79512 59.95177 curveto
101.74841 59.99847 101.68506 60.02472 101.619 60.02472 curveto
101.55295 60.02472 101.4896 59.99847 101.44289 59.95177 curveto
101.39618 59.90506 101.36993 59.8417 101.36993 59.77565 curveto
101.36993 59.7096 101.39618 59.64624 101.44289 59.59953 curveto
101.4896 59.55283 101.55295 59.52658 101.619 59.52658 curveto
101.68506 59.52658 101.74841 59.55283 101.79512 59.59953 curveto
101.84183 59.64624 101.86807 59.7096 101.86807 59.77565 curveto closepath fill
newpath 104.84251 59.4075 moveto
104.84251 59.47356 104.81627 59.53691 104.76956 59.58362 curveto
104.72285 59.63033 104.6595 59.65657 104.59344 59.65657 curveto
104.52739 59.65657 104.46404 59.63033 104.41733 59.58362 curveto
104.37062 59.53691 104.34438 59.47356 104.34438 59.4075 curveto
104.34438 59.34145 104.37062 59.27809 104.41733 59.23138 curveto
104.46404 59.18468 104.52739 59.15843 104.59344 59.15843 curveto
104.6595 59.15843 104.72285 59.18468 104.76956 59.23138 curveto
104.81627 59.27809 104.84251 59.34145 104.84251 59.4075 curveto closepath fill
newpath 107.66725 58.39642 moveto
107.66725 58.46248 107.641 58.52583 107.5943 58.57254 curveto
107.54759 58.61925 107.48424 58.6455 107.41818 58.6455 curveto
107.35213 58.6455 107.28877 58.61925 107.24207 58.57254 curveto
107.19536 58.52583 107.16911 58.46248 107.16911 58.39642 curveto
107.16911 58.33037 107.19536 58.26701 107.24207 58.2203 curveto
107.28877 58.1736 107.35213 58.14735 107.41818 58.14735 curveto
107.48424 58.14735 107.54759 58.1736 107.5943 58.2203 curveto
107.641 58.26701 107.66725 58.33037 107.66725 58.39642 curveto closepath fill
newpath 110.28778 56.93108 moveto
110.28778 56.99713 110.26154 57.06049 110.21483 57.1072 curveto
110.16812 57.1539 110.10477 57.18015 110.03871 57.18015 curveto
109.97266 57.18015 109.9093 57.1539 109.8626 57.1072 curveto
109.81589 57.06049 109.78964 56.99713 109.78964 56.93108 curveto
109.78964 56.86502 109.81589 56.80167 109.8626 56.75496 curveto
109.9093 56.70825 109.97266 56.682 110.03871 56.682 curveto
110.10477 56.682 110.16812 56.70825 110.21483 56.75496 curveto
110.26154 56.80167 110.28778 56.86502 110.28778 56.93108 curveto closepath fill
newpath 112.72505 55.17519 moveto
112.72505 55.24124 112.6988 55.3046 112.6521 55.3513 curveto
112.6054 55.39801 112.54204 55.42426 112.47598 55.42426 curveto
112.40993 55.42426 112.34657 55.39801 112.29987 55.3513 curveto
112.25316 55.3046 112.22691 55.24124 112.22691 55.17519 curveto
112.22691 55.10913 112.25316 55.04578 112.29987 54.99907 curveto
112.34657 54.95236 112.40993 54.92612 112.47598 54.92612 curveto
112.54204 54.92612 112.6054 54.95236 112.6521 54.99907 curveto
112.6988 55.04578 112.72505 55.10913 112.72505 55.17519 curveto closepath fill
newpath 115.02243 53.23975 moveto
115.02243 53.3058 114.99619 53.36916 114.94948 53.41586 curveto
114.90277 53.46257 114.83942 53.48882 114.77336 53.48882 curveto
114.7073 53.48882 114.64395 53.46257 114.59724 53.41586 curveto
114.55054 53.36916 114.52429 53.3058 114.52429 53.23975 curveto
114.52429 53.17369 114.55054 53.11034 114.59724 53.06363 curveto
114.64395 53.01692 114.7073 52.99068 114.77336 52.99068 curveto
114.83942 52.99068 114.90277 53.01692 114.94948 53.06363 curveto
114.99619 53.11034 115.02243 53.17369 115.02243 53.23975 curveto closepath fill
newpath 117.22462 51.19629 moveto
117.22462 51.26234 117.19838 51.3257 117.15167 51.3724 curveto
117.10497 51.41911 117.04161 51.44536 116.97556 51.44536 curveto
116.9095 51.44536 116.84615 51.41911 116.79944 51.3724 curveto
116.75273 51.3257 116.72649 51.26234 116.72649 51.19629 curveto
116.72649 51.13023 116.75273 51.06688 116.79944 51.02017 curveto
116.84615 50.97346 116.9095 50.94722 116.97556 50.94722 curveto
117.04161 50.94722 117.10497 50.97346 117.15167 51.02017 curveto
117.19838 51.06688 117.22462 51.13023 117.22462 51.19629 curveto closepath fill
newpath 119.37111 49.0941 moveto
119.37111 49.16016 119.34486 49.22351 119.29816 49.27022 curveto
119.25145 49.31693 119.1881 49.34317 119.12204 49.34317 curveto
119.05598 49.34317 118.99263 49.31693 118.94592 49.27022 curveto
118.89922 49.22351 118.87297 49.16016 118.87297 49.0941 curveto
118.87297 49.02805 118.89922 48.96469 118.94592 48.91798 curveto
118.99263 48.87128 119.05598 48.84503 119.12204 48.84503 curveto
119.1881 48.84503 119.25145 48.87128 119.29816 48.91798 curveto
119.34486 48.96469 119.37111 49.02805 119.37111 49.0941 curveto closepath fill
newpath 121.49716 46.97078 moveto
121.49716 47.03683 121.47092 47.10019 121.42421 47.1469 curveto
121.3775 47.1936 121.31415 47.21985 121.2481 47.21985 curveto
121.18204 47.21985 121.11868 47.1936 121.07198 47.1469 curveto
121.02527 47.10019 120.99902 47.03683 120.99902 46.97078 curveto
120.99902 46.90472 121.02527 46.84137 121.07198 46.79466 curveto
121.11868 46.74796 121.18204 46.72171 121.2481 46.72171 curveto
121.31415 46.72171 121.3775 46.74796 121.42421 46.79466 curveto
121.47092 46.84137 121.49716 46.90472 121.49716 46.97078 curveto closepath fill
newpath 123.63695 44.86142 moveto
123.63695 44.92747 123.6107 44.99083 123.564 45.03754 curveto
123.51729 45.08424 123.45393 45.11049 123.38788 45.11049 curveto
123.32182 45.11049 123.25847 45.08424 123.21176 45.03754 curveto
123.16505 44.99083 123.13881 44.92747 123.13881 44.86142 curveto
123.13881 44.79536 123.16505 44.73201 123.21176 44.6853 curveto
123.25847 44.6386 123.32182 44.61235 123.38788 44.61235 curveto
123.45393 44.61235 123.51729 44.6386 123.564 44.6853 curveto
123.6107 44.73201 123.63695 44.79536 123.63695 44.86142 curveto closepath fill
newpath 125.82503 42.80273 moveto
125.82503 42.86879 125.79878 42.93214 125.75208 42.97885 curveto
125.70537 43.02556 125.64201 43.0518 125.57596 43.0518 curveto
125.5099 43.0518 125.44655 43.02556 125.39984 42.97885 curveto
125.35313 42.93214 125.32689 42.86879 125.32689 42.80273 curveto
125.32689 42.73668 125.35313 42.67332 125.39984 42.62662 curveto
125.44655 42.57991 125.5099 42.55367 125.57596 42.55367 curveto
125.64201 42.55367 125.70537 42.57991 125.75208 42.62662 curveto
125.79878 42.67332 125.82503 42.73668 125.82503 42.80273 curveto closepath fill
newpath 128.10016 40.84074 moveto
128.10016 40.9068 128.07391 40.97015 128.0272 41.01686 curveto
127.9805 41.06357 127.91714 41.08981 127.85109 41.08981 curveto
127.78503 41.08981 127.72168 41.06357 127.67497 41.01686 curveto
127.62827 40.97015 127.60202 40.9068 127.60202 40.84074 curveto
127.60202 40.77469 127.62827 40.71133 127.67497 40.66463 curveto
127.72168 40.61792 127.78503 40.59167 127.85109 40.59167 curveto
127.91714 40.59167 127.9805 40.61792 128.0272 40.66463 curveto
128.07391 40.71133 128.10016 40.77469 128.10016 40.84074 curveto closepath fill
newpath 130.50557 39.04185 moveto
130.50557 39.10791 130.47932 39.17126 130.43262 39.21797 curveto
130.38591 39.26468 130.32256 39.29092 130.2565 39.29092 curveto
130.19044 39.29092 130.12709 39.26468 130.08038 39.21797 curveto
130.03368 39.17126 130.00743 39.10791 130.00743 39.04185 curveto
130.00743 38.9758 130.03368 38.91245 130.08038 38.86574 curveto
130.12709 38.81903 130.19044 38.79279 130.2565 38.79279 curveto
130.32256 38.79279 130.38591 38.81903 130.43262 38.86574 curveto
130.47932 38.91245 130.50557 38.9758 130.50557 39.04185 curveto closepath fill
newpath 133.086 37.50731 moveto
133.086 37.57336 133.05975 37.63672 133.01305 37.68343 curveto
132.96634 37.73013 132.90298 37.75638 132.83693 37.75638 curveto
132.77087 37.75638 132.70752 37.73013 132.66081 37.68343 curveto
132.6141 37.63672 132.58786 37.57336 132.58786 37.50731 curveto
132.58786 37.44125 132.6141 37.3779 132.66081 37.33119 curveto
132.70752 37.28448 132.77087 37.25824 132.83693 37.25824 curveto
132.90298 37.25824 132.96634 37.28448 133.01305 37.33119 curveto
133.05975 37.3779 133.086 37.44125 133.086 37.50731 curveto closepath fill
newpath 135.87082 36.39017 moveto
135.87082 36.45622 135.84457 36.51958 135.79787 36.56628 curveto
135.75116 36.61299 135.6878 36.63924 135.62175 36.63924 curveto
135.5557 36.63924 135.49234 36.61299 135.44563 36.56628 curveto
135.39893 36.51958 135.37268 36.45622 135.37268 36.39017 curveto
135.37268 36.32411 135.39893 36.26076 135.44563 36.21405 curveto
135.49234 36.16734 135.5557 36.1411 135.62175 36.1411 curveto
135.6878 36.1411 135.75116 36.16734 135.79787 36.21405 curveto
135.84457 36.26076 135.87082 36.32411 135.87082 36.39017 curveto closepath fill
newpath 138.82504 35.8805 moveto
138.82504 35.94655 138.7988 36.0099 138.75209 36.05661 curveto
138.70538 36.10332 138.64203 36.12956 138.57597 36.12956 curveto
138.50992 36.12956 138.44656 36.10332 138.39986 36.05661 curveto
138.35315 36.0099 138.3269 35.94655 138.3269 35.8805 curveto
138.3269 35.81444 138.35315 35.75108 138.39986 35.70438 curveto
138.44656 35.65767 138.50992 35.63142 138.57597 35.63142 curveto
138.64203 35.63142 138.70538 35.65767 138.75209 35.70438 curveto
138.7988 35.75108 138.82504 35.81444 138.82504 35.8805 curveto closepath fill
newpath 141.81421 36.1032 moveto
141.81421 36.16925 141.78796 36.2326 141.74126 36.27931 curveto
141.69455 36.32602 141.6312 36.35226 141.56514 36.35226 curveto
141.49908 36.35226 141.43573 36.32602 141.38902 36.27931 curveto
141.34232 36.2326 141.31607 36.16925 141.31607 36.1032 curveto
141.31607 36.03714 141.34232 35.97379 141.38902 35.92708 curveto
141.43573 35.88037 141.49908 35.85413 141.56514 35.85413 curveto
141.6312 35.85413 141.69455 35.88037 141.74126 35.92708 curveto
141.78796 35.97379 141.81421 36.03714 141.81421 36.1032 curveto closepath fill
newpath 144.67659 36.99988 moveto
144.67659 37.06593 144.65034 37.12929 144.60364 37.176 curveto
144.55693 37.2227 144.49358 37.24895 144.42752 37.24895 curveto
144.36147 37.24895 144.29811 37.2227 144.2514 37.176 curveto
144.2047 37.12929 144.17845 37.06593 144.17845 36.99988 curveto
144.17845 36.93382 144.2047 36.87047 144.2514 36.82376 curveto
144.29811 36.77705 144.36147 36.75081 144.42752 36.75081 curveto
144.49358 36.75081 144.55693 36.77705 144.60364 36.82376 curveto
144.65034 36.87047 144.67659 36.93382 144.67659 36.99988 curveto closepath fill
newpath 147.33746 38.38902 moveto
147.33746 38.45508 147.31122 38.51843 147.26451 38.56514 curveto
147.2178 38.61185 147.15445 38.63809 147.0884 38.63809 curveto
147.02234 38.63809 146.95898 38.61185 146.91228 38.56514 curveto
146.86557 38.51843 146.83932 38.45508 146.83932 38.38902 curveto
146.83932 38.32297 146.86557 38.25961 146.91228 38.2129 curveto
146.95898 38.1662 147.02234 38.13995 147.0884 38.13995 curveto
147.15445 38.13995 147.2178 38.1662 147.26451 38.2129 curveto
147.31122 38.25961 147.33746 38.32297 147.33746 38.38902 curveto closepath fill
newpath 149.80804 40.09721 moveto
149.80804 40.16327 149.7818 40.22662 149.73509 40.27333 curveto
149.68839 40.32004 149.62503 40.34628 149.55898 40.34628 curveto
149.49292 40.34628 149.42957 40.32004 149.38286 40.27333 curveto
149.33615 40.22662 149.3099 40.16327 149.3099 40.09721 curveto
149.3099 40.03116 149.33615 39.9678 149.38286 39.9211 curveto
149.42957 39.87439 149.49292 39.84814 149.55898 39.84814 curveto
149.62503 39.84814 149.68839 39.87439 149.73509 39.9211 curveto
149.7818 39.9678 149.80804 40.03116 149.80804 40.09721 curveto closepath fill
newpath 152.13 42.00356 moveto
152.13 42.06961 152.10376 42.13297 152.05705 42.17967 curveto
152.01035 42.22638 151.94699 42.25262 151.88094 42.25262 curveto
151.81488 42.25262 151.75153 42.22638 151.70482 42.17967 curveto
151.65811 42.13297 151.63187 42.06961 151.63187 42.00356 curveto
151.63187 41.9375 151.65811 41.87415 151.70482 41.82744 curveto
151.75153 41.78073 151.81488 41.75449 151.88094 41.75449 curveto
151.94699 41.75449 152.01035 41.78073 152.05705 41.82744 curveto
152.10376 41.87415 152.13 41.9375 152.13 42.00356 curveto closepath fill
newpath 154.34818 44.03014 moveto
154.34818 44.09619 154.32193 44.15955 154.27522 44.20625 curveto
154.22852 44.25296 154.16516 44.2792 154.0991 44.2792 curveto
154.03305 44.2792 153.9697 44.25296 153.92299 44.20625 curveto
153.87628 44.15955 153.85004 44.09619 153.85004 44.03014 curveto
153.85004 43.96408 153.87628 43.90073 153.92299 43.85402 curveto
153.9697 43.80731 154.03305 43.78107 154.0991 43.78107 curveto
154.16516 43.78107 154.22852 43.80731 154.27522 43.85402 curveto
154.32193 43.90073 154.34818 43.96408 154.34818 44.03014 curveto closepath fill
newpath 156.50273 46.12389 moveto
156.50273 46.18994 156.47649 46.2533 156.42978 46.3 curveto
156.38307 46.34671 156.31972 46.37296 156.25366 46.37296 curveto
156.1876 46.37296 156.12425 46.34671 156.07755 46.3 curveto
156.03084 46.2533 156.0046 46.18994 156.0046 46.12389 curveto
156.0046 46.05783 156.03084 45.99448 156.07755 45.94777 curveto
156.12425 45.90106 156.1876 45.87482 156.25366 45.87482 curveto
156.31972 45.87482 156.38307 45.90106 156.42978 45.94777 curveto
156.47649 45.99448 156.50273 46.05783 156.50273 46.12389 curveto closepath fill
newpath 158.63019 48.24568 moveto
158.63019 48.31174 158.60394 48.37509 158.55724 48.4218 curveto
158.51053 48.4685 158.44717 48.49475 158.38112 48.49475 curveto
158.31506 48.49475 158.25171 48.4685 158.205 48.4218 curveto
158.1583 48.37509 158.13205 48.31174 158.13205 48.24568 curveto
158.13205 48.17963 158.1583 48.11627 158.205 48.06956 curveto
158.25171 48.02286 158.31506 47.99661 158.38112 47.99661 curveto
158.44717 47.99661 158.51053 48.02286 158.55724 48.06956 curveto
158.60394 48.11627 158.63019 48.17963 158.63019 48.24568 curveto closepath fill
newpath 160.76457 50.36084 moveto
160.76457 50.4269 160.73833 50.49025 160.69162 50.53696 curveto
160.64491 50.58366 160.58156 50.60991 160.5155 50.60991 curveto
160.44945 50.60991 160.3861 50.58366 160.33939 50.53696 curveto
160.29268 50.49025 160.26643 50.4269 160.26643 50.36084 curveto
160.26643 50.29478 160.29268 50.23143 160.33939 50.18472 curveto
160.3861 50.13802 160.44945 50.11177 160.5155 50.11177 curveto
160.58156 50.11177 160.64491 50.13802 160.69162 50.18472 curveto
160.73833 50.23143 160.76457 50.29478 160.76457 50.36084 curveto closepath fill
newpath 162.94043 52.43323 moveto
162.94043 52.49928 162.91418 52.56264 162.86748 52.60934 curveto
162.82077 52.65605 162.75742 52.6823 162.69136 52.6823 curveto
162.6253 52.6823 162.56195 52.65605 162.51524 52.60934 curveto
162.46854 52.56264 162.44229 52.49928 162.44229 52.43323 curveto
162.44229 52.36717 162.46854 52.30382 162.51524 52.25711 curveto
162.56195 52.2104 162.6253 52.18416 162.69136 52.18416 curveto
162.75742 52.18416 162.82077 52.2104 162.86748 52.25711 curveto
162.91418 52.30382 162.94043 52.36717 162.94043 52.43323 curveto closepath fill
newpath 165.19502 54.41896 moveto
165.19502 54.48502 165.16878 54.54837 165.12207 54.59508 curveto
165.07536 54.64178 165.01201 54.66803 164.94595 54.66803 curveto
164.8799 54.66803 164.81654 54.64178 164.76984 54.59508 curveto
164.72313 54.54837 164.69688 54.48502 164.69688 54.41896 curveto
164.69688 54.3529 164.72313 54.28955 164.76984 54.24284 curveto
164.81654 54.19614 164.8799 54.16989 164.94595 54.16989 curveto
165.01201 54.16989 165.07536 54.19614 165.12207 54.24284 curveto
165.16878 54.28955 165.19502 54.3529 165.19502 54.41896 curveto closepath fill
newpath 167.57065 56.2572 moveto
167.57065 56.32326 167.5444 56.38661 167.4977 56.43332 curveto
167.45099 56.48003 167.38763 56.50627 167.32158 56.50627 curveto
167.25552 56.50627 167.19217 56.48003 167.14546 56.43332 curveto
167.09875 56.38661 167.07251 56.32326 167.07251 56.2572 curveto
167.07251 56.19115 167.09875 56.12779 167.14546 56.08109 curveto
167.19217 56.03438 167.25552 56.00813 167.32158 56.00813 curveto
167.38763 56.00813 167.45099 56.03438 167.4977 56.08109 curveto
167.5444 56.12779 167.57065 56.19115 167.57065 56.2572 curveto closepath fill
newpath 170.1131 57.85498 moveto
170.1131 57.92104 170.08685 57.98439 170.04015 58.0311 curveto
169.99344 58.0778 169.93008 58.10405 169.86403 58.10405 curveto
169.79797 58.10405 169.73462 58.0778 169.68791 58.0311 curveto
169.6412 57.98439 169.61496 57.92104 169.61496 57.85498 curveto
169.61496 57.78893 169.6412 57.72557 169.68791 57.67886 curveto
169.73462 57.63216 169.79797 57.60591 169.86403 57.60591 curveto
169.93008 57.60591 169.99344 57.63216 170.04015 57.67886 curveto
170.08685 57.72557 170.1131 57.78893 170.1131 57.85498 curveto closepath fill
newpath 172.85692 59.0703 moveto
172.85692 59.13635 172.83067 59.1997 172.78397 59.24641 curveto
172.73726 59.29312 172.6739 59.31937 172.60785 59.31937 curveto
172.5418 59.31937 172.47844 59.29312 172.43173 59.24641 curveto
172.38503 59.1997 172.35878 59.13635 172.35878 59.0703 curveto
172.35878 59.00424 172.38503 58.94089 172.43173 58.89418 curveto
172.47844 58.84747 172.5418 58.82123 172.60785 58.82123 curveto
172.6739 58.82123 172.73726 58.84747 172.78397 58.89418 curveto
172.83067 58.94089 172.85692 59.00424 172.85692 59.0703 curveto closepath fill
newpath 175.78477 59.71552 moveto
175.78477 59.78157 175.75853 59.84492 175.71182 59.89163 curveto
175.66512 59.93834 175.60176 59.96458 175.5357 59.96458 curveto
175.46965 59.96458 175.4063 59.93834 175.35959 59.89163 curveto
175.31288 59.84492 175.28664 59.78157 175.28664 59.71552 curveto
175.28664 59.64946 175.31288 59.5861 175.35959 59.5394 curveto
175.4063 59.49269 175.46965 59.46645 175.5357 59.46645 curveto
175.60176 59.46645 175.66512 59.49269 175.71182 59.5394 curveto
175.75853 59.5861 175.78477 59.64946 175.78477 59.71552 curveto closepath fill
newpath 178.7807 59.64091 moveto
178.7807 59.70697 178.75446 59.77032 178.70775 59.81703 curveto
178.66104 59.86374 178.59769 59.88998 178.53163 59.88998 curveto
178.46558 59.88998 178.40222 59.86374 178.35551 59.81703 curveto
178.3088 59.77032 178.28256 59.70697 178.28256 59.64091 curveto
178.28256 59.57486 178.3088 59.5115 178.35551 59.4648 curveto
178.40222 59.41809 178.46558 59.39185 178.53163 59.39185 curveto
178.59769 59.39185 178.66104 59.41809 178.70775 59.4648 curveto
178.75446 59.5115 178.7807 59.57486 178.7807 59.64091 curveto closepath fill
newpath 181.67775 58.86615 moveto
181.67775 58.9322 181.6515 58.99556 181.6048 59.04227 curveto
181.55809 59.08897 181.49474 59.11522 181.42868 59.11522 curveto
181.36263 59.11522 181.29927 59.08897 181.25256 59.04227 curveto
181.20586 58.99556 181.17961 58.9322 181.17961 58.86615 curveto
181.17961 58.8001 181.20586 58.73674 181.25256 58.69003 curveto
181.29927 58.64333 181.36263 58.61708 181.42868 58.61708 curveto
181.49474 58.61708 181.55809 58.64333 181.6048 58.69003 curveto
181.6515 58.73674 181.67775 58.8001 181.67775 58.86615 curveto closepath fill
newpath 184.38008 57.56007 moveto
184.38008 57.62613 184.35384 57.68948 184.30713 57.73619 curveto
184.26042 57.7829 184.19707 57.80914 184.13101 57.80914 curveto
184.06496 57.80914 184.0016 57.7829 183.9549 57.73619 curveto
183.90819 57.68948 183.88194 57.62613 183.88194 57.56007 curveto
183.88194 57.49402 183.90819 57.43066 183.9549 57.38396 curveto
184.0016 57.33725 184.06496 57.311 184.13101 57.311 curveto
184.19707 57.311 184.26042 57.33725 184.30713 57.38396 curveto
184.35384 57.43066 184.38008 57.49402 184.38008 57.56007 curveto closepath fill
newpath 186.8857 55.90443 moveto
186.8857 55.97049 186.85945 56.03384 186.81274 56.08055 curveto
186.76604 56.12726 186.70268 56.1535 186.63663 56.1535 curveto
186.57057 56.1535 186.50722 56.12726 186.46051 56.08055 curveto
186.4138 56.03384 186.38756 55.97049 186.38756 55.90443 curveto
186.38756 55.83838 186.4138 55.77502 186.46051 55.72832 curveto
186.50722 55.68161 186.57057 55.65536 186.63663 55.65536 curveto
186.70268 55.65536 186.76604 55.68161 186.81274 55.72832 curveto
186.85945 55.77502 186.8857 55.83838 186.8857 55.90443 curveto closepath fill
newpath 189.23373 54.03018 moveto
189.23373 54.09624 189.20749 54.15959 189.16078 54.2063 curveto
189.11407 54.253 189.05072 54.27925 188.98466 54.27925 curveto
188.91861 54.27925 188.85526 54.253 188.80855 54.2063 curveto
188.76184 54.15959 188.7356 54.09624 188.7356 54.03018 curveto
188.7356 53.96413 188.76184 53.90077 188.80855 53.85406 curveto
188.85526 53.80736 188.91861 53.78111 188.98466 53.78111 curveto
189.05072 53.78111 189.11407 53.80736 189.16078 53.85406 curveto
189.20749 53.90077 189.23373 53.96413 189.23373 54.03018 curveto closepath fill
newpath 191.46945 52.02269 moveto
191.46945 52.08875 191.4432 52.1521 191.3965 52.1988 curveto
191.3498 52.24551 191.28644 52.27176 191.22038 52.27176 curveto
191.15433 52.27176 191.09097 52.24551 191.04427 52.1988 curveto
190.99756 52.1521 190.97131 52.08875 190.97131 52.02269 curveto
190.97131 51.95663 190.99756 51.89328 191.04427 51.84657 curveto
191.09097 51.79987 191.15433 51.77362 191.22038 51.77362 curveto
191.28644 51.77362 191.3498 51.79987 191.3965 51.84657 curveto
191.4432 51.89328 191.46945 51.95663 191.46945 52.02269 curveto closepath fill
newpath 193.63388 49.93877 moveto
193.63388 50.00482 193.60764 50.06818 193.56093 50.11488 curveto
193.51422 50.16159 193.45087 50.18784 193.38481 50.18784 curveto
193.31876 50.18784 193.2554 50.16159 193.2087 50.11488 curveto
193.16199 50.06818 193.13574 50.00482 193.13574 49.93877 curveto
193.13574 49.87271 193.16199 49.80936 193.2087 49.76265 curveto
193.2554 49.71594 193.31876 49.6897 193.38481 49.6897 curveto
193.45087 49.6897 193.51422 49.71594 193.56093 49.76265 curveto
193.60764 49.80936 193.63388 49.87271 193.63388 49.93877 curveto closepath fill
newpath 195.76346 47.82037 moveto
195.76346 47.88643 195.73721 47.94978 195.6905 47.99649 curveto
195.6438 48.0432 195.58044 48.06944 195.51439 48.06944 curveto
195.44833 48.06944 195.38498 48.0432 195.33827 47.99649 curveto
195.29156 47.94978 195.26532 47.88643 195.26532 47.82037 curveto
195.26532 47.75432 195.29156 47.69096 195.33827 47.64426 curveto
195.38498 47.59755 195.44833 47.5713 195.51439 47.5713 curveto
195.58044 47.5713 195.6438 47.59755 195.6905 47.64426 curveto
195.73721 47.69096 195.76346 47.75432 195.76346 47.82037 curveto closepath fill
 0.49814 0 dtransform exch truncate exch idtransform pop setlinewidth
newpath 120.39783 0 moveto
120.39783 1.99205 lineto stroke
newpath 120.39783 5.97757 moveto
120.39783 9.963 lineto stroke
newpath 120.39783 13.94719 moveto
120.39783 17.93242 lineto stroke
newpath 120.39783 21.91826 moveto
120.39783 25.90273 lineto stroke
newpath 120.39783 29.88786 moveto
120.39783 33.87302 lineto stroke
newpath 120.39783 37.85747 moveto
120.39783 41.8428 lineto stroke
newpath 120.39783 45.8285 moveto
120.39783 49.81284 lineto stroke
newpath 120.39783 53.79813 moveto
120.39783 57.78218 lineto stroke
newpath 120.39783 61.76772 moveto
120.39783 65.75328 lineto stroke
newpath 120.39783 69.73732 moveto
120.39783 73.72273 lineto stroke
newpath 120.39783 77.70839 moveto
120.39783 81.69246 lineto stroke
newpath 120.39783 85.678 moveto
120.39783 89.6635 lineto stroke
newpath 120.39783 93.64906 moveto
120.39783 95.64111 lineto stroke
newpath 157.95612 0 moveto
157.95612 1.99205 lineto stroke
newpath 157.95612 5.97757 moveto
157.95612 9.963 lineto stroke
newpath 157.95612 13.94719 moveto
157.95612 17.93242 lineto stroke
newpath 157.95612 21.91826 moveto
157.95612 25.90273 lineto stroke
newpath 157.95612 29.88786 moveto
157.95612 33.87302 lineto stroke
newpath 157.95612 37.85747 moveto
157.95612 41.8428 lineto stroke
newpath 157.95612 45.8285 moveto
157.95612 49.81284 lineto stroke
newpath 157.95612 53.79813 moveto
157.95612 57.78218 lineto stroke
newpath 157.95612 61.76772 moveto
157.95612 65.75328 lineto stroke
newpath 157.95612 69.73732 moveto
157.95612 73.72273 lineto stroke
newpath 157.95612 77.70839 moveto
157.95612 81.69246 lineto stroke
newpath 157.95612 85.678 moveto
157.95612 89.6635 lineto stroke
newpath 157.95612 93.64906 moveto
157.95612 95.64111 lineto stroke
newpath 195.51439 0 moveto
195.51439 1.99205 lineto stroke
newpath 195.51439 5.97757 moveto
195.51439 9.963 lineto stroke
newpath 195.51439 13.94719 moveto
195.51439 17.93242 lineto stroke
newpath 195.51439 21.91826 moveto
195.51439 25.90273 lineto stroke
newpath 195.51439 29.88786 moveto
195.51439 33.87302 lineto stroke
newpath 195.51439 37.85747 moveto
195.51439 41.8428 lineto stroke
newpath 195.51439 45.8285 moveto
195.51439 49.81284 lineto stroke
newpath 195.51439 53.79813 moveto
195.51439 57.78218 lineto stroke
newpath 195.51439 61.76772 moveto
195.51439 65.75328 lineto stroke
newpath 195.51439 69.73732 moveto
195.51439 73.72273 lineto stroke
newpath 195.51439 77.70839 moveto
195.51439 81.69246 lineto stroke
newpath 195.51439 85.678 moveto
195.51439 89.6635 lineto stroke
newpath 195.51439 93.64906 moveto
195.51439 95.64111 lineto stroke
newpath 82.83954 0 moveto
82.83954 1.99205 lineto stroke
newpath 82.83954 5.97757 moveto
82.83954 9.963 lineto stroke
newpath 82.83954 13.94719 moveto
82.83954 17.93242 lineto stroke
newpath 82.83954 21.91826 moveto
82.83954 25.90273 lineto stroke
newpath 82.83954 29.88786 moveto
82.83954 33.87302 lineto stroke
newpath 82.83954 37.85747 moveto
82.83954 41.8428 lineto stroke
newpath 82.83954 45.8285 moveto
82.83954 49.81284 lineto stroke
newpath 82.83954 53.79813 moveto
82.83954 57.78218 lineto stroke
newpath 82.83954 61.76772 moveto
82.83954 65.75328 lineto stroke
newpath 82.83954 69.73732 moveto
82.83954 73.72273 lineto stroke
newpath 82.83954 77.70839 moveto
82.83954 81.69246 lineto stroke
newpath 82.83954 85.678 moveto
82.83954 89.6635 lineto stroke
newpath 82.83954 93.64906 moveto
82.83954 95.64111 lineto stroke
newpath 45.28125 0 moveto
45.28125 1.99205 lineto stroke
newpath 45.28125 5.97757 moveto
45.28125 9.963 lineto stroke
newpath 45.28125 13.94719 moveto
45.28125 17.93242 lineto stroke
newpath 45.28125 21.91826 moveto
45.28125 25.90273 lineto stroke
newpath 45.28125 29.88786 moveto
45.28125 33.87302 lineto stroke
newpath 45.28125 37.85747 moveto
45.28125 41.8428 lineto stroke
newpath 45.28125 45.8285 moveto
45.28125 49.81284 lineto stroke
newpath 45.28125 53.79813 moveto
45.28125 57.78218 lineto stroke
newpath 45.28125 61.76772 moveto
45.28125 65.75328 lineto stroke
newpath 45.28125 69.73732 moveto
45.28125 73.72273 lineto stroke
newpath 45.28125 77.70839 moveto
45.28125 81.69246 lineto stroke
newpath 45.28125 85.678 moveto
45.28125 89.6635 lineto stroke
newpath 45.28125 93.64906 moveto
45.28125 95.64111 lineto stroke
newpath 7.72298 0 moveto
7.72298 1.99205 lineto stroke
newpath 7.72298 5.97757 moveto
7.72298 9.963 lineto stroke
newpath 7.72298 13.94719 moveto
7.72298 17.93242 lineto stroke
newpath 7.72298 21.91826 moveto
7.72298 25.90273 lineto stroke
newpath 7.72298 29.88786 moveto
7.72298 33.87302 lineto stroke
newpath 7.72298 37.85747 moveto
7.72298 41.8428 lineto stroke
newpath 7.72298 45.8285 moveto
7.72298 49.81284 lineto stroke
newpath 7.72298 53.79813 moveto
7.72298 57.78218 lineto stroke
newpath 7.72298 61.76772 moveto
7.72298 65.75328 lineto stroke
newpath 7.72298 69.73732 moveto
7.72298 73.72273 lineto stroke
newpath 7.72298 77.70839 moveto
7.72298 81.69246 lineto stroke
newpath 7.72298 85.678 moveto
7.72298 89.6635 lineto stroke
newpath 7.72298 93.64906 moveto
7.72298 95.64111 lineto stroke
 0 0.49814 dtransform truncate idtransform setlinewidth pop
newpath 85.86061 95.6382 moveto
86.14775 91.18147 86.55199 86.73314 87.07298 82.29756 curveto
87.36084 79.84692 87.79063 77.41599 88.2848 74.99872 curveto
88.60004 73.45708 89.02106 71.93971 89.49718 70.44002 curveto
89.83101 69.38855 90.24728 68.36572 90.709 67.36386 curveto
91.05797 66.60681 91.47151 65.88187 91.92137 65.1801 curveto
92.28275 64.61624 92.69466 64.08704 93.13374 63.58154 curveto
93.50587 63.15321 93.91559 62.75974 94.34557 62.3896 curveto
94.72664 62.0618 95.13507 61.76755 95.55792 61.49574 curveto
95.94612 61.24619 96.3531 61.02802 96.7703 60.831 curveto
97.1636 60.6453 97.56949 60.48805 97.98212 60.35106 curveto
98.37962 60.21898 98.78477 60.11244 99.19449 60.02579 curveto
99.59473 59.94096 99.99933 59.87949 100.40631 59.83754 curveto
100.8091 59.79594 101.2139 59.7757 101.61868 59.7757 curveto
102.02347 59.7757 102.42827 59.79594 102.83105 59.83754 curveto
103.23804 59.87949 103.64264 59.94096 104.04288 60.02579 curveto
104.45259 60.11244 104.85774 60.21898 105.25525 60.35106 curveto
105.66788 60.48805 106.07376 60.6453 106.46707 60.831 curveto
106.88426 61.02802 107.29124 61.24619 107.67944 61.49574 curveto
108.1023 61.76755 108.51073 62.0618 108.8918 62.3896 curveto
109.32178 62.75974 109.73149 63.15321 110.10362 63.58154 curveto
110.54271 64.08704 110.95462 64.61624 111.316 65.1801 curveto
111.76585 65.88187 112.1794 66.60681 112.52837 67.36386 curveto
112.99008 68.36572 113.40636 69.38855 113.74019 70.44002 curveto
114.21631 71.93971 114.63733 73.45708 114.95256 74.99872 curveto
115.44673 77.41599 115.87653 79.84692 116.16438 82.29756 curveto
116.68538 86.73314 117.08961 91.18147 117.37675 95.6382 curveto stroke
newpath 115.69327 92.7517 moveto
116.67743 93.39531 117.30115 94.4647 117.37675 95.6382 curveto
117.30115 94.4647 117.78244 93.32411 118.67587 92.55952 curveto stroke
newpath 84.5615 92.55952 moveto
85.45493 93.32411 85.93622 94.4647 85.86061 95.6382 curveto
85.93622 94.4647 86.55994 93.39531 87.5441 92.7517 curveto stroke
newpath 123.4189 0.00584 moveto
123.7062 4.4622 124.11046 8.90999 124.63145 13.345 curveto
124.91931 15.796 125.34927 18.22751 125.84346 20.64531 curveto
126.15868 22.18677 126.57971 23.70378 127.05583 25.2031 curveto
127.38983 26.2544 127.80612 27.27704 128.26782 28.27872 curveto
128.6168 29.03577 129.03053 29.76051 129.48038 30.46211 curveto
129.84193 31.02597 130.25366 31.55518 130.69293 32.06085 curveto
131.06508 32.48917 131.4748 32.88248 131.90475 33.25243 curveto
132.28583 33.58023 132.69446 33.8743 133.11731 34.1461 curveto
133.5055 34.39546 133.91266 34.61383 134.32986 34.81065 curveto
134.72316 34.99637 135.12923 35.15361 135.54187 35.2906 curveto
135.93936 35.4225 136.34451 35.52904 136.75423 35.61568 curveto
137.15446 35.70033 137.55927 35.7618 137.96623 35.80376 curveto
138.36902 35.84517 138.77382 35.86542 139.17879 35.86542 curveto
139.58377 35.86542 139.98856 35.84499 140.39134 35.80339 curveto
140.79832 35.76144 141.20311 35.69978 141.60335 35.61496 curveto
142.01306 35.52812 142.41841 35.42159 142.81572 35.28952 curveto
143.22853 35.15233 143.63443 34.9949 144.02773 34.80902 curveto
144.44492 34.61182 144.85208 34.39346 145.24028 34.14372 curveto
145.66313 33.87173 146.07175 33.57732 146.45282 33.24913 curveto
146.8828 32.87881 147.2927 32.48515 147.66464 32.05647 curveto
148.10391 31.55043 148.51582 31.02068 148.8772 30.45627 curveto
149.32724 29.75377 149.74078 29.02809 150.08975 28.27032 curveto
150.55145 27.26755 150.96793 26.24362 151.30176 25.19124 curveto
151.77788 23.68973 152.19908 22.17072 152.51413 20.62724 curveto
153.00848 18.20543 153.43846 15.76974 153.72614 13.31454 curveto
154.24731 8.86913 154.65155 4.41112 154.93869 -0.05545 curveto stroke
newpath 156.23828 3.02304 moveto
155.34473 2.2586 154.86325 1.11806 154.93869 -0.05545 curveto
154.86325 1.11806 154.23972 2.18756 153.25565 2.83133 curveto stroke
newpath 125.10248 2.8923 moveto
124.11829 2.24872 123.49455 1.17934 123.4189 0.00584 curveto
123.49455 1.17934 123.01328 2.31995 122.11987 3.08456 curveto stroke
newpath 160.97719 95.63527 moveto
161.26431 91.17891 161.66856 86.73112 162.18954 82.29611 curveto
162.47742 79.84564 162.9072 77.41489 163.40137 74.99782 curveto
163.7166 73.45618 164.13762 71.93898 164.61374 70.4393 curveto
164.94757 69.38782 165.36386 68.36499 165.82556 67.36331 curveto
166.17453 66.60626 166.58809 65.88133 167.03793 65.17973 curveto
167.3993 64.61588 167.81122 64.08667 168.2503 63.58118 curveto
168.62244 63.15285 169.03217 62.75955 169.46213 62.3896 curveto
169.8432 62.0618 170.25165 61.76736 170.6745 61.49556 curveto
171.06268 61.246 171.46967 61.02783 171.88687 60.83083 curveto
172.28017 60.64511 172.68605 60.48787 173.0987 60.35088 curveto
173.49619 60.2188 173.90134 60.11226 174.31107 60.02562 curveto
174.71129 59.94096 175.1159 59.87949 175.52289 59.83754 curveto
175.92566 59.79594 176.33046 59.7757 176.73524 59.7757 curveto
177.14005 59.7757 177.54483 59.79594 177.94762 59.83754 curveto
178.3546 59.87949 178.75922 59.94096 179.15944 60.02579 curveto
179.56915 60.11244 179.97432 60.21898 180.37181 60.35106 curveto
180.78445 60.48805 181.19034 60.6453 181.58363 60.831 curveto
182.00082 61.02802 182.4078 61.24619 182.796 61.49574 curveto
183.21886 61.76755 183.62729 62.0618 184.00838 62.38979 curveto
184.43834 62.75974 184.84824 63.15321 185.2202 63.58154 curveto
185.65947 64.08722 186.07118 64.61678 186.43257 65.18065 curveto
186.88242 65.88242 187.29596 66.60736 187.64493 67.36441 curveto
188.10664 68.36626 188.52293 69.3891 188.85675 70.44057 curveto
189.33287 71.94043 189.7539 73.45781 190.06912 74.99963 curveto
190.56331 77.41708 190.99309 79.84839 191.28094 82.29921 curveto
191.80194 86.73514 192.20619 91.18384 192.49332 95.64111 curveto stroke
newpath 190.80988 92.7546 moveto
191.79404 93.39822 192.41772 94.46762 192.49332 95.64111 curveto
192.41772 94.46762 192.89905 93.32703 193.79248 92.56245 curveto stroke
newpath 159.67807 92.5566 moveto
160.5715 93.32118 161.0528 94.46178 160.97719 95.63527 curveto
161.0528 94.46178 161.67651 93.39238 162.66068 92.74876 curveto stroke
newpath 79.81847 0.00584 moveto
79.53116 4.4622 79.1269 8.90999 78.60591 13.345 curveto
78.31805 15.796 77.88809 18.22751 77.3939 20.64531 curveto
77.07869 22.18677 76.65765 23.70378 76.18153 25.2031 curveto
75.84753 26.2544 75.43124 27.27704 74.96954 28.27872 curveto
74.62056 29.03577 74.20683 29.76051 73.75699 30.46211 curveto
73.39543 31.02597 72.9837 31.55518 72.54443 32.06085 curveto
72.17229 32.48917 71.76257 32.88248 71.33261 33.25243 curveto
70.95154 33.58023 70.54291 33.8743 70.12006 34.1461 curveto
69.73187 34.39546 69.3247 34.61383 68.9075 34.81065 curveto
68.5142 34.99637 68.10814 35.15361 67.6955 35.2906 curveto
67.298 35.4225 66.89285 35.52904 66.48314 35.61568 curveto
66.0829 35.70033 65.6781 35.7618 65.27113 35.80376 curveto
64.86835 35.84517 64.46355 35.86542 64.05858 35.86542 curveto
63.6536 35.86542 63.24881 35.84499 62.84602 35.80339 curveto
62.43904 35.76144 62.03426 35.69978 61.63402 35.61496 curveto
61.2243 35.52812 60.81895 35.42159 60.42165 35.28952 curveto
60.00883 35.15233 59.60294 34.9949 59.20964 34.80902 curveto
58.79245 34.61182 58.38528 34.39346 57.99709 34.14372 curveto
57.57423 33.87173 57.16562 33.57732 56.78455 33.24913 curveto
56.35457 32.87881 55.94467 32.48515 55.57272 32.05647 curveto
55.13345 31.55043 54.72154 31.02068 54.36017 30.45627 curveto
53.91013 29.75377 53.49658 29.02809 53.14761 28.27032 curveto
52.68591 27.26755 52.26944 26.24362 51.93561 25.19124 curveto
51.45949 23.68973 51.03828 22.17072 50.72324 20.62724 curveto
50.22888 18.20543 49.7989 15.76974 49.51123 13.31454 curveto
48.99005 8.86913 48.58582 4.41112 48.29868 -0.05545 curveto stroke
newpath 49.98172 2.83133 moveto
48.99765 2.18756 48.37411 1.11806 48.29868 -0.05545 curveto
48.37411 1.11806 47.89264 2.2586 46.99908 3.02304 curveto stroke
newpath 81.1175 3.08456 moveto
80.22409 2.31995 79.74281 1.17934 79.81847 0.00584 curveto
79.74281 1.17934 79.11908 2.24872 78.13489 2.8923 curveto stroke
newpath 42.26018 95.63527 moveto
41.97305 91.17891 41.5688 86.73112 41.04782 82.29611 curveto
40.75995 79.84564 40.33017 77.41489 39.836 74.99782 curveto
39.52077 73.45618 39.09975 71.93898 38.62363 70.4393 curveto
38.2898 69.38782 37.8735 68.36499 37.4118 67.36331 curveto
37.06284 66.60626 36.64928 65.88133 36.19943 65.17973 curveto
35.83806 64.61588 35.42615 64.08667 34.98706 63.58118 curveto
34.61493 63.15285 34.2052 62.75955 33.77524 62.3896 curveto
33.39417 62.0618 32.98572 61.76736 32.56287 61.49556 curveto
32.17468 61.246 31.7677 61.02783 31.3505 60.83083 curveto
30.9572 60.64511 30.55132 60.48787 30.13867 60.35088 curveto
29.74118 60.2188 29.33603 60.11226 28.9263 60.02562 curveto
28.52608 59.94096 28.12146 59.87949 27.71448 59.83754 curveto
27.3117 59.79594 26.9069 59.7757 26.50212 59.7757 curveto
26.09732 59.7757 25.69254 59.79594 25.28975 59.83754 curveto
24.88277 59.87949 24.47815 59.94096 24.07793 60.02579 curveto
23.66821 60.11244 23.26305 60.21898 22.86555 60.35106 curveto
22.45291 60.48805 22.04703 60.6453 21.65373 60.831 curveto
21.23654 61.02802 20.82956 61.24619 20.44136 61.49574 curveto
20.01851 61.76755 19.61008 62.0618 19.22899 62.38979 curveto
18.79903 62.75974 18.38913 63.15321 18.01717 63.58154 curveto
17.5779 64.08722 17.16618 64.61678 16.8048 65.18065 curveto
16.35495 65.88242 15.9414 66.60736 15.59244 67.36441 curveto
15.13072 68.36626 14.71443 69.3891 14.38062 70.44057 curveto
13.9045 71.94043 13.48346 73.45781 13.16824 74.99963 curveto
12.67406 77.41708 12.24428 79.84839 11.95642 82.29921 curveto
11.43542 86.73514 11.03117 91.18384 10.74405 95.64111 curveto stroke
newpath 9.44489 92.56245 moveto
10.33832 93.32703 10.81964 94.46762 10.74405 95.64111 curveto
10.81964 94.46762 11.44333 93.39822 12.42749 92.7546 curveto stroke
newpath 40.57669 92.74876 moveto
41.56085 93.39238 42.18457 94.46178 42.26018 95.63527 curveto
42.18457 94.46178 42.66586 93.32118 43.5593 92.5566 curveto stroke
 0 1.4944 dtransform truncate idtransform setlinewidth pop
newpath 101.61868 59.7757 moveto
102.02347 59.77533 102.42827 59.79594 102.83087 59.83754 curveto
103.23785 59.87949 103.64264 59.94096 104.04288 60.02579 curveto
104.45259 60.11244 104.85774 60.21898 105.25525 60.35106 curveto
105.66788 60.48824 106.07394 60.6453 106.46725 60.831 curveto
106.88445 61.02802 107.29143 61.24619 107.67944 61.49574 curveto
108.1023 61.76755 108.51054 62.0618 108.89162 62.3896 curveto
109.32178 62.75974 109.73167 63.15321 110.1038 63.58154 curveto
110.5429 64.08704 110.95462 64.61624 111.316 65.1801 curveto
111.76585 65.88168 112.1794 66.60645 112.52818 67.36331 curveto
112.9899 68.36536 113.40617 69.38837 113.74019 70.44002 curveto
114.21631 71.93971 114.63733 73.45708 114.95256 74.99872 curveto
115.44673 77.41653 115.87671 79.84802 116.16457 82.29921 curveto
116.68538 86.73422 117.08961 91.18202 117.37675 95.6382 curveto stroke
newpath 115.69327 92.7517 moveto
116.67743 93.39531 117.30115 94.4647 117.37675 95.6382 curveto
117.30115 94.4647 117.78244 93.32411 118.67587 92.55952 curveto stroke
newpath 123.4189 0.00584 moveto
123.7062 4.4622 124.11046 8.90999 124.63145 13.345 curveto
124.91931 15.796 125.34927 18.22751 125.84346 20.64531 curveto
126.15868 22.18677 126.57971 23.70378 127.05583 25.2031 curveto
127.38983 26.2544 127.80612 27.27704 128.26782 28.27872 curveto
128.6168 29.03577 129.03053 29.76051 129.48038 30.46211 curveto
129.84193 31.02597 130.25366 31.55518 130.69293 32.06085 curveto
131.06508 32.48917 131.4748 32.88248 131.90475 33.25243 curveto
132.28583 33.58023 132.69446 33.8743 133.11731 34.1461 curveto
133.5055 34.39546 133.91266 34.61383 134.32986 34.81065 curveto
134.72316 34.99637 135.12923 35.15361 135.54187 35.2906 curveto
135.93936 35.4225 136.34451 35.52904 136.75423 35.61568 curveto
137.15446 35.70033 137.55927 35.7618 137.96623 35.80376 curveto
138.36902 35.84517 138.77382 35.86542 139.17879 35.86542 curveto
139.58377 35.86542 139.98856 35.84499 140.39134 35.80339 curveto
140.79832 35.76144 141.20311 35.69978 141.60335 35.61496 curveto
142.01306 35.52812 142.41841 35.42159 142.81572 35.28952 curveto
143.22853 35.15233 143.63443 34.9949 144.02773 34.80902 curveto
144.44492 34.61182 144.85208 34.39346 145.24028 34.14372 curveto
145.66313 33.87173 146.07175 33.57732 146.45282 33.24913 curveto
146.8828 32.87881 147.2927 32.48515 147.66464 32.05647 curveto
148.10391 31.55043 148.51582 31.02068 148.8772 30.45627 curveto
149.32724 29.75377 149.74078 29.02809 150.08975 28.27032 curveto
150.55145 27.26755 150.96793 26.24362 151.30176 25.19124 curveto
151.77788 23.68973 152.19908 22.17072 152.51413 20.62724 curveto
153.00848 18.20543 153.43846 15.76974 153.72614 13.31454 curveto
154.24731 8.86913 154.65155 4.41112 154.93869 -0.05545 curveto stroke
newpath 156.23828 3.02304 moveto
155.34473 2.2586 154.86325 1.11806 154.93869 -0.05545 curveto
154.86325 1.11806 154.23972 2.18756 153.25565 2.83133 curveto stroke
newpath 125.10248 2.8923 moveto
124.11829 2.24872 123.49455 1.17934 123.4189 0.00584 curveto
123.49455 1.17934 123.01328 2.31995 122.11987 3.08456 curveto stroke
newpath 160.97719 95.63527 moveto
161.26376 91.18767 161.66692 86.74846 162.18626 82.322 curveto
162.47377 79.87192 162.90245 77.44135 163.39554 75.02426 curveto
163.71004 73.4828 164.12978 71.96579 164.6048 70.46611 curveto
164.9381 69.4141 165.35345 68.39034 165.81407 67.38776 curveto
166.16214 66.63034 166.57458 65.90486 167.02316 65.20253 curveto
167.38362 64.63812 167.79425 64.10802 168.23242 63.60143 curveto
168.60365 63.17238 169.01265 62.77798 169.4417 62.40694 curveto
169.82169 62.0784 170.2292 61.78323 170.65097 61.51051 curveto
171.03787 61.26042 171.44395 61.04134 171.86005 60.84358 curveto
172.25244 60.65697 172.65741 60.49881 173.06932 60.36072 curveto
173.46571 60.22792 173.86996 60.12047 174.2786 60.03273 curveto
174.6779 59.94699 175.08179 59.88423 175.48785 59.841 curveto
175.88936 59.79831 176.29306 59.77661 176.69695 59.7757 curveto stroke
newpath 159.67807 92.5566 moveto
160.5715 93.32118 161.0528 94.46178 160.97719 95.63527 curveto
161.0528 94.46178 161.67651 93.39238 162.66068 92.74876 curveto stroke
showpage
%%EOF
