%!PS
%%BoundingBox: -1 -1 180 180 
%%HiResBoundingBox: -0.24907 -0.24907 179.94975 179.57616 
%%Creator: MetaPost 2.000
%%CreationDate: 2017.06.16:1148
%%Pages: 1
%%BeginProlog
%%EndProlog
%%Page: 1 1
 0 0 0 setrgbcolor 0 0.49814 dtransform truncate idtransform setlinewidth pop [] 0 setdash 1 setlinecap
 1 setlinejoin 10 setmiterlimit
newpath 0 89.66354 moveto
179.32709 89.66354 lineto stroke
newpath 174.34578 92.1542 moveto
175.52171 90.58629 177.3672 89.66354 179.32709 89.66354 curveto
177.3672 89.66354 175.52171 88.7408 174.34578 87.17288 curveto stroke
 0.49814 0 dtransform exch truncate exch idtransform pop setlinewidth
newpath 89.66354 0 moveto
89.66354 179.32709 lineto stroke
 0 0.49814 dtransform truncate idtransform setlinewidth pop
newpath 87.17288 174.34578 moveto
88.7408 175.52171 89.66354 177.3672 89.66354 179.32709 curveto
89.66354 177.3672 90.58629 175.52171 92.1542 174.34578 curveto stroke
 0.49814 0 dtransform exch truncate exch idtransform pop setlinewidth
newpath 35.86542 87.67102 moveto
35.86542 91.65607 lineto stroke
newpath 89.66354 87.67102 moveto
89.66354 91.65607 lineto stroke
newpath 143.46167 87.67102 moveto
143.46167 91.65607 lineto stroke
 0 0.49814 dtransform truncate idtransform setlinewidth pop
newpath 91.65607 35.86542 moveto
87.67102 35.86542 lineto stroke
newpath 91.65607 89.66354 moveto
87.67102 89.66354 lineto stroke
newpath 91.65607 143.46167 moveto
87.67102 143.46167 lineto stroke
 0.7 setgray
newpath 143.46167 89.66354 moveto
143.46167 103.93233 137.79257 117.61499 127.70378 127.70378 curveto
117.61499 137.79257 103.93233 143.46167 89.66354 143.46167 curveto
75.39476 143.46167 61.7121 137.79257 51.6233 127.70378 curveto
41.53452 117.61499 35.86542 103.93233 35.86542 89.66354 curveto
35.86542 75.39476 41.53452 61.7121 51.6233 51.6233 curveto
61.7121 41.53452 75.39476 35.86542 89.66354 35.86542 curveto
103.93233 35.86542 117.61499 41.53452 127.70378 51.6233 curveto
137.79257 61.7121 143.46167 75.39476 143.46167 89.66354 curveto closepath stroke
 0 0 0 setrgbcolor
newpath 116.46054 87.31908 moveto
116.39214 86.53922 116.2898 85.76292 116.15381 84.99211 curveto
116.0178 84.22156 115.84871 83.4573 115.64621 82.70154 curveto
115.44373 81.9455 115.20813 81.19876 114.94052 80.46324 curveto
114.67291 79.72798 114.37328 79.00478 114.04247 78.2958 curveto
113.71164 77.58655 113.35017 76.8918 112.95888 76.214 curveto
112.56758 75.53622 112.14674 74.87596 111.69798 74.23483 curveto
111.24924 73.59372 110.77257 72.97258 110.26964 72.37305 curveto
109.7667 71.77353 109.23749 71.19615 108.6842 70.64288 curveto
108.13094 70.0896 107.55356 69.56067 106.95404 69.05772 curveto
106.3545 68.5548 105.73337 68.07813 105.09225 67.6291 curveto stroke
newpath 108.39763 68.11963 moveto
107.28004 68.48543 106.05545 68.3037 105.09225 67.6291 curveto
106.05545 68.3037 106.64482 69.39241 106.68306 70.56772 curveto stroke
newpath 114.71072 84.4723 moveto
115.70952 85.09296 116.3578 86.14764 116.46054 87.31908 curveto
116.3578 86.14764 116.81258 84.99622 117.68808 84.21117 curveto stroke
newpath 74.23483 111.69798 moveto
73.59372 111.24924 72.97203 110.77257 72.3725 110.26936 curveto
71.77325 109.76642 71.19615 109.23749 70.64288 108.6842 curveto
70.0896 108.13066 69.5604 107.5533 69.05745 106.95377 curveto
68.55452 106.35423 68.07785 105.73337 67.6291 105.09225 curveto
67.18007 104.45113 66.7595 103.79059 66.36821 103.11281 curveto
65.97691 102.43501 65.61545 101.74109 65.28462 101.03183 curveto
64.95381 100.32231 64.65417 99.59883 64.38657 98.86331 curveto
64.11896 98.12805 63.88336 97.38187 63.68088 96.6261 curveto
63.47838 95.87006 63.30928 95.10526 63.17328 94.33443 curveto
63.0373 93.56389 62.93468 92.78787 62.86655 92.00856 curveto
62.79842 91.22844 62.76448 90.44586 62.76448 89.663 curveto
62.76448 88.88069 62.79842 88.09865 62.86655 87.31934 curveto
62.93468 86.53949 63.0373 85.76292 63.17328 84.99211 curveto
63.30928 84.22156 63.47838 83.45758 63.68088 82.70181 curveto
63.88336 81.94577 64.11868 81.19876 64.38657 80.46324 curveto
64.65417 79.72798 64.95381 79.00505 65.28462 78.29607 curveto
65.61545 77.58655 65.97691 76.89207 66.36821 76.214 curveto
66.7595 75.53595 67.18034 74.87541 67.62938 74.23428 curveto
68.07813 73.59344 68.55452 72.9723 69.05745 72.37305 curveto
69.56067 71.77353 70.08987 71.19615 70.64342 70.64261 curveto
71.1967 70.08932 71.77379 69.56067 72.37305 69.05772 curveto
72.97285 68.55452 73.594 68.07758 74.2351 67.62856 curveto
74.87596 67.1798 75.53622 66.7595 76.214 66.36821 curveto
76.8918 65.97691 77.58627 65.61545 78.2958 65.28462 curveto
79.00478 64.95409 79.72798 64.65445 80.46324 64.38684 curveto
81.19876 64.11896 81.94577 63.88364 82.70181 63.68088 curveto
83.45758 63.47838 84.22156 63.30928 84.99211 63.17328 curveto
85.76292 63.0373 86.53949 62.93468 87.31934 62.86655 curveto
88.09865 62.79842 88.88069 62.76448 89.663 62.76448 curveto
90.44586 62.76448 91.22816 62.79842 92.00801 62.86655 curveto
92.7876 62.93468 93.56361 63.03674 94.33415 63.17274 curveto
95.10498 63.30873 95.8695 63.47838 96.62555 63.68088 curveto
97.38132 63.88336 98.12778 64.11896 98.86304 64.38657 curveto
99.59856 64.65417 100.32231 64.95381 101.03183 65.28462 curveto stroke
newpath 97.69151 65.37605 moveto
98.72852 64.82156 99.96605 64.7877 101.03183 65.28462 curveto
99.96605 64.7877 99.19644 63.818 98.95451 62.66722 curveto stroke
newpath 70.92934 111.20836 moveto
72.04681 110.84225 73.27145 111.02365 74.23483 111.69798 curveto
73.27145 111.02365 72.6818 109.93512 72.64323 108.75981 curveto stroke
 0 1.24533 dtransform truncate idtransform setlinewidth pop
newpath 179.32709 89.66354 moveto
89.66354 89.66354 lineto
44.83177 167.31384 lineto stroke
newpath 45.03198 163.97827 moveto
45.49391 165.05968 45.41974 166.29546 44.83177 167.31384 curveto
45.41974 166.29546 46.45287 165.61333 47.62036 165.47269 curveto stroke
newpath 176.3383 91.15794 moveto
177.04385 90.2172 178.15115 89.66354 179.32709 89.66354 curveto
178.15115 89.66354 177.04385 89.1099 176.3383 88.16914 curveto stroke
newpath 179.32709 89.66354 moveto
89.66354 89.66354 lineto
134.49532 12.01324 lineto stroke
newpath 134.2951 15.34882 moveto
133.83318 14.26741 133.90735 13.03163 134.49532 12.01324 curveto
133.90735 13.03163 132.87422 13.71376 131.70673 13.8544 curveto stroke
newpath 176.3383 91.15794 moveto
177.04385 90.2172 178.15115 89.66354 179.32709 89.66354 curveto
178.15115 89.66354 177.04385 89.1099 176.3383 88.16914 curveto stroke
showpage
%%EOF
