%!PS
%%BoundingBox: -1 -1 108 161 
%%HiResBoundingBox: -0.24907 -0.6178 107.84532 160.01965 
%%Creator: MetaPost 2.000
%%CreationDate: 2017.06.16:1148
%%Pages: 1
%%BeginProlog
%%EndProlog
%%Page: 1 1
 0 0 0 setrgbcolor
newpath 11.54506 61.76822 moveto
11.01659 61.76822 10.50983 61.55826 10.13615 61.1846 curveto
9.7625 60.81093 9.55254 60.30417 9.55254 59.7757 curveto
9.55254 59.24722 9.7625 58.74046 10.13615 58.36679 curveto
10.50983 57.99313 11.01659 57.78317 11.54506 57.78317 curveto
12.07353 57.78317 12.58029 57.99313 12.95396 58.36679 curveto
13.32762 58.74046 13.53758 59.24722 13.53758 59.7757 curveto
13.53758 60.30417 13.32762 60.81093 12.95396 61.1846 curveto
12.58029 61.55826 12.07353 61.76822 11.54506 61.76822 curveto closepath fill
newpath 96.0512 101.61868 moveto
95.52272 101.61868 95.01596 101.40872 94.64229 101.03506 curveto
94.26863 100.66139 94.05867 100.15463 94.05867 99.62616 curveto
94.05867 99.09769 94.26863 98.59093 94.64229 98.21725 curveto
95.01596 97.8436 95.52272 97.63364 96.0512 97.63364 curveto
96.57967 97.63364 97.08643 97.8436 97.4601 98.21725 curveto
97.83376 98.59093 98.04372 99.09769 98.04372 99.62616 curveto
98.04372 100.15463 97.83376 100.66139 97.4601 101.03506 curveto
97.08643 101.40872 96.57967 101.61868 96.0512 101.61868 curveto closepath fill
 0 0.49814 dtransform truncate idtransform setlinewidth pop [] 0 setdash 1 setlinecap 1 setlinejoin
 10 setmiterlimit
newpath 0 79.70093 moveto
107.59625 79.70093 lineto stroke
newpath 102.61494 82.19159 moveto
103.79088 80.62367 105.63637 79.70093 107.59625 79.70093 curveto
105.63637 79.70093 103.79088 78.77818 102.61494 77.21027 curveto stroke
 0.49814 0 dtransform exch truncate exch idtransform pop setlinewidth
newpath 53.79813 0 moveto
53.79813 159.40186 lineto stroke
 0 0.49814 dtransform truncate idtransform setlinewidth pop
newpath 51.30746 154.42055 moveto
52.87538 155.59648 53.79813 157.44197 53.79813 159.40186 curveto
53.79813 157.44197 54.72087 155.59648 56.28879 154.42055 curveto stroke
 0.49814 0 dtransform exch truncate exch idtransform pop setlinewidth
newpath 11.54506 77.7084 moveto
11.54506 81.69345 lineto stroke
newpath 96.0512 77.7084 moveto
96.0512 81.69345 lineto stroke
 0 0.49814 dtransform truncate idtransform setlinewidth pop
newpath 55.79065 59.7757 moveto
51.8056 59.7757 lineto stroke
newpath 55.79065 99.62616 moveto
51.8056 99.62616 lineto stroke
 0 1.24533 dtransform truncate idtransform setlinewidth pop
newpath 60.59554 159.39699 moveto
61.2416 151.97003 62.15114 144.55705 63.32297 137.16534 curveto
63.97064 133.07973 64.93806 129.02664 66.04997 124.99635 curveto
66.75923 122.42696 67.70654 119.8983 68.7778 117.39882 curveto
69.52933 115.64636 70.46597 113.94165 71.50482 112.27219 curveto
72.2896 111.01074 73.22008 109.80281 74.23224 108.6335 curveto
75.04533 107.69373 75.97171 106.81172 76.95966 105.96924 curveto
77.79697 105.25537 78.71924 104.59956 79.68707 103.98268 curveto
80.54451 103.43633 81.46309 102.94592 82.4145 102.4929 curveto
83.28752 102.07698 84.20323 101.71336 85.14192 101.385 curveto
86.02684 101.0755 86.9405 100.81372 87.86893 100.58508 curveto
88.76329 100.36496 89.6749 100.18741 90.59677 100.04298 curveto
91.49728 99.90161 92.40807 99.79915 93.32378 99.72923 curveto
94.22963 99.65991 95.14041 99.62555 96.0512 99.62616 curveto stroke
newpath 59.36575 156.28996 moveto
60.24182 157.07439 60.69743 158.22548 60.59554 159.39699 curveto
60.69743 158.22548 61.34494 157.17033 62.34329 156.54897 curveto stroke
newpath 47.00072 0.00487 moveto
46.35466 7.43182 45.44511 14.8448 44.27328 22.23651 curveto
43.62561 26.32213 42.65819 30.37521 41.54628 34.4055 curveto
40.83702 36.9749 39.88971 39.50356 38.81845 42.00304 curveto
38.06693 43.7555 37.13028 45.4602 36.09143 47.12967 curveto
35.30666 48.39111 34.37617 49.59904 33.36401 50.76836 curveto
32.55092 51.70813 31.62454 52.59013 30.6366 53.43262 curveto
29.79929 54.14648 28.87701 54.80229 27.90918 55.41917 curveto
27.05174 55.96553 26.13316 56.45593 25.18175 56.90895 curveto
24.30873 57.32487 23.39302 57.68849 22.45433 58.01686 curveto
21.56941 58.32635 20.65575 58.58813 19.72733 58.81677 curveto
18.83296 59.0369 17.92136 59.21445 16.99948 59.35887 curveto
16.09897 59.50024 15.18819 59.6027 14.27248 59.67262 curveto
13.36662 59.74194 12.45584 59.7763 11.54506 59.7757 curveto stroke
newpath 48.2305 3.1119 moveto
47.35443 2.32747 46.89882 1.17638 47.00072 0.00487 curveto
46.89882 1.17638 46.25131 2.23152 45.25296 2.85289 curveto stroke
showpage
%%EOF
