%!PS
%%BoundingBox: -25 -1 180 180 
%%HiResBoundingBox: -24.14441 -0.24907 179.94975 179.57616 
%%Creator: MetaPost 2.000
%%CreationDate: 2017.06.16:1148
%%Pages: 1
%%BeginProlog
%%EndProlog
%%Page: 1 1
 0 0 0 setrgbcolor 0 0.49814 dtransform truncate idtransform setlinewidth pop [] 0 setdash 1 setlinecap
 1 setlinejoin 10 setmiterlimit
newpath 0 89.66354 moveto
179.32709 89.66354 lineto stroke
newpath 174.34578 92.1542 moveto
175.52171 90.58629 177.3672 89.66354 179.32709 89.66354 curveto
177.3672 89.66354 175.52171 88.7408 174.34578 87.17288 curveto stroke
 0.49814 0 dtransform exch truncate exch idtransform pop setlinewidth
newpath 89.66354 0 moveto
89.66354 179.32709 lineto stroke
 0 0.49814 dtransform truncate idtransform setlinewidth pop
newpath 87.17288 174.34578 moveto
88.7408 175.52171 89.66354 177.3672 89.66354 179.32709 curveto
89.66354 177.3672 90.58629 175.52171 92.1542 174.34578 curveto stroke
 0.49814 0 dtransform exch truncate exch idtransform pop setlinewidth
newpath 35.86542 87.67102 moveto
35.86542 91.65607 lineto stroke
newpath 89.66354 87.67102 moveto
89.66354 91.65607 lineto stroke
newpath 143.46167 87.67102 moveto
143.46167 91.65607 lineto stroke
 0 0.49814 dtransform truncate idtransform setlinewidth pop
newpath 91.65607 35.86542 moveto
87.67102 35.86542 lineto stroke
newpath 91.65607 89.66354 moveto
87.67102 89.66354 lineto stroke
newpath 91.65607 143.46167 moveto
87.67102 143.46167 lineto stroke
 0.7 setgray
newpath 143.46167 89.66354 moveto
143.46167 103.93233 137.79257 117.61499 127.70378 127.70378 curveto
117.61499 137.79257 103.93233 143.46167 89.66354 143.46167 curveto
75.39476 143.46167 61.7121 137.79257 51.6233 127.70378 curveto
41.53452 117.61499 35.86542 103.93233 35.86542 89.66354 curveto
35.86542 75.39476 41.53452 61.7121 51.6233 51.6233 curveto
61.7121 41.53452 75.39476 35.86542 89.66354 35.86542 curveto
103.93233 35.86542 117.61499 41.53452 127.70378 51.6233 curveto
137.79257 61.7121 143.46167 75.39476 143.46167 89.66354 curveto closepath stroke
 0 0 0 setrgbcolor
newpath 111.99432 91.61728 moveto
111.93741 92.26688 111.85204 92.91374 111.73875 93.55595 curveto
111.62547 94.19817 111.48456 94.83545 111.31572 95.46535 curveto
111.1469 96.09525 110.9507 96.71776 110.72769 97.33043 curveto
110.50468 97.94336 110.25458 98.5459 109.97903 99.13693 curveto
109.70349 99.72798 109.40222 100.30699 109.07605 100.87177 curveto
108.75015 101.43626 108.39937 101.98627 108.02557 102.52039 curveto
107.65152 103.05452 107.25449 103.57224 106.83528 104.07188 curveto
106.41608 104.57153 105.97499 105.05258 105.51392 105.51392 curveto
105.05284 105.97499 104.57208 106.4158 104.07243 106.835 curveto
103.57277 107.25421 103.05534 107.65152 102.52094 108.02557 curveto
101.9868 108.39963 101.43626 108.75015 100.87149 109.07632 curveto
100.30672 109.4025 99.72798 109.70377 99.13693 109.97931 curveto
98.5459 110.25485 97.94308 110.50468 97.33015 110.72769 curveto
96.71721 110.9507 96.09497 111.1469 95.4648 111.31572 curveto
94.8349 111.48456 94.19789 111.62547 93.55595 111.73875 curveto
92.91374 111.85204 92.2666 111.93741 91.617 111.99432 curveto
90.96767 112.05124 90.31589 112.07944 89.66382 112.07944 curveto
89.01175 112.07944 88.3597 112.05124 87.71008 111.99432 curveto
87.06049 111.93741 86.41335 111.85204 85.77113 111.73875 curveto
85.12892 111.62547 84.49164 111.48456 83.86174 111.31572 curveto
83.23184 111.1469 82.6096 110.9507 81.99693 110.72769 curveto
81.384 110.50468 80.78119 110.25485 80.19016 109.97931 curveto stroke
newpath 83.53047 109.88777 moveto
82.4935 110.44228 81.25595 110.4762 80.19016 109.97931 curveto
81.25595 110.4762 82.0256 111.44588 82.26756 112.59663 curveto stroke
 1 1 1 setrgbcolor
newpath 145.72679 139.59033 moveto
145.72679 142.98364 144.37862 146.23738 141.97942 148.63658 curveto
139.58022 151.03578 136.32646 152.38397 132.93315 152.38397 curveto
73.293 152.38397 lineto
69.89969 152.38397 66.64594 151.03578 64.24673 148.63658 curveto
61.84753 146.23738 60.49936 142.98364 60.49936 139.59033 curveto
60.49936 147.33301 lineto
60.49936 143.9397 61.84753 140.68596 64.24673 138.28676 curveto
66.64594 135.88756 69.89969 134.53937 73.293 134.53937 curveto
132.93315 134.53937 lineto
136.32646 134.53937 139.58022 135.88756 141.97942 138.28676 curveto
144.37862 140.68596 145.72679 143.9397 145.72679 147.33301 curveto
 closepath fill
 0 0 0 setrgbcolor
newpath 107.52812 91.22653 moveto
107.4827 91.74643 107.41429 92.26387 107.32372 92.77774 curveto
107.23314 93.29135 107.12013 93.80058 106.98523 94.30434 curveto
106.85007 94.80836 106.69327 95.30637 106.51486 95.79672 curveto
106.33646 96.28706 106.13643 96.76949 105.91588 97.24231 curveto
105.6956 97.71487 105.45482 98.17786 105.19405 98.62935 curveto
104.93327 99.08112 104.65253 99.52167 104.35318 99.94908 curveto
104.05382 100.37648 103.73613 100.79077 103.40067 101.19054 curveto
103.06519 101.59032 102.71248 101.97504 102.34363 102.34418 curveto
101.97476 102.71303 101.59032 103.06546 101.19081 103.40067 curveto
100.79105 103.73613 100.37675 104.05382 99.94936 104.35318 curveto
99.52194 104.65253 99.08139 104.93327 98.62962 105.19405 curveto
98.17813 105.45482 97.71515 105.6956 97.24258 105.91588 curveto
96.76974 106.13643 96.28734 106.33646 95.797 106.51486 curveto
95.30664 106.69327 94.80864 106.85007 94.30461 106.98523 curveto
93.80086 107.12013 93.29163 107.23314 92.77802 107.32372 curveto
92.26413 107.41429 91.74643 107.4827 91.22653 107.52812 curveto
90.70662 107.57355 90.18509 107.59625 89.66327 107.59625 curveto
89.14145 107.59625 88.61992 107.57327 88.10002 107.52785 curveto
87.58066 107.48242 87.06349 107.41457 86.5499 107.32399 curveto
86.03601 107.23341 85.52623 107.1204 85.0222 106.98523 curveto
84.51817 106.85007 84.02017 106.693 83.52982 106.51459 curveto
83.03975 106.33618 82.5576 106.13643 82.08505 105.91615 curveto
81.61221 105.6956 81.14896 105.45454 80.69719 105.19377 curveto
80.24542 104.933 79.80487 104.65225 79.37747 104.3529 curveto
78.95033 104.05382 78.53632 103.73613 78.13683 103.40094 curveto
77.73705 103.06546 77.35205 102.71275 76.98318 102.3439 curveto
76.61433 101.97504 76.26163 101.59004 75.92615 101.19026 curveto
75.59096 100.79077 75.27327 100.37675 74.97418 99.94962 curveto
74.67484 99.52222 74.39436 99.08194 74.13359 98.63017 curveto
73.87282 98.17813 73.63148 97.71487 73.41093 97.24203 curveto
73.19038 96.76921 72.99063 96.28679 72.81223 95.79645 curveto
72.63382 95.30637 72.47676 94.80891 72.34186 94.30516 curveto
72.20668 93.80112 72.09395 93.29135 72.00337 92.77747 curveto
71.9128 92.2636 71.84439 91.74588 71.79897 91.22598 curveto
71.75354 90.70636 71.73083 90.18536 71.73083 89.66382 curveto
71.73083 89.142 71.75354 88.62047 71.79897 88.10056 curveto
71.84439 87.58066 71.9128 87.06322 72.00337 86.54935 curveto
72.09395 86.03574 72.20695 85.5265 72.34186 85.02275 curveto
72.47702 84.51872 72.63382 84.02072 72.81223 83.53036 curveto
72.99063 83.04002 73.19066 82.5576 73.41121 82.08478 curveto
73.63176 81.61194 73.87282 81.14868 74.13359 80.69664 curveto
74.39436 80.24515 74.67484 79.80515 74.9739 79.378 curveto
75.27327 78.9506 75.59096 78.53632 75.92642 78.13655 curveto
76.2619 77.73677 76.61461 77.35205 76.98346 76.98291 curveto
77.35233 76.61406 77.73677 76.26163 78.13628 75.92642 curveto
78.53604 75.59096 78.95033 75.27327 79.37773 74.9739 curveto stroke
newpath 77.78702 77.9126 moveto
77.82521 76.73727 78.41455 75.64854 79.37773 74.9739 curveto
78.41455 75.64854 77.18996 75.83032 76.07236 75.46454 curveto stroke
 1 1 1 setrgbcolor
newpath 147.86823 31.99408 moveto
147.86823 35.38739 146.52005 38.64113 144.12085 41.04033 curveto
141.72165 43.43953 138.46762 44.78772 135.07433 44.78772 curveto
71.15155 44.78772 lineto
67.75853 44.78772 64.5045 43.43953 62.1053 41.04033 curveto
59.7061 38.64113 58.35793 35.38739 58.35793 31.99408 curveto
58.35793 39.73676 lineto
58.35793 36.34344 59.7061 33.0897 62.1053 30.6905 curveto
64.5045 28.2913 67.75853 26.94312 71.15155 26.94312 curveto
135.07433 26.94312 lineto
138.46762 26.94312 141.72165 28.2913 144.12085 30.6905 curveto
146.52005 33.0897 147.86823 36.34344 147.86823 39.73676 curveto
 closepath fill
 0 0 0 setrgbcolor
newpath 62.86655 87.31908 moveto
62.93495 86.53922 63.0373 85.76292 63.17328 84.99211 curveto
63.30928 84.22156 63.47838 83.4573 63.68088 82.70154 curveto
63.88336 81.9455 64.11896 81.19876 64.38657 80.46324 curveto
64.65417 79.72798 64.95381 79.00478 65.28462 78.2958 curveto
65.61545 77.58655 65.97691 76.8918 66.36821 76.214 curveto
66.7595 75.53622 67.18034 74.87596 67.6291 74.23483 curveto
68.07785 73.59372 68.55452 72.97258 69.05745 72.37305 curveto
69.5604 71.77353 70.0896 71.19615 70.64288 70.64288 curveto
71.19615 70.0896 71.77353 69.56067 72.37305 69.05772 curveto
72.97258 68.5548 73.59372 68.07813 74.23483 67.6291 curveto stroke
newpath 72.64403 70.56772 moveto
72.68227 69.39241 73.27164 68.3037 74.23483 67.6291 curveto
73.27164 68.3037 72.04704 68.48543 70.92946 68.11963 curveto stroke
newpath 61.639 84.21117 moveto
62.51451 84.99622 62.96928 86.14764 62.86655 87.31908 curveto
62.96928 86.14764 63.61757 85.09296 64.61636 84.4723 curveto stroke
 1 1 1 setrgbcolor
newpath 60.00983 103.72491 moveto
60.00983 107.11823 58.66165 110.37196 56.26245 112.77116 curveto
53.86325 115.17036 50.60922 116.51855 47.21593 116.51855 curveto
-11.35051 116.51855 lineto
-14.7438 116.51855 -17.99783 115.17036 -20.39703 112.77116 curveto
-22.79623 110.37196 -24.14441 107.11823 -24.14441 103.72491 curveto
-24.14441 111.46759 lineto
-24.14441 108.07428 -22.79623 104.82054 -20.39703 102.42134 curveto
-17.99783 100.02214 -14.7438 98.67395 -11.35051 98.67395 curveto
47.21593 98.67395 lineto
50.60922 98.67395 53.86325 100.02214 56.26245 102.42134 curveto
58.66165 104.82054 60.00983 108.07428 60.00983 111.46759 curveto
 closepath fill
 0 0 0 setrgbcolor
newpath 74.23483 111.69798 moveto
73.59372 111.24896 72.97258 110.7723 72.37305 110.26936 curveto
71.77353 109.76642 71.19615 109.23749 70.64288 108.6842 curveto
70.0896 108.13094 69.5604 107.55356 69.05745 106.95404 curveto
68.55452 106.3545 68.07785 105.73337 67.6291 105.09225 curveto
67.18034 104.45113 66.7595 103.79086 66.36821 103.11308 curveto
65.97691 102.43529 65.61545 101.74054 65.28462 101.03128 curveto
64.95381 100.32231 64.65417 99.5991 64.38657 98.86385 curveto
64.11896 98.12833 63.88336 97.38159 63.68088 96.62555 curveto
63.47838 95.86978 63.30928 95.10553 63.17328 94.33498 curveto
63.0373 93.56416 62.93495 92.78787 62.86655 92.00801 curveto stroke
newpath 64.61636 94.85478 moveto
63.61757 94.23413 62.96928 93.17944 62.86655 92.00801 curveto
62.96928 93.17944 62.51451 94.33087 61.639 95.11592 curveto stroke
newpath 70.92946 111.20746 moveto
72.04704 110.84166 73.27164 111.02339 74.23483 111.69798 curveto
73.27164 111.02339 72.68227 109.93468 72.64403 108.75937 curveto stroke
 1 1 1 setrgbcolor
newpath 60.00983 67.8595 moveto
60.00983 71.2528 58.66165 74.50655 56.26245 76.90575 curveto
53.86325 79.30495 50.60922 80.65314 47.21593 80.65314 curveto
-11.35051 80.65314 lineto
-14.7438 80.65314 -17.99783 79.30495 -20.39703 76.90575 curveto
-22.79623 74.50655 -24.14441 71.2528 -24.14441 67.8595 curveto
-24.14441 75.60217 lineto
-24.14441 72.20886 -22.79623 68.95512 -20.39703 66.55592 curveto
-17.99783 64.15672 -14.7438 62.80853 -11.35051 62.80853 curveto
47.21593 62.80853 lineto
50.60922 62.80853 53.86325 64.15672 56.26245 66.55592 curveto
58.66165 68.95512 60.00983 72.20886 60.00983 75.60217 curveto
 closepath fill
 0 0 0 setrgbcolor 0 1.24533 dtransform truncate idtransform setlinewidth pop
newpath 179.32709 89.66354 moveto
89.66354 89.66354 lineto
44.83177 12.01324 lineto stroke
newpath 47.62036 13.8544 moveto
46.45287 13.71376 45.41974 13.03163 44.83177 12.01324 curveto
45.41974 13.03163 45.49391 14.26741 45.03198 15.34882 curveto stroke
newpath 176.3383 91.15794 moveto
177.04385 90.2172 178.15115 89.66354 179.32709 89.66354 curveto
178.15115 89.66354 177.04385 89.1099 176.3383 88.16914 curveto stroke
newpath 179.32709 89.66354 moveto
89.66354 89.66354 lineto
44.83177 167.31384 lineto stroke
newpath 45.03198 163.97827 moveto
45.49391 165.05968 45.41974 166.29546 44.83177 167.31384 curveto
45.41974 166.29546 46.45287 165.61333 47.62036 165.47269 curveto stroke
newpath 176.3383 91.15794 moveto
177.04385 90.2172 178.15115 89.66354 179.32709 89.66354 curveto
178.15115 89.66354 177.04385 89.1099 176.3383 88.16914 curveto stroke
showpage
%%EOF
