%!PS
%%BoundingBox: -1 -1 161 100 
%%HiResBoundingBox: -0.6178 -0.24907 160.01965 99.87523 
%%Creator: MetaPost 2.000
%%CreationDate: 2017.06.16:1148
%%Pages: 1
%%BeginProlog
%%EndProlog
%%Page: 1 1
 0 0 0 setrgbcolor
newpath 59.7757 12.68239 moveto
59.24722 12.68239 58.74046 12.47243 58.36679 12.09877 curveto
57.99313 11.7251 57.78317 11.21834 57.78317 10.68987 curveto
57.78317 10.16139 57.99313 9.65463 58.36679 9.28096 curveto
58.74046 8.9073 59.24722 8.69734 59.7757 8.69734 curveto
60.30417 8.69734 60.81093 8.9073 61.1846 9.28096 curveto
61.55826 9.65463 61.76822 10.16139 61.76822 10.68987 curveto
61.76822 11.21834 61.55826 11.7251 61.1846 12.09877 curveto
60.81093 12.47243 60.30417 12.68239 59.7757 12.68239 curveto closepath fill
newpath 99.62616 90.92882 moveto
99.09769 90.92882 98.59093 90.71886 98.21725 90.3452 curveto
97.8436 89.97153 97.63364 89.46477 97.63364 88.9363 curveto
97.63364 88.40782 97.8436 87.90106 98.21725 87.52739 curveto
98.59093 87.15373 99.09769 86.94377 99.62616 86.94377 curveto
100.15463 86.94377 100.66139 87.15373 101.03506 87.52739 curveto
101.40872 87.90106 101.61868 88.40782 101.61868 88.9363 curveto
101.61868 89.46477 101.40872 89.97153 101.03506 90.3452 curveto
100.66139 90.71886 100.15463 90.92882 99.62616 90.92882 curveto closepath fill
 0 0.49814 dtransform truncate idtransform setlinewidth pop [] 0 setdash 1 setlinecap 1 setlinejoin
 10 setmiterlimit
newpath 0 49.81308 moveto
159.40186 49.81308 lineto stroke
newpath 154.42055 52.30374 moveto
155.59648 50.73582 157.44197 49.81308 159.40186 49.81308 curveto
157.44197 49.81308 155.59648 48.89034 154.42055 47.32242 curveto stroke
 0.49814 0 dtransform exch truncate exch idtransform pop setlinewidth
newpath 79.70093 0 moveto
79.70093 99.62616 lineto stroke
 0 0.49814 dtransform truncate idtransform setlinewidth pop
newpath 77.21027 94.64485 moveto
78.77818 95.82079 79.70093 97.66628 79.70093 99.62616 curveto
79.70093 97.66628 80.62367 95.82079 82.19159 94.64485 curveto stroke
newpath 81.69345 10.68987 moveto
77.7084 10.68987 lineto stroke
newpath 81.69345 88.9363 moveto
77.7084 88.9363 lineto stroke
 0.49814 0 dtransform exch truncate exch idtransform pop setlinewidth
newpath 59.7757 47.82056 moveto
59.7757 51.8056 lineto stroke
newpath 99.62616 47.82056 moveto
99.62616 51.8056 lineto stroke
 0 1.24533 dtransform truncate idtransform setlinewidth pop
newpath 159.39699 56.10698 moveto
151.97003 56.70517 144.55705 57.54735 137.16534 58.63237 curveto
133.07973 59.23209 129.02664 60.12784 124.99635 61.15738 curveto
122.42696 61.8141 119.8983 62.69124 117.39882 63.68315 curveto
115.64636 64.37901 113.94165 65.24628 112.27219 66.20816 curveto
111.01074 66.9348 109.80281 67.79637 108.6335 68.73355 curveto
107.69373 69.48642 106.81172 70.34418 105.96924 71.25894 curveto
105.25537 72.03423 104.59956 72.88818 103.98268 73.78433 curveto
103.43633 74.57825 102.94592 75.42879 102.4929 76.30972 curveto
102.07698 77.11807 101.71336 77.96596 101.385 78.83511 curveto
101.0755 79.65448 100.81372 80.50046 100.58508 81.36012 curveto
100.36496 82.18823 100.18741 83.03232 100.04298 83.8859 curveto
99.90161 84.71971 99.79915 85.56302 99.72923 86.4109 curveto
99.65991 87.24966 99.62555 88.09297 99.62616 88.9363 curveto stroke
newpath 156.53784 57.83647 moveto
157.16559 56.84213 158.22485 56.20139 159.39699 56.10698 curveto
158.22485 56.20139 157.07669 55.7384 156.29791 54.85735 curveto stroke
newpath 0.00487 43.51918 moveto
7.43182 42.92099 14.8448 42.07881 22.23651 40.99379 curveto
26.32213 40.39407 30.37521 39.49832 34.4055 38.46878 curveto
36.9749 37.81206 39.50356 36.93492 42.00304 35.94301 curveto
43.7555 35.24715 45.4602 34.37988 47.12967 33.418 curveto
48.39111 32.69136 49.59904 31.82979 50.76836 30.89261 curveto
51.70813 30.13974 52.59013 29.28198 53.43262 28.36722 curveto
54.14648 27.59193 54.80229 26.73798 55.41917 25.84183 curveto
55.96553 25.04791 56.45593 24.19737 56.90895 23.31644 curveto
57.32487 22.50809 57.68849 21.6602 58.01686 20.79105 curveto
58.32635 19.97168 58.58813 19.1257 58.81677 18.26604 curveto
59.0369 17.43793 59.21445 16.59384 59.35887 15.74026 curveto
59.50024 14.90645 59.6027 14.06314 59.67262 13.21526 curveto
59.74194 12.3765 59.7763 11.53319 59.7757 10.68987 curveto stroke
newpath 2.86401 41.78969 moveto
2.23627 42.78403 1.177 43.42477 0.00487 43.51918 curveto
1.177 43.42477 2.32516 43.88776 3.10394 44.76881 curveto stroke
showpage
%%EOF
