%!PS
%%BoundingBox: -1 -1 181 153 
%%HiResBoundingBox: -0.24907 -0.24907 180.07684 152.6771 
%%Creator: MetaPost 2.000
%%CreationDate: 2017.06.16:1148
%%Pages: 1
%%BeginProlog
%%EndProlog
%%Page: 1 1
 0 0 0 setrgbcolor 0 0.49814 dtransform truncate idtransform setlinewidth pop [] 0 setdash 1 setlinecap
 1 setlinejoin 10 setmiterlimit
newpath 0 62.76448 moveto
179.32709 62.76448 lineto stroke
newpath 174.34578 65.25514 moveto
175.52171 63.68723 177.3672 62.76448 179.32709 62.76448 curveto
177.3672 62.76448 175.52171 61.84174 174.34578 60.27382 curveto stroke
 0.49814 0 dtransform exch truncate exch idtransform pop setlinewidth
newpath 89.66354 0 moveto
89.66354 152.42802 lineto stroke
 0 0.49814 dtransform truncate idtransform setlinewidth pop
newpath 87.17288 147.44672 moveto
88.7408 148.62265 89.66354 150.46814 89.66354 152.42802 curveto
89.66354 150.46814 90.58629 148.62265 92.1542 147.44672 curveto stroke
 0.49814 0 dtransform exch truncate exch idtransform pop setlinewidth
newpath 35.86542 60.77196 moveto
35.86542 64.757 lineto stroke
newpath 89.66354 60.77196 moveto
89.66354 64.757 lineto stroke
newpath 143.46167 60.77196 moveto
143.46167 64.757 lineto stroke
 0 0.49814 dtransform truncate idtransform setlinewidth pop
newpath 91.65607 8.96635 moveto
87.67102 8.96635 lineto stroke
newpath 91.65607 62.76448 moveto
87.67102 62.76448 lineto stroke
newpath 91.65607 116.5626 moveto
87.67102 116.5626 lineto stroke
 0.7 setgray
newpath 143.46167 62.76448 moveto
143.46167 77.03326 137.79257 90.71593 127.70378 100.80472 curveto
117.61499 110.89351 103.93233 116.5626 89.66354 116.5626 curveto
75.39476 116.5626 61.7121 110.89351 51.6233 100.80472 curveto
41.53452 90.71593 35.86542 77.03326 35.86542 62.76448 curveto
35.86542 48.4957 41.53452 34.81303 51.6233 24.72424 curveto
61.7121 14.63545 75.39476 8.96635 89.66354 8.96635 curveto
103.93233 8.96635 117.61499 14.63545 127.70378 24.72424 curveto
137.79257 34.81303 143.46167 48.4957 143.46167 62.76448 curveto closepath stroke
 0 0 0 setrgbcolor
newpath 56.64937 76.77824 moveto
56.24165 75.8178 55.87608 74.8401 55.55374 73.84764 curveto
55.23114 72.8552 54.9523 71.84904 54.71753 70.83223 curveto
54.48276 69.81569 54.29257 68.78929 54.14728 67.75606 curveto
54.00198 66.72284 53.90182 65.68358 53.84738 64.64159 curveto stroke
newpath 54.10591 74.61101 moveto
55.24757 74.89287 56.18988 75.6958 56.64937 76.77824 curveto
56.18988 75.6958 56.26683 74.46019 56.8571 73.44313 curveto stroke
newpath 125.4797 60.88737 moveto
125.42526 59.84538 125.3251 58.80612 125.17981 57.7729 curveto
125.03452 56.73967 124.84433 55.71327 124.60956 54.69673 curveto
124.37479 53.67992 124.09595 52.67377 123.77335 51.68132 curveto
123.451 50.68886 123.08543 49.71117 122.67772 48.75072 curveto stroke
newpath 125.22118 50.91795 moveto
124.07951 50.6361 123.1372 49.83316 122.67772 48.75072 curveto
123.1372 49.83316 123.06026 51.06877 122.46999 52.08583 curveto stroke
 1 1 1 setrgbcolor
newpath 95.98552 84.12634 moveto
95.98552 87.51964 94.63734 90.77339 92.23814 93.17259 curveto
89.83894 95.57207 86.58492 96.91998 83.19162 96.91998 curveto
96.13547 96.91998 lineto
92.74217 96.91998 89.48814 95.57207 87.08894 93.17259 curveto
84.68974 90.77339 83.34157 87.51964 83.34157 84.12634 curveto
83.34157 98.7875 lineto
83.34157 95.39421 84.68974 92.14046 87.08894 89.74126 curveto
89.48814 87.34178 92.74217 85.99387 96.13547 85.99387 curveto
83.19162 85.99387 lineto
86.58492 85.99387 89.83894 87.34178 92.23814 89.74126 curveto
94.63734 92.14046 95.98552 95.39421 95.98552 98.7875 curveto
 closepath fill
 0 0 0 setrgbcolor
newpath 113.78087 64.87445 moveto
113.7193 65.57632 113.62709 66.27518 113.50478 66.9691 curveto
113.38246 67.66248 113.23006 68.35011 113.0478 69.03036 curveto
112.8653 69.71089 112.6535 70.3832 112.41245 71.04512 curveto
112.17165 71.70676 111.90211 72.35745 111.60468 72.99556 curveto
111.30696 73.63394 110.98161 74.25946 110.62918 74.86938 curveto
110.27702 75.47903 109.89859 76.07309 109.4947 76.6499 curveto
109.09056 77.22699 108.6615 77.7863 108.20863 78.3259 curveto
107.75606 78.86523 107.28021 79.38458 106.7822 79.88258 curveto
106.28392 80.38087 105.76456 80.85727 105.22469 81.31012 curveto
104.68536 81.76271 104.12633 82.19122 103.54979 82.5951 curveto
102.9727 82.99925 102.37837 83.37796 101.76817 83.7304 curveto
101.15852 84.08255 100.53328 84.40764 99.89517 84.70534 curveto
99.25679 85.00305 98.60527 85.27286 97.94336 85.51392 curveto
97.28172 85.75471 96.60995 85.9665 95.9297 86.14874 curveto
95.24918 86.331 94.56128 86.4834 93.86734 86.60571 curveto
93.17397 86.72803 92.47565 86.81996 91.77406 86.88126 curveto
91.0722 86.94283 90.36815 86.97374 89.66354 86.97374 curveto
88.95894 86.97374 88.25488 86.94283 87.55302 86.88126 curveto
86.85144 86.81996 86.15312 86.72803 85.45975 86.60571 curveto
84.76581 86.4834 84.07791 86.331 83.39738 86.14874 curveto
82.71713 85.9665 82.04536 85.75471 81.38373 85.51392 curveto
80.72182 85.27286 80.0703 85.00305 79.43192 84.70534 curveto
78.79381 84.40764 78.16856 84.08255 77.55891 83.7304 curveto
76.94872 83.37796 76.35439 82.99925 75.7773 82.5951 curveto
75.20076 82.19122 74.64172 81.76271 74.1024 81.31012 curveto
73.56253 80.85727 73.04317 80.38087 72.54489 79.88258 curveto
72.04688 79.38458 71.57103 78.86523 71.11845 78.3259 curveto
70.66559 77.7863 70.23653 77.22699 69.83238 76.6499 curveto
69.4285 76.07309 69.05006 75.47903 68.6979 74.86938 curveto
68.34547 74.25946 68.02013 73.63394 67.72241 72.99556 curveto
67.42497 72.35745 67.15544 71.70676 66.91464 71.04512 curveto
66.67358 70.3832 66.46179 69.71089 66.27928 69.03036 curveto
66.09703 68.35011 65.94463 67.66248 65.82231 66.9691 curveto
65.7 66.27518 65.60779 65.57632 65.54622 64.87445 curveto stroke
newpath 67.29608 67.7212 moveto
66.29727 67.10056 65.64899 66.04588 65.54622 64.87445 curveto
65.64899 66.04588 65.19421 67.19733 64.31873 67.98238 curveto stroke
newpath 74.49753 68.28445 moveto
74.3369 67.84335 74.19571 67.39514 74.07422 66.94174 curveto
73.95273 66.48833 73.85094 66.02945 73.7694 65.56702 curveto
73.68785 65.10458 73.62628 64.63858 73.58551 64.17094 curveto
73.54446 63.70331 73.52422 63.23376 73.52422 62.7642 curveto
73.52422 62.29466 73.54446 61.8251 73.58551 61.35747 curveto
73.62628 60.88983 73.68785 60.42412 73.7694 59.96167 curveto
73.85094 59.49924 73.95273 59.04036 74.07422 58.58694 curveto
74.19598 58.13354 74.33717 57.68533 74.4978 57.24425 curveto
74.65842 56.80315 74.83792 56.36917 75.0363 55.94394 curveto
75.23468 55.51845 75.45168 55.1017 75.68645 54.69508 curveto
75.92123 54.28847 76.17378 53.89226 76.44304 53.50752 curveto
76.7123 53.1228 76.99825 52.7504 77.30005 52.39056 curveto
77.60187 52.03075 77.919 51.68433 78.2512 51.35214 curveto
78.58311 51.02022 78.92981 50.70308 79.28935 50.40126 curveto
79.64919 50.09946 80.02159 49.81323 80.40633 49.54398 curveto
80.79105 49.27472 81.18726 49.02217 81.59387 48.78738 curveto
82.00049 48.55261 82.41724 48.33562 82.84273 48.13724 curveto
83.26823 47.93886 83.70248 47.75908 84.14384 47.59846 curveto
84.58495 47.43784 85.03288 47.29665 85.48628 47.17516 curveto
85.9397 47.05367 86.39857 46.95187 86.86101 46.87033 curveto
87.32344 46.78879 87.78944 46.72722 88.25708 46.68645 curveto
88.72472 46.6454 89.19426 46.62515 89.66382 46.62515 curveto
90.13336 46.62515 90.60292 46.6454 91.07056 46.68645 curveto
91.5382 46.72722 92.0039 46.78879 92.46635 46.87033 curveto
92.92851 46.95187 93.38712 47.05367 93.84053 47.17516 curveto
94.29393 47.29665 94.74214 47.43784 95.18324 47.59846 curveto
95.62433 47.75908 96.05858 47.93886 96.48409 48.13724 curveto
96.90958 48.33562 97.32632 48.55261 97.73294 48.78738 curveto
98.13956 49.02217 98.53577 49.27472 98.9205 49.54398 curveto
99.30522 49.81323 99.67763 50.09918 100.03746 50.40099 curveto
100.39728 50.7028 100.7437 51.01994 101.07588 51.35214 curveto
101.4078 51.68405 101.72495 52.03075 102.02676 52.39029 curveto
102.32857 52.75012 102.61452 53.1228 102.88405 53.50726 curveto stroke
newpath 99.9447 51.91786 moveto
101.12001 51.95554 102.209 52.54439 102.88405 53.50726 curveto
102.209 52.54439 102.02669 51.31989 102.39197 50.20213 curveto stroke
newpath 72.07065 65.98744 moveto
73.19601 66.32849 74.09515 67.1795 74.49753 68.28445 curveto
74.09515 67.1795 74.23648 65.94958 74.87903 64.96474 curveto stroke
newpath 89.66354 64.757 moveto
89.13507 64.757 88.62831 64.54704 88.25464 64.17339 curveto
87.88098 63.79971 87.67102 63.29295 87.67102 62.76448 curveto
87.67102 62.23601 87.88098 61.72925 88.25464 61.35558 curveto
88.62831 60.98192 89.13507 60.77196 89.66354 60.77196 curveto
90.19202 60.77196 90.69878 60.98192 91.07245 61.35558 curveto
91.4461 61.72925 91.65607 62.23601 91.65607 62.76448 curveto
91.65607 63.29295 91.4461 63.79971 91.07245 64.17339 curveto
90.69878 64.54704 90.19202 64.757 89.66354 64.757 curveto closepath fill
 1 1 1 setrgbcolor
newpath 180.07684 102.08203 moveto
180.07684 105.47534 178.72865 108.72908 176.32945 111.12828 curveto
173.93025 113.52748 170.6765 114.87567 167.2832 114.87567 curveto
110.67378 114.87567 lineto
107.28049 114.87567 104.02673 113.52748 101.62753 111.12828 curveto
99.22833 108.72908 97.88014 105.47534 97.88014 102.08203 curveto
97.88014 113.11047 lineto
97.88014 109.71716 99.22833 106.46342 101.62753 104.06422 curveto
104.02673 101.66502 107.28049 100.31683 110.67378 100.31683 curveto
167.2832 100.31683 lineto
170.6765 100.31683 173.93025 101.66502 176.32945 104.06422 curveto
178.72865 106.46342 180.07684 109.71716 180.07684 113.11047 curveto
 closepath fill
 0 0 0 setrgbcolor
newpath 130.01215 62.76448 moveto
130.0124 63.93863 129.96124 65.11197 129.8589 66.28174 curveto
129.75656 67.45097 129.60278 68.61499 129.39893 69.77081 curveto
129.19507 70.92719 128.94115 72.07397 128.63742 73.20818 curveto
128.33368 74.34183 127.98042 75.46153 127.57901 76.56425 curveto
127.17732 77.66754 126.72746 78.75249 126.23137 79.81665 curveto
125.73528 80.88052 125.19322 81.92224 124.60655 82.93878 curveto
124.0196 83.9556 123.38861 84.94614 122.71521 85.90768 curveto
122.04181 86.86894 121.32707 87.80038 120.57268 88.69954 curveto
119.818 89.59897 119.02448 90.46501 118.19427 91.29521 curveto
117.36435 92.12514 116.49858 92.91867 115.59943 93.67307 curveto
114.70027 94.42773 113.76828 95.14275 112.80675 95.81615 curveto
111.8452 96.48927 110.85493 97.12 109.8384 97.70694 curveto
108.82158 98.29388 107.77986 98.83649 106.71571 99.33286 curveto
105.6521 99.82895 104.56715 100.27798 103.46442 100.6794 curveto
102.36113 101.08081 101.24089 101.43434 100.10669 101.73836 curveto
98.97249 102.04236 97.8257 102.29655 96.66933 102.50041 curveto
95.5135 102.70427 94.34949 102.8575 93.18025 102.95984 curveto
92.01048 103.06218 90.83714 103.11308 89.663 103.11308 curveto
88.4894 103.11308 87.3166 103.06218 86.14738 102.95984 curveto
84.9776 102.8575 83.81303 102.70372 82.65666 102.49986 curveto
81.50111 102.296 80.3546 102.04208 79.22122 101.73836 curveto
78.08702 101.43434 76.96649 101.08109 75.86322 100.6794 curveto
74.76048 100.27798 73.67554 99.82867 72.61192 99.33286 curveto
71.54778 98.83676 70.50578 98.29442 69.48924 97.70749 curveto
68.4727 97.12054 67.48271 96.48927 66.52116 95.81615 curveto
65.55936 95.14247 64.62709 94.42773 63.72766 93.67307 curveto
62.82878 92.91893 61.96301 92.12569 61.13336 91.29604 curveto
60.30316 90.46584 59.5091 89.5998 58.75441 88.70036 curveto
58.00002 87.80121 57.28555 86.86949 56.61243 85.90823 curveto
55.93903 84.94641 55.30775 83.9556 54.72054 82.93878 curveto stroke
newpath 57.50934 84.77962 moveto
56.34184 84.6391 55.30862 83.9571 54.72054 82.93878 curveto
55.30862 83.9571 55.38295 85.19287 54.92114 86.27434 curveto stroke
 0 1.24533 dtransform truncate idtransform setlinewidth pop
newpath 89.66354 62.76448 moveto
8.39255 100.65642 lineto stroke
newpath 10.4699 98.03906 moveto
10.22795 99.18982 9.45833 100.15952 8.39255 100.65642 curveto
9.45833 100.15952 10.69585 100.19339 11.73283 100.7479 curveto stroke
newpath 179.32709 62.76448 moveto
89.66354 62.76448 lineto
170.93454 24.87254 lineto stroke
newpath 168.8572 27.4899 moveto
169.09914 26.33914 169.86876 25.36945 170.93454 24.87254 curveto
169.86876 25.36945 168.63124 25.33557 167.59425 24.78107 curveto stroke
newpath 176.3383 64.25888 moveto
177.04385 63.31813 178.15115 62.76448 179.32709 62.76448 curveto
178.15115 62.76448 177.04385 62.21083 176.3383 61.27008 curveto stroke
showpage
%%EOF
