%!PS
%%BoundingBox: -1 -1 180 180 
%%HiResBoundingBox: -0.24907 -0.24907 179.94975 179.57616 
%%Creator: MetaPost 2.000
%%CreationDate: 2017.06.16:1148
%%Pages: 1
%%BeginProlog
%%EndProlog
%%Page: 1 1
 0 0 0 setrgbcolor 0 0.49814 dtransform truncate idtransform setlinewidth pop [] 0 setdash 1 setlinecap
 1 setlinejoin 10 setmiterlimit
newpath 0 89.66354 moveto
179.32709 89.66354 lineto stroke
newpath 174.34578 92.1542 moveto
175.52171 90.58629 177.3672 89.66354 179.32709 89.66354 curveto
177.3672 89.66354 175.52171 88.7408 174.34578 87.17288 curveto stroke
 0.49814 0 dtransform exch truncate exch idtransform pop setlinewidth
newpath 89.66354 0 moveto
89.66354 179.32709 lineto stroke
 0 0.49814 dtransform truncate idtransform setlinewidth pop
newpath 87.17288 174.34578 moveto
88.7408 175.52171 89.66354 177.3672 89.66354 179.32709 curveto
89.66354 177.3672 90.58629 175.52171 92.1542 174.34578 curveto stroke
 0.49814 0 dtransform exch truncate exch idtransform pop setlinewidth
newpath 35.86542 87.67102 moveto
35.86542 91.65607 lineto stroke
newpath 89.66354 87.67102 moveto
89.66354 91.65607 lineto stroke
newpath 143.46167 87.67102 moveto
143.46167 91.65607 lineto stroke
 0 0.49814 dtransform truncate idtransform setlinewidth pop
newpath 91.65607 35.86542 moveto
87.67102 35.86542 lineto stroke
newpath 91.65607 107.59625 moveto
87.67102 107.59625 lineto stroke
newpath 91.65607 143.46167 moveto
87.67102 143.46167 lineto stroke
 0.7 setgray
newpath 143.46167 89.66354 moveto
143.46167 103.93233 137.79257 117.61499 127.70378 127.70378 curveto
117.61499 137.79257 103.93233 143.46167 89.66354 143.46167 curveto
75.39476 143.46167 61.7121 137.79257 51.6233 127.70378 curveto
41.53452 117.61499 35.86542 103.93233 35.86542 89.66354 curveto
35.86542 75.39476 41.53452 61.7121 51.6233 51.6233 curveto
61.7121 41.53452 75.39476 35.86542 89.66354 35.86542 curveto
103.93233 35.86542 117.61499 41.53452 127.70378 51.6233 curveto
137.79257 61.7121 143.46167 75.39476 143.46167 89.66354 curveto closepath stroke
 0 0 0 setrgbcolor
newpath 43.32242 106.53046 moveto
42.8318 105.18228 42.40028 103.8133 42.02896 102.42735 curveto
41.65765 101.04141 41.34735 99.63988 41.09807 98.22684 curveto
40.84906 96.81409 40.66136 95.39093 40.53603 93.96175 curveto stroke
newpath 42.2858 96.80855 moveto
41.28702 96.18787 40.63875 95.13318 40.53603 93.96175 curveto
40.63875 95.13318 40.18396 96.2846 39.30844 97.06963 curveto stroke
newpath 40.89604 104.2329 moveto
42.02135 104.5742 42.92029 105.42542 43.32242 106.53046 curveto
42.92029 105.42542 43.0619 104.19554 43.70467 103.21083 curveto stroke
 1 1 1 setrgbcolor
newpath 95.98552 127.16473 moveto
95.98552 130.55803 94.63734 133.81178 92.23814 136.21098 curveto
89.83894 138.61046 86.58492 139.95837 83.19162 139.95837 curveto
96.13547 139.95837 lineto
92.74217 139.95837 89.48814 138.61046 87.08894 136.21098 curveto
84.68974 133.81178 83.34157 130.55803 83.34157 127.16473 curveto
83.34157 141.8259 lineto
83.34157 138.4326 84.68974 135.17885 87.08894 132.77965 curveto
89.48814 130.38017 92.74217 129.03226 96.13547 129.03226 curveto
83.19162 129.03226 lineto
86.58492 129.03226 89.83894 130.38017 92.23814 132.77965 curveto
94.63734 135.17885 95.98552 138.4326 95.98552 141.8259 curveto
 closepath fill
 0 0 0 setrgbcolor
newpath 125.3927 92.7895 moveto
125.30157 93.82932 125.1653 94.86473 124.98389 95.89249 curveto
124.80275 96.91971 124.577 97.9387 124.30693 98.94621 curveto
124.03685 99.95427 123.72272 100.95029 123.36563 101.93098 curveto
123.00882 102.91113 122.60959 103.87514 122.16876 104.82054 curveto
121.72768 105.76648 121.24553 106.69272 120.72345 107.5968 curveto
120.2019 108.50006 119.64096 109.38033 119.0428 110.2346 curveto
118.44409 111.08943 117.80873 111.91798 117.13779 112.71754 curveto
116.4671 113.51654 115.76196 114.286 115.02425 115.0237 curveto
114.28627 115.76169 113.51654 116.46738 112.717 117.13832 curveto
111.91798 117.80873 111.08998 118.44409 110.2357 119.04225 curveto
109.38087 119.64096 108.50006 120.20218 107.59625 120.724 curveto
106.693 121.24553 105.76703 121.7274 104.82162 122.16821 curveto
103.87569 122.60931 102.91086 123.0091 101.92989 123.36618 curveto
100.94975 123.72299 99.95427 124.03712 98.94676 124.30693 curveto
97.9387 124.577 96.91916 124.80275 95.89139 124.98389 curveto
94.86418 125.16502 93.82932 125.3013 92.79005 125.39215 curveto
91.75053 125.48326 90.70717 125.52896 89.66354 125.52896 curveto
88.61992 125.52896 87.57655 125.48326 86.53703 125.39215 curveto
85.49777 125.3013 84.4629 125.16502 83.4357 124.98389 curveto
82.40793 124.80275 81.38838 124.577 80.38033 124.30693 curveto
79.37282 124.03712 78.37733 123.72299 77.3972 123.36618 curveto
76.41623 123.0091 75.4514 122.60931 74.50546 122.16821 curveto
73.56006 121.7274 72.6341 121.24553 71.73083 120.724 curveto
70.82703 120.20218 69.94621 119.64096 69.09138 119.04225 curveto
68.2371 118.44409 67.4091 117.80873 66.61009 117.13832 curveto
65.81055 116.46738 65.04082 115.76169 64.30284 115.0237 curveto
63.56512 114.286 62.85999 113.51654 62.1893 112.71754 curveto
61.51836 111.91798 60.883 111.08943 60.28429 110.2346 curveto
59.68613 109.38033 59.12518 108.50006 58.60364 107.5968 curveto
58.08156 106.69272 57.59941 105.76648 57.15833 104.82054 curveto
56.7175 103.87514 56.31827 102.91113 55.96146 101.93098 curveto
55.60437 100.95029 55.29024 99.95427 55.02016 98.94621 curveto
54.75009 97.9387 54.52434 96.91971 54.3432 95.89249 curveto
54.16179 94.86473 54.02551 93.82932 53.93439 92.7895 curveto stroke
newpath 55.68399 95.63644 moveto
54.68524 95.0157 54.03705 93.96095 53.93439 92.7895 curveto
54.03705 93.96095 53.58215 95.11235 52.7066 95.89734 curveto stroke
 0 1.24533 dtransform truncate idtransform setlinewidth pop
newpath 179.32709 89.66354 moveto
89.66354 89.66354 lineto
8.39255 127.55548 lineto stroke
newpath 10.4699 124.93813 moveto
10.22795 126.08888 9.45833 127.05858 8.39255 127.55548 curveto
9.45833 127.05858 10.69585 127.09245 11.73283 127.64696 curveto stroke
newpath 176.3383 91.15794 moveto
177.04385 90.2172 178.15115 89.66354 179.32709 89.66354 curveto
178.15115 89.66354 177.04385 89.1099 176.3383 88.16914 curveto stroke
showpage
%%EOF
