%!PS
%%BoundingBox: -1 -1 180 180 
%%HiResBoundingBox: -0.24907 -0.24907 179.94975 179.57616 
%%Creator: MetaPost 2.000
%%CreationDate: 2017.06.16:1148
%%Pages: 1
%%BeginProlog
%%EndProlog
%%Page: 1 1
 0 0 0 setrgbcolor 0 0.49814 dtransform truncate idtransform setlinewidth pop [] 0 setdash 1 setlinecap
 1 setlinejoin 10 setmiterlimit
newpath 0 89.66354 moveto
179.32709 89.66354 lineto stroke
newpath 174.34578 92.1542 moveto
175.52171 90.58629 177.3672 89.66354 179.32709 89.66354 curveto
177.3672 89.66354 175.52171 88.7408 174.34578 87.17288 curveto stroke
 0.49814 0 dtransform exch truncate exch idtransform pop setlinewidth
newpath 89.66354 0 moveto
89.66354 179.32709 lineto stroke
 0 0.49814 dtransform truncate idtransform setlinewidth pop
newpath 87.17288 174.34578 moveto
88.7408 175.52171 89.66354 177.3672 89.66354 179.32709 curveto
89.66354 177.3672 90.58629 175.52171 92.1542 174.34578 curveto stroke
 0.49814 0 dtransform exch truncate exch idtransform pop setlinewidth
newpath 35.86542 87.67102 moveto
35.86542 91.65607 lineto stroke
newpath 89.66354 87.67102 moveto
89.66354 91.65607 lineto stroke
newpath 143.46167 87.67102 moveto
143.46167 91.65607 lineto stroke
 0 0.49814 dtransform truncate idtransform setlinewidth pop
newpath 91.65607 35.86542 moveto
87.67102 35.86542 lineto stroke
newpath 91.65607 89.66354 moveto
87.67102 89.66354 lineto stroke
newpath 91.65607 143.46167 moveto
87.67102 143.46167 lineto stroke
 0.7 setgray
newpath 143.46167 89.66354 moveto
143.46167 103.93233 137.79257 117.61499 127.70378 127.70378 curveto
117.61499 137.79257 103.93233 143.46167 89.66354 143.46167 curveto
75.39476 143.46167 61.7121 137.79257 51.6233 127.70378 curveto
41.53452 117.61499 35.86542 103.93233 35.86542 89.66354 curveto
35.86542 75.39476 41.53452 61.7121 51.6233 51.6233 curveto
61.7121 41.53452 75.39476 35.86542 89.66354 35.86542 curveto
103.93233 35.86542 117.61499 41.53452 127.70378 51.6233 curveto
137.79257 61.7121 143.46167 75.39476 143.46167 89.66354 curveto closepath stroke
 0 0 0 setrgbcolor
newpath 116.46054 92.00801 moveto
116.39214 92.78787 116.2898 93.56416 116.15381 94.33498 curveto
116.0178 95.10526 115.84871 95.86923 115.64621 96.62473 curveto
115.44373 97.38077 115.20813 98.12778 114.94052 98.86331 curveto
114.67291 99.59883 114.373 100.32231 114.04219 101.03183 curveto
113.71164 101.74081 113.35045 102.43474 112.95943 103.11226 curveto
112.56786 103.79031 112.14702 104.45087 111.69798 105.09198 curveto
111.24896 105.7331 110.77257 106.3545 110.26936 106.95404 curveto
109.76614 107.55356 109.23721 108.13094 108.68367 108.68448 curveto
108.13066 109.23776 107.55383 109.7667 106.95459 110.26936 curveto
106.35506 110.77257 105.73337 111.24896 105.09225 111.69798 curveto
104.45113 112.14702 103.79086 112.56786 103.11281 112.95943 curveto
102.43529 113.35045 101.74109 113.71164 101.0321 114.04219 curveto
100.32259 114.373 99.59938 114.67291 98.86385 114.94052 curveto
98.12833 115.20813 97.38132 115.44373 96.62527 115.64621 curveto
95.86978 115.84871 95.10553 116.0178 94.33525 116.15381 curveto
93.56444 116.2898 92.78787 116.39241 92.00801 116.46054 curveto
91.22816 116.52867 90.44586 116.5626 89.663 116.5626 curveto
88.88042 116.5626 88.0981 116.52812 87.31825 116.45999 curveto
86.53894 116.39186 85.7632 116.29007 84.99294 116.15434 curveto
84.2221 116.01836 83.45758 115.84871 82.70154 115.64621 curveto
81.9455 115.44345 81.19849 115.20813 80.46297 114.94025 curveto
79.72798 114.67264 79.00478 114.373 78.2958 114.04247 curveto
77.58627 113.71164 76.8918 113.35017 76.214 112.95888 curveto
75.53595 112.56758 74.87541 112.14674 74.23428 111.69771 curveto
73.59344 111.24896 72.97258 110.77257 72.37332 110.26964 curveto
71.77379 109.76642 71.19643 109.23749 70.64288 108.6842 curveto
70.0896 108.13066 69.56067 107.5533 69.05745 106.95377 curveto
68.55452 106.3545 68.07813 105.73364 67.62938 105.0928 curveto
67.18034 104.45168 66.75977 103.79141 66.36848 103.11362 curveto
65.97719 102.43556 65.61545 101.74081 65.28462 101.03128 curveto
64.95381 100.32204 64.65417 99.59856 64.38657 98.86304 curveto
64.11896 98.12805 63.88336 97.38159 63.68088 96.6261 curveto
63.47838 95.87006 63.30928 95.10526 63.17328 94.33443 curveto
63.0373 93.56361 62.93468 92.78705 62.86655 92.0072 curveto
62.79842 91.22789 62.76448 90.44614 62.76448 89.6641 curveto
62.76448 88.88123 62.79842 88.09892 62.86655 87.31908 curveto
62.93468 86.53922 63.0373 85.76292 63.17328 84.99211 curveto
63.30928 84.22183 63.47838 83.45786 63.68088 82.70236 curveto
63.88336 81.94632 64.11896 81.19931 64.38657 80.46378 curveto
64.65417 79.72826 64.95409 79.00478 65.2849 78.29526 curveto
65.61572 77.58572 65.97719 76.89125 66.36848 76.2132 curveto
66.75977 75.53568 67.18034 74.87569 67.6291 74.2351 curveto
68.07813 73.594 68.55452 72.97258 69.05772 72.37305 curveto
69.56094 71.77353 70.08987 71.19615 70.64342 70.64261 curveto
71.19643 70.08932 71.77325 69.5604 72.3725 69.05772 curveto
72.97203 68.55452 73.59372 68.07785 74.23483 67.6291 curveto stroke
newpath 72.64323 70.56728 moveto
72.6818 69.39197 73.27145 68.30344 74.23483 67.6291 curveto
73.27145 68.30344 72.04681 68.48483 70.92934 68.11873 curveto stroke
newpath 89.66354 91.65607 moveto
89.13507 91.65607 88.62831 91.4461 88.25464 91.07245 curveto
87.88098 90.69878 87.67102 90.19202 87.67102 89.66354 curveto
87.67102 89.13507 87.88098 88.62831 88.25464 88.25464 curveto
88.62831 87.88098 89.13507 87.67102 89.66354 87.67102 curveto
90.19202 87.67102 90.69878 87.88098 91.07245 88.25464 curveto
91.4461 88.62831 91.65607 89.13507 91.65607 89.66354 curveto
91.65607 90.19202 91.4461 90.69878 91.07245 91.07245 curveto
90.69878 91.4461 90.19202 91.65607 89.66354 91.65607 curveto closepath fill
newpath 62.76448 45.03091 moveto
62.23601 45.03091 61.72925 44.82095 61.35558 44.4473 curveto
60.98192 44.07362 60.77196 43.56686 60.77196 43.03839 curveto
60.77196 42.50992 60.98192 42.00316 61.35558 41.62949 curveto
61.72925 41.25583 62.23601 41.04587 62.76448 41.04587 curveto
63.29295 41.04587 63.79971 41.25583 64.17339 41.62949 curveto
64.54704 42.00316 64.757 42.50992 64.757 43.03839 curveto
64.757 43.56686 64.54704 44.07362 64.17339 44.4473 curveto
63.79971 44.82095 63.29295 45.03091 62.76448 45.03091 curveto closepath fill
 0 1.24533 dtransform truncate idtransform setlinewidth pop
newpath 179.32709 89.66354 moveto
89.66354 89.66354 lineto
44.83177 12.01324 lineto stroke
newpath 47.62036 13.8544 moveto
46.45287 13.71376 45.41974 13.03163 44.83177 12.01324 curveto
45.41974 13.03163 45.49391 14.26741 45.03198 15.34882 curveto stroke
showpage
%%EOF
