%!PS
%%BoundingBox: -1 -3 163 163 
%%HiResBoundingBox: -0.24907 -2.73973 162.14159 162.14159 
%%Creator: MetaPost 2.000
%%CreationDate: 2017.06.16:1148
%%Pages: 1
%%BeginProlog
%%EndProlog
%%Page: 1 1
 0 0 0 setrgbcolor 0 0.49814 dtransform truncate idtransform setlinewidth pop [] 0 setdash 1 setlinecap
 1 setlinejoin 10 setmiterlimit
newpath 0 0 moveto
161.89252 0 lineto stroke
newpath 156.91121 2.49066 moveto
158.08714 0.92274 159.93263 0 161.89252 0 curveto
159.93263 0 158.08714 -0.92274 156.91121 -2.49066 curveto stroke
 0.49814 0 dtransform exch truncate exch idtransform pop setlinewidth
newpath 49.81308 0 moveto
49.81308 161.89252 lineto stroke
 0 0.49814 dtransform truncate idtransform setlinewidth pop
newpath 47.32242 156.91121 moveto
48.89034 158.08714 49.81308 159.93263 49.81308 161.89252 curveto
49.81308 159.93263 50.73582 158.08714 52.30374 156.91121 curveto stroke
newpath 49.81308 1.4944 moveto
49.41672 1.4944 49.03665 1.33691 48.75641 1.05667 curveto
48.47617 0.77643 48.31868 0.39636 48.31868 0 curveto
48.31868 -0.39636 48.47617 -0.77643 48.75641 -1.05667 curveto
49.03665 -1.33691 49.41672 -1.4944 49.81308 -1.4944 curveto
50.20944 -1.4944 50.58951 -1.33691 50.86975 -1.05667 curveto
51.15 -0.77643 51.30748 -0.39636 51.30748 0 curveto
51.30748 0.39636 51.15 0.77643 50.86975 1.05667 curveto
50.58951 1.33691 50.20944 1.4944 49.81308 1.4944 curveto closepath fill
newpath 99.62616 1.4944 moveto
99.2298 1.4944 98.84973 1.33691 98.56949 1.05667 curveto
98.28925 0.77643 98.13176 0.39636 98.13176 0 curveto
98.13176 -0.39636 98.28925 -0.77643 98.56949 -1.05667 curveto
98.84973 -1.33691 99.2298 -1.4944 99.62616 -1.4944 curveto
100.02252 -1.4944 100.40259 -1.33691 100.68283 -1.05667 curveto
100.96307 -0.77643 101.12056 -0.39636 101.12056 0 curveto
101.12056 0.39636 100.96307 0.77643 100.68283 1.05667 curveto
100.40259 1.33691 100.02252 1.4944 99.62616 1.4944 curveto closepath fill
newpath 149.43924 1.4944 moveto
149.04288 1.4944 148.66281 1.33691 148.38257 1.05667 curveto
148.10233 0.77643 147.94484 0.39636 147.94484 0 curveto
147.94484 -0.39636 148.10233 -0.77643 148.38257 -1.05667 curveto
148.66281 -1.33691 149.04288 -1.4944 149.43924 -1.4944 curveto
149.8356 -1.4944 150.21567 -1.33691 150.49591 -1.05667 curveto
150.77615 -0.77643 150.93364 -0.39636 150.93364 0 curveto
150.93364 0.39636 150.77615 0.77643 150.49591 1.05667 curveto
150.21567 1.33691 149.8356 1.4944 149.43924 1.4944 curveto closepath fill
newpath 149.43924 150.93364 moveto
149.04288 150.93364 148.66281 150.77615 148.38257 150.49591 curveto
148.10233 150.21567 147.94484 149.8356 147.94484 149.43924 curveto
147.94484 149.04288 148.10233 148.66281 148.38257 148.38257 curveto
148.66281 148.10233 149.04288 147.94484 149.43924 147.94484 curveto
149.8356 147.94484 150.21567 148.10233 150.49591 148.38257 curveto
150.77615 148.66281 150.93364 149.04288 150.93364 149.43924 curveto
150.93364 149.8356 150.77615 150.21567 150.49591 150.49591 curveto
150.21567 150.77615 149.8356 150.93364 149.43924 150.93364 curveto closepath fill
newpath 49.81308 51.30748 moveto
49.41672 51.30748 49.03665 51.15 48.75641 50.86975 curveto
48.47617 50.58951 48.31868 50.20944 48.31868 49.81308 curveto
48.31868 49.41672 48.47617 49.03665 48.75641 48.75641 curveto
49.03665 48.47617 49.41672 48.31868 49.81308 48.31868 curveto
50.20944 48.31868 50.58951 48.47617 50.86975 48.75641 curveto
51.15 49.03665 51.30748 49.41672 51.30748 49.81308 curveto
51.30748 50.20944 51.15 50.58951 50.86975 50.86975 curveto
50.58951 51.15 50.20944 51.30748 49.81308 51.30748 curveto closepath fill
newpath 49.81308 49.81308 moveto
99.62616 0 lineto stroke
newpath 99.62616 0 moveto
149.43924 149.43924 lineto stroke
newpath 49.81308 49.81308 moveto
149.43924 149.43924 lineto stroke
 0.49814 0 dtransform exch truncate exch idtransform pop setlinewidth
newpath 149.43924 0 moveto
149.43924 149.43924 lineto stroke
showpage
%%EOF
