%!PS
%%BoundingBox: -1 -1 135 102 
%%HiResBoundingBox: -0.24907 -0.24907 134.74438 101.12056 
%%Creator: MetaPost 2.000
%%CreationDate: 2017.06.16:1149
%%Pages: 1
%%BeginProlog
%%EndProlog
%%Page: 1 1
 0 0 0 setrgbcolor 0 0.49814 dtransform truncate idtransform setlinewidth pop [] 0 setdash 1 setlinecap
 1 setlinejoin 10 setmiterlimit
newpath 0 48.56775 moveto
134.49532 48.56775 lineto stroke
newpath 129.514 51.05841 moveto
130.68994 49.4905 132.53543 48.56775 134.49532 48.56775 curveto
132.53543 48.56775 130.68994 47.645 129.514 46.07709 curveto stroke
 0.49814 0 dtransform exch truncate exch idtransform pop setlinewidth
newpath 14.94392 0 moveto
14.94392 100.87149 lineto stroke
 0 0.49814 dtransform truncate idtransform setlinewidth pop
newpath 12.45326 95.89018 moveto
14.02118 97.06612 14.94392 98.9116 14.94392 100.87149 curveto
14.94392 98.9116 15.86667 97.06612 17.43459 95.89018 curveto stroke
newpath 14.94392 95.39204 moveto
14.41545 95.39204 13.90869 95.18208 13.53502 94.80843 curveto
13.16136 94.43475 12.9514 93.928 12.9514 93.39952 curveto
12.9514 92.87105 13.16136 92.36429 13.53502 91.99062 curveto
13.90869 91.61696 14.41545 91.407 14.94392 91.407 curveto
15.4724 91.407 15.97916 91.61696 16.35283 91.99062 curveto
16.72649 92.36429 16.93645 92.87105 16.93645 93.39952 curveto
16.93645 93.928 16.72649 94.43475 16.35283 94.80843 curveto
15.97916 95.18208 15.4724 95.39204 14.94392 95.39204 curveto closepath fill
newpath 38.25641 50.56027 moveto
37.72794 50.56027 37.22118 50.35031 36.8475 49.97665 curveto
36.47385 49.60298 36.26389 49.09622 36.26389 48.56775 curveto
36.26389 48.03928 36.47385 47.53252 36.8475 47.15884 curveto
37.22118 46.78519 37.72794 46.57523 38.25641 46.57523 curveto
38.78488 46.57523 39.29164 46.78519 39.66531 47.15884 curveto
40.03897 47.53252 40.24893 48.03928 40.24893 48.56775 curveto
40.24893 49.09622 40.03897 49.60298 39.66531 49.97665 curveto
39.29164 50.35031 38.78488 50.56027 38.25641 50.56027 curveto closepath fill
newpath 61.86806 5.7285 moveto
61.33958 5.7285 60.83282 5.51854 60.45915 5.14488 curveto
60.0855 4.77121 59.87553 4.26445 59.87553 3.73598 curveto
59.87553 3.2075 60.0855 2.70074 60.45915 2.32707 curveto
60.83282 1.95341 61.33958 1.74345 61.86806 1.74345 curveto
62.39653 1.74345 62.90329 1.95341 63.27696 2.32707 curveto
63.65062 2.70074 63.86058 3.2075 63.86058 3.73598 curveto
63.86058 4.26445 63.65062 4.77121 63.27696 5.14488 curveto
62.90329 5.51854 62.39653 5.7285 61.86806 5.7285 curveto closepath fill
newpath 85.47926 50.56027 moveto
84.95079 50.56027 84.44403 50.35031 84.07036 49.97665 curveto
83.6967 49.60298 83.48674 49.09622 83.48674 48.56775 curveto
83.48674 48.03928 83.6967 47.53252 84.07036 47.15884 curveto
84.44403 46.78519 84.95079 46.57523 85.47926 46.57523 curveto
86.00774 46.57523 86.5145 46.78519 86.88817 47.15884 curveto
87.26183 47.53252 87.47179 48.03928 87.47179 48.56775 curveto
87.47179 49.09622 87.26183 49.60298 86.88817 49.97665 curveto
86.5145 50.35031 86.00774 50.56027 85.47926 50.56027 curveto closepath fill
newpath 108.79175 95.39204 moveto
108.26328 95.39204 107.75652 95.18208 107.38284 94.80843 curveto
107.00919 94.43475 106.79922 93.928 106.79922 93.39952 curveto
106.79922 92.87105 107.00919 92.36429 107.38284 91.99062 curveto
107.75652 91.61696 108.26328 91.407 108.79175 91.407 curveto
109.32022 91.407 109.82698 91.61696 110.20065 91.99062 curveto
110.57431 92.36429 110.78427 92.87105 110.78427 93.39952 curveto
110.78427 93.928 110.57431 94.43475 110.20065 94.80843 curveto
109.82698 95.18208 109.32022 95.39204 108.79175 95.39204 curveto closepath fill
 0.49814 0 dtransform exch truncate exch idtransform pop setlinewidth
newpath 38.25641 46.57523 moveto
38.25641 50.56027 lineto stroke
newpath 61.86806 46.57523 moveto
61.86806 50.56027 lineto stroke
newpath 85.47926 46.57523 moveto
85.47926 50.56027 lineto stroke
newpath 108.79175 46.57523 moveto
108.79175 50.56027 lineto stroke
 0 0.49814 dtransform truncate idtransform setlinewidth pop
newpath 16.93645 3.73598 moveto
12.9514 3.73598 lineto stroke
newpath 16.93645 18.6799 moveto
12.9514 18.6799 lineto stroke
newpath 16.93645 33.62383 moveto
12.9514 33.62383 lineto stroke
newpath 16.93645 63.51167 moveto
12.9514 63.51167 lineto stroke
newpath 16.93645 78.4556 moveto
12.9514 78.4556 lineto stroke
newpath 16.93645 93.39952 moveto
12.9514 93.39952 lineto stroke
 0 1.24533 dtransform truncate idtransform setlinewidth pop
newpath 14.94392 93.39952 moveto
16.2268 93.24492 17.36784 92.87825 18.1819 92.35904 curveto
19.62485 91.43918 20.55063 90.35515 21.41942 89.2711 curveto
22.7219 87.64597 23.7202 85.9661 24.65738 84.27939 curveto
25.88142 82.0771 26.91074 79.84929 27.89536 77.61714 curveto
29.06969 74.95425 30.11359 72.27745 31.13287 69.59837 curveto
32.27255 66.60257 33.35202 63.60106 34.37085 60.59453 curveto stroke
newpath 34.82698 63.90482 moveto
34.16243 62.93466 33.99345 61.70825 34.37085 60.59453 curveto
33.99345 61.70825 33.11372 62.57928 31.99629 62.94559 curveto stroke
newpath 34.37085 60.59453 moveto
35.53833 57.15773 36.70082 53.72046 37.85782 50.28273 curveto
39.02531 46.81468 40.15633 43.34344 41.3448 39.87721 curveto
42.48082 36.56354 43.6433 33.25214 44.83177 29.94302 curveto stroke
newpath 45.22797 33.26103 moveto
44.58109 32.27902 44.4343 31.04974 44.83177 29.94302 curveto
44.4343 31.04974 43.53894 31.90475 42.41507 32.25078 curveto stroke
newpath 44.83177 29.94302 moveto
45.77397 27.31297 46.78961 24.68999 47.87775 22.07407 curveto
48.8204 19.80862 49.79955 17.54639 50.92372 15.3017 curveto
51.83127 13.48912 52.79308 11.68224 53.96878 9.90842 curveto
54.82799 8.61278 55.75012 7.3242 57.01476 6.11383 curveto
57.8101 5.35223 58.67204 4.5856 60.06073 4.07664 curveto
60.95277 3.74966 62.1157 3.64386 63.10625 3.881 curveto
64.49081 4.21255 65.36417 4.87747 66.1513 5.53511 curveto
67.44148 6.61298 68.3513 7.78845 69.19728 8.97055 curveto
70.38803 10.63446 71.34438 12.3369 72.24326 14.04573 curveto
73.37654 16.19966 74.35295 18.3732 75.28923 20.55063 curveto
76.38376 23.09654 77.3702 25.6534 78.33429 28.21231 curveto
79.401 31.04326 80.39246 33.88081 81.38026 36.71883 curveto
82.42326 39.71577 83.41745 42.71683 84.42624 45.7165 curveto
85.4478 48.7545 86.44244 51.79454 87.47221 54.83186 curveto
88.4728 57.78412 89.46608 60.73727 90.51727 63.6852 curveto
91.49641 66.43178 92.48651 69.17722 93.56279 71.91467 curveto
94.5173 74.34224 95.501 76.76706 96.60876 79.1782 curveto
97.53227 81.18849 98.5032 83.19398 99.65474 85.17485 curveto
100.53583 86.69054 101.47849 88.19916 102.6998 89.65488 curveto
103.5216 90.63402 104.40407 91.61043 105.74577 92.43497 curveto
106.52426 92.91338 107.5937 93.25175 108.79175 93.39883 curveto stroke
showpage
%%EOF
