%!PS
%%BoundingBox: 72 72 151 150 
%%HiResBoundingBox: 72.7271 72.60255 150.0619 149.68831 
%%Creator: MetaPost 2.000
%%CreationDate: 2017.06.03:1634
%%Pages: 1
%%BeginProlog
%%EndProlog
%%Page: 1 1
 0 0 0 setrgbcolor
newpath 74.96869 149.43924 moveto
74.96869 149.5053 74.94244 149.56865 74.89574 149.61536 curveto
74.84903 149.66206 74.78568 149.68831 74.71962 149.68831 curveto
74.65356 149.68831 74.59021 149.66206 74.5435 149.61536 curveto
74.4968 149.56865 74.47055 149.5053 74.47055 149.43924 curveto
74.47055 149.37318 74.4968 149.30983 74.5435 149.26312 curveto
74.59021 149.21642 74.65356 149.19017 74.71962 149.19017 curveto
74.78568 149.19017 74.84903 149.21642 74.89574 149.26312 curveto
74.94244 149.30983 74.96869 149.37318 74.96869 149.43924 curveto closepath fill
newpath 74.96869 146.44981 moveto
74.96869 146.51587 74.94244 146.57922 74.89574 146.62593 curveto
74.84903 146.67264 74.78568 146.69888 74.71962 146.69888 curveto
74.65356 146.69888 74.59021 146.67264 74.5435 146.62593 curveto
74.4968 146.57922 74.47055 146.51587 74.47055 146.44981 curveto
74.47055 146.38376 74.4968 146.3204 74.5435 146.2737 curveto
74.59021 146.22699 74.65356 146.20074 74.71962 146.20074 curveto
74.78568 146.20074 74.84903 146.22699 74.89574 146.2737 curveto
74.94244 146.3204 74.96869 146.38376 74.96869 146.44981 curveto closepath fill
newpath 74.96869 143.46153 moveto
74.96869 143.52759 74.94244 143.59094 74.89574 143.63765 curveto
74.84903 143.68436 74.78568 143.7106 74.71962 143.7106 curveto
74.65356 143.7106 74.59021 143.68436 74.5435 143.63765 curveto
74.4968 143.59094 74.47055 143.52759 74.47055 143.46153 curveto
74.47055 143.39548 74.4968 143.33212 74.5435 143.28542 curveto
74.59021 143.23871 74.65356 143.21246 74.71962 143.21246 curveto
74.78568 143.21246 74.84903 143.23871 74.89574 143.28542 curveto
74.94244 143.33212 74.96869 143.39548 74.96869 143.46153 curveto closepath fill
newpath 74.96869 140.47324 moveto
74.96869 140.53929 74.94244 140.60265 74.89574 140.64935 curveto
74.84903 140.69606 74.78568 140.7223 74.71962 140.7223 curveto
74.65356 140.7223 74.59021 140.69606 74.5435 140.64935 curveto
74.4968 140.60265 74.47055 140.53929 74.47055 140.47324 curveto
74.47055 140.40718 74.4968 140.34383 74.5435 140.29712 curveto
74.59021 140.25041 74.65356 140.22417 74.71962 140.22417 curveto
74.78568 140.22417 74.84903 140.25041 74.89574 140.29712 curveto
74.94244 140.34383 74.96869 140.40718 74.96869 140.47324 curveto closepath fill
newpath 74.96869 137.48381 moveto
74.96869 137.54987 74.94244 137.61322 74.89574 137.65993 curveto
74.84903 137.70663 74.78568 137.73288 74.71962 137.73288 curveto
74.65356 137.73288 74.59021 137.70663 74.5435 137.65993 curveto
74.4968 137.61322 74.47055 137.54987 74.47055 137.48381 curveto
74.47055 137.41776 74.4968 137.3544 74.5435 137.3077 curveto
74.59021 137.26099 74.65356 137.23474 74.71962 137.23474 curveto
74.78568 137.23474 74.84903 137.26099 74.89574 137.3077 curveto
74.94244 137.3544 74.96869 137.41776 74.96869 137.48381 curveto closepath fill
newpath 74.96869 134.49553 moveto
74.96869 134.56158 74.94244 134.62494 74.89574 134.67165 curveto
74.84903 134.71835 74.78568 134.7446 74.71962 134.7446 curveto
74.65356 134.7446 74.59021 134.71835 74.5435 134.67165 curveto
74.4968 134.62494 74.47055 134.56158 74.47055 134.49553 curveto
74.47055 134.42947 74.4968 134.36612 74.5435 134.31941 curveto
74.59021 134.2727 74.65356 134.24646 74.71962 134.24646 curveto
74.78568 134.24646 74.84903 134.2727 74.89574 134.31941 curveto
74.94244 134.36612 74.96869 134.42947 74.96869 134.49553 curveto closepath fill
newpath 74.96869 131.5061 moveto
74.96869 131.57216 74.94244 131.63551 74.89574 131.68222 curveto
74.84903 131.72893 74.78568 131.75517 74.71962 131.75517 curveto
74.65356 131.75517 74.59021 131.72893 74.5435 131.68222 curveto
74.4968 131.63551 74.47055 131.57216 74.47055 131.5061 curveto
74.47055 131.44005 74.4968 131.3767 74.5435 131.32999 curveto
74.59021 131.28328 74.65356 131.25703 74.71962 131.25703 curveto
74.78568 131.25703 74.84903 131.28328 74.89574 131.32999 curveto
74.94244 131.3767 74.96869 131.44005 74.96869 131.5061 curveto closepath fill
newpath 74.96869 128.51782 moveto
74.96869 128.58388 74.94244 128.64723 74.89574 128.69394 curveto
74.84903 128.74065 74.78568 128.76689 74.71962 128.76689 curveto
74.65356 128.76689 74.59021 128.74065 74.5435 128.69394 curveto
74.4968 128.64723 74.47055 128.58388 74.47055 128.51782 curveto
74.47055 128.45177 74.4968 128.38841 74.5435 128.3417 curveto
74.59021 128.295 74.65356 128.26875 74.71962 128.26875 curveto
74.78568 128.26875 74.84903 128.295 74.89574 128.3417 curveto
74.94244 128.38841 74.96869 128.45177 74.96869 128.51782 curveto closepath fill
newpath 74.96869 125.5284 moveto
74.96869 125.59445 74.94244 125.6578 74.89574 125.70451 curveto
74.84903 125.75122 74.78568 125.77747 74.71962 125.77747 curveto
74.65356 125.77747 74.59021 125.75122 74.5435 125.70451 curveto
74.4968 125.6578 74.47055 125.59445 74.47055 125.5284 curveto
74.47055 125.46234 74.4968 125.39899 74.5435 125.35228 curveto
74.59021 125.30557 74.65356 125.27933 74.71962 125.27933 curveto
74.78568 125.27933 74.84903 125.30557 74.89574 125.35228 curveto
74.94244 125.39899 74.96869 125.46234 74.96869 125.5284 curveto closepath fill
newpath 74.96869 122.54012 moveto
74.96869 122.60617 74.94244 122.66953 74.89574 122.71623 curveto
74.84903 122.76294 74.78568 122.78918 74.71962 122.78918 curveto
74.65356 122.78918 74.59021 122.76294 74.5435 122.71623 curveto
74.4968 122.66953 74.47055 122.60617 74.47055 122.54012 curveto
74.47055 122.47406 74.4968 122.4107 74.5435 122.364 curveto
74.59021 122.31729 74.65356 122.29105 74.71962 122.29105 curveto
74.78568 122.29105 74.84903 122.31729 74.89574 122.364 curveto
74.94244 122.4107 74.96869 122.47406 74.96869 122.54012 curveto closepath fill
newpath 74.96869 119.55069 moveto
74.96869 119.61674 74.94244 119.6801 74.89574 119.7268 curveto
74.84903 119.77351 74.78568 119.79976 74.71962 119.79976 curveto
74.65356 119.79976 74.59021 119.77351 74.5435 119.7268 curveto
74.4968 119.6801 74.47055 119.61674 74.47055 119.55069 curveto
74.47055 119.48463 74.4968 119.42128 74.5435 119.37457 curveto
74.59021 119.32787 74.65356 119.30162 74.71962 119.30162 curveto
74.78568 119.30162 74.84903 119.32787 74.89574 119.37457 curveto
74.94244 119.42128 74.96869 119.48463 74.96869 119.55069 curveto closepath fill
newpath 74.96869 116.56241 moveto
74.96869 116.62846 74.94244 116.69182 74.89574 116.73853 curveto
74.84903 116.78523 74.78568 116.81148 74.71962 116.81148 curveto
74.65356 116.81148 74.59021 116.78523 74.5435 116.73853 curveto
74.4968 116.69182 74.47055 116.62846 74.47055 116.56241 curveto
74.47055 116.49635 74.4968 116.433 74.5435 116.38629 curveto
74.59021 116.33958 74.65356 116.31334 74.71962 116.31334 curveto
74.78568 116.31334 74.84903 116.33958 74.89574 116.38629 curveto
74.94244 116.433 74.96869 116.49635 74.96869 116.56241 curveto closepath fill
newpath 74.96869 113.57414 moveto
74.96869 113.6402 74.94244 113.70355 74.89574 113.75026 curveto
74.84903 113.79697 74.78568 113.82321 74.71962 113.82321 curveto
74.65356 113.82321 74.59021 113.79697 74.5435 113.75026 curveto
74.4968 113.70355 74.47055 113.6402 74.47055 113.57414 curveto
74.47055 113.50809 74.4968 113.44473 74.5435 113.39803 curveto
74.59021 113.35132 74.65356 113.32507 74.71962 113.32507 curveto
74.78568 113.32507 74.84903 113.35132 74.89574 113.39803 curveto
74.94244 113.44473 74.96869 113.50809 74.96869 113.57414 curveto closepath fill
newpath 74.96869 110.58472 moveto
74.96869 110.65077 74.94244 110.71413 74.89574 110.76083 curveto
74.84903 110.80754 74.78568 110.83379 74.71962 110.83379 curveto
74.65356 110.83379 74.59021 110.80754 74.5435 110.76083 curveto
74.4968 110.71413 74.47055 110.65077 74.47055 110.58472 curveto
74.47055 110.51866 74.4968 110.4553 74.5435 110.4086 curveto
74.59021 110.3619 74.65356 110.33565 74.71962 110.33565 curveto
74.78568 110.33565 74.84903 110.3619 74.89574 110.4086 curveto
74.94244 110.4553 74.96869 110.51866 74.96869 110.58472 curveto closepath fill
newpath 74.96869 107.59645 moveto
74.96869 107.6625 74.94244 107.72586 74.89574 107.77257 curveto
74.84903 107.81927 74.78568 107.84552 74.71962 107.84552 curveto
74.65356 107.84552 74.59021 107.81927 74.5435 107.77257 curveto
74.4968 107.72586 74.47055 107.6625 74.47055 107.59645 curveto
74.47055 107.5304 74.4968 107.46704 74.5435 107.42033 curveto
74.59021 107.37363 74.65356 107.34738 74.71962 107.34738 curveto
74.78568 107.34738 74.84903 107.37363 74.89574 107.42033 curveto
74.94244 107.46704 74.96869 107.5304 74.96869 107.59645 curveto closepath fill
newpath 74.96869 104.60703 moveto
74.96869 104.67308 74.94244 104.73643 74.89574 104.78314 curveto
74.84903 104.82985 74.78568 104.8561 74.71962 104.8561 curveto
74.65356 104.8561 74.59021 104.82985 74.5435 104.78314 curveto
74.4968 104.73643 74.47055 104.67308 74.47055 104.60703 curveto
74.47055 104.54097 74.4968 104.47762 74.5435 104.43091 curveto
74.59021 104.3842 74.65356 104.35796 74.71962 104.35796 curveto
74.78568 104.35796 74.84903 104.3842 74.89574 104.43091 curveto
74.94244 104.47762 74.96869 104.54097 74.96869 104.60703 curveto closepath fill
newpath 74.96869 101.61874 moveto
74.96869 101.6848 74.94244 101.74815 74.89574 101.79486 curveto
74.84903 101.84157 74.78568 101.86781 74.71962 101.86781 curveto
74.65356 101.86781 74.59021 101.84157 74.5435 101.79486 curveto
74.4968 101.74815 74.47055 101.6848 74.47055 101.61874 curveto
74.47055 101.55269 74.4968 101.48933 74.5435 101.44263 curveto
74.59021 101.39592 74.65356 101.36967 74.71962 101.36967 curveto
74.78568 101.36967 74.84903 101.39592 74.89574 101.44263 curveto
74.94244 101.48933 74.96869 101.55269 74.96869 101.61874 curveto closepath fill
newpath 74.96869 98.62932 moveto
74.96869 98.69537 74.94244 98.75873 74.89574 98.80544 curveto
74.84903 98.85214 74.78568 98.87839 74.71962 98.87839 curveto
74.65356 98.87839 74.59021 98.85214 74.5435 98.80544 curveto
74.4968 98.75873 74.47055 98.69537 74.47055 98.62932 curveto
74.47055 98.56326 74.4968 98.49991 74.5435 98.4532 curveto
74.59021 98.4065 74.65356 98.38025 74.71962 98.38025 curveto
74.78568 98.38025 74.84903 98.4065 74.89574 98.4532 curveto
74.94244 98.49991 74.96869 98.56326 74.96869 98.62932 curveto closepath fill
newpath 74.96869 95.64104 moveto
74.96869 95.70709 74.94244 95.77045 74.89574 95.81715 curveto
74.84903 95.86386 74.78568 95.8901 74.71962 95.8901 curveto
74.65356 95.8901 74.59021 95.86386 74.5435 95.81715 curveto
74.4968 95.77045 74.47055 95.70709 74.47055 95.64104 curveto
74.47055 95.57498 74.4968 95.51163 74.5435 95.46492 curveto
74.59021 95.41821 74.65356 95.39197 74.71962 95.39197 curveto
74.78568 95.39197 74.84903 95.41821 74.89574 95.46492 curveto
74.94244 95.51163 74.96869 95.57498 74.96869 95.64104 curveto closepath fill
newpath 74.96869 92.65163 moveto
74.96869 92.71768 74.94244 92.78104 74.89574 92.82774 curveto
74.84903 92.87445 74.78568 92.9007 74.71962 92.9007 curveto
74.65356 92.9007 74.59021 92.87445 74.5435 92.82774 curveto
74.4968 92.78104 74.47055 92.71768 74.47055 92.65163 curveto
74.47055 92.58557 74.4968 92.52222 74.5435 92.47551 curveto
74.59021 92.4288 74.65356 92.40256 74.71962 92.40256 curveto
74.78568 92.40256 74.84903 92.4288 74.89574 92.47551 curveto
74.94244 92.52222 74.96869 92.58557 74.96869 92.65163 curveto closepath fill
newpath 74.96869 89.66333 moveto
74.96869 89.72939 74.94244 89.79274 74.89574 89.83945 curveto
74.84903 89.88615 74.78568 89.9124 74.71962 89.9124 curveto
74.65356 89.9124 74.59021 89.88615 74.5435 89.83945 curveto
74.4968 89.79274 74.47055 89.72939 74.47055 89.66333 curveto
74.47055 89.59727 74.4968 89.53392 74.5435 89.48721 curveto
74.59021 89.4405 74.65356 89.41426 74.71962 89.41426 curveto
74.78568 89.41426 74.84903 89.4405 74.89574 89.48721 curveto
74.94244 89.53392 74.96869 89.59727 74.96869 89.66333 curveto closepath fill
newpath 74.96869 86.6739 moveto
74.96869 86.73996 74.94244 86.80331 74.89574 86.85002 curveto
74.84903 86.89673 74.78568 86.92297 74.71962 86.92297 curveto
74.65356 86.92297 74.59021 86.89673 74.5435 86.85002 curveto
74.4968 86.80331 74.47055 86.73996 74.47055 86.6739 curveto
74.47055 86.60785 74.4968 86.5445 74.5435 86.49779 curveto
74.59021 86.45108 74.65356 86.42484 74.71962 86.42484 curveto
74.78568 86.42484 74.84903 86.45108 74.89574 86.49779 curveto
74.94244 86.5445 74.96869 86.60785 74.96869 86.6739 curveto closepath fill
newpath 74.96869 83.68562 moveto
74.96869 83.75168 74.94244 83.81503 74.89574 83.86174 curveto
74.84903 83.90845 74.78568 83.9347 74.71962 83.9347 curveto
74.65356 83.9347 74.59021 83.90845 74.5435 83.86174 curveto
74.4968 83.81503 74.47055 83.75168 74.47055 83.68562 curveto
74.47055 83.61957 74.4968 83.55621 74.5435 83.5095 curveto
74.59021 83.4628 74.65356 83.43655 74.71962 83.43655 curveto
74.78568 83.43655 74.84903 83.4628 74.89574 83.5095 curveto
74.94244 83.55621 74.96869 83.61957 74.96869 83.68562 curveto closepath fill
newpath 74.96869 80.69733 moveto
74.96869 80.76338 74.94244 80.82674 74.89574 80.87344 curveto
74.84903 80.92015 74.78568 80.9464 74.71962 80.9464 curveto
74.65356 80.9464 74.59021 80.92015 74.5435 80.87344 curveto
74.4968 80.82674 74.47055 80.76338 74.47055 80.69733 curveto
74.47055 80.63127 74.4968 80.56792 74.5435 80.52121 curveto
74.59021 80.4745 74.65356 80.44826 74.71962 80.44826 curveto
74.78568 80.44826 74.84903 80.4745 74.89574 80.52121 curveto
74.94244 80.56792 74.96869 80.63127 74.96869 80.69733 curveto closepath fill
newpath 74.96869 77.7079 moveto
74.96869 77.77396 74.94244 77.83731 74.89574 77.88402 curveto
74.84903 77.93073 74.78568 77.95697 74.71962 77.95697 curveto
74.65356 77.95697 74.59021 77.93073 74.5435 77.88402 curveto
74.4968 77.83731 74.47055 77.77396 74.47055 77.7079 curveto
74.47055 77.64185 74.4968 77.57849 74.5435 77.53178 curveto
74.59021 77.48508 74.65356 77.45883 74.71962 77.45883 curveto
74.78568 77.45883 74.84903 77.48508 74.89574 77.53178 curveto
74.94244 77.57849 74.96869 77.64185 74.96869 77.7079 curveto closepath fill
newpath 74.96869 74.71962 moveto
74.96869 74.78568 74.94244 74.84903 74.89574 74.89574 curveto
74.84903 74.94244 74.78568 74.96869 74.71962 74.96869 curveto
74.65356 74.96869 74.59021 74.94244 74.5435 74.89574 curveto
74.4968 74.84903 74.47055 74.78568 74.47055 74.71962 curveto
74.47055 74.65356 74.4968 74.59021 74.5435 74.5435 curveto
74.59021 74.4968 74.65356 74.47055 74.71962 74.47055 curveto
74.78568 74.47055 74.84903 74.4968 74.89574 74.5435 curveto
74.94244 74.59021 74.96869 74.65356 74.96869 74.71962 curveto closepath fill
newpath 77.95811 74.71962 moveto
77.95811 74.78568 77.93187 74.84903 77.88516 74.89574 curveto
77.83846 74.94244 77.7751 74.96869 77.70905 74.96869 curveto
77.64299 74.96869 77.57964 74.94244 77.53293 74.89574 curveto
77.48622 74.84903 77.45998 74.78568 77.45998 74.71962 curveto
77.45998 74.65356 77.48622 74.59021 77.53293 74.5435 curveto
77.57964 74.4968 77.64299 74.47055 77.70905 74.47055 curveto
77.7751 74.47055 77.83846 74.4968 77.88516 74.5435 curveto
77.93187 74.59021 77.95811 74.65356 77.95811 74.71962 curveto closepath fill
newpath 80.9464 74.71962 moveto
80.9464 74.78568 80.92015 74.84903 80.87344 74.89574 curveto
80.82674 74.94244 80.76338 74.96869 80.69733 74.96869 curveto
80.63127 74.96869 80.56792 74.94244 80.52121 74.89574 curveto
80.4745 74.84903 80.44826 74.78568 80.44826 74.71962 curveto
80.44826 74.65356 80.4745 74.59021 80.52121 74.5435 curveto
80.56792 74.4968 80.63127 74.47055 80.69733 74.47055 curveto
80.76338 74.47055 80.82674 74.4968 80.87344 74.5435 curveto
80.92015 74.59021 80.9464 74.65356 80.9464 74.71962 curveto closepath fill
newpath 83.93584 74.71962 moveto
83.93584 74.78568 83.90959 74.84903 83.86288 74.89574 curveto
83.81618 74.94244 83.75282 74.96869 83.68677 74.96869 curveto
83.62071 74.96869 83.55736 74.94244 83.51065 74.89574 curveto
83.46394 74.84903 83.4377 74.78568 83.4377 74.71962 curveto
83.4377 74.65356 83.46394 74.59021 83.51065 74.5435 curveto
83.55736 74.4968 83.62071 74.47055 83.68677 74.47055 curveto
83.75282 74.47055 83.81618 74.4968 83.86288 74.5435 curveto
83.90959 74.59021 83.93584 74.65356 83.93584 74.71962 curveto closepath fill
newpath 86.92412 74.71962 moveto
86.92412 74.78568 86.89787 74.84903 86.85117 74.89574 curveto
86.80446 74.94244 86.7411 74.96869 86.67505 74.96869 curveto
86.609 74.96869 86.54564 74.94244 86.49893 74.89574 curveto
86.45222 74.84903 86.42598 74.78568 86.42598 74.71962 curveto
86.42598 74.65356 86.45222 74.59021 86.49893 74.5435 curveto
86.54564 74.4968 86.609 74.47055 86.67505 74.47055 curveto
86.7411 74.47055 86.80446 74.4968 86.85117 74.5435 curveto
86.89787 74.59021 86.92412 74.65356 86.92412 74.71962 curveto closepath fill
newpath 89.91354 74.71962 moveto
89.91354 74.78568 89.8873 74.84903 89.84059 74.89574 curveto
89.79388 74.94244 89.73053 74.96869 89.66447 74.96869 curveto
89.59842 74.96869 89.53506 74.94244 89.48836 74.89574 curveto
89.44165 74.84903 89.4154 74.78568 89.4154 74.71962 curveto
89.4154 74.65356 89.44165 74.59021 89.48836 74.5435 curveto
89.53506 74.4968 89.59842 74.47055 89.66447 74.47055 curveto
89.73053 74.47055 89.79388 74.4968 89.84059 74.5435 curveto
89.8873 74.59021 89.91354 74.65356 89.91354 74.71962 curveto closepath fill
newpath 92.90182 74.71962 moveto
92.90182 74.78568 92.87558 74.84903 92.82887 74.89574 curveto
92.78217 74.94244 92.71881 74.96869 92.65276 74.96869 curveto
92.5867 74.96869 92.52335 74.94244 92.47664 74.89574 curveto
92.42993 74.84903 92.40369 74.78568 92.40369 74.71962 curveto
92.40369 74.65356 92.42993 74.59021 92.47664 74.5435 curveto
92.52335 74.4968 92.5867 74.47055 92.65276 74.47055 curveto
92.71881 74.47055 92.78217 74.4968 92.82887 74.5435 curveto
92.87558 74.59021 92.90182 74.65356 92.90182 74.71962 curveto closepath fill
newpath 95.89125 74.71962 moveto
95.89125 74.78568 95.865 74.84903 95.8183 74.89574 curveto
95.77159 74.94244 95.70824 74.96869 95.64218 74.96869 curveto
95.57613 74.96869 95.51277 74.94244 95.46606 74.89574 curveto
95.41936 74.84903 95.39311 74.78568 95.39311 74.71962 curveto
95.39311 74.65356 95.41936 74.59021 95.46606 74.5435 curveto
95.51277 74.4968 95.57613 74.47055 95.64218 74.47055 curveto
95.70824 74.47055 95.77159 74.4968 95.8183 74.5435 curveto
95.865 74.59021 95.89125 74.65356 95.89125 74.71962 curveto closepath fill
newpath 98.87953 74.71962 moveto
98.87953 74.78568 98.85329 74.84903 98.80658 74.89574 curveto
98.75987 74.94244 98.69652 74.96869 98.63046 74.96869 curveto
98.5644 74.96869 98.50105 74.94244 98.45435 74.89574 curveto
98.40764 74.84903 98.3814 74.78568 98.3814 74.71962 curveto
98.3814 74.65356 98.40764 74.59021 98.45435 74.5435 curveto
98.50105 74.4968 98.5644 74.47055 98.63046 74.47055 curveto
98.69652 74.47055 98.75987 74.4968 98.80658 74.5435 curveto
98.85329 74.59021 98.87953 74.65356 98.87953 74.71962 curveto closepath fill
newpath 101.86781 74.71962 moveto
101.86781 74.78568 101.84157 74.84903 101.79486 74.89574 curveto
101.74815 74.94244 101.6848 74.96869 101.61874 74.96869 curveto
101.55269 74.96869 101.48933 74.94244 101.44263 74.89574 curveto
101.39592 74.84903 101.36967 74.78568 101.36967 74.71962 curveto
101.36967 74.65356 101.39592 74.59021 101.44263 74.5435 curveto
101.48933 74.4968 101.55269 74.47055 101.61874 74.47055 curveto
101.6848 74.47055 101.74815 74.4968 101.79486 74.5435 curveto
101.84157 74.59021 101.86781 74.65356 101.86781 74.71962 curveto closepath fill
newpath 104.85724 74.71962 moveto
104.85724 74.78568 104.831 74.84903 104.78429 74.89574 curveto
104.73758 74.94244 104.67422 74.96869 104.60817 74.96869 curveto
104.54211 74.96869 104.47876 74.94244 104.43205 74.89574 curveto
104.38535 74.84903 104.3591 74.78568 104.3591 74.71962 curveto
104.3591 74.65356 104.38535 74.59021 104.43205 74.5435 curveto
104.47876 74.4968 104.54211 74.47055 104.60817 74.47055 curveto
104.67422 74.47055 104.73758 74.4968 104.78429 74.5435 curveto
104.831 74.59021 104.85724 74.65356 104.85724 74.71962 curveto closepath fill
newpath 107.84552 74.71962 moveto
107.84552 74.78568 107.81927 74.84903 107.77257 74.89574 curveto
107.72586 74.94244 107.6625 74.96869 107.59645 74.96869 curveto
107.5304 74.96869 107.46704 74.94244 107.42033 74.89574 curveto
107.37363 74.84903 107.34738 74.78568 107.34738 74.71962 curveto
107.34738 74.65356 107.37363 74.59021 107.42033 74.5435 curveto
107.46704 74.4968 107.5304 74.47055 107.59645 74.47055 curveto
107.6625 74.47055 107.72586 74.4968 107.77257 74.5435 curveto
107.81927 74.59021 107.84552 74.65356 107.84552 74.71962 curveto closepath fill
newpath 110.83492 74.71962 moveto
110.83492 74.78568 110.80867 74.84903 110.76196 74.89574 curveto
110.71526 74.94244 110.6519 74.96869 110.58585 74.96869 curveto
110.51979 74.96869 110.45644 74.94244 110.40973 74.89574 curveto
110.36302 74.84903 110.33678 74.78568 110.33678 74.71962 curveto
110.33678 74.65356 110.36302 74.59021 110.40973 74.5435 curveto
110.45644 74.4968 110.51979 74.47055 110.58585 74.47055 curveto
110.6519 74.47055 110.71526 74.4968 110.76196 74.5435 curveto
110.80867 74.59021 110.83492 74.65356 110.83492 74.71962 curveto closepath fill
newpath 113.82321 74.71962 moveto
113.82321 74.78568 113.79697 74.84903 113.75026 74.89574 curveto
113.70355 74.94244 113.6402 74.96869 113.57414 74.96869 curveto
113.50809 74.96869 113.44473 74.94244 113.39803 74.89574 curveto
113.35132 74.84903 113.32507 74.78568 113.32507 74.71962 curveto
113.32507 74.65356 113.35132 74.59021 113.39803 74.5435 curveto
113.44473 74.4968 113.50809 74.47055 113.57414 74.47055 curveto
113.6402 74.47055 113.70355 74.4968 113.75026 74.5435 curveto
113.79697 74.59021 113.82321 74.65356 113.82321 74.71962 curveto closepath fill
newpath 116.81262 74.71962 moveto
116.81262 74.78568 116.78638 74.84903 116.73967 74.89574 curveto
116.69296 74.94244 116.62961 74.96869 116.56355 74.96869 curveto
116.4975 74.96869 116.43414 74.94244 116.38744 74.89574 curveto
116.34073 74.84903 116.31448 74.78568 116.31448 74.71962 curveto
116.31448 74.65356 116.34073 74.59021 116.38744 74.5435 curveto
116.43414 74.4968 116.4975 74.47055 116.56355 74.47055 curveto
116.62961 74.47055 116.69296 74.4968 116.73967 74.5435 curveto
116.78638 74.59021 116.81262 74.65356 116.81262 74.71962 curveto closepath fill
newpath 119.8009 74.71962 moveto
119.8009 74.78568 119.77466 74.84903 119.72795 74.89574 curveto
119.68124 74.94244 119.61789 74.96869 119.55183 74.96869 curveto
119.48578 74.96869 119.42242 74.94244 119.37572 74.89574 curveto
119.32901 74.84903 119.30276 74.78568 119.30276 74.71962 curveto
119.30276 74.65356 119.32901 74.59021 119.37572 74.5435 curveto
119.42242 74.4968 119.48578 74.47055 119.55183 74.47055 curveto
119.61789 74.47055 119.68124 74.4968 119.72795 74.5435 curveto
119.77466 74.59021 119.8009 74.65356 119.8009 74.71962 curveto closepath fill
newpath 122.79033 74.71962 moveto
122.79033 74.78568 122.76408 74.84903 122.71738 74.89574 curveto
122.67067 74.94244 122.60732 74.96869 122.54126 74.96869 curveto
122.4752 74.96869 122.41185 74.94244 122.36514 74.89574 curveto
122.31844 74.84903 122.29219 74.78568 122.29219 74.71962 curveto
122.29219 74.65356 122.31844 74.59021 122.36514 74.5435 curveto
122.41185 74.4968 122.4752 74.47055 122.54126 74.47055 curveto
122.60732 74.47055 122.67067 74.4968 122.71738 74.5435 curveto
122.76408 74.59021 122.79033 74.65356 122.79033 74.71962 curveto closepath fill
newpath 125.77861 74.71962 moveto
125.77861 74.78568 125.75237 74.84903 125.70566 74.89574 curveto
125.65895 74.94244 125.5956 74.96869 125.52954 74.96869 curveto
125.46349 74.96869 125.40013 74.94244 125.35342 74.89574 curveto
125.30672 74.84903 125.28047 74.78568 125.28047 74.71962 curveto
125.28047 74.65356 125.30672 74.59021 125.35342 74.5435 curveto
125.40013 74.4968 125.46349 74.47055 125.52954 74.47055 curveto
125.5956 74.47055 125.65895 74.4968 125.70566 74.5435 curveto
125.75237 74.59021 125.77861 74.65356 125.77861 74.71962 curveto closepath fill
newpath 128.76689 74.71962 moveto
128.76689 74.78568 128.74065 74.84903 128.69394 74.89574 curveto
128.64723 74.94244 128.58388 74.96869 128.51782 74.96869 curveto
128.45177 74.96869 128.38841 74.94244 128.3417 74.89574 curveto
128.295 74.84903 128.26875 74.78568 128.26875 74.71962 curveto
128.26875 74.65356 128.295 74.59021 128.3417 74.5435 curveto
128.38841 74.4968 128.45177 74.47055 128.51782 74.47055 curveto
128.58388 74.47055 128.64723 74.4968 128.69394 74.5435 curveto
128.74065 74.59021 128.76689 74.65356 128.76689 74.71962 curveto closepath fill
newpath 131.7563 74.71962 moveto
131.7563 74.78568 131.73006 74.84903 131.68335 74.89574 curveto
131.63664 74.94244 131.57329 74.96869 131.50723 74.96869 curveto
131.44118 74.96869 131.37782 74.94244 131.33112 74.89574 curveto
131.28441 74.84903 131.25816 74.78568 131.25816 74.71962 curveto
131.25816 74.65356 131.28441 74.59021 131.33112 74.5435 curveto
131.37782 74.4968 131.44118 74.47055 131.50723 74.47055 curveto
131.57329 74.47055 131.63664 74.4968 131.68335 74.5435 curveto
131.73006 74.59021 131.7563 74.65356 131.7563 74.71962 curveto closepath fill
newpath 134.7446 74.71962 moveto
134.7446 74.78568 134.71835 74.84903 134.67165 74.89574 curveto
134.62494 74.94244 134.56158 74.96869 134.49553 74.96869 curveto
134.42947 74.96869 134.36612 74.94244 134.31941 74.89574 curveto
134.2727 74.84903 134.24646 74.78568 134.24646 74.71962 curveto
134.24646 74.65356 134.2727 74.59021 134.31941 74.5435 curveto
134.36612 74.4968 134.42947 74.47055 134.49553 74.47055 curveto
134.56158 74.47055 134.62494 74.4968 134.67165 74.5435 curveto
134.71835 74.59021 134.7446 74.65356 134.7446 74.71962 curveto closepath fill
newpath 137.73402 74.71962 moveto
137.73402 74.78568 137.70778 74.84903 137.66107 74.89574 curveto
137.61436 74.94244 137.55101 74.96869 137.48495 74.96869 curveto
137.4189 74.96869 137.35555 74.94244 137.30884 74.89574 curveto
137.26213 74.84903 137.23589 74.78568 137.23589 74.71962 curveto
137.23589 74.65356 137.26213 74.59021 137.30884 74.5435 curveto
137.35555 74.4968 137.4189 74.47055 137.48495 74.47055 curveto
137.55101 74.47055 137.61436 74.4968 137.66107 74.5435 curveto
137.70778 74.59021 137.73402 74.65356 137.73402 74.71962 curveto closepath fill
newpath 140.7223 74.71962 moveto
140.7223 74.78568 140.69606 74.84903 140.64935 74.89574 curveto
140.60265 74.94244 140.53929 74.96869 140.47324 74.96869 curveto
140.40718 74.96869 140.34383 74.94244 140.29712 74.89574 curveto
140.25041 74.84903 140.22417 74.78568 140.22417 74.71962 curveto
140.22417 74.65356 140.25041 74.59021 140.29712 74.5435 curveto
140.34383 74.4968 140.40718 74.47055 140.47324 74.47055 curveto
140.53929 74.47055 140.60265 74.4968 140.64935 74.5435 curveto
140.69606 74.59021 140.7223 74.65356 140.7223 74.71962 curveto closepath fill
newpath 143.71175 74.71962 moveto
143.71175 74.78568 143.6855 74.84903 143.6388 74.89574 curveto
143.59209 74.94244 143.52873 74.96869 143.46268 74.96869 curveto
143.39662 74.96869 143.33327 74.94244 143.28656 74.89574 curveto
143.23985 74.84903 143.21361 74.78568 143.21361 74.71962 curveto
143.21361 74.65356 143.23985 74.59021 143.28656 74.5435 curveto
143.33327 74.4968 143.39662 74.47055 143.46268 74.47055 curveto
143.52873 74.47055 143.59209 74.4968 143.6388 74.5435 curveto
143.6855 74.59021 143.71175 74.65356 143.71175 74.71962 curveto closepath fill
newpath 146.70003 74.71962 moveto
146.70003 74.78568 146.67378 74.84903 146.62708 74.89574 curveto
146.58037 74.94244 146.51701 74.96869 146.45096 74.96869 curveto
146.3849 74.96869 146.32155 74.94244 146.27484 74.89574 curveto
146.22813 74.84903 146.20189 74.78568 146.20189 74.71962 curveto
146.20189 74.65356 146.22813 74.59021 146.27484 74.5435 curveto
146.32155 74.4968 146.3849 74.47055 146.45096 74.47055 curveto
146.51701 74.47055 146.58037 74.4968 146.62708 74.5435 curveto
146.67378 74.59021 146.70003 74.65356 146.70003 74.71962 curveto closepath fill
newpath 149.68831 74.71962 moveto
149.68831 74.78568 149.66206 74.84903 149.61536 74.89574 curveto
149.56865 74.94244 149.5053 74.96869 149.43924 74.96869 curveto
149.37318 74.96869 149.30983 74.94244 149.26312 74.89574 curveto
149.21642 74.84903 149.19017 74.78568 149.19017 74.71962 curveto
149.19017 74.65356 149.21642 74.59021 149.26312 74.5435 curveto
149.30983 74.4968 149.37318 74.47055 149.43924 74.47055 curveto
149.5053 74.47055 149.56865 74.4968 149.61536 74.5435 curveto
149.66206 74.59021 149.68831 74.65356 149.68831 74.71962 curveto closepath fill
newpath 127.80304 127.55397 moveto
127.80304 127.62003 127.7768 127.68338 127.73009 127.73009 curveto
127.68338 127.7768 127.62003 127.80304 127.55397 127.80304 curveto
127.48792 127.80304 127.42456 127.7768 127.37785 127.73009 curveto
127.33115 127.68338 127.3049 127.62003 127.3049 127.55397 curveto
127.3049 127.48792 127.33115 127.42456 127.37785 127.37785 curveto
127.42456 127.33115 127.48792 127.3049 127.55397 127.3049 curveto
127.62003 127.3049 127.68338 127.33115 127.73009 127.37785 curveto
127.7768 127.42456 127.80304 127.48792 127.80304 127.55397 curveto closepath fill
newpath 125.68922 125.44016 moveto
125.68922 125.50621 125.66298 125.56956 125.61627 125.61627 curveto
125.56956 125.66298 125.50621 125.68922 125.44016 125.68922 curveto
125.3741 125.68922 125.31075 125.66298 125.26404 125.61627 curveto
125.21733 125.56956 125.19109 125.50621 125.19109 125.44016 curveto
125.19109 125.3741 125.21733 125.31075 125.26404 125.26404 curveto
125.31075 125.21733 125.3741 125.19109 125.44016 125.19109 curveto
125.50621 125.19109 125.56956 125.21733 125.61627 125.26404 curveto
125.66298 125.31075 125.68922 125.3741 125.68922 125.44016 curveto closepath fill
newpath 123.5762 123.32713 moveto
123.5762 123.39319 123.54996 123.45654 123.50325 123.50325 curveto
123.45654 123.54996 123.39319 123.5762 123.32713 123.5762 curveto
123.26108 123.5762 123.19772 123.54996 123.15102 123.50325 curveto
123.10431 123.45654 123.07806 123.39319 123.07806 123.32713 curveto
123.07806 123.26108 123.10431 123.19772 123.15102 123.15102 curveto
123.19772 123.10431 123.26108 123.07806 123.32713 123.07806 curveto
123.39319 123.07806 123.45654 123.10431 123.50325 123.15102 curveto
123.54996 123.19772 123.5762 123.26108 123.5762 123.32713 curveto closepath fill
newpath 121.46239 121.21332 moveto
121.46239 121.27937 121.43614 121.34273 121.38943 121.38943 curveto
121.34273 121.43614 121.27937 121.46239 121.21332 121.46239 curveto
121.14726 121.46239 121.08391 121.43614 121.0372 121.38943 curveto
120.9905 121.34273 120.96425 121.27937 120.96425 121.21332 curveto
120.96425 121.14726 120.9905 121.08391 121.0372 121.0372 curveto
121.08391 120.9905 121.14726 120.96425 121.21332 120.96425 curveto
121.27937 120.96425 121.34273 120.9905 121.38943 121.0372 curveto
121.43614 121.08391 121.46239 121.14726 121.46239 121.21332 curveto closepath fill
newpath 119.34937 119.1003 moveto
119.34937 119.16635 119.32312 119.2297 119.27641 119.27641 curveto
119.2297 119.32312 119.16635 119.34937 119.1003 119.34937 curveto
119.03424 119.34937 118.97089 119.32312 118.92418 119.27641 curveto
118.87747 119.2297 118.85123 119.16635 118.85123 119.1003 curveto
118.85123 119.03424 118.87747 118.97089 118.92418 118.92418 curveto
118.97089 118.87747 119.03424 118.85123 119.1003 118.85123 curveto
119.16635 118.85123 119.2297 118.87747 119.27641 118.92418 curveto
119.32312 118.97089 119.34937 119.03424 119.34937 119.1003 curveto closepath fill
newpath 117.23636 116.98729 moveto
117.23636 117.05334 117.21011 117.1167 117.1634 117.1634 curveto
117.1167 117.21011 117.05334 117.23636 116.98729 117.23636 curveto
116.92123 117.23636 116.85788 117.21011 116.81117 117.1634 curveto
116.76447 117.1167 116.73822 117.05334 116.73822 116.98729 curveto
116.73822 116.92123 116.76447 116.85788 116.81117 116.81117 curveto
116.85788 116.76447 116.92123 116.73822 116.98729 116.73822 curveto
117.05334 116.73822 117.1167 116.76447 117.1634 116.81117 curveto
117.21011 116.85788 117.23636 116.92123 117.23636 116.98729 curveto closepath fill
newpath 115.12253 114.87346 moveto
115.12253 114.93951 115.09628 115.00287 115.04958 115.04958 curveto
115.00287 115.09628 114.93951 115.12253 114.87346 115.12253 curveto
114.8074 115.12253 114.74405 115.09628 114.69734 115.04958 curveto
114.65063 115.00287 114.62439 114.93951 114.62439 114.87346 curveto
114.62439 114.8074 114.65063 114.74405 114.69734 114.69734 curveto
114.74405 114.65063 114.8074 114.62439 114.87346 114.62439 curveto
114.93951 114.62439 115.00287 114.65063 115.04958 114.69734 curveto
115.09628 114.74405 115.12253 114.8074 115.12253 114.87346 curveto closepath fill
newpath 113.0095 112.76044 moveto
113.0095 112.82649 112.98326 112.88985 112.93655 112.93655 curveto
112.88985 112.98326 112.82649 113.0095 112.76044 113.0095 curveto
112.69438 113.0095 112.63103 112.98326 112.58432 112.93655 curveto
112.53761 112.88985 112.51137 112.82649 112.51137 112.76044 curveto
112.51137 112.69438 112.53761 112.63103 112.58432 112.58432 curveto
112.63103 112.53761 112.69438 112.51137 112.76044 112.51137 curveto
112.82649 112.51137 112.88985 112.53761 112.93655 112.58432 curveto
112.98326 112.63103 113.0095 112.69438 113.0095 112.76044 curveto closepath fill
newpath 110.89568 110.6466 moveto
110.89568 110.71266 110.86943 110.77602 110.82272 110.82272 curveto
110.77602 110.86943 110.71266 110.89568 110.6466 110.89568 curveto
110.58055 110.89568 110.5172 110.86943 110.47049 110.82272 curveto
110.42378 110.77602 110.39754 110.71266 110.39754 110.6466 curveto
110.39754 110.58055 110.42378 110.5172 110.47049 110.47049 curveto
110.5172 110.42378 110.58055 110.39754 110.6466 110.39754 curveto
110.71266 110.39754 110.77602 110.42378 110.82272 110.47049 curveto
110.86943 110.5172 110.89568 110.58055 110.89568 110.6466 curveto closepath fill
newpath 108.78265 108.53358 moveto
108.78265 108.59964 108.75641 108.663 108.7097 108.7097 curveto
108.663 108.75641 108.59964 108.78265 108.53358 108.78265 curveto
108.46753 108.78265 108.40417 108.75641 108.35747 108.7097 curveto
108.31076 108.663 108.28452 108.59964 108.28452 108.53358 curveto
108.28452 108.46753 108.31076 108.40417 108.35747 108.35747 curveto
108.40417 108.31076 108.46753 108.28452 108.53358 108.28452 curveto
108.59964 108.28452 108.663 108.31076 108.7097 108.35747 curveto
108.75641 108.40417 108.78265 108.46753 108.78265 108.53358 curveto closepath fill
newpath 106.66882 106.41975 moveto
106.66882 106.48581 106.64258 106.54916 106.59587 106.59587 curveto
106.54916 106.64258 106.48581 106.66882 106.41975 106.66882 curveto
106.3537 106.66882 106.29034 106.64258 106.24364 106.59587 curveto
106.19693 106.54916 106.17068 106.48581 106.17068 106.41975 curveto
106.17068 106.3537 106.19693 106.29034 106.24364 106.24364 curveto
106.29034 106.19693 106.3537 106.17068 106.41975 106.17068 curveto
106.48581 106.17068 106.54916 106.19693 106.59587 106.24364 curveto
106.64258 106.29034 106.66882 106.3537 106.66882 106.41975 curveto closepath fill
newpath 104.5558 104.30673 moveto
104.5558 104.37279 104.52956 104.43614 104.48285 104.48285 curveto
104.43614 104.52956 104.37279 104.5558 104.30673 104.5558 curveto
104.24068 104.5558 104.17732 104.52956 104.13062 104.48285 curveto
104.08391 104.43614 104.05766 104.37279 104.05766 104.30673 curveto
104.05766 104.24068 104.08391 104.17732 104.13062 104.13062 curveto
104.17732 104.08391 104.24068 104.05766 104.30673 104.05766 curveto
104.37279 104.05766 104.43614 104.08391 104.48285 104.13062 curveto
104.52956 104.17732 104.5558 104.24068 104.5558 104.30673 curveto closepath fill
newpath 102.44197 102.1929 moveto
102.44197 102.25896 102.41573 102.32231 102.36902 102.36902 curveto
102.32231 102.41573 102.25896 102.44197 102.1929 102.44197 curveto
102.12685 102.44197 102.06349 102.41573 102.01678 102.36902 curveto
101.97008 102.32231 101.94383 102.25896 101.94383 102.1929 curveto
101.94383 102.12685 101.97008 102.06349 102.01678 102.01678 curveto
102.06349 101.97008 102.12685 101.94383 102.1929 101.94383 curveto
102.25896 101.94383 102.32231 101.97008 102.36902 102.01678 curveto
102.41573 102.06349 102.44197 102.12685 102.44197 102.1929 curveto closepath fill
newpath 100.32895 100.07988 moveto
100.32895 100.14594 100.3027 100.20929 100.256 100.256 curveto
100.20929 100.3027 100.14594 100.32895 100.07988 100.32895 curveto
100.01382 100.32895 99.95047 100.3027 99.90376 100.256 curveto
99.85706 100.20929 99.83081 100.14594 99.83081 100.07988 curveto
99.83081 100.01382 99.85706 99.95047 99.90376 99.90376 curveto
99.95047 99.85706 100.01382 99.83081 100.07988 99.83081 curveto
100.14594 99.83081 100.20929 99.85706 100.256 99.90376 curveto
100.3027 99.95047 100.32895 100.01382 100.32895 100.07988 curveto closepath fill
newpath 98.21593 97.96686 moveto
98.21593 98.03291 98.18968 98.09627 98.14297 98.14297 curveto
98.09627 98.18968 98.03291 98.21593 97.96686 98.21593 curveto
97.9008 98.21593 97.83745 98.18968 97.79074 98.14297 curveto
97.74403 98.09627 97.71779 98.03291 97.71779 97.96686 curveto
97.71779 97.9008 97.74403 97.83745 97.79074 97.79074 curveto
97.83745 97.74403 97.9008 97.71779 97.96686 97.71779 curveto
98.03291 97.71779 98.09627 97.74403 98.14297 97.79074 curveto
98.18968 97.83745 98.21593 97.9008 98.21593 97.96686 curveto closepath fill
newpath 96.1021 95.85303 moveto
96.1021 95.91908 96.07585 95.98244 96.02914 96.02914 curveto
95.98244 96.07585 95.91908 96.1021 95.85303 96.1021 curveto
95.78697 96.1021 95.72362 96.07585 95.67691 96.02914 curveto
95.6302 95.98244 95.60396 95.91908 95.60396 95.85303 curveto
95.60396 95.78697 95.6302 95.72362 95.67691 95.67691 curveto
95.72362 95.6302 95.78697 95.60396 95.85303 95.60396 curveto
95.91908 95.60396 95.98244 95.6302 96.02914 95.67691 curveto
96.07585 95.72362 96.1021 95.78697 96.1021 95.85303 curveto closepath fill
newpath 93.98907 93.74 moveto
93.98907 93.80606 93.96283 93.86942 93.91612 93.91612 curveto
93.86942 93.96283 93.80606 93.98907 93.74 93.98907 curveto
93.67395 93.98907 93.6106 93.96283 93.56389 93.91612 curveto
93.51718 93.86942 93.49094 93.80606 93.49094 93.74 curveto
93.49094 93.67395 93.51718 93.6106 93.56389 93.56389 curveto
93.6106 93.51718 93.67395 93.49094 93.74 93.49094 curveto
93.80606 93.49094 93.86942 93.51718 93.91612 93.56389 curveto
93.96283 93.6106 93.98907 93.67395 93.98907 93.74 curveto closepath fill
newpath 91.87524 91.62617 moveto
91.87524 91.69223 91.849 91.75558 91.80229 91.80229 curveto
91.75558 91.849 91.69223 91.87524 91.62617 91.87524 curveto
91.56012 91.87524 91.49677 91.849 91.45006 91.80229 curveto
91.40335 91.75558 91.3771 91.69223 91.3771 91.62617 curveto
91.3771 91.56012 91.40335 91.49677 91.45006 91.45006 curveto
91.49677 91.40335 91.56012 91.3771 91.62617 91.3771 curveto
91.69223 91.3771 91.75558 91.40335 91.80229 91.45006 curveto
91.849 91.49677 91.87524 91.56012 91.87524 91.62617 curveto closepath fill
newpath 89.76222 89.51315 moveto
89.76222 89.57921 89.73598 89.64256 89.68927 89.68927 curveto
89.64256 89.73598 89.57921 89.76222 89.51315 89.76222 curveto
89.4471 89.76222 89.38374 89.73598 89.33704 89.68927 curveto
89.29033 89.64256 89.26408 89.57921 89.26408 89.51315 curveto
89.26408 89.4471 89.29033 89.38374 89.33704 89.33704 curveto
89.38374 89.29033 89.4471 89.26408 89.51315 89.26408 curveto
89.57921 89.26408 89.64256 89.29033 89.68927 89.33704 curveto
89.73598 89.38374 89.76222 89.4471 89.76222 89.51315 curveto closepath fill
newpath 87.64839 87.39932 moveto
87.64839 87.46538 87.62215 87.52873 87.57544 87.57544 curveto
87.52873 87.62215 87.46538 87.64839 87.39932 87.64839 curveto
87.33327 87.64839 87.26991 87.62215 87.2232 87.57544 curveto
87.1765 87.52873 87.15025 87.46538 87.15025 87.39932 curveto
87.15025 87.33327 87.1765 87.26991 87.2232 87.2232 curveto
87.26991 87.1765 87.33327 87.15025 87.39932 87.15025 curveto
87.46538 87.15025 87.52873 87.1765 87.57544 87.2232 curveto
87.62215 87.26991 87.64839 87.33327 87.64839 87.39932 curveto closepath fill
newpath 85.53537 85.2863 moveto
85.53537 85.35236 85.50912 85.41571 85.46242 85.46242 curveto
85.41571 85.50912 85.35236 85.53537 85.2863 85.53537 curveto
85.22025 85.53537 85.15689 85.50912 85.11018 85.46242 curveto
85.06348 85.41571 85.03723 85.35236 85.03723 85.2863 curveto
85.03723 85.22025 85.06348 85.15689 85.11018 85.11018 curveto
85.15689 85.06348 85.22025 85.03723 85.2863 85.03723 curveto
85.35236 85.03723 85.41571 85.06348 85.46242 85.11018 curveto
85.50912 85.15689 85.53537 85.22025 85.53537 85.2863 curveto closepath fill
newpath 83.42155 83.17249 moveto
83.42155 83.23854 83.39531 83.3019 83.3486 83.3486 curveto
83.3019 83.39531 83.23854 83.42155 83.17249 83.42155 curveto
83.10643 83.42155 83.04308 83.39531 82.99637 83.3486 curveto
82.94966 83.3019 82.92342 83.23854 82.92342 83.17249 curveto
82.92342 83.10643 82.94966 83.04308 82.99637 82.99637 curveto
83.04308 82.94966 83.10643 82.92342 83.17249 82.92342 curveto
83.23854 82.92342 83.3019 82.94966 83.3486 82.99637 curveto
83.39531 83.04308 83.42155 83.10643 83.42155 83.17249 curveto closepath fill
newpath 81.30853 81.05946 moveto
81.30853 81.12552 81.28229 81.18887 81.23558 81.23558 curveto
81.18887 81.28229 81.12552 81.30853 81.05946 81.30853 curveto
80.99341 81.30853 80.93005 81.28229 80.88335 81.23558 curveto
80.83664 81.18887 80.8104 81.12552 80.8104 81.05946 curveto
80.8104 80.99341 80.83664 80.93005 80.88335 80.88335 curveto
80.93005 80.83664 80.99341 80.8104 81.05946 80.8104 curveto
81.12552 80.8104 81.18887 80.83664 81.23558 80.88335 curveto
81.28229 80.93005 81.30853 80.99341 81.30853 81.05946 curveto closepath fill
newpath 79.19472 78.94565 moveto
79.19472 79.0117 79.16847 79.07506 79.12177 79.12177 curveto
79.07506 79.16847 79.0117 79.19472 78.94565 79.19472 curveto
78.8796 79.19472 78.81624 79.16847 78.76953 79.12177 curveto
78.72282 79.07506 78.69658 79.0117 78.69658 78.94565 curveto
78.69658 78.8796 78.72282 78.81624 78.76953 78.76953 curveto
78.81624 78.72282 78.8796 78.69658 78.94565 78.69658 curveto
79.0117 78.69658 79.07506 78.72282 79.12177 78.76953 curveto
79.16847 78.81624 79.19472 78.8796 79.19472 78.94565 curveto closepath fill
newpath 77.08168 76.83261 moveto
77.08168 76.89867 77.05544 76.96202 77.00873 77.00873 curveto
76.96202 77.05544 76.89867 77.08168 76.83261 77.08168 curveto
76.76656 77.08168 76.7032 77.05544 76.6565 77.00873 curveto
76.60979 76.96202 76.58354 76.89867 76.58354 76.83261 curveto
76.58354 76.76656 76.60979 76.7032 76.6565 76.6565 curveto
76.7032 76.60979 76.76656 76.58354 76.83261 76.58354 curveto
76.89867 76.58354 76.96202 76.60979 77.00873 76.6565 curveto
77.05544 76.7032 77.08168 76.76656 77.08168 76.83261 curveto closepath fill
newpath 74.96869 74.71962 moveto
74.96869 74.78568 74.94244 74.84903 74.89574 74.89574 curveto
74.84903 74.94244 74.78568 74.96869 74.71962 74.96869 curveto
74.65356 74.96869 74.59021 74.94244 74.5435 74.89574 curveto
74.4968 74.84903 74.47055 74.78568 74.47055 74.71962 curveto
74.47055 74.65356 74.4968 74.59021 74.5435 74.5435 curveto
74.59021 74.4968 74.65356 74.47055 74.71962 74.47055 curveto
74.78568 74.47055 74.84903 74.4968 74.89574 74.5435 curveto
74.94244 74.59021 74.96869 74.65356 74.96869 74.71962 curveto closepath fill
newpath 144.00066 103.31342 moveto
144.00066 103.37947 143.97441 103.44283 143.9277 103.48953 curveto
143.881 103.53624 143.81764 103.56248 143.75159 103.56248 curveto
143.68553 103.56248 143.62218 103.53624 143.57547 103.48953 curveto
143.52876 103.44283 143.50252 103.37947 143.50252 103.31342 curveto
143.50252 103.24736 143.52876 103.184 143.57547 103.1373 curveto
143.62218 103.09059 143.68553 103.06435 143.75159 103.06435 curveto
143.81764 103.06435 143.881 103.09059 143.9277 103.1373 curveto
143.97441 103.184 144.00066 103.24736 144.00066 103.31342 curveto closepath fill
newpath 141.23878 102.16942 moveto
141.23878 102.23547 141.21254 102.29883 141.16583 102.34554 curveto
141.11913 102.39224 141.05577 102.41849 140.98972 102.41849 curveto
140.92366 102.41849 140.8603 102.39224 140.8136 102.34554 curveto
140.76689 102.29883 140.74065 102.23547 140.74065 102.16942 curveto
140.74065 102.10336 140.76689 102.04001 140.8136 101.9933 curveto
140.8603 101.9466 140.92366 101.92035 140.98972 101.92035 curveto
141.05577 101.92035 141.11913 101.9466 141.16583 101.9933 curveto
141.21254 102.04001 141.23878 102.10336 141.23878 102.16942 curveto closepath fill
newpath 138.47797 101.02588 moveto
138.47797 101.09193 138.45172 101.15529 138.40501 101.202 curveto
138.3583 101.2487 138.29495 101.27495 138.2289 101.27495 curveto
138.16284 101.27495 138.09949 101.2487 138.05278 101.202 curveto
138.00607 101.15529 137.97983 101.09193 137.97983 101.02588 curveto
137.97983 100.95982 138.00607 100.89647 138.05278 100.84976 curveto
138.09949 100.80305 138.16284 100.77681 138.2289 100.77681 curveto
138.29495 100.77681 138.3583 100.80305 138.40501 100.84976 curveto
138.45172 100.89647 138.47797 100.95982 138.47797 101.02588 curveto closepath fill
newpath 135.71716 99.8823 moveto
135.71716 99.94835 135.69092 100.0117 135.64421 100.05841 curveto
135.5975 100.10512 135.53415 100.13136 135.4681 100.13136 curveto
135.40204 100.13136 135.33868 100.10512 135.29198 100.05841 curveto
135.24527 100.0117 135.21902 99.94835 135.21902 99.8823 curveto
135.21902 99.81624 135.24527 99.75288 135.29198 99.70618 curveto
135.33868 99.65947 135.40204 99.63322 135.4681 99.63322 curveto
135.53415 99.63322 135.5975 99.65947 135.64421 99.70618 curveto
135.69092 99.75288 135.71716 99.81624 135.71716 99.8823 curveto closepath fill
newpath 132.9553 98.7383 moveto
132.9553 98.80435 132.92906 98.8677 132.88235 98.91441 curveto
132.83565 98.96112 132.7723 98.98737 132.70624 98.98737 curveto
132.64018 98.98737 132.57683 98.96112 132.53012 98.91441 curveto
132.48341 98.8677 132.45717 98.80435 132.45717 98.7383 curveto
132.45717 98.67224 132.48341 98.60889 132.53012 98.56218 curveto
132.57683 98.51547 132.64018 98.48923 132.70624 98.48923 curveto
132.7723 98.48923 132.83565 98.51547 132.88235 98.56218 curveto
132.92906 98.60889 132.9553 98.67224 132.9553 98.7383 curveto closepath fill
newpath 130.19449 97.59476 moveto
130.19449 97.66081 130.16824 97.72417 130.12154 97.77087 curveto
130.07483 97.81758 130.01147 97.84383 129.94542 97.84383 curveto
129.87936 97.84383 129.81601 97.81758 129.7693 97.77087 curveto
129.7226 97.72417 129.69635 97.66081 129.69635 97.59476 curveto
129.69635 97.5287 129.7226 97.46535 129.7693 97.41864 curveto
129.81601 97.37193 129.87936 97.34569 129.94542 97.34569 curveto
130.01147 97.34569 130.07483 97.37193 130.12154 97.41864 curveto
130.16824 97.46535 130.19449 97.5287 130.19449 97.59476 curveto closepath fill
newpath 127.43262 96.45076 moveto
127.43262 96.51682 127.40637 96.58017 127.35966 96.62688 curveto
127.31296 96.67358 127.2496 96.69983 127.18355 96.69983 curveto
127.1175 96.69983 127.05414 96.67358 127.00743 96.62688 curveto
126.96072 96.58017 126.93448 96.51682 126.93448 96.45076 curveto
126.93448 96.3847 126.96072 96.32135 127.00743 96.27464 curveto
127.05414 96.22794 127.1175 96.20169 127.18355 96.20169 curveto
127.2496 96.20169 127.31296 96.22794 127.35966 96.27464 curveto
127.40637 96.32135 127.43262 96.3847 127.43262 96.45076 curveto closepath fill
newpath 124.67181 95.30717 moveto
124.67181 95.37323 124.64557 95.43658 124.59886 95.48329 curveto
124.55215 95.53 124.4888 95.55624 124.42274 95.55624 curveto
124.35669 95.55624 124.29333 95.53 124.24663 95.48329 curveto
124.19992 95.43658 124.17368 95.37323 124.17368 95.30717 curveto
124.17368 95.24112 124.19992 95.17776 124.24663 95.13106 curveto
124.29333 95.08435 124.35669 95.0581 124.42274 95.0581 curveto
124.4888 95.0581 124.55215 95.08435 124.59886 95.13106 curveto
124.64557 95.17776 124.67181 95.24112 124.67181 95.30717 curveto closepath fill
newpath 121.90993 94.16318 moveto
121.90993 94.22923 121.88368 94.29259 121.83698 94.3393 curveto
121.79027 94.386 121.72691 94.41225 121.66086 94.41225 curveto
121.5948 94.41225 121.53145 94.386 121.48474 94.3393 curveto
121.43803 94.29259 121.41179 94.22923 121.41179 94.16318 curveto
121.41179 94.09712 121.43803 94.03377 121.48474 93.98706 curveto
121.53145 93.94035 121.5948 93.91411 121.66086 93.91411 curveto
121.72691 93.91411 121.79027 93.94035 121.83698 93.98706 curveto
121.88368 94.03377 121.90993 94.09712 121.90993 94.16318 curveto closepath fill
newpath 119.14911 93.01964 moveto
119.14911 93.0857 119.12286 93.14905 119.07616 93.19576 curveto
119.02945 93.24246 118.9661 93.2687 118.90004 93.2687 curveto
118.83398 93.2687 118.77063 93.24246 118.72392 93.19576 curveto
118.67722 93.14905 118.65097 93.0857 118.65097 93.01964 curveto
118.65097 92.95358 118.67722 92.89023 118.72392 92.84352 curveto
118.77063 92.79681 118.83398 92.77057 118.90004 92.77057 curveto
118.9661 92.77057 119.02945 92.79681 119.07616 92.84352 curveto
119.12286 92.89023 119.14911 92.95358 119.14911 93.01964 curveto closepath fill
newpath 116.38724 91.87564 moveto
116.38724 91.9417 116.361 92.00505 116.31429 92.05176 curveto
116.26758 92.09846 116.20422 92.12471 116.13817 92.12471 curveto
116.07211 92.12471 116.00876 92.09846 115.96205 92.05176 curveto
115.91534 92.00505 115.8891 91.9417 115.8891 91.87564 curveto
115.8891 91.80959 115.91534 91.74623 115.96205 91.69952 curveto
116.00876 91.65282 116.07211 91.62657 116.13817 91.62657 curveto
116.20422 91.62657 116.26758 91.65282 116.31429 91.69952 curveto
116.361 91.74623 116.38724 91.80959 116.38724 91.87564 curveto closepath fill
newpath 113.62643 90.73206 moveto
113.62643 90.79811 113.60019 90.86147 113.55348 90.90817 curveto
113.50677 90.95488 113.44342 90.98112 113.37737 90.98112 curveto
113.31131 90.98112 113.24796 90.95488 113.20125 90.90817 curveto
113.15454 90.86147 113.1283 90.79811 113.1283 90.73206 curveto
113.1283 90.666 113.15454 90.60265 113.20125 90.55594 curveto
113.24796 90.50923 113.31131 90.48299 113.37737 90.48299 curveto
113.44342 90.48299 113.50677 90.50923 113.55348 90.55594 curveto
113.60019 90.60265 113.62643 90.666 113.62643 90.73206 curveto closepath fill
newpath 110.86562 89.58852 moveto
110.86562 89.65457 110.83937 89.71793 110.79266 89.76463 curveto
110.74596 89.81134 110.6826 89.83759 110.61655 89.83759 curveto
110.55049 89.83759 110.48714 89.81134 110.44043 89.76463 curveto
110.39372 89.71793 110.36748 89.65457 110.36748 89.58852 curveto
110.36748 89.52246 110.39372 89.4591 110.44043 89.4124 curveto
110.48714 89.36569 110.55049 89.33945 110.61655 89.33945 curveto
110.6826 89.33945 110.74596 89.36569 110.79266 89.4124 curveto
110.83937 89.4591 110.86562 89.52246 110.86562 89.58852 curveto closepath fill
newpath 108.10373 88.44452 moveto
108.10373 88.51057 108.07748 88.57393 108.03078 88.62064 curveto
107.98407 88.66734 107.92072 88.69359 107.85466 88.69359 curveto
107.7886 88.69359 107.72525 88.66734 107.67854 88.62064 curveto
107.63184 88.57393 107.60559 88.51057 107.60559 88.44452 curveto
107.60559 88.37846 107.63184 88.31511 107.67854 88.2684 curveto
107.72525 88.2217 107.7886 88.19545 107.85466 88.19545 curveto
107.92072 88.19545 107.98407 88.2217 108.03078 88.2684 curveto
108.07748 88.31511 108.10373 88.37846 108.10373 88.44452 curveto closepath fill
newpath 105.34291 87.30098 moveto
105.34291 87.36703 105.31667 87.43039 105.26996 87.4771 curveto
105.22325 87.5238 105.1599 87.55005 105.09384 87.55005 curveto
105.02779 87.55005 104.96443 87.5238 104.91772 87.4771 curveto
104.87102 87.43039 104.84477 87.36703 104.84477 87.30098 curveto
104.84477 87.23492 104.87102 87.17157 104.91772 87.12486 curveto
104.96443 87.07816 105.02779 87.05191 105.09384 87.05191 curveto
105.1599 87.05191 105.22325 87.07816 105.26996 87.12486 curveto
105.31667 87.17157 105.34291 87.23492 105.34291 87.30098 curveto closepath fill
newpath 102.58104 86.15698 moveto
102.58104 86.22304 102.5548 86.28639 102.50809 86.3331 curveto
102.46138 86.3798 102.39803 86.40605 102.33197 86.40605 curveto
102.26591 86.40605 102.20256 86.3798 102.15585 86.3331 curveto
102.10915 86.28639 102.0829 86.22304 102.0829 86.15698 curveto
102.0829 86.09093 102.10915 86.02757 102.15585 85.98087 curveto
102.20256 85.93416 102.26591 85.90791 102.33197 85.90791 curveto
102.39803 85.90791 102.46138 85.93416 102.50809 85.98087 curveto
102.5548 86.02757 102.58104 86.09093 102.58104 86.15698 curveto closepath fill
newpath 99.82022 85.0134 moveto
99.82022 85.07945 99.79398 85.1428 99.74727 85.18951 curveto
99.70056 85.23622 99.6372 85.26247 99.57115 85.26247 curveto
99.5051 85.26247 99.44174 85.23622 99.39503 85.18951 curveto
99.34833 85.1428 99.32208 85.07945 99.32208 85.0134 curveto
99.32208 84.94734 99.34833 84.88399 99.39503 84.83728 curveto
99.44174 84.79057 99.5051 84.76433 99.57115 84.76433 curveto
99.6372 84.76433 99.70056 84.79057 99.74727 84.83728 curveto
99.79398 84.88399 99.82022 84.94734 99.82022 85.0134 curveto closepath fill
newpath 97.05835 83.8694 moveto
97.05835 83.93546 97.0321 83.99881 96.9854 84.04552 curveto
96.93869 84.09222 96.87534 84.11847 96.80928 84.11847 curveto
96.74323 84.11847 96.67987 84.09222 96.63316 84.04552 curveto
96.58646 83.99881 96.56021 83.93546 96.56021 83.8694 curveto
96.56021 83.80334 96.58646 83.73999 96.63316 83.69328 curveto
96.67987 83.64658 96.74323 83.62033 96.80928 83.62033 curveto
96.87534 83.62033 96.93869 83.64658 96.9854 83.69328 curveto
97.0321 83.73999 97.05835 83.80334 97.05835 83.8694 curveto closepath fill
newpath 94.29753 82.72586 moveto
94.29753 82.79192 94.27129 82.85527 94.22458 82.90198 curveto
94.17787 82.94868 94.11452 82.97493 94.04846 82.97493 curveto
93.9824 82.97493 93.91905 82.94868 93.87234 82.90198 curveto
93.82564 82.85527 93.7994 82.79192 93.7994 82.72586 curveto
93.7994 82.6598 93.82564 82.59645 93.87234 82.54974 curveto
93.91905 82.50304 93.9824 82.47679 94.04846 82.47679 curveto
94.11452 82.47679 94.17787 82.50304 94.22458 82.54974 curveto
94.27129 82.59645 94.29753 82.6598 94.29753 82.72586 curveto closepath fill
newpath 91.53566 81.58186 moveto
91.53566 81.64792 91.50941 81.71127 91.4627 81.75798 curveto
91.416 81.80469 91.35265 81.83093 91.28659 81.83093 curveto
91.22054 81.83093 91.15718 81.80469 91.11047 81.75798 curveto
91.06377 81.71127 91.03752 81.64792 91.03752 81.58186 curveto
91.03752 81.51581 91.06377 81.45245 91.11047 81.40575 curveto
91.15718 81.35904 91.22054 81.3328 91.28659 81.3328 curveto
91.35265 81.3328 91.416 81.35904 91.4627 81.40575 curveto
91.50941 81.45245 91.53566 81.51581 91.53566 81.58186 curveto closepath fill
newpath 88.77486 80.43828 moveto
88.77486 80.50433 88.74861 80.56769 88.7019 80.6144 curveto
88.6552 80.6611 88.59184 80.68735 88.52579 80.68735 curveto
88.45973 80.68735 88.39638 80.6611 88.34967 80.6144 curveto
88.30296 80.56769 88.27672 80.50433 88.27672 80.43828 curveto
88.27672 80.37222 88.30296 80.30887 88.34967 80.26216 curveto
88.39638 80.21545 88.45973 80.18921 88.52579 80.18921 curveto
88.59184 80.18921 88.6552 80.21545 88.7019 80.26216 curveto
88.74861 80.30887 88.77486 80.37222 88.77486 80.43828 curveto closepath fill
newpath 86.01299 79.29428 moveto
86.01299 79.36034 85.98674 79.42369 85.94003 79.4704 curveto
85.89333 79.5171 85.82997 79.54335 85.76392 79.54335 curveto
85.69786 79.54335 85.6345 79.5171 85.5878 79.4704 curveto
85.54109 79.42369 85.51485 79.36034 85.51485 79.29428 curveto
85.51485 79.22823 85.54109 79.16487 85.5878 79.11816 curveto
85.6345 79.07146 85.69786 79.04521 85.76392 79.04521 curveto
85.82997 79.04521 85.89333 79.07146 85.94003 79.11816 curveto
85.98674 79.16487 86.01299 79.22823 86.01299 79.29428 curveto closepath fill
newpath 83.25217 78.15074 moveto
83.25217 78.2168 83.22592 78.28015 83.17921 78.32686 curveto
83.1325 78.37357 83.06915 78.39981 83.0031 78.39981 curveto
82.93704 78.39981 82.87369 78.37357 82.82698 78.32686 curveto
82.78027 78.28015 82.75403 78.2168 82.75403 78.15074 curveto
82.75403 78.08469 82.78027 78.02133 82.82698 77.97462 curveto
82.87369 77.92792 82.93704 77.90167 83.0031 77.90167 curveto
83.06915 77.90167 83.1325 77.92792 83.17921 77.97462 curveto
83.22592 78.02133 83.25217 78.08469 83.25217 78.15074 curveto closepath fill
newpath 80.49136 77.00716 moveto
80.49136 77.07321 80.46512 77.13657 80.41841 77.18327 curveto
80.3717 77.22998 80.30835 77.25623 80.2423 77.25623 curveto
80.17624 77.25623 80.11288 77.22998 80.06618 77.18327 curveto
80.01947 77.13657 79.99323 77.07321 79.99323 77.00716 curveto
79.99323 76.9411 80.01947 76.87775 80.06618 76.83104 curveto
80.11288 76.78433 80.17624 76.75809 80.2423 76.75809 curveto
80.30835 76.75809 80.3717 76.78433 80.41841 76.83104 curveto
80.46512 76.87775 80.49136 76.9411 80.49136 77.00716 curveto closepath fill
newpath 77.7295 75.86316 moveto
77.7295 75.92921 77.70326 75.99257 77.65656 76.03928 curveto
77.60985 76.08598 77.5465 76.11223 77.48044 76.11223 curveto
77.41438 76.11223 77.35103 76.08598 77.30432 76.03928 curveto
77.25761 75.99257 77.23137 75.92921 77.23137 75.86316 curveto
77.23137 75.7971 77.25761 75.73375 77.30432 75.68704 curveto
77.35103 75.64034 77.41438 75.61409 77.48044 75.61409 curveto
77.5465 75.61409 77.60985 75.64034 77.65656 75.68704 curveto
77.70326 75.73375 77.7295 75.7971 77.7295 75.86316 curveto closepath fill
newpath 74.96869 74.71962 moveto
74.96869 74.78568 74.94244 74.84903 74.89574 74.89574 curveto
74.84903 74.94244 74.78568 74.96869 74.71962 74.96869 curveto
74.65356 74.96869 74.59021 74.94244 74.5435 74.89574 curveto
74.4968 74.84903 74.47055 74.78568 74.47055 74.71962 curveto
74.47055 74.65356 74.4968 74.59021 74.5435 74.5435 curveto
74.59021 74.4968 74.65356 74.47055 74.71962 74.47055 curveto
74.78568 74.47055 74.84903 74.4968 74.89574 74.5435 curveto
74.94244 74.59021 74.96869 74.65356 74.96869 74.71962 curveto closepath fill
newpath 137.09511 116.23088 moveto
137.09511 116.29694 137.06886 116.36029 137.02216 116.407 curveto
136.97545 116.4537 136.9121 116.47995 136.84604 116.47995 curveto
136.77998 116.47995 136.71663 116.4537 136.66992 116.407 curveto
136.62321 116.36029 136.59697 116.29694 136.59697 116.23088 curveto
136.59697 116.16483 136.62321 116.10147 136.66992 116.05476 curveto
136.71663 116.00806 136.77998 115.98181 136.84604 115.98181 curveto
136.9121 115.98181 136.97545 116.00806 137.02216 116.05476 curveto
137.06886 116.10147 137.09511 116.16483 137.09511 116.23088 curveto closepath fill
newpath 134.6095 114.57007 moveto
134.6095 114.63612 134.58325 114.69948 134.53654 114.74619 curveto
134.48984 114.7929 134.42648 114.81914 134.36043 114.81914 curveto
134.29437 114.81914 134.23102 114.7929 134.18431 114.74619 curveto
134.1376 114.69948 134.11136 114.63612 134.11136 114.57007 curveto
134.11136 114.50401 134.1376 114.44066 134.18431 114.39395 curveto
134.23102 114.34724 134.29437 114.321 134.36043 114.321 curveto
134.42648 114.321 134.48984 114.34724 134.53654 114.39395 curveto
134.58325 114.44066 134.6095 114.50401 134.6095 114.57007 curveto closepath fill
newpath 132.12486 112.9099 moveto
132.12486 112.97595 132.09862 113.0393 132.05191 113.08601 curveto
132.0052 113.13272 131.94185 113.15897 131.8758 113.15897 curveto
131.80974 113.15897 131.74638 113.13272 131.69968 113.08601 curveto
131.65297 113.0393 131.62672 112.97595 131.62672 112.9099 curveto
131.62672 112.84384 131.65297 112.78049 131.69968 112.73378 curveto
131.74638 112.68707 131.80974 112.66083 131.8758 112.66083 curveto
131.94185 112.66083 132.0052 112.68707 132.05191 112.73378 curveto
132.09862 112.78049 132.12486 112.84384 132.12486 112.9099 curveto closepath fill
newpath 129.63928 111.24908 moveto
129.63928 111.31514 129.61304 111.3785 129.56633 111.4252 curveto
129.51962 111.47191 129.45627 111.49815 129.39021 111.49815 curveto
129.32416 111.49815 129.2608 111.47191 129.2141 111.4252 curveto
129.16739 111.3785 129.14114 111.31514 129.14114 111.24908 curveto
129.14114 111.18303 129.16739 111.11967 129.2141 111.07297 curveto
129.2608 111.02626 129.32416 111.00002 129.39021 111.00002 curveto
129.45627 111.00002 129.51962 111.02626 129.56633 111.07297 curveto
129.61304 111.11967 129.63928 111.18303 129.63928 111.24908 curveto closepath fill
newpath 127.15463 109.58891 moveto
127.15463 109.65497 127.12839 109.71832 127.08168 109.76503 curveto
127.03497 109.81174 126.97162 109.83798 126.90556 109.83798 curveto
126.83951 109.83798 126.77615 109.81174 126.72945 109.76503 curveto
126.68274 109.71832 126.6565 109.65497 126.6565 109.58891 curveto
126.6565 109.52286 126.68274 109.4595 126.72945 109.4128 curveto
126.77615 109.36609 126.83951 109.33984 126.90556 109.33984 curveto
126.97162 109.33984 127.03497 109.36609 127.08168 109.4128 curveto
127.12839 109.4595 127.15463 109.52286 127.15463 109.58891 curveto closepath fill
newpath 124.67 107.92874 moveto
124.67 107.9948 124.64375 108.05815 124.59705 108.10486 curveto
124.55034 108.15157 124.48698 108.17781 124.42093 108.17781 curveto
124.35487 108.17781 124.29152 108.15157 124.24481 108.10486 curveto
124.1981 108.05815 124.17186 107.9948 124.17186 107.92874 curveto
124.17186 107.86269 124.1981 107.79933 124.24481 107.75262 curveto
124.29152 107.70592 124.35487 107.67967 124.42093 107.67967 curveto
124.48698 107.67967 124.55034 107.70592 124.59705 107.75262 curveto
124.64375 107.79933 124.67 107.86269 124.67 107.92874 curveto closepath fill
newpath 122.1844 106.26796 moveto
122.1844 106.33401 122.15816 106.39737 122.11145 106.44408 curveto
122.06474 106.49078 122.00139 106.51703 121.93533 106.51703 curveto
121.86928 106.51703 121.80592 106.49078 121.75922 106.44408 curveto
121.71251 106.39737 121.68626 106.33401 121.68626 106.26796 curveto
121.68626 106.2019 121.71251 106.13855 121.75922 106.09184 curveto
121.80592 106.04514 121.86928 106.01889 121.93533 106.01889 curveto
122.00139 106.01889 122.06474 106.04514 122.11145 106.09184 curveto
122.15816 106.13855 122.1844 106.2019 122.1844 106.26796 curveto closepath fill
newpath 119.69977 104.60779 moveto
119.69977 104.67384 119.67352 104.7372 119.62682 104.7839 curveto
119.58011 104.83061 119.51675 104.85686 119.4507 104.85686 curveto
119.38464 104.85686 119.32129 104.83061 119.27458 104.7839 curveto
119.22787 104.7372 119.20163 104.67384 119.20163 104.60779 curveto
119.20163 104.54173 119.22787 104.47838 119.27458 104.43167 curveto
119.32129 104.38496 119.38464 104.35872 119.4507 104.35872 curveto
119.51675 104.35872 119.58011 104.38496 119.62682 104.43167 curveto
119.67352 104.47838 119.69977 104.54173 119.69977 104.60779 curveto closepath fill
newpath 117.21417 102.94698 moveto
117.21417 103.01303 117.18793 103.07639 117.14122 103.1231 curveto
117.09451 103.1698 117.03116 103.19604 116.9651 103.19604 curveto
116.89905 103.19604 116.8357 103.1698 116.78899 103.1231 curveto
116.74228 103.07639 116.71603 103.01303 116.71603 102.94698 curveto
116.71603 102.88092 116.74228 102.81757 116.78899 102.77086 curveto
116.8357 102.72415 116.89905 102.6979 116.9651 102.6979 curveto
117.03116 102.6979 117.09451 102.72415 117.14122 102.77086 curveto
117.18793 102.81757 117.21417 102.88092 117.21417 102.94698 curveto closepath fill
newpath 114.72954 101.2868 moveto
114.72954 101.35286 114.7033 101.41621 114.65659 101.46292 curveto
114.60988 101.50963 114.54652 101.53587 114.48047 101.53587 curveto
114.41441 101.53587 114.35106 101.50963 114.30435 101.46292 curveto
114.25764 101.41621 114.2314 101.35286 114.2314 101.2868 curveto
114.2314 101.22075 114.25764 101.1574 114.30435 101.11069 curveto
114.35106 101.06398 114.41441 101.03773 114.48047 101.03773 curveto
114.54652 101.03773 114.60988 101.06398 114.65659 101.11069 curveto
114.7033 101.1574 114.72954 101.22075 114.72954 101.2868 curveto closepath fill
newpath 112.24396 99.62599 moveto
112.24396 99.69205 112.21771 99.7554 112.171 99.80211 curveto
112.1243 99.84882 112.06094 99.87506 111.99489 99.87506 curveto
111.92883 99.87506 111.86548 99.84882 111.81877 99.80211 curveto
111.77206 99.7554 111.74582 99.69205 111.74582 99.62599 curveto
111.74582 99.55994 111.77206 99.49658 111.81877 99.44987 curveto
111.86548 99.40317 111.92883 99.37692 111.99489 99.37692 curveto
112.06094 99.37692 112.1243 99.40317 112.171 99.44987 curveto
112.21771 99.49658 112.24396 99.55994 112.24396 99.62599 curveto closepath fill
newpath 109.75932 97.96582 moveto
109.75932 98.03188 109.73308 98.09523 109.68637 98.14194 curveto
109.63966 98.18864 109.57631 98.21489 109.51025 98.21489 curveto
109.4442 98.21489 109.38084 98.18864 109.33414 98.14194 curveto
109.28743 98.09523 109.26118 98.03188 109.26118 97.96582 curveto
109.26118 97.89977 109.28743 97.83641 109.33414 97.7897 curveto
109.38084 97.743 109.4442 97.71675 109.51025 97.71675 curveto
109.57631 97.71675 109.63966 97.743 109.68637 97.7897 curveto
109.73308 97.83641 109.75932 97.89977 109.75932 97.96582 curveto closepath fill
newpath 107.27373 96.30502 moveto
107.27373 96.37108 107.24748 96.43443 107.20078 96.48114 curveto
107.15407 96.52785 107.09071 96.5541 107.02466 96.5541 curveto
106.9586 96.5541 106.89525 96.52785 106.84854 96.48114 curveto
106.80183 96.43443 106.77559 96.37108 106.77559 96.30502 curveto
106.77559 96.23897 106.80183 96.17561 106.84854 96.1289 curveto
106.89525 96.0822 106.9586 96.05595 107.02466 96.05595 curveto
107.09071 96.05595 107.15407 96.0822 107.20078 96.1289 curveto
107.24748 96.17561 107.27373 96.23897 107.27373 96.30502 curveto closepath fill
newpath 104.78911 94.64485 moveto
104.78911 94.7109 104.76286 94.77426 104.71616 94.82097 curveto
104.66945 94.86768 104.6061 94.89392 104.54004 94.89392 curveto
104.47398 94.89392 104.41063 94.86768 104.36392 94.82097 curveto
104.31721 94.77426 104.29097 94.7109 104.29097 94.64485 curveto
104.29097 94.5788 104.31721 94.51544 104.36392 94.46873 curveto
104.41063 94.42203 104.47398 94.39578 104.54004 94.39578 curveto
104.6061 94.39578 104.66945 94.42203 104.71616 94.46873 curveto
104.76286 94.51544 104.78911 94.5788 104.78911 94.64485 curveto closepath fill
newpath 102.30351 92.98404 moveto
102.30351 93.0501 102.27727 93.11345 102.23056 93.16016 curveto
102.18385 93.20686 102.1205 93.23311 102.05444 93.23311 curveto
101.98839 93.23311 101.92503 93.20686 101.87833 93.16016 curveto
101.83162 93.11345 101.80537 93.0501 101.80537 92.98404 curveto
101.80537 92.91798 101.83162 92.85463 101.87833 92.80792 curveto
101.92503 92.76122 101.98839 92.73497 102.05444 92.73497 curveto
102.1205 92.73497 102.18385 92.76122 102.23056 92.80792 curveto
102.27727 92.85463 102.30351 92.91798 102.30351 92.98404 curveto closepath fill
newpath 99.8189 91.32387 moveto
99.8189 91.38992 99.79265 91.45328 99.74594 91.49998 curveto
99.69923 91.54669 99.63588 91.57294 99.56982 91.57294 curveto
99.50377 91.57294 99.44041 91.54669 99.3937 91.49998 curveto
99.347 91.45328 99.32076 91.38992 99.32076 91.32387 curveto
99.32076 91.25781 99.347 91.19446 99.3937 91.14775 curveto
99.44041 91.10104 99.50377 91.0748 99.56982 91.0748 curveto
99.63588 91.0748 99.69923 91.10104 99.74594 91.14775 curveto
99.79265 91.19446 99.8189 91.25781 99.8189 91.32387 curveto closepath fill
newpath 97.33331 89.66306 moveto
97.33331 89.72911 97.30707 89.79247 97.26036 89.83917 curveto
97.21365 89.88588 97.1503 89.91212 97.08424 89.91212 curveto
97.01819 89.91212 96.95483 89.88588 96.90813 89.83917 curveto
96.86142 89.79247 96.83517 89.72911 96.83517 89.66306 curveto
96.83517 89.597 96.86142 89.53365 96.90813 89.48694 curveto
96.95483 89.44023 97.01819 89.41399 97.08424 89.41399 curveto
97.1503 89.41399 97.21365 89.44023 97.26036 89.48694 curveto
97.30707 89.53365 97.33331 89.597 97.33331 89.66306 curveto closepath fill
newpath 94.84866 88.00288 moveto
94.84866 88.06894 94.82242 88.1323 94.77571 88.179 curveto
94.729 88.22571 94.66565 88.25195 94.5996 88.25195 curveto
94.53354 88.25195 94.47018 88.22571 94.42348 88.179 curveto
94.37677 88.1323 94.35052 88.06894 94.35052 88.00288 curveto
94.35052 87.93683 94.37677 87.87347 94.42348 87.82677 curveto
94.47018 87.78006 94.53354 87.75381 94.5996 87.75381 curveto
94.66565 87.75381 94.729 87.78006 94.77571 87.82677 curveto
94.82242 87.87347 94.84866 87.93683 94.84866 88.00288 curveto closepath fill
newpath 92.36308 86.3421 moveto
92.36308 86.40816 92.33684 86.47151 92.29013 86.51822 curveto
92.24342 86.56493 92.18007 86.59117 92.11401 86.59117 curveto
92.04796 86.59117 91.9846 86.56493 91.9379 86.51822 curveto
91.89119 86.47151 91.86494 86.40816 91.86494 86.3421 curveto
91.86494 86.27605 91.89119 86.21269 91.9379 86.16599 curveto
91.9846 86.11928 92.04796 86.09303 92.11401 86.09303 curveto
92.18007 86.09303 92.24342 86.11928 92.29013 86.16599 curveto
92.33684 86.21269 92.36308 86.27605 92.36308 86.3421 curveto closepath fill
newpath 89.87845 84.68193 moveto
89.87845 84.74799 89.8522 84.81134 89.8055 84.85805 curveto
89.75879 84.90475 89.69543 84.931 89.62938 84.931 curveto
89.56332 84.931 89.49997 84.90475 89.45326 84.85805 curveto
89.40656 84.81134 89.38031 84.74799 89.38031 84.68193 curveto
89.38031 84.61588 89.40656 84.55252 89.45326 84.50581 curveto
89.49997 84.4591 89.56332 84.43286 89.62938 84.43286 curveto
89.69543 84.43286 89.75879 84.4591 89.8055 84.50581 curveto
89.8522 84.55252 89.87845 84.61588 89.87845 84.68193 curveto closepath fill
newpath 87.39287 83.02112 moveto
87.39287 83.08717 87.36662 83.15053 87.31992 83.19724 curveto
87.27321 83.24394 87.20985 83.27019 87.1438 83.27019 curveto
87.07774 83.27019 87.01439 83.24394 86.96768 83.19724 curveto
86.92097 83.15053 86.89473 83.08717 86.89473 83.02112 curveto
86.89473 82.95506 86.92097 82.89171 86.96768 82.845 curveto
87.01439 82.7983 87.07774 82.77205 87.1438 82.77205 curveto
87.20985 82.77205 87.27321 82.7983 87.31992 82.845 curveto
87.36662 82.89171 87.39287 82.95506 87.39287 83.02112 curveto closepath fill
newpath 84.90822 81.36095 moveto
84.90822 81.427 84.88197 81.49036 84.83527 81.53706 curveto
84.78856 81.58377 84.7252 81.61002 84.65915 81.61002 curveto
84.5931 81.61002 84.52974 81.58377 84.48303 81.53706 curveto
84.43633 81.49036 84.41008 81.427 84.41008 81.36095 curveto
84.41008 81.29489 84.43633 81.23154 84.48303 81.18483 curveto
84.52974 81.13812 84.5931 81.11188 84.65915 81.11188 curveto
84.7252 81.11188 84.78856 81.13812 84.83527 81.18483 curveto
84.88197 81.23154 84.90822 81.29489 84.90822 81.36095 curveto closepath fill
newpath 82.42262 79.70013 moveto
82.42262 79.76619 82.39638 79.82954 82.34967 79.87625 curveto
82.30296 79.92296 82.23961 79.9492 82.17355 79.9492 curveto
82.1075 79.9492 82.04414 79.92296 81.99744 79.87625 curveto
81.95073 79.82954 81.92448 79.76619 81.92448 79.70013 curveto
81.92448 79.63408 81.95073 79.57072 81.99744 79.52402 curveto
82.04414 79.47731 82.1075 79.45107 82.17355 79.45107 curveto
82.23961 79.45107 82.30296 79.47731 82.34967 79.52402 curveto
82.39638 79.57072 82.42262 79.63408 82.42262 79.70013 curveto closepath fill
newpath 79.93799 78.03996 moveto
79.93799 78.10602 79.91174 78.16937 79.86504 78.21608 curveto
79.81833 78.26279 79.75497 78.28903 79.68892 78.28903 curveto
79.62286 78.28903 79.55951 78.26279 79.5128 78.21608 curveto
79.4661 78.16937 79.43985 78.10602 79.43985 78.03996 curveto
79.43985 77.9739 79.4661 77.91055 79.5128 77.86385 curveto
79.55951 77.81714 79.62286 77.7909 79.68892 77.7909 curveto
79.75497 77.7909 79.81833 77.81714 79.86504 77.86385 curveto
79.91174 77.91055 79.93799 77.9739 79.93799 78.03996 curveto closepath fill
newpath 77.45238 76.37915 moveto
77.45238 76.4452 77.42613 76.50856 77.37943 76.55527 curveto
77.33272 76.60197 77.26936 76.62822 77.20331 76.62822 curveto
77.13725 76.62822 77.0739 76.60197 77.02719 76.55527 curveto
76.98048 76.50856 76.95424 76.4452 76.95424 76.37915 curveto
76.95424 76.3131 76.98048 76.24974 77.02719 76.20303 curveto
77.0739 76.15633 77.13725 76.13008 77.20331 76.13008 curveto
77.26936 76.13008 77.33272 76.15633 77.37943 76.20303 curveto
77.42613 76.24974 77.45238 76.3131 77.45238 76.37915 curveto closepath fill
newpath 74.96869 74.71962 moveto
74.96869 74.78568 74.94244 74.84903 74.89574 74.89574 curveto
74.84903 74.94244 74.78568 74.96869 74.71962 74.96869 curveto
74.65356 74.96869 74.59021 74.94244 74.5435 74.89574 curveto
74.4968 74.84903 74.47055 74.78568 74.47055 74.71962 curveto
74.47055 74.65356 74.4968 74.59021 74.5435 74.5435 curveto
74.59021 74.4968 74.65356 74.47055 74.71962 74.47055 curveto
74.78568 74.47055 74.84903 74.4968 74.89574 74.5435 curveto
74.94244 74.59021 74.96869 74.65356 74.96869 74.71962 curveto closepath fill
 0 0.49814 dtransform truncate idtransform setlinewidth pop [] 0 setdash 1 setlinecap 1 setlinejoin
 10 setmiterlimit
newpath 112.07944 76.2141 moveto
111.79053 83.4366 109.41426 90.4206 105.23819 96.32054 curveto stroke
newpath 105.74518 93.01765 moveto
106.10541 94.13704 105.91757 95.36072 105.23819 96.32054 curveto
105.91757 95.36072 107.00922 94.77678 108.1847 94.7444 curveto stroke
newpath 113.4532 79.26024 moveto
112.5414 78.51764 112.03244 77.3891 112.07944 76.2141 curveto
112.03244 77.3891 111.43498 78.47339 110.46678 79.1408 curveto stroke
 0 1.24533 dtransform truncate idtransform setlinewidth pop
newpath 134.0217 120.17459 moveto
74.71962 74.71962 lineto
149.43924 74.71962 lineto stroke
newpath 146.45045 76.21402 moveto
147.156 75.27327 148.2633 74.71962 149.43924 74.71962 curveto
148.2633 74.71962 147.156 74.16597 146.45045 73.22522 curveto stroke
newpath 130.74046 119.54242 moveto
131.87276 119.225 133.0884 119.45921 134.0217 120.17459 curveto
133.0884 119.45921 132.54637 118.34616 132.5587 117.17029 curveto stroke
newpath 74.71962 76.71214 moveto
74.19115 76.71214 73.68439 76.50218 73.31071 76.12852 curveto
72.93706 75.75485 72.7271 75.2481 72.7271 74.71962 curveto
72.7271 74.19115 72.93706 73.68439 73.31071 73.31071 curveto
73.68439 72.93706 74.19115 72.7271 74.71962 72.7271 curveto
75.2481 72.7271 75.75485 72.93706 76.12852 73.31071 curveto
76.50218 73.68439 76.71214 74.19115 76.71214 74.71962 curveto
76.71214 75.2481 76.50218 75.75485 76.12852 76.12852 curveto
75.75485 76.50218 75.2481 76.71214 74.71962 76.71214 curveto closepath fill
showpage
%%EOF
