%!PS
%%BoundingBox: 36 9 151 113 
%%HiResBoundingBox: 36.73714 9.38974 150.0619 112.35847 
%%Creator: MetaPost 2.000
%%CreationDate: 2017.06.03:1634
%%Pages: 1
%%BeginProlog
%%EndProlog
%%Page: 1 1
 0 0 0 setrgbcolor 0 0.49814 dtransform truncate idtransform setlinewidth pop [] 0 setdash 1 setlinecap
 1 setlinejoin 10 setmiterlimit
newpath 112.07944 76.2141 moveto
111.73557 84.81091 108.43716 93.02625 102.74084 99.47437 curveto
97.04498 105.92181 89.29984 110.20802 80.81157 111.6097 curveto
72.3226 113.0116 63.60995 111.44278 56.14323 107.1682 curveto
48.6763 102.8934 42.91179 96.17438 39.82272 88.14398 curveto
36.73387 80.11449 36.50859 71.26547 39.18471 63.08914 curveto
41.86105 54.91212 47.27553 47.9083 54.51514 43.25908 curveto stroke
newpath 52.80779 46.13153 moveto
52.89311 44.9587 53.52567 43.8945 54.51514 43.25908 curveto
53.52567 43.8945 52.29478 44.027 51.19276 43.61667 curveto stroke
newpath 113.4532 79.26024 moveto
112.5414 78.51764 112.03244 77.3891 112.07944 76.2141 curveto
112.03244 77.3891 111.43498 78.47339 110.46678 79.1408 curveto stroke
 0 1.24533 dtransform truncate idtransform setlinewidth pop
newpath 37.3598 10.0124 moveto
74.71962 74.71962 lineto
149.43924 74.71962 lineto stroke
newpath 146.45045 76.21402 moveto
147.156 75.27327 148.2633 74.71962 149.43924 74.71962 curveto
148.2633 74.71962 147.156 74.16597 146.45045 73.22522 curveto stroke
newpath 40.1484 11.8535 moveto
38.98091 11.71288 37.94778 11.03078 37.3598 10.0124 curveto
37.94778 11.03078 38.02199 12.26656 37.56006 13.34795 curveto stroke
newpath 74.71962 76.71214 moveto
74.19115 76.71214 73.68439 76.50218 73.31071 76.12852 curveto
72.93706 75.75485 72.7271 75.2481 72.7271 74.71962 curveto
72.7271 74.19115 72.93706 73.68439 73.31071 73.31071 curveto
73.68439 72.93706 74.19115 72.7271 74.71962 72.7271 curveto
75.2481 72.7271 75.75485 72.93706 76.12852 73.31071 curveto
76.50218 73.68439 76.71214 74.19115 76.71214 74.71962 curveto
76.71214 75.2481 76.50218 75.75485 76.12852 76.12852 curveto
75.75485 76.50218 75.2481 76.71214 74.71962 76.71214 curveto closepath fill
showpage
%%EOF
