%!PS
%%BoundingBox: -1 -1 151 150 
%%HiResBoundingBox: -0.24907 -0.24907 150.0619 149.68831 
%%Creator: MetaPost 2.000
%%CreationDate: 2017.06.03:1634
%%Pages: 1
%%BeginProlog
%%EndProlog
%%Page: 1 1
 0.7 setgray 0 0.49814 dtransform truncate idtransform setlinewidth pop [] 0 setdash 1 setlinecap
 1 setlinejoin 10 setmiterlimit
newpath 0 74.71962 moveto
149.43924 74.71962 lineto stroke
 0 0 0 setrgbcolor
newpath 144.45793 77.21028 moveto
145.63387 75.64236 147.47935 74.71962 149.43924 74.71962 curveto
147.47935 74.71962 145.63387 73.79688 144.45793 72.22896 curveto stroke
 0.7 setgray 0.49814 0 dtransform exch truncate exch idtransform pop setlinewidth
newpath 74.71962 0 moveto
74.71962 149.43924 lineto stroke
 0 0 0 setrgbcolor 0 0.49814 dtransform truncate idtransform setlinewidth pop
newpath 72.22896 144.45793 moveto
73.79688 145.63387 74.71962 147.47935 74.71962 149.43924 curveto
74.71962 147.47935 75.64236 145.63387 77.21028 144.45793 curveto stroke
 0.7 setgray 0.49814 0 dtransform exch truncate exch idtransform pop setlinewidth
newpath 14.94392 72.7271 moveto
14.94392 76.71214 lineto stroke
newpath 29.88785 72.7271 moveto
29.88785 76.71214 lineto stroke
newpath 44.83177 72.7271 moveto
44.83177 76.71214 lineto stroke
newpath 59.7757 72.7271 moveto
59.7757 76.71214 lineto stroke
newpath 89.66354 72.7271 moveto
89.66354 76.71214 lineto stroke
newpath 104.60747 72.7271 moveto
104.60747 76.71214 lineto stroke
newpath 119.55139 72.7271 moveto
119.55139 76.71214 lineto stroke
newpath 134.49532 72.7271 moveto
134.49532 76.71214 lineto stroke
 0 0.49814 dtransform truncate idtransform setlinewidth pop
newpath 76.71214 14.94392 moveto
72.7271 14.94392 lineto stroke
newpath 76.71214 29.88785 moveto
72.7271 29.88785 lineto stroke
newpath 76.71214 44.83177 moveto
72.7271 44.83177 lineto stroke
newpath 76.71214 59.7757 moveto
72.7271 59.7757 lineto stroke
newpath 76.71214 89.66354 moveto
72.7271 89.66354 lineto stroke
newpath 76.71214 104.60747 moveto
72.7271 104.60747 lineto stroke
newpath 76.71214 119.55139 moveto
72.7271 119.55139 lineto stroke
newpath 76.71214 134.49532 moveto
72.7271 134.49532 lineto stroke
 0 0 0 setrgbcolor
newpath 78.4556 74.71962 moveto
78.51923 74.6088 78.57646 74.49455 78.62753 74.37758 curveto
78.68044 74.25604 78.72717 74.132 78.76686 74.00568 curveto
78.8079 73.87456 78.84256 73.74162 78.86969 73.60709 curveto
78.89775 73.46799 78.91895 73.32774 78.9324 73.1866 curveto
78.94632 73.0402 78.95316 72.89313 78.95201 72.74628 curveto
78.95087 72.5942 78.94244 72.44232 78.9258 72.29114 curveto
78.90869 72.13518 78.88383 71.98012 78.851 71.82664 curveto
78.81725 71.66817 78.77576 71.51152 78.72627 71.35738 curveto
78.67519 71.19821 78.6166 71.04178 78.55 70.88855 curveto
78.4816 70.73122 78.40567 70.57707 78.32198 70.42726 curveto
78.23555 70.27266 78.14229 70.12193 78.04128 69.97644 curveto
77.9373 69.82663 77.82648 69.68184 77.70859 69.54297 curveto
77.58728 69.40022 77.45935 69.26318 77.32481 69.13275 curveto
77.18663 68.99867 77.04207 68.8712 76.89157 68.75127 curveto
76.73697 68.62813 76.57689 68.51207 76.41135 68.4042 curveto
76.24193 68.29361 76.06726 68.19101 75.88803 68.09729 curveto
75.70378 68.00082 75.51497 67.91304 75.3223 67.8346 curveto
75.12482 67.7541 74.92393 67.68274 74.71962 67.6214 curveto
74.51051 67.55846 74.29869 67.50487 74.08456 67.462 curveto
73.8652 67.418 73.64424 67.38448 73.42169 67.36122 curveto
73.19412 67.3375 72.96564 67.32405 72.73671 67.32176 curveto
72.5032 67.31949 72.26993 67.3277 72.03712 67.34708 curveto
71.7986 67.36714 71.56123 67.39793 71.32545 67.43988 curveto
71.08466 67.48276 70.84615 67.53656 70.61037 67.60155 curveto
70.36957 67.66791 70.13196 67.74544 69.89824 67.83391 curveto
69.65948 67.92444 69.42531 68.02522 69.1959 68.13742 curveto
68.96196 68.25166 68.73347 68.37639 68.51093 68.51184 curveto
68.2845 68.64957 68.06445 68.79755 67.8517 68.95557 curveto
67.63416 69.11725 67.42415 69.2885 67.22235 69.46931 curveto
67.01666 69.65356 66.81897 69.84715 66.63107 70.04941 curveto
66.43953 70.25555 66.25734 70.47035 66.0854 70.69336 curveto
65.91028 70.92047 65.74542 71.15535 65.59174 71.3975 curveto
65.4353 71.64423 65.28983 71.8978 65.15643 72.15775 curveto
65.02075 72.42249 64.89671 72.69292 64.78543 72.96884 curveto
64.67256 73.24908 64.57222 73.53412 64.48512 73.82347 curveto
64.39642 74.11855 64.32048 74.41725 64.25891 74.71916 curveto
64.19621 75.02632 64.14719 75.33597 64.11252 75.64746 curveto
64.07741 75.96442 64.0562 76.28252 64.04982 76.60129 curveto
64.04343 76.92532 64.0512 77.24957 64.07399 77.5729 curveto
64.09724 77.9015 64.1351 78.22871 64.18777 78.55388 curveto
64.24136 78.8836 64.30931 79.21083 64.39232 79.5344 curveto
64.47691 79.86389 64.57588 80.18929 64.68967 80.50989 curveto
64.80527 80.83528 64.93524 81.15565 65.07959 81.46942 curveto
65.22621 81.78821 65.38673 82.10037 65.5614 82.40456 curveto
65.73882 82.7133 65.9299 83.01407 66.1342 83.30573 curveto
66.3417 83.6017 66.56221 83.88855 66.79549 84.16469 curveto
67.03172 84.44426 67.27982 84.71355 67.54022 84.971 curveto
67.80495 85.23277 68.08087 85.48268 68.36795 85.7196 curveto
68.65913 85.95995 68.96082 86.18752 69.27231 86.40094 curveto
69.58835 86.61734 69.91351 86.81982 70.24757 87.00703 curveto
70.58618 87.19699 70.93324 87.37189 71.2876 87.5308 curveto
71.64674 87.6918 72.01295 87.83682 72.38509 87.96521 curveto
72.76134 88.09496 73.14328 88.20828 73.52979 88.30382 curveto
73.92244 88.40096 74.31898 88.48077 74.7187 88.54257 curveto
75.12369 88.60504 75.53116 88.64996 75.94025 88.6762 curveto
76.35457 88.70264 76.7698 88.71107 77.18481 88.70059 curveto
77.60529 88.68987 78.02509 88.66115 78.44283 88.61302 curveto
78.86604 88.56445 79.28699 88.4972 79.70404 88.411 curveto
80.12544 88.32388 80.54272 88.219 80.95477 88.09473 curveto
81.37297 87.96863 81.78523 87.82428 82.19067 87.6617 curveto
82.60089 87.49707 83.00381 87.31465 83.39784 87.11421 curveto
83.79666 86.9115 84.18636 86.69122 84.56557 86.45361 curveto
84.94933 86.21327 85.32239 85.9563 85.68312 85.68266 curveto
86.04819 85.40584 86.4014 85.11328 86.74048 84.80522 curveto
87.08365 84.4935 87.4127 84.16675 87.72691 83.82585 curveto
88.04387 83.48175 88.34601 83.12375 88.63127 82.75298 curveto
88.92064 82.37697 89.19359 81.9884 89.44829 81.58823 curveto
89.70596 81.18347 89.94562 80.76779 90.16634 80.34183 curveto
90.38957 79.91109 90.59412 79.47101 90.77837 79.02225 curveto
90.96466 78.56847 91.13089 78.10672 91.27637 77.63812 curveto
91.42322 77.16452 91.54955 76.68452 91.65399 76.19974 curveto
91.75934 75.71085 91.84348 75.2174 91.90504 74.721 curveto
91.96751 74.21796 92.0081 73.71266 92.0259 73.2062 curveto
92.04391 72.69452 92.03958 72.18214 92.0122 71.67091 curveto
91.98462 71.1542 91.934 70.63864 91.86081 70.12627 curveto
91.7867 69.60864 91.69025 69.09421 91.57076 68.58527 curveto
91.45013 68.07106 91.30693 67.5621 91.14116 67.06067 curveto
90.97401 66.55515 90.7852 66.0569 90.57405 65.56802 curveto
90.3604 65.07297 90.12529 64.58751 89.86877 64.1132 curveto
89.60973 63.63435 89.32971 63.1669 89.0294 62.71268 curveto
88.72614 62.25412 88.40302 61.80878 88.06052 61.37872 curveto
87.7146 60.94434 87.34953 60.52545 86.96645 60.12321 curveto
86.57971 59.71709 86.17543 59.32808 85.75426 58.95776 curveto
85.33014 58.58472 84.88982 58.23036 84.43445 57.8963 curveto
83.9736 57.55814 83.4984 57.24028 83.00974 56.94406 curveto
82.5163 56.64513 82.01007 56.36761 81.49222 56.11337 curveto
80.96959 55.85661 80.436 55.62265 79.89285 55.4131 curveto
79.34445 55.20149 78.78716 55.01382 78.2221 54.85147 curveto
77.65204 54.68752 77.07513 54.54887 76.49275 54.43578 curveto
75.90512 54.32176 75.31294 54.23329 74.71779 54.1715 curveto
74.11855 54.10924 73.51656 54.07321 72.91411 54.06387 curveto
72.30482 54.05452 71.69531 54.07162 71.08739 54.11586 curveto
70.47423 54.16055 69.86311 54.23215 69.25635 54.33066 curveto
68.64432 54.43008 68.03685 54.55595 67.43578 54.70895 curveto
66.82945 54.86333 66.23021 55.04393 65.63985 55.25098 curveto
65.04446 55.45984 64.45844 55.69426 63.88359 55.95467 curveto
63.30508 56.21666 62.73843 56.50375 62.18524 56.81569 curveto
61.62613 57.13104 61.08092 57.47058 60.55167 57.83383 curveto
60.01808 58.20003 59.5007 58.58951 59.00154 59.00131 curveto
58.49806 59.41655 58.01283 59.85323 57.54788 60.3111 curveto
57.07906 60.77286 56.63031 61.2549 56.20389 61.7561 curveto
55.77383 62.26141 55.36612 62.78542 54.98213 63.32652 curveto
54.59608 63.87082 54.23352 64.4313 53.89673 65.00752 curveto
53.5565 65.58968 53.24161 66.18642 52.95384 66.79617 curveto
52.66356 67.41092 52.40042 68.038 52.16533 68.67578 curveto
51.9284 69.31882 51.71976 69.97166 51.5403 70.63293 curveto
51.35948 71.29945 51.20761 71.97327 51.08607 72.65302 curveto
50.96362 73.33801 50.87105 74.02824 50.80925 74.72145 curveto
50.747 75.41852 50.7153 76.11787 50.71439 76.81769 curveto
50.71371 77.52457 50.74312 78.23122 50.80446 78.93536 curveto
50.86626 79.64476 50.95906 80.35118 51.08289 81.05237 curveto
51.20761 81.75902 51.36267 82.46019 51.54897 83.15317 curveto
51.73663 83.85138 51.95462 84.54117 52.20317 85.22023 curveto
52.45355 85.9043 52.7338 86.57698 53.043 87.23666 curveto
53.35379 87.89954 53.6931 88.54872 54.0609 89.18195 curveto
54.43236 89.82133 54.8314 90.44408 55.25758 91.04834 curveto
55.68695 91.65695 56.14255 92.2464 56.62346 92.8151 curveto
57.10802 93.38766 57.61697 93.93927 58.14964 94.46715 curveto
58.68642 94.9989 59.24599 95.50694 59.82745 95.98944 curveto
60.41302 96.47537 61.01935 96.93599 61.64528 97.36877 curveto
62.27554 97.80453 62.92451 98.2127 63.59058 98.59167 curveto
64.25983 98.97249 64.94551 99.32387 65.64554 99.64447 curveto
66.3522 99.96805 67.07277 100.26083 67.80518 100.52124 curveto
68.54262 100.78346 69.29077 101.01332 70.04828 101.20988 curveto
70.81125 101.4078 71.58243 101.57243 72.35977 101.70264 curveto
73.14236 101.83376 73.93019 101.93066 74.72122 101.99246 curveto
75.51772 102.05472 76.31648 102.0823 77.1155 102.07455 curveto
77.91791 102.0668 78.71965 102.02393 79.5182 101.94595 curveto
80.32405 101.86705 81.12624 101.75372 81.92206 101.60458 curveto
82.72334 101.45454 83.51755 101.26962 84.30264 101.0498 curveto
85.09276 100.82861 85.87306 100.573 86.64082 100.28317 curveto
87.4136 99.99153 88.17339 99.6666 88.91766 99.30836 curveto
89.66673 98.94786 90.39984 98.55496 91.11447 98.13016 curveto
91.8323 97.70352 92.5312 97.24586 93.2089 96.75789 curveto
93.89252 96.26581 94.55424 95.74387 95.19203 95.19386 curveto
95.83394 94.64021 96.45166 94.05943 97.04247 93.4515 curveto
97.63716 92.83972 98.20473 92.20216 98.74332 91.54065 curveto
99.28534 90.87505 99.7984 90.18596 100.28021 89.47542 curveto
100.765 88.76033 101.21854 88.02449 101.63902 87.26973 curveto
102.0611 86.512 102.45012 85.73625 102.80402 84.94432 curveto
103.1611 84.14577 103.48329 83.33217 103.76901 82.50534 curveto
104.05655 81.67351 104.30762 80.82935 104.52104 79.9754 curveto
104.73584 79.1162 104.91325 78.24786 105.05212 77.37292 curveto
105.19167 76.49275 105.29291 75.6071 105.3547 74.71825 curveto
105.41696 73.82393 105.44022 72.92757 105.42403 72.03142 curveto
105.40784 71.13162 105.35243 70.23297 105.25734 69.33797 curveto
105.16158 68.43567 105.02704 67.53793 104.8526 66.64749 curveto
104.67725 65.75157 104.46268 64.8641 104.20934 63.9871 curveto
103.95464 63.10487 103.66162 62.23427 103.33098 61.3778 curveto stroke
newpath 105.80151 63.6278 moveto
104.66978 63.30841 103.7545 62.47482 103.33098 61.3778 curveto
103.7545 62.47482 103.6368 63.70721 103.01328 64.70422 curveto stroke
 0 1.24533 dtransform truncate idtransform setlinewidth pop
newpath 139.4282 37.3598 moveto
74.71962 74.71962 lineto
149.43924 74.71962 lineto stroke
newpath 146.45045 76.21402 moveto
147.156 75.27327 148.2633 74.71962 149.43924 74.71962 curveto
148.2633 74.71962 147.156 74.16597 146.45045 73.22522 curveto stroke
newpath 137.58705 40.14839 moveto
137.72769 38.9809 138.40982 37.94777 139.4282 37.3598 curveto
138.40982 37.94777 137.17404 38.02194 136.09264 37.56001 curveto stroke
newpath 74.71962 76.71214 moveto
74.19115 76.71214 73.68439 76.50218 73.31071 76.12852 curveto
72.93706 75.75485 72.7271 75.2481 72.7271 74.71962 curveto
72.7271 74.19115 72.93706 73.68439 73.31071 73.31071 curveto
73.68439 72.93706 74.19115 72.7271 74.71962 72.7271 curveto
75.2481 72.7271 75.75485 72.93706 76.12852 73.31071 curveto
76.50218 73.68439 76.71214 74.19115 76.71214 74.71962 curveto
76.71214 75.2481 76.50218 75.75485 76.12852 76.12852 curveto
75.75485 76.50218 75.2481 76.71214 74.71962 76.71214 curveto closepath fill
showpage
%%EOF
