%!PS
%%BoundingBox: 45 9 151 121 
%%HiResBoundingBox: 45.76068 9.2071 150.0619 120.17406 
%%Creator: MetaPost 2.000
%%CreationDate: 2017.06.03:1634
%%Pages: 1
%%BeginProlog
%%EndProlog
%%Page: 1 1
 0 0 0 setrgbcolor 0 0.49814 dtransform truncate idtransform setlinewidth pop [] 0 setdash 1 setlinecap
 1 setlinejoin 10 setmiterlimit
newpath 89.66354 44.83177 moveto
89.78964 45.27141 89.89476 45.71674 89.97868 46.16618 curveto
90.06464 46.62657 90.12985 47.0906 90.1725 47.55692 curveto
90.21605 48.03304 90.23795 48.5112 90.23703 48.98938 curveto
90.23611 49.47803 90.21309 49.96646 90.1668 50.45308 curveto
90.11937 50.95062 90.04959 51.44589 89.95633 51.93707 curveto
89.86124 52.43803 89.74358 52.93422 89.60266 53.42426 curveto
89.45854 53.92477 89.29231 54.4189 89.10283 54.90414 curveto
88.90968 55.3985 88.69466 55.8842 88.45683 56.35872 curveto
88.21443 56.84282 87.95038 57.31598 87.66444 57.77591 curveto
87.37256 58.2454 87.05971 58.70146 86.7261 59.14224 curveto
86.38658 59.59076 86.0272 60.02379 85.64822 60.43948 curveto
85.26195 60.86316 84.85698 61.26927 84.43376 61.65578 curveto
84.0021 62.05003 83.5529 62.42468 83.08704 62.7779 curveto
82.61343 63.13702 82.12408 63.47496 81.61969 63.78941 curveto
81.1064 64.10956 80.57921 64.40668 80.03879 64.67894 curveto
79.4881 64.95645 78.92534 65.20934 78.35185 65.43576 curveto
77.76924 65.66583 77.17706 65.86992 76.57597 66.04596 curveto
75.96487 66.22519 75.34601 66.37706 74.721 66.50018 curveto
74.08456 66.6256 73.44313 66.72298 72.79805 66.79047 curveto
72.14339 66.85887 71.48575 66.89832 70.82767 66.90721 curveto
70.15796 66.91634 69.48802 66.89604 68.82013 66.84474 curveto
68.14243 66.79274 67.46747 66.71066 66.7973 66.59778 curveto
66.11642 66.4831 65.44101 66.33897 64.77335 66.16362 curveto
64.09451 65.9853 63.42389 65.77666 62.76375 65.53815 curveto
62.0945 65.2962 61.43573 65.02509 60.79086 64.72409 curveto
60.1362 64.41853 59.49545 64.08401 58.8709 63.72101 curveto
58.2363 63.35207 57.61812 62.95529 57.01909 62.5307 curveto
56.41231 62.10065 55.82469 61.64415 55.25873 61.16164 curveto
54.68456 60.67207 54.13228 60.15764 53.60417 59.61859 curveto
53.06786 59.07109 52.55592 58.50035 52.07092 57.90724 curveto
51.57976 57.30663 51.11526 56.68457 50.67973 56.04245 curveto
50.2376 55.39052 49.82417 54.71921 49.442 54.03035 curveto
49.05527 53.33304 48.69933 52.6191 48.3762 51.89009 curveto
48.04877 51.15129 47.7537 50.39835 47.49352 49.63332 curveto
47.22946 48.85689 46.99985 48.06929 46.80602 47.27257 curveto
46.61015 46.46649 46.44939 45.65198 46.32603 44.83177 curveto
46.20107 44.00084 46.11237 43.16467 46.06197 42.32576 curveto
46.0109 41.47499 45.99698 40.6224 46.0216 39.77028 curveto
46.04669 38.9088 46.10963 38.0489 46.2111 37.1929 curveto
46.31395 36.3264 46.4544 35.46469 46.63387 34.61073 curveto
46.81583 33.7449 47.03564 32.88776 47.29378 32.04155 curveto
47.55463 31.18646 47.85289 30.34322 48.18877 29.5148 curveto
48.52876 28.67635 48.905 27.8527 49.31796 27.04755 curveto
49.73639 26.23167 50.19016 25.4345 50.6795 24.65898 curveto
51.17386 23.87549 51.70242 23.1141 52.26451 22.37758 curveto
52.8339 21.63147 53.4352 20.91046 54.06844 20.21771 curveto
54.70804 19.51813 55.37798 18.84705 56.07712 18.20676 curveto
56.78423 17.55916 57.51869 16.94257 58.2803 16.3602 curveto
59.05148 15.77052 59.8482 15.21504 60.66864 14.69606 curveto
61.49707 14.17206 62.34805 13.68431 63.2198 13.23555 curveto
64.10089 12.78201 65.0016 12.36723 65.9194 11.9935 curveto
66.84839 11.6152 67.79332 11.27727 68.75218 10.98242 curveto
69.72014 10.68484 70.70088 10.42992 71.69144 10.21922 curveto
72.69225 10.00647 73.70216 9.83728 74.71802 9.71368 curveto
75.7462 9.58873 76.77916 9.50893 77.81416 9.47517 curveto
78.85852 9.4412 79.9038 9.45259 80.94702 9.51097 curveto
82.00117 9.57004 83.05215 9.67516 84.09674 9.82724 curveto
85.15364 9.98116 86.20348 10.18091 87.24258 10.42741 curveto
88.29083 10.6762 89.32744 10.97057 90.34967 11.31078 curveto
91.38354 11.6551 92.40192 12.04388 93.40135 12.47804 curveto
94.40923 12.91586 95.39749 13.39722 96.36273 13.92236 curveto
97.33754 14.45276 98.28886 15.0251 99.21329 15.6394 curveto
100.14774 16.26054 101.05482 16.92206 101.9309 17.623 curveto
102.81404 18.32988 103.66595 19.07462 104.48343 19.85652 curveto
105.30888 20.64618 106.09944 21.47118 106.85193 22.33038 curveto
107.61263 23.19893 108.33524 24.10008 109.01636 25.03226 curveto
109.70271 25.97195 110.34756 26.94107 110.94865 27.93755 curveto
111.55542 28.94313 112.11842 29.9745 112.63422 31.0298 curveto
113.15526 32.09605 113.62932 33.18465 114.05437 34.29263 curveto
114.48282 35.4095 114.86249 36.54462 115.19084 37.695 curveto
115.5224 38.85703 115.80356 40.03296 116.03159 41.21983 curveto
116.26143 42.41583 116.43906 43.62096 116.56265 44.83246 curveto
116.68738 46.05467 116.75899 47.2817 116.77563 48.51006 curveto
116.79228 49.75098 116.75534 50.9919 116.66275 52.2294 curveto
116.56949 53.47601 116.42197 54.71808 116.21947 55.95169 curveto
116.01517 57.19603 115.75726 58.4308 115.44418 59.65233 curveto
115.12814 60.88596 114.75829 62.10544 114.33484 63.30646 curveto
113.90843 64.51613 113.42935 65.70665 112.89804 66.87415 curveto
112.36241 68.05122 111.77592 69.20457 111.13882 70.3299 curveto
110.49533 71.46637 109.80258 72.57436 109.06174 73.64995 curveto
108.31586 74.73285 107.52347 75.78291 106.68524 76.79602 curveto
105.84018 77.81758 104.9511 78.80197 104.0194 79.74532 curveto
103.07855 80.69778 102.09712 81.60875 101.07625 82.4748 curveto
100.04877 83.34653 98.98366 84.1729 97.88344 84.9507 curveto
96.77295 85.7358 95.62894 86.47255 94.45392 87.1573 curveto
93.27069 87.84663 92.05827 88.48396 90.81918 89.06657 curveto
89.57051 89.65373 88.29675 90.18596 87.00134 90.66116 curveto
85.69383 91.1407 84.36604 91.56346 83.02136 91.92648 curveto
81.66826 92.29178 80.29988 92.59755 78.92009 92.84291 curveto stroke
newpath 81.60107 90.84831 moveto
81.07112 91.89806 80.07787 92.63702 78.92009 92.84291 curveto
80.07787 92.63702 81.265 92.98827 82.12436 93.79097 curveto stroke
 0 1.24533 dtransform truncate idtransform setlinewidth pop
newpath 74.71962 119.55139 moveto
74.71962 44.83177 lineto
149.43924 44.83177 lineto stroke
newpath 146.45045 46.32617 moveto
147.156 45.38542 148.2633 44.83177 149.43924 44.83177 curveto
148.2633 44.83177 147.156 44.27812 146.45045 43.33737 curveto stroke
newpath 73.22522 116.5626 moveto
74.16597 117.26816 74.71962 118.37546 74.71962 119.55139 curveto
74.71962 118.37546 75.27327 117.26816 76.21402 116.5626 curveto stroke
newpath 74.71962 46.8243 moveto
74.19115 46.8243 73.68439 46.61433 73.31071 46.24068 curveto
72.93706 45.867 72.7271 45.36024 72.7271 44.83177 curveto
72.7271 44.3033 72.93706 43.79654 73.31071 43.42287 curveto
73.68439 43.04921 74.19115 42.83925 74.71962 42.83925 curveto
75.2481 42.83925 75.75485 43.04921 76.12852 43.42287 curveto
76.50218 43.79654 76.71214 44.3033 76.71214 44.83177 curveto
76.71214 45.36024 76.50218 45.867 76.12852 46.24068 curveto
75.75485 46.61433 75.2481 46.8243 74.71962 46.8243 curveto closepath fill
showpage
%%EOF
