%!PS
%%BoundingBox: -1 -1 121 120 
%%HiResBoundingBox: -0.24907 -0.24907 120.17406 119.80046 
%%Creator: MetaPost 2.000
%%CreationDate: 2017.06.03:1634
%%Pages: 1
%%BeginProlog
%%EndProlog
%%Page: 1 1
 0.7 setgray 0 0.49814 dtransform truncate idtransform setlinewidth pop [] 0 setdash 1 setlinecap
 1 setlinejoin 10 setmiterlimit
newpath 0 59.7757 moveto
119.55139 59.7757 lineto stroke
 0 0 0 setrgbcolor
newpath 114.57008 62.26636 moveto
115.74602 60.69844 117.5915 59.7757 119.55139 59.7757 curveto
117.5915 59.7757 115.74602 58.85295 114.57008 57.28503 curveto stroke
 0.7 setgray 0.49814 0 dtransform exch truncate exch idtransform pop setlinewidth
newpath 59.7757 0 moveto
59.7757 119.55139 lineto stroke
 0 0 0 setrgbcolor 0 0.49814 dtransform truncate idtransform setlinewidth pop
newpath 57.28503 114.57008 moveto
58.85295 115.74602 59.7757 117.5915 59.7757 119.55139 curveto
59.7757 117.5915 60.69844 115.74602 62.26636 114.57008 curveto stroke
 0.7 setgray 0.49814 0 dtransform exch truncate exch idtransform pop setlinewidth
newpath 11.95514 57.78317 moveto
11.95514 61.76822 lineto stroke
newpath 23.91028 57.78317 moveto
23.91028 61.76822 lineto stroke
newpath 35.86542 57.78317 moveto
35.86542 61.76822 lineto stroke
newpath 47.82056 57.78317 moveto
47.82056 61.76822 lineto stroke
newpath 71.73083 57.78317 moveto
71.73083 61.76822 lineto stroke
newpath 83.68597 57.78317 moveto
83.68597 61.76822 lineto stroke
newpath 95.64111 57.78317 moveto
95.64111 61.76822 lineto stroke
newpath 107.59625 57.78317 moveto
107.59625 61.76822 lineto stroke
 0 0.49814 dtransform truncate idtransform setlinewidth pop
newpath 61.76822 11.95514 moveto
57.78317 11.95514 lineto stroke
newpath 61.76822 23.91028 moveto
57.78317 23.91028 lineto stroke
newpath 61.76822 35.86542 moveto
57.78317 35.86542 lineto stroke
newpath 61.76822 47.82056 moveto
57.78317 47.82056 lineto stroke
newpath 61.76822 71.73083 moveto
57.78317 71.73083 lineto stroke
newpath 61.76822 83.68597 moveto
57.78317 83.68597 lineto stroke
newpath 61.76822 95.64111 moveto
57.78317 95.64111 lineto stroke
newpath 61.76822 107.59625 moveto
57.78317 107.59625 lineto stroke
 0 0 0 setrgbcolor
newpath 62.76448 59.7757 moveto
62.81537 59.68704 62.86116 59.59564 62.90202 59.50206 curveto
62.94435 59.40501 62.98175 59.30579 63.01349 59.20471 curveto
63.04633 59.09982 63.07405 58.99347 63.09576 58.88585 curveto
63.1182 58.77457 63.13516 58.6622 63.14592 58.54929 curveto
63.15704 58.43216 63.16252 58.3145 63.1616 58.19702 curveto
63.1607 58.07553 63.15395 57.95386 63.14063 57.8331 curveto
63.12695 57.70831 63.10707 57.58427 63.0808 57.4615 curveto
63.0538 57.33472 63.0206 57.2094 62.98102 57.08607 curveto
62.94016 56.95894 62.89326 56.83362 62.84 56.71121 curveto
62.7851 56.58498 62.72453 56.46147 62.6574 56.34126 curveto
62.58826 56.21739 62.51347 56.097 62.43266 55.9806 curveto
62.34966 55.86113 62.261 55.74547 62.16687 55.63455 curveto
62.06982 55.52036 61.96767 55.41072 61.86003 55.30638 curveto
61.7495 55.19911 61.63402 55.09715 61.51363 55.00119 curveto
61.38994 54.90268 61.26189 54.80983 61.12944 54.72354 curveto
60.99355 54.63507 60.85362 54.5528 60.70987 54.47765 curveto
60.56248 54.40048 60.41144 54.33025 60.25748 54.2675 curveto
60.09967 54.2031 59.93878 54.146 59.77551 54.09694 curveto
59.60823 54.04659 59.43858 54.00407 59.26729 53.96979 curveto
59.09216 53.93475 58.91576 53.9074 58.73808 53.88898 curveto
58.55603 53.87 58.37325 53.85924 58.19028 53.8574 curveto
58.00293 53.85559 57.81577 53.86215 57.62915 53.87784 curveto
57.43834 53.89389 57.24844 53.91833 57.06 53.9519 curveto
56.86736 53.9862 56.67654 54.02943 56.48793 54.08142 curveto
56.29529 54.1345 56.10521 54.19635 55.91841 54.26714 curveto
55.7276 54.33955 55.54007 54.42036 55.35674 54.50993 curveto
55.16957 54.60132 54.9866 54.70111 54.80873 54.80946 curveto
54.6276 54.91983 54.45137 55.0384 54.28117 55.16483 curveto
54.10715 55.29398 53.93895 55.43079 53.77751 55.57545 curveto
53.61298 55.72285 53.45517 55.87773 53.30486 56.03954 curveto
53.15163 56.20462 53.00587 56.37628 52.86833 56.55469 curveto
52.72823 56.73637 52.59634 56.92427 52.47339 57.11801 curveto
52.34825 57.31538 52.23186 57.51805 52.12514 57.72601 curveto
52.0166 57.93762 51.91737 58.15398 51.82834 58.37471 curveto
51.73787 58.59889 51.6576 58.82729 51.58792 59.05878 curveto
51.51695 59.29483 51.45639 59.5338 51.40714 59.77533 curveto
51.35696 60.02087 51.31775 60.2686 51.29002 60.51779 curveto
51.26193 60.77116 51.24496 61.02565 51.23985 61.28067 curveto
51.23474 61.53989 51.24095 61.7991 51.25919 62.0576 curveto
51.2778 62.32047 51.30807 62.58243 51.35022 62.84256 curveto
51.39308 63.10689 51.44745 63.3692 51.51404 63.6286 curveto
51.58171 63.89221 51.66089 64.15253 51.7519 64.40883 curveto
51.84422 64.66878 51.9482 64.92453 52.06349 65.17517 curveto
52.18079 65.43001 52.3092 65.67957 52.44894 65.92291 curveto
52.59087 66.16992 52.74355 66.4107 52.907 66.64403 curveto
53.073 66.88081 53.24922 67.1101 53.43584 67.33102 curveto
53.6252 67.55522 53.82404 67.77103 54.03271 67.97734 curveto
54.2445 68.18677 54.46524 68.38687 54.6949 68.57642 curveto
54.92786 68.76868 55.1692 68.95056 55.4184 69.12112 curveto
55.67104 69.29405 55.93117 69.45604 56.19843 69.60582 curveto
56.46895 69.7574 56.74605 69.89714 57.02898 70.02411 curveto
57.3163 70.1529 57.60909 70.26909 57.9068 70.3718 curveto
58.20851 70.47578 58.5148 70.56625 58.82474 70.64307 curveto
59.13887 70.72076 59.45592 70.7848 59.7757 70.83423 curveto
60.09967 70.88422 60.42566 70.92015 60.75275 70.94113 curveto
61.0842 70.9623 61.41621 70.96886 61.74821 70.96046 curveto
62.0846 70.9519 62.42026 70.92891 62.75444 70.89043 curveto
63.09283 70.85156 63.4294 70.79774 63.76305 70.72879 curveto
64.10034 70.65912 64.43454 70.57483 64.76436 70.47542 curveto
65.09892 70.37471 65.42874 70.25943 65.7529 70.12936 curveto
66.08107 69.99765 66.40323 69.85172 66.71846 69.69138 curveto
67.0375 69.52919 67.34927 69.35298 67.65245 69.1629 curveto
67.95927 68.97063 68.2579 68.76503 68.5465 68.54613 curveto
68.83855 68.32468 69.12076 68.09062 69.39201 67.84418 curveto
69.66656 67.5948 69.92998 67.33357 70.18135 67.06085 curveto
70.43547 66.78503 70.67735 66.4981 70.90611 66.20093 curveto
71.13724 65.90067 71.35504 65.59055 71.55844 65.27095 curveto
71.76459 64.94714 71.9565 64.61478 72.13307 64.27402 curveto
72.31166 63.92943 72.47511 63.57716 72.62251 63.21815 curveto
72.77155 62.85515 72.90471 62.48593 73.02092 62.11124 curveto
73.1384 61.73235 73.23946 61.34853 73.323 60.96071 curveto
73.40747 60.56868 73.47478 60.17319 73.52422 59.77533 curveto
73.57402 59.3731 73.60631 58.96866 73.62053 58.56369 curveto
73.63477 58.15489 73.63148 57.74571 73.60959 57.33728 curveto
73.58751 56.9239 73.54738 56.51164 73.48883 56.10191 curveto
73.42972 55.68782 73.35237 55.27646 73.25679 54.86931 curveto
73.16028 54.45795 73.04573 54.05096 72.91328 53.64981 curveto
72.77939 53.24448 72.62798 52.84515 72.4587 52.45314 curveto
72.28777 52.05728 72.09969 51.66891 71.89447 51.28966 curveto
71.68724 50.90657 71.46341 50.53261 71.22316 50.1694 curveto
70.98055 49.80257 70.72186 49.44629 70.4477 49.10225 curveto
70.1715 48.75546 69.87999 48.42072 69.57425 48.09966 curveto
69.26486 47.77495 68.94144 47.46393 68.60469 47.16768 curveto
68.26465 46.86868 67.91185 46.58447 67.54683 46.3165 curveto
67.17834 46.04596 66.79799 45.79167 66.40706 45.5547 curveto
66.01248 45.31555 65.60751 45.09373 65.19342 44.89034 curveto
64.7753 44.68492 64.34827 44.49812 63.91373 44.33047 curveto
63.47519 44.1612 63.02936 44.01106 62.5775 43.88118 curveto
62.12144 43.75002 61.66011 43.6391 61.19438 43.54863 curveto
60.72519 43.4576 60.25218 43.387 59.7768 43.33755 curveto
59.2963 43.28758 58.8138 43.25858 58.33073 43.2511 curveto
57.8433 43.24362 57.3557 43.2573 56.86955 43.29268 curveto
56.3792 43.32845 55.89049 43.38573 55.40508 43.46452 curveto
54.91545 43.54407 54.42967 43.64494 53.94899 43.76717 curveto
53.46393 43.89047 52.98453 44.03477 52.51224 44.20041 curveto
52.03593 44.36732 51.56712 44.55522 51.10742 44.76355 curveto
50.6437 44.9737 50.18965 45.2039 49.74619 45.45401 curveto
49.29962 45.70575 48.86436 45.97682 48.4417 46.26688 curveto
48.01501 46.55984 47.60092 46.87106 47.2016 47.2005 curveto
46.79881 47.5327 46.41063 47.88222 46.03867 48.24852 curveto
45.6636 48.61792 45.30498 49.00337 44.96367 49.40416 curveto stroke
newpath 45.76369 46.1598 moveto
46.02249 47.30688 45.72607 48.50888 44.96367 49.40416 curveto
45.72607 48.50888 46.86551 48.02481 48.03917 48.09758 curveto stroke
 0 1.24533 dtransform truncate idtransform setlinewidth pop
newpath 8.00882 29.88785 moveto
59.7757 59.7757 lineto
119.55139 59.7757 lineto stroke
newpath 116.5626 61.2701 moveto
117.26816 60.32935 118.37546 59.7757 119.55139 59.7757 curveto
118.37546 59.7757 117.26816 59.22205 116.5626 58.2813 curveto stroke
newpath 11.34439 30.08806 moveto
10.26299 30.54999 9.0272 30.47581 8.00882 29.88785 curveto
9.0272 30.47581 9.70934 31.50894 9.84998 32.67644 curveto stroke
newpath 59.7757 61.76822 moveto
59.24722 61.76822 58.74046 61.55826 58.36679 61.1846 curveto
57.99313 60.81093 57.78317 60.30417 57.78317 59.7757 curveto
57.78317 59.24722 57.99313 58.74046 58.36679 58.36679 curveto
58.74046 57.99313 59.24722 57.78317 59.7757 57.78317 curveto
60.30417 57.78317 60.81093 57.99313 61.1846 58.36679 curveto
61.55826 58.74046 61.76822 59.24722 61.76822 59.7757 curveto
61.76822 60.30417 61.55826 60.81093 61.1846 61.1846 curveto
60.81093 61.55826 60.30417 61.76822 59.7757 61.76822 curveto closepath fill
showpage
%%EOF
