%!PS
%%BoundingBox: -1 -1 121 120 
%%HiResBoundingBox: -0.24907 -0.24907 120.17406 119.80046 
%%Creator: MetaPost 2.000
%%CreationDate: 2017.06.03:1634
%%Pages: 1
%%BeginProlog
%%EndProlog
%%Page: 1 1
 0.7 setgray 0 0.49814 dtransform truncate idtransform setlinewidth pop [] 0 setdash 1 setlinecap
 1 setlinejoin 10 setmiterlimit
newpath 0 59.7757 moveto
119.55139 59.7757 lineto stroke
 0 0 0 setrgbcolor
newpath 114.57008 62.26636 moveto
115.74602 60.69844 117.5915 59.7757 119.55139 59.7757 curveto
117.5915 59.7757 115.74602 58.85295 114.57008 57.28503 curveto stroke
 0.7 setgray 0.49814 0 dtransform exch truncate exch idtransform pop setlinewidth
newpath 59.7757 0 moveto
59.7757 119.55139 lineto stroke
 0 0 0 setrgbcolor 0 0.49814 dtransform truncate idtransform setlinewidth pop
newpath 57.28503 114.57008 moveto
58.85295 115.74602 59.7757 117.5915 59.7757 119.55139 curveto
59.7757 117.5915 60.69844 115.74602 62.26636 114.57008 curveto stroke
 0.7 setgray 0.49814 0 dtransform exch truncate exch idtransform pop setlinewidth
newpath 11.95514 57.78317 moveto
11.95514 61.76822 lineto stroke
newpath 23.91028 57.78317 moveto
23.91028 61.76822 lineto stroke
newpath 35.86542 57.78317 moveto
35.86542 61.76822 lineto stroke
newpath 47.82056 57.78317 moveto
47.82056 61.76822 lineto stroke
newpath 71.73083 57.78317 moveto
71.73083 61.76822 lineto stroke
newpath 83.68597 57.78317 moveto
83.68597 61.76822 lineto stroke
newpath 95.64111 57.78317 moveto
95.64111 61.76822 lineto stroke
newpath 107.59625 57.78317 moveto
107.59625 61.76822 lineto stroke
 0 0.49814 dtransform truncate idtransform setlinewidth pop
newpath 61.76822 11.95514 moveto
57.78317 11.95514 lineto stroke
newpath 61.76822 23.91028 moveto
57.78317 23.91028 lineto stroke
newpath 61.76822 35.86542 moveto
57.78317 35.86542 lineto stroke
newpath 61.76822 47.82056 moveto
57.78317 47.82056 lineto stroke
newpath 61.76822 71.73083 moveto
57.78317 71.73083 lineto stroke
newpath 61.76822 83.68597 moveto
57.78317 83.68597 lineto stroke
newpath 61.76822 95.64111 moveto
57.78317 95.64111 lineto stroke
newpath 61.76822 107.59625 moveto
57.78317 107.59625 lineto stroke
 0 0 0 setrgbcolor
newpath 62.76448 59.7757 moveto
62.81537 59.86435 62.86116 59.95557 62.90202 60.04915 curveto
62.94435 60.1462 62.98157 60.24542 63.0133 60.3465 curveto
63.04614 60.45139 63.07405 60.55774 63.09576 60.66554 curveto
63.1182 60.77701 63.13516 60.88937 63.14592 61.00247 curveto
63.15704 61.1196 63.16252 61.23708 63.1616 61.35455 curveto
63.1607 61.47604 63.15395 61.59753 63.14063 61.71829 curveto
63.12695 61.84308 63.10725 61.96712 63.08098 62.08989 curveto
63.05399 62.21667 63.0206 62.34218 62.98102 62.4655 curveto
62.94016 62.59264 62.89326 62.71777 62.84 62.84018 curveto
62.7851 62.96642 62.72435 63.08992 62.6574 63.20995 curveto
62.58844 63.33363 62.51366 63.45403 62.43285 63.57042 curveto
62.34984 63.69008 62.26118 63.80574 62.16687 63.91684 curveto
62.06982 64.0312 61.9673 64.14102 61.85968 64.24538 curveto
61.74913 64.35245 61.63365 64.45424 61.51344 64.5502 curveto
61.38994 64.64871 61.26189 64.74156 61.12944 64.82785 curveto
60.99371 64.91632 60.85362 64.9986 60.71005 65.07375 curveto
60.56265 65.15091 60.4118 65.22096 60.25783 65.2837 curveto
60.09985 65.34811 59.93896 65.4054 59.77551 65.45445 curveto
59.60823 65.5048 59.43895 65.54732 59.26765 65.5816 curveto
59.09235 65.61682 58.91559 65.64381 58.73772 65.66241 curveto
58.55566 65.6814 58.37306 65.69215 58.1901 65.69398 curveto
58.00293 65.6958 57.81595 65.68924 57.62933 65.67374 curveto
57.43834 65.65768 57.24844 65.63324 57.05981 65.59949 curveto
56.86717 65.56519 56.67654 65.52196 56.48793 65.46997 curveto
56.29529 65.41689 56.1054 65.35504 55.9186 65.28426 curveto
55.72777 65.21202 55.54044 65.13121 55.3571 65.04164 curveto
55.17012 64.95024 54.98734 64.85046 54.80946 64.7423 curveto
54.62778 64.63174 54.45119 64.51317 54.28062 64.38638 curveto
54.1066 64.25723 53.93858 64.12024 53.77733 63.97557 curveto
53.61298 63.82817 53.45499 63.67348 53.30467 63.51167 curveto
53.15144 63.34677 53.00587 63.17493 52.86852 62.9967 curveto
52.72841 62.81502 52.59651 62.62749 52.47357 62.43375 curveto
52.34825 62.23619 52.23186 62.03316 52.12514 61.8252 curveto
52.0166 61.61359 51.91737 61.39742 51.82852 61.17686 curveto
51.73805 60.95232 51.6576 60.72392 51.58774 60.49207 curveto
51.51677 60.2562 51.45639 60.01723 51.40714 59.77588 curveto
51.35696 59.53033 51.31775 59.28261 51.29002 59.0336 curveto
51.26193 58.78004 51.24496 58.52538 51.23985 58.27017 curveto
51.23474 58.01114 51.24095 57.7521 51.25919 57.4936 curveto
51.2778 57.23093 51.30789 56.96896 51.35004 56.70901 curveto
51.3929 56.44487 51.44745 56.18274 51.51404 55.92351 curveto
51.58171 55.6601 51.6607 55.39978 51.75172 55.14348 curveto
51.84422 54.88298 51.9482 54.6265 52.06384 54.3753 curveto
52.18115 54.12047 52.30939 53.87091 52.44913 53.62775 curveto
52.59087 53.38075 52.74373 53.14032 52.90718 52.90718 curveto
53.073 52.67058 53.24922 52.44128 53.43565 52.22037 curveto
53.62502 51.99635 53.82385 51.78073 54.03253 51.57442 curveto
54.24432 51.3648 54.46524 51.1647 54.69508 50.97498 curveto
54.92786 50.78271 55.1692 50.60101 55.41821 50.43045 curveto
55.67085 50.25752 55.93082 50.09554 56.19788 49.94576 curveto
56.46858 49.79399 56.74605 49.65407 57.02934 49.5271 curveto
57.31648 49.39832 57.60927 49.28212 57.9068 49.1796 curveto
58.20888 49.07542 58.51535 48.98477 58.82547 48.90797 curveto
59.1394 48.83026 59.45628 48.7664 59.77588 48.71716 curveto
60.09967 48.66718 60.42548 48.63124 60.75256 48.61026 curveto
61.08383 48.5891 61.41585 48.58235 61.74767 48.59074 curveto
62.08386 48.5993 62.41934 48.6223 62.75336 48.66078 curveto
63.0921 48.69965 63.42905 48.75346 63.76286 48.82242 curveto
64.10071 48.89209 64.43509 48.97656 64.76527 49.07616 curveto
65.09966 49.17685 65.42929 49.29214 65.75327 49.42221 curveto
66.08125 49.55392 66.40341 49.69968 66.71846 49.86002 curveto
67.03732 50.0222 67.3489 50.19841 67.65208 50.38832 curveto
67.9591 50.58076 68.2579 50.78654 68.54668 51.00545 curveto
68.83855 51.22672 69.12076 51.46077 69.39183 51.70703 curveto
69.6662 51.95622 69.92961 52.21745 70.1808 52.48999 curveto
70.43492 52.76563 70.6768 53.05238 70.90538 53.34955 curveto
71.13669 53.65018 71.35486 53.96085 71.55862 54.2808 curveto
71.76495 54.6048 71.95685 54.93753 72.13362 55.27847 curveto
72.31203 55.62288 72.47548 55.97478 72.6227 56.33359 curveto
72.77155 56.69643 72.90471 57.06564 73.02092 57.44016 curveto
73.1384 57.81886 73.23927 58.2025 73.32281 58.59015 curveto
73.40729 58.98198 73.4746 59.37729 73.52403 59.77515 curveto
73.57402 60.17775 73.60631 60.58237 73.62053 60.9877 curveto
73.63495 61.39687 73.63148 61.8066 73.60959 62.2154 curveto
73.58751 62.62839 73.5472 63.04048 73.48865 63.45001 curveto
73.42953 63.86394 73.35237 64.27512 73.25679 64.68208 curveto
73.16028 65.09326 73.04591 65.50024 72.91347 65.90121 curveto
72.77939 66.30692 72.62761 66.70642 72.45833 67.09862 curveto
72.28758 67.49448 72.0995 67.88248 71.89447 68.26173 curveto
71.68724 68.64464 71.46341 69.01842 71.22334 69.38162 curveto stroke
newpath 71.6247 66.06422 moveto
72.02045 67.17157 71.87177 68.4006 71.22334 69.38162 curveto
71.87177 68.4006 72.94421 67.78214 74.11807 67.71227 curveto stroke
 0 1.24533 dtransform truncate idtransform setlinewidth pop
newpath 102.04318 102.04318 moveto
59.7757 59.7757 lineto
119.55139 59.7757 lineto stroke
newpath 116.5626 61.2701 moveto
117.26816 60.32935 118.37546 59.7757 119.55139 59.7757 curveto
118.37546 59.7757 117.26816 59.22205 116.5626 58.2813 curveto stroke
newpath 98.8731 100.9865 moveto
100.0372 100.82019 101.21167 101.21167 102.04318 102.04318 curveto
101.21167 101.21167 100.82019 100.0372 100.9865 98.8731 curveto stroke
newpath 59.7757 61.76822 moveto
59.24722 61.76822 58.74046 61.55826 58.36679 61.1846 curveto
57.99313 60.81093 57.78317 60.30417 57.78317 59.7757 curveto
57.78317 59.24722 57.99313 58.74046 58.36679 58.36679 curveto
58.74046 57.99313 59.24722 57.78317 59.7757 57.78317 curveto
60.30417 57.78317 60.81093 57.99313 61.1846 58.36679 curveto
61.55826 58.74046 61.76822 59.24722 61.76822 59.7757 curveto
61.76822 60.30417 61.55826 60.81093 61.1846 61.1846 curveto
60.81093 61.55826 60.30417 61.76822 59.7757 61.76822 curveto closepath fill
showpage
%%EOF
