%!PS
%%BoundingBox: -1 72 151 150 
%%HiResBoundingBox: -0.24907 72.60255 150.0619 149.68831 
%%Creator: MetaPost 2.000
%%CreationDate: 2017.06.03:1634
%%Pages: 1
%%BeginProlog
%%EndProlog
%%Page: 1 1
 0 0 0 setrgbcolor
newpath 0.24907 74.71962 moveto
0.24907 74.78568 0.22282 74.84903 0.17612 74.89574 curveto
0.12941 74.94244 0.06606 74.96869 0 74.96869 curveto
-0.06606 74.96869 -0.12941 74.94244 -0.17612 74.89574 curveto
-0.22282 74.84903 -0.24907 74.78568 -0.24907 74.71962 curveto
-0.24907 74.65356 -0.22282 74.59021 -0.17612 74.5435 curveto
-0.12941 74.4968 -0.06606 74.47055 0 74.47055 curveto
0.06606 74.47055 0.12941 74.4968 0.17612 74.5435 curveto
0.22282 74.59021 0.24907 74.65356 0.24907 74.71962 curveto closepath fill
newpath 3.2385 74.71962 moveto
3.2385 74.78568 3.21225 74.84903 3.16554 74.89574 curveto
3.11884 74.94244 3.05548 74.96869 2.98943 74.96869 curveto
2.92337 74.96869 2.86002 74.94244 2.81331 74.89574 curveto
2.7666 74.84903 2.74036 74.78568 2.74036 74.71962 curveto
2.74036 74.65356 2.7666 74.59021 2.81331 74.5435 curveto
2.86002 74.4968 2.92337 74.47055 2.98943 74.47055 curveto
3.05548 74.47055 3.11884 74.4968 3.16554 74.5435 curveto
3.21225 74.59021 3.2385 74.65356 3.2385 74.71962 curveto closepath fill
newpath 6.22678 74.71962 moveto
6.22678 74.78568 6.20053 74.84903 6.15382 74.89574 curveto
6.10712 74.94244 6.04376 74.96869 5.9777 74.96869 curveto
5.91165 74.96869 5.8483 74.94244 5.80159 74.89574 curveto
5.75488 74.84903 5.72864 74.78568 5.72864 74.71962 curveto
5.72864 74.65356 5.75488 74.59021 5.80159 74.5435 curveto
5.8483 74.4968 5.91165 74.47055 5.9777 74.47055 curveto
6.04376 74.47055 6.10712 74.4968 6.15382 74.5435 curveto
6.20053 74.59021 6.22678 74.65356 6.22678 74.71962 curveto closepath fill
newpath 9.21507 74.71962 moveto
9.21507 74.78568 9.18883 74.84903 9.14212 74.89574 curveto
9.09541 74.94244 9.03206 74.96869 8.966 74.96869 curveto
8.89995 74.96869 8.8366 74.94244 8.78989 74.89574 curveto
8.74318 74.84903 8.71693 74.78568 8.71693 74.71962 curveto
8.71693 74.65356 8.74318 74.59021 8.78989 74.5435 curveto
8.8366 74.4968 8.89995 74.47055 8.966 74.47055 curveto
9.03206 74.47055 9.09541 74.4968 9.14212 74.5435 curveto
9.18883 74.59021 9.21507 74.65356 9.21507 74.71962 curveto closepath fill
newpath 12.2045 74.71962 moveto
12.2045 74.78568 12.17825 74.84903 12.13155 74.89574 curveto
12.08484 74.94244 12.02148 74.96869 11.95543 74.96869 curveto
11.88937 74.96869 11.82602 74.94244 11.77931 74.89574 curveto
11.7326 74.84903 11.70636 74.78568 11.70636 74.71962 curveto
11.70636 74.65356 11.7326 74.59021 11.77931 74.5435 curveto
11.82602 74.4968 11.88937 74.47055 11.95543 74.47055 curveto
12.02148 74.47055 12.08484 74.4968 12.13155 74.5435 curveto
12.17825 74.59021 12.2045 74.65356 12.2045 74.71962 curveto closepath fill
newpath 15.19278 74.71962 moveto
15.19278 74.78568 15.16653 74.84903 15.11983 74.89574 curveto
15.07312 74.94244 15.00977 74.96869 14.94371 74.96869 curveto
14.87766 74.96869 14.8143 74.94244 14.7676 74.89574 curveto
14.72089 74.84903 14.69464 74.78568 14.69464 74.71962 curveto
14.69464 74.65356 14.72089 74.59021 14.7676 74.5435 curveto
14.8143 74.4968 14.87766 74.47055 14.94371 74.47055 curveto
15.00977 74.47055 15.07312 74.4968 15.11983 74.5435 curveto
15.16653 74.59021 15.19278 74.65356 15.19278 74.71962 curveto closepath fill
newpath 18.1822 74.71962 moveto
18.1822 74.78568 18.15596 74.84903 18.10925 74.89574 curveto
18.06255 74.94244 17.99919 74.96869 17.93314 74.96869 curveto
17.86708 74.96869 17.80373 74.94244 17.75702 74.89574 curveto
17.71031 74.84903 17.68407 74.78568 17.68407 74.71962 curveto
17.68407 74.65356 17.71031 74.59021 17.75702 74.5435 curveto
17.80373 74.4968 17.86708 74.47055 17.93314 74.47055 curveto
17.99919 74.47055 18.06255 74.4968 18.10925 74.5435 curveto
18.15596 74.59021 18.1822 74.65356 18.1822 74.71962 curveto closepath fill
newpath 21.17049 74.71962 moveto
21.17049 74.78568 21.14424 74.84903 21.09753 74.89574 curveto
21.05083 74.94244 20.98747 74.96869 20.92142 74.96869 curveto
20.85536 74.96869 20.792 74.94244 20.7453 74.89574 curveto
20.6986 74.84903 20.67235 74.78568 20.67235 74.71962 curveto
20.67235 74.65356 20.6986 74.59021 20.7453 74.5435 curveto
20.792 74.4968 20.85536 74.47055 20.92142 74.47055 curveto
20.98747 74.47055 21.05083 74.4968 21.09753 74.5435 curveto
21.14424 74.59021 21.17049 74.65356 21.17049 74.71962 curveto closepath fill
newpath 24.15991 74.71962 moveto
24.15991 74.78568 24.13367 74.84903 24.08696 74.89574 curveto
24.04025 74.94244 23.9769 74.96869 23.91084 74.96869 curveto
23.84479 74.96869 23.78143 74.94244 23.73473 74.89574 curveto
23.68802 74.84903 23.66177 74.78568 23.66177 74.71962 curveto
23.66177 74.65356 23.68802 74.59021 23.73473 74.5435 curveto
23.78143 74.4968 23.84479 74.47055 23.91084 74.47055 curveto
23.9769 74.47055 24.04025 74.4968 24.08696 74.5435 curveto
24.13367 74.59021 24.15991 74.65356 24.15991 74.71962 curveto closepath fill
newpath 27.1482 74.71962 moveto
27.1482 74.78568 27.12195 74.84903 27.07524 74.89574 curveto
27.02853 74.94244 26.96518 74.96869 26.89912 74.96869 curveto
26.83307 74.96869 26.76971 74.94244 26.723 74.89574 curveto
26.6763 74.84903 26.65005 74.78568 26.65005 74.71962 curveto
26.65005 74.65356 26.6763 74.59021 26.723 74.5435 curveto
26.76971 74.4968 26.83307 74.47055 26.89912 74.47055 curveto
26.96518 74.47055 27.02853 74.4968 27.07524 74.5435 curveto
27.12195 74.59021 27.1482 74.65356 27.1482 74.71962 curveto closepath fill
newpath 30.13762 74.71962 moveto
30.13762 74.78568 30.11137 74.84903 30.06467 74.89574 curveto
30.01796 74.94244 29.9546 74.96869 29.88855 74.96869 curveto
29.8225 74.96869 29.75914 74.94244 29.71243 74.89574 curveto
29.66573 74.84903 29.63948 74.78568 29.63948 74.71962 curveto
29.63948 74.65356 29.66573 74.59021 29.71243 74.5435 curveto
29.75914 74.4968 29.8225 74.47055 29.88855 74.47055 curveto
29.9546 74.47055 30.01796 74.4968 30.06467 74.5435 curveto
30.11137 74.59021 30.13762 74.65356 30.13762 74.71962 curveto closepath fill
newpath 33.1259 74.71962 moveto
33.1259 74.78568 33.09966 74.84903 33.05295 74.89574 curveto
33.00624 74.94244 32.94289 74.96869 32.87683 74.96869 curveto
32.81078 74.96869 32.74742 74.94244 32.70071 74.89574 curveto
32.654 74.84903 32.62776 74.78568 32.62776 74.71962 curveto
32.62776 74.65356 32.654 74.59021 32.70071 74.5435 curveto
32.74742 74.4968 32.81078 74.47055 32.87683 74.47055 curveto
32.94289 74.47055 33.00624 74.4968 33.05295 74.5435 curveto
33.09966 74.59021 33.1259 74.65356 33.1259 74.71962 curveto closepath fill
newpath 36.11417 74.71962 moveto
36.11417 74.78568 36.08792 74.84903 36.04121 74.89574 curveto
35.9945 74.94244 35.93115 74.96869 35.8651 74.96869 curveto
35.79904 74.96869 35.73569 74.94244 35.68898 74.89574 curveto
35.64227 74.84903 35.61603 74.78568 35.61603 74.71962 curveto
35.61603 74.65356 35.64227 74.59021 35.68898 74.5435 curveto
35.73569 74.4968 35.79904 74.47055 35.8651 74.47055 curveto
35.93115 74.47055 35.9945 74.4968 36.04121 74.5435 curveto
36.08792 74.59021 36.11417 74.65356 36.11417 74.71962 curveto closepath fill
newpath 39.10359 74.71962 moveto
39.10359 74.78568 39.07735 74.84903 39.03064 74.89574 curveto
38.98393 74.94244 38.92058 74.96869 38.85452 74.96869 curveto
38.78847 74.96869 38.72511 74.94244 38.6784 74.89574 curveto
38.6317 74.84903 38.60545 74.78568 38.60545 74.71962 curveto
38.60545 74.65356 38.6317 74.59021 38.6784 74.5435 curveto
38.72511 74.4968 38.78847 74.47055 38.85452 74.47055 curveto
38.92058 74.47055 38.98393 74.4968 39.03064 74.5435 curveto
39.07735 74.59021 39.10359 74.65356 39.10359 74.71962 curveto closepath fill
newpath 42.09186 74.71962 moveto
42.09186 74.78568 42.06561 74.84903 42.0189 74.89574 curveto
41.9722 74.94244 41.90884 74.96869 41.84279 74.96869 curveto
41.77673 74.96869 41.71338 74.94244 41.66667 74.89574 curveto
41.61996 74.84903 41.59372 74.78568 41.59372 74.71962 curveto
41.59372 74.65356 41.61996 74.59021 41.66667 74.5435 curveto
41.71338 74.4968 41.77673 74.47055 41.84279 74.47055 curveto
41.90884 74.47055 41.9722 74.4968 42.0189 74.5435 curveto
42.06561 74.59021 42.09186 74.65356 42.09186 74.71962 curveto closepath fill
newpath 45.08128 74.71962 moveto
45.08128 74.78568 45.05504 74.84903 45.00833 74.89574 curveto
44.96162 74.94244 44.89827 74.96869 44.83221 74.96869 curveto
44.76616 74.96869 44.7028 74.94244 44.6561 74.89574 curveto
44.60939 74.84903 44.58315 74.78568 44.58315 74.71962 curveto
44.58315 74.65356 44.60939 74.59021 44.6561 74.5435 curveto
44.7028 74.4968 44.76616 74.47055 44.83221 74.47055 curveto
44.89827 74.47055 44.96162 74.4968 45.00833 74.5435 curveto
45.05504 74.59021 45.08128 74.65356 45.08128 74.71962 curveto closepath fill
newpath 48.06956 74.71962 moveto
48.06956 74.78568 48.04332 74.84903 47.99661 74.89574 curveto
47.9499 74.94244 47.88655 74.96869 47.8205 74.96869 curveto
47.75444 74.96869 47.69109 74.94244 47.64438 74.89574 curveto
47.59767 74.84903 47.57143 74.78568 47.57143 74.71962 curveto
47.57143 74.65356 47.59767 74.59021 47.64438 74.5435 curveto
47.69109 74.4968 47.75444 74.47055 47.8205 74.47055 curveto
47.88655 74.47055 47.9499 74.4968 47.99661 74.5435 curveto
48.04332 74.59021 48.06956 74.65356 48.06956 74.71962 curveto closepath fill
newpath 51.05899 74.71962 moveto
51.05899 74.78568 51.03275 74.84903 50.98604 74.89574 curveto
50.93933 74.94244 50.87598 74.96869 50.80992 74.96869 curveto
50.74387 74.96869 50.68051 74.94244 50.6338 74.89574 curveto
50.5871 74.84903 50.56085 74.78568 50.56085 74.71962 curveto
50.56085 74.65356 50.5871 74.59021 50.6338 74.5435 curveto
50.68051 74.4968 50.74387 74.47055 50.80992 74.47055 curveto
50.87598 74.47055 50.93933 74.4968 50.98604 74.5435 curveto
51.03275 74.59021 51.05899 74.65356 51.05899 74.71962 curveto closepath fill
newpath 54.04727 74.71962 moveto
54.04727 74.78568 54.02103 74.84903 53.97432 74.89574 curveto
53.92761 74.94244 53.86426 74.96869 53.7982 74.96869 curveto
53.73215 74.96869 53.6688 74.94244 53.62209 74.89574 curveto
53.57538 74.84903 53.54913 74.78568 53.54913 74.71962 curveto
53.54913 74.65356 53.57538 74.59021 53.62209 74.5435 curveto
53.6688 74.4968 53.73215 74.47055 53.7982 74.47055 curveto
53.86426 74.47055 53.92761 74.4968 53.97432 74.5435 curveto
54.02103 74.59021 54.04727 74.65356 54.04727 74.71962 curveto closepath fill
newpath 57.03668 74.71962 moveto
57.03668 74.78568 57.01044 74.84903 56.96373 74.89574 curveto
56.91702 74.94244 56.85367 74.96869 56.78761 74.96869 curveto
56.72156 74.96869 56.6582 74.94244 56.6115 74.89574 curveto
56.56479 74.84903 56.53854 74.78568 56.53854 74.71962 curveto
56.53854 74.65356 56.56479 74.59021 56.6115 74.5435 curveto
56.6582 74.4968 56.72156 74.47055 56.78761 74.47055 curveto
56.85367 74.47055 56.91702 74.4968 56.96373 74.5435 curveto
57.01044 74.59021 57.03668 74.65356 57.03668 74.71962 curveto closepath fill
newpath 60.02498 74.71962 moveto
60.02498 74.78568 59.99873 74.84903 59.95203 74.89574 curveto
59.90532 74.94244 59.84196 74.96869 59.77591 74.96869 curveto
59.70985 74.96869 59.6465 74.94244 59.5998 74.89574 curveto
59.55309 74.84903 59.52684 74.78568 59.52684 74.71962 curveto
59.52684 74.65356 59.55309 74.59021 59.5998 74.5435 curveto
59.6465 74.4968 59.70985 74.47055 59.77591 74.47055 curveto
59.84196 74.47055 59.90532 74.4968 59.95203 74.5435 curveto
59.99873 74.59021 60.02498 74.65356 60.02498 74.71962 curveto closepath fill
newpath 63.0144 74.71962 moveto
63.0144 74.78568 62.98816 74.84903 62.94145 74.89574 curveto
62.89474 74.94244 62.83139 74.96869 62.76534 74.96869 curveto
62.69928 74.96869 62.63593 74.94244 62.58922 74.89574 curveto
62.54251 74.84903 62.51627 74.78568 62.51627 74.71962 curveto
62.51627 74.65356 62.54251 74.59021 62.58922 74.5435 curveto
62.63593 74.4968 62.69928 74.47055 62.76534 74.47055 curveto
62.83139 74.47055 62.89474 74.4968 62.94145 74.5435 curveto
62.98816 74.59021 63.0144 74.65356 63.0144 74.71962 curveto closepath fill
newpath 66.00269 74.71962 moveto
66.00269 74.78568 65.97644 74.84903 65.92973 74.89574 curveto
65.88303 74.94244 65.81967 74.96869 65.75362 74.96869 curveto
65.68756 74.96869 65.6242 74.94244 65.5775 74.89574 curveto
65.53079 74.84903 65.50455 74.78568 65.50455 74.71962 curveto
65.50455 74.65356 65.53079 74.59021 65.5775 74.5435 curveto
65.6242 74.4968 65.68756 74.47055 65.75362 74.47055 curveto
65.81967 74.47055 65.88303 74.4968 65.92973 74.5435 curveto
65.97644 74.59021 66.00269 74.65356 66.00269 74.71962 curveto closepath fill
newpath 68.99098 74.71962 moveto
68.99098 74.78568 68.96474 74.84903 68.91803 74.89574 curveto
68.87132 74.94244 68.80797 74.96869 68.74191 74.96869 curveto
68.67586 74.96869 68.6125 74.94244 68.5658 74.89574 curveto
68.51909 74.84903 68.49284 74.78568 68.49284 74.71962 curveto
68.49284 74.65356 68.51909 74.59021 68.5658 74.5435 curveto
68.6125 74.4968 68.67586 74.47055 68.74191 74.47055 curveto
68.80797 74.47055 68.87132 74.4968 68.91803 74.5435 curveto
68.96474 74.59021 68.99098 74.65356 68.99098 74.71962 curveto closepath fill
newpath 71.98041 74.71962 moveto
71.98041 74.78568 71.95416 74.84903 71.90746 74.89574 curveto
71.86075 74.94244 71.7974 74.96869 71.73134 74.96869 curveto
71.66528 74.96869 71.60193 74.94244 71.55522 74.89574 curveto
71.50851 74.84903 71.48227 74.78568 71.48227 74.71962 curveto
71.48227 74.65356 71.50851 74.59021 71.55522 74.5435 curveto
71.60193 74.4968 71.66528 74.47055 71.73134 74.47055 curveto
71.7974 74.47055 71.86075 74.4968 71.90746 74.5435 curveto
71.95416 74.59021 71.98041 74.65356 71.98041 74.71962 curveto closepath fill
newpath 74.96869 74.71962 moveto
74.96869 74.78568 74.94244 74.84903 74.89574 74.89574 curveto
74.84903 74.94244 74.78568 74.96869 74.71962 74.96869 curveto
74.65356 74.96869 74.59021 74.94244 74.5435 74.89574 curveto
74.4968 74.84903 74.47055 74.78568 74.47055 74.71962 curveto
74.47055 74.65356 74.4968 74.59021 74.5435 74.5435 curveto
74.59021 74.4968 74.65356 74.47055 74.71962 74.47055 curveto
74.78568 74.47055 74.84903 74.4968 74.89574 74.5435 curveto
74.94244 74.59021 74.96869 74.65356 74.96869 74.71962 curveto closepath fill
newpath 74.96869 77.70905 moveto
74.96869 77.7751 74.94244 77.83846 74.89574 77.88516 curveto
74.84903 77.93187 74.78568 77.95811 74.71962 77.95811 curveto
74.65356 77.95811 74.59021 77.93187 74.5435 77.88516 curveto
74.4968 77.83846 74.47055 77.7751 74.47055 77.70905 curveto
74.47055 77.64299 74.4968 77.57964 74.5435 77.53293 curveto
74.59021 77.48622 74.65356 77.45998 74.71962 77.45998 curveto
74.78568 77.45998 74.84903 77.48622 74.89574 77.53293 curveto
74.94244 77.57964 74.96869 77.64299 74.96869 77.70905 curveto closepath fill
newpath 74.96869 80.69733 moveto
74.96869 80.76338 74.94244 80.82674 74.89574 80.87344 curveto
74.84903 80.92015 74.78568 80.9464 74.71962 80.9464 curveto
74.65356 80.9464 74.59021 80.92015 74.5435 80.87344 curveto
74.4968 80.82674 74.47055 80.76338 74.47055 80.69733 curveto
74.47055 80.63127 74.4968 80.56792 74.5435 80.52121 curveto
74.59021 80.4745 74.65356 80.44826 74.71962 80.44826 curveto
74.78568 80.44826 74.84903 80.4745 74.89574 80.52121 curveto
74.94244 80.56792 74.96869 80.63127 74.96869 80.69733 curveto closepath fill
newpath 74.96869 83.68677 moveto
74.96869 83.75282 74.94244 83.81618 74.89574 83.86288 curveto
74.84903 83.90959 74.78568 83.93584 74.71962 83.93584 curveto
74.65356 83.93584 74.59021 83.90959 74.5435 83.86288 curveto
74.4968 83.81618 74.47055 83.75282 74.47055 83.68677 curveto
74.47055 83.62071 74.4968 83.55736 74.5435 83.51065 curveto
74.59021 83.46394 74.65356 83.4377 74.71962 83.4377 curveto
74.78568 83.4377 74.84903 83.46394 74.89574 83.51065 curveto
74.94244 83.55736 74.96869 83.62071 74.96869 83.68677 curveto closepath fill
newpath 74.96869 86.67505 moveto
74.96869 86.7411 74.94244 86.80446 74.89574 86.85117 curveto
74.84903 86.89787 74.78568 86.92412 74.71962 86.92412 curveto
74.65356 86.92412 74.59021 86.89787 74.5435 86.85117 curveto
74.4968 86.80446 74.47055 86.7411 74.47055 86.67505 curveto
74.47055 86.609 74.4968 86.54564 74.5435 86.49893 curveto
74.59021 86.45222 74.65356 86.42598 74.71962 86.42598 curveto
74.78568 86.42598 74.84903 86.45222 74.89574 86.49893 curveto
74.94244 86.54564 74.96869 86.609 74.96869 86.67505 curveto closepath fill
newpath 74.96869 89.66447 moveto
74.96869 89.73053 74.94244 89.79388 74.89574 89.84059 curveto
74.84903 89.8873 74.78568 89.91354 74.71962 89.91354 curveto
74.65356 89.91354 74.59021 89.8873 74.5435 89.84059 curveto
74.4968 89.79388 74.47055 89.73053 74.47055 89.66447 curveto
74.47055 89.59842 74.4968 89.53506 74.5435 89.48836 curveto
74.59021 89.44165 74.65356 89.4154 74.71962 89.4154 curveto
74.78568 89.4154 74.84903 89.44165 74.89574 89.48836 curveto
74.94244 89.53506 74.96869 89.59842 74.96869 89.66447 curveto closepath fill
newpath 74.96869 92.65276 moveto
74.96869 92.71881 74.94244 92.78217 74.89574 92.82887 curveto
74.84903 92.87558 74.78568 92.90182 74.71962 92.90182 curveto
74.65356 92.90182 74.59021 92.87558 74.5435 92.82887 curveto
74.4968 92.78217 74.47055 92.71881 74.47055 92.65276 curveto
74.47055 92.5867 74.4968 92.52335 74.5435 92.47664 curveto
74.59021 92.42993 74.65356 92.40369 74.71962 92.40369 curveto
74.78568 92.40369 74.84903 92.42993 74.89574 92.47664 curveto
74.94244 92.52335 74.96869 92.5867 74.96869 92.65276 curveto closepath fill
newpath 74.96869 95.64218 moveto
74.96869 95.70824 74.94244 95.77159 74.89574 95.8183 curveto
74.84903 95.865 74.78568 95.89125 74.71962 95.89125 curveto
74.65356 95.89125 74.59021 95.865 74.5435 95.8183 curveto
74.4968 95.77159 74.47055 95.70824 74.47055 95.64218 curveto
74.47055 95.57613 74.4968 95.51277 74.5435 95.46606 curveto
74.59021 95.41936 74.65356 95.39311 74.71962 95.39311 curveto
74.78568 95.39311 74.84903 95.41936 74.89574 95.46606 curveto
74.94244 95.51277 74.96869 95.57613 74.96869 95.64218 curveto closepath fill
newpath 74.96869 98.63046 moveto
74.96869 98.69652 74.94244 98.75987 74.89574 98.80658 curveto
74.84903 98.85329 74.78568 98.87953 74.71962 98.87953 curveto
74.65356 98.87953 74.59021 98.85329 74.5435 98.80658 curveto
74.4968 98.75987 74.47055 98.69652 74.47055 98.63046 curveto
74.47055 98.5644 74.4968 98.50105 74.5435 98.45435 curveto
74.59021 98.40764 74.65356 98.3814 74.71962 98.3814 curveto
74.78568 98.3814 74.84903 98.40764 74.89574 98.45435 curveto
74.94244 98.50105 74.96869 98.5644 74.96869 98.63046 curveto closepath fill
newpath 74.96869 101.61874 moveto
74.96869 101.6848 74.94244 101.74815 74.89574 101.79486 curveto
74.84903 101.84157 74.78568 101.86781 74.71962 101.86781 curveto
74.65356 101.86781 74.59021 101.84157 74.5435 101.79486 curveto
74.4968 101.74815 74.47055 101.6848 74.47055 101.61874 curveto
74.47055 101.55269 74.4968 101.48933 74.5435 101.44263 curveto
74.59021 101.39592 74.65356 101.36967 74.71962 101.36967 curveto
74.78568 101.36967 74.84903 101.39592 74.89574 101.44263 curveto
74.94244 101.48933 74.96869 101.55269 74.96869 101.61874 curveto closepath fill
newpath 74.96869 104.60817 moveto
74.96869 104.67422 74.94244 104.73758 74.89574 104.78429 curveto
74.84903 104.831 74.78568 104.85724 74.71962 104.85724 curveto
74.65356 104.85724 74.59021 104.831 74.5435 104.78429 curveto
74.4968 104.73758 74.47055 104.67422 74.47055 104.60817 curveto
74.47055 104.54211 74.4968 104.47876 74.5435 104.43205 curveto
74.59021 104.38535 74.65356 104.3591 74.71962 104.3591 curveto
74.78568 104.3591 74.84903 104.38535 74.89574 104.43205 curveto
74.94244 104.47876 74.96869 104.54211 74.96869 104.60817 curveto closepath fill
newpath 74.96869 107.59645 moveto
74.96869 107.6625 74.94244 107.72586 74.89574 107.77257 curveto
74.84903 107.81927 74.78568 107.84552 74.71962 107.84552 curveto
74.65356 107.84552 74.59021 107.81927 74.5435 107.77257 curveto
74.4968 107.72586 74.47055 107.6625 74.47055 107.59645 curveto
74.47055 107.5304 74.4968 107.46704 74.5435 107.42033 curveto
74.59021 107.37363 74.65356 107.34738 74.71962 107.34738 curveto
74.78568 107.34738 74.84903 107.37363 74.89574 107.42033 curveto
74.94244 107.46704 74.96869 107.5304 74.96869 107.59645 curveto closepath fill
newpath 74.96869 110.58585 moveto
74.96869 110.6519 74.94244 110.71526 74.89574 110.76196 curveto
74.84903 110.80867 74.78568 110.83492 74.71962 110.83492 curveto
74.65356 110.83492 74.59021 110.80867 74.5435 110.76196 curveto
74.4968 110.71526 74.47055 110.6519 74.47055 110.58585 curveto
74.47055 110.51979 74.4968 110.45644 74.5435 110.40973 curveto
74.59021 110.36302 74.65356 110.33678 74.71962 110.33678 curveto
74.78568 110.33678 74.84903 110.36302 74.89574 110.40973 curveto
74.94244 110.45644 74.96869 110.51979 74.96869 110.58585 curveto closepath fill
newpath 74.96869 113.57414 moveto
74.96869 113.6402 74.94244 113.70355 74.89574 113.75026 curveto
74.84903 113.79697 74.78568 113.82321 74.71962 113.82321 curveto
74.65356 113.82321 74.59021 113.79697 74.5435 113.75026 curveto
74.4968 113.70355 74.47055 113.6402 74.47055 113.57414 curveto
74.47055 113.50809 74.4968 113.44473 74.5435 113.39803 curveto
74.59021 113.35132 74.65356 113.32507 74.71962 113.32507 curveto
74.78568 113.32507 74.84903 113.35132 74.89574 113.39803 curveto
74.94244 113.44473 74.96869 113.50809 74.96869 113.57414 curveto closepath fill
newpath 74.96869 116.56355 moveto
74.96869 116.62961 74.94244 116.69296 74.89574 116.73967 curveto
74.84903 116.78638 74.78568 116.81262 74.71962 116.81262 curveto
74.65356 116.81262 74.59021 116.78638 74.5435 116.73967 curveto
74.4968 116.69296 74.47055 116.62961 74.47055 116.56355 curveto
74.47055 116.4975 74.4968 116.43414 74.5435 116.38744 curveto
74.59021 116.34073 74.65356 116.31448 74.71962 116.31448 curveto
74.78568 116.31448 74.84903 116.34073 74.89574 116.38744 curveto
74.94244 116.43414 74.96869 116.4975 74.96869 116.56355 curveto closepath fill
newpath 74.96869 119.55183 moveto
74.96869 119.61789 74.94244 119.68124 74.89574 119.72795 curveto
74.84903 119.77466 74.78568 119.8009 74.71962 119.8009 curveto
74.65356 119.8009 74.59021 119.77466 74.5435 119.72795 curveto
74.4968 119.68124 74.47055 119.61789 74.47055 119.55183 curveto
74.47055 119.48578 74.4968 119.42242 74.5435 119.37572 curveto
74.59021 119.32901 74.65356 119.30276 74.71962 119.30276 curveto
74.78568 119.30276 74.84903 119.32901 74.89574 119.37572 curveto
74.94244 119.42242 74.96869 119.48578 74.96869 119.55183 curveto closepath fill
newpath 74.96869 122.54126 moveto
74.96869 122.60732 74.94244 122.67067 74.89574 122.71738 curveto
74.84903 122.76408 74.78568 122.79033 74.71962 122.79033 curveto
74.65356 122.79033 74.59021 122.76408 74.5435 122.71738 curveto
74.4968 122.67067 74.47055 122.60732 74.47055 122.54126 curveto
74.47055 122.4752 74.4968 122.41185 74.5435 122.36514 curveto
74.59021 122.31844 74.65356 122.29219 74.71962 122.29219 curveto
74.78568 122.29219 74.84903 122.31844 74.89574 122.36514 curveto
74.94244 122.41185 74.96869 122.4752 74.96869 122.54126 curveto closepath fill
newpath 74.96869 125.52954 moveto
74.96869 125.5956 74.94244 125.65895 74.89574 125.70566 curveto
74.84903 125.75237 74.78568 125.77861 74.71962 125.77861 curveto
74.65356 125.77861 74.59021 125.75237 74.5435 125.70566 curveto
74.4968 125.65895 74.47055 125.5956 74.47055 125.52954 curveto
74.47055 125.46349 74.4968 125.40013 74.5435 125.35342 curveto
74.59021 125.30672 74.65356 125.28047 74.71962 125.28047 curveto
74.78568 125.28047 74.84903 125.30672 74.89574 125.35342 curveto
74.94244 125.40013 74.96869 125.46349 74.96869 125.52954 curveto closepath fill
newpath 74.96869 128.51782 moveto
74.96869 128.58388 74.94244 128.64723 74.89574 128.69394 curveto
74.84903 128.74065 74.78568 128.76689 74.71962 128.76689 curveto
74.65356 128.76689 74.59021 128.74065 74.5435 128.69394 curveto
74.4968 128.64723 74.47055 128.58388 74.47055 128.51782 curveto
74.47055 128.45177 74.4968 128.38841 74.5435 128.3417 curveto
74.59021 128.295 74.65356 128.26875 74.71962 128.26875 curveto
74.78568 128.26875 74.84903 128.295 74.89574 128.3417 curveto
74.94244 128.38841 74.96869 128.45177 74.96869 128.51782 curveto closepath fill
newpath 74.96869 131.50723 moveto
74.96869 131.57329 74.94244 131.63664 74.89574 131.68335 curveto
74.84903 131.73006 74.78568 131.7563 74.71962 131.7563 curveto
74.65356 131.7563 74.59021 131.73006 74.5435 131.68335 curveto
74.4968 131.63664 74.47055 131.57329 74.47055 131.50723 curveto
74.47055 131.44118 74.4968 131.37782 74.5435 131.33112 curveto
74.59021 131.28441 74.65356 131.25816 74.71962 131.25816 curveto
74.78568 131.25816 74.84903 131.28441 74.89574 131.33112 curveto
74.94244 131.37782 74.96869 131.44118 74.96869 131.50723 curveto closepath fill
newpath 74.96869 134.49553 moveto
74.96869 134.56158 74.94244 134.62494 74.89574 134.67165 curveto
74.84903 134.71835 74.78568 134.7446 74.71962 134.7446 curveto
74.65356 134.7446 74.59021 134.71835 74.5435 134.67165 curveto
74.4968 134.62494 74.47055 134.56158 74.47055 134.49553 curveto
74.47055 134.42947 74.4968 134.36612 74.5435 134.31941 curveto
74.59021 134.2727 74.65356 134.24646 74.71962 134.24646 curveto
74.78568 134.24646 74.84903 134.2727 74.89574 134.31941 curveto
74.94244 134.36612 74.96869 134.42947 74.96869 134.49553 curveto closepath fill
newpath 74.96869 137.48495 moveto
74.96869 137.55101 74.94244 137.61436 74.89574 137.66107 curveto
74.84903 137.70778 74.78568 137.73402 74.71962 137.73402 curveto
74.65356 137.73402 74.59021 137.70778 74.5435 137.66107 curveto
74.4968 137.61436 74.47055 137.55101 74.47055 137.48495 curveto
74.47055 137.4189 74.4968 137.35555 74.5435 137.30884 curveto
74.59021 137.26213 74.65356 137.23589 74.71962 137.23589 curveto
74.78568 137.23589 74.84903 137.26213 74.89574 137.30884 curveto
74.94244 137.35555 74.96869 137.4189 74.96869 137.48495 curveto closepath fill
newpath 74.96869 140.47324 moveto
74.96869 140.53929 74.94244 140.60265 74.89574 140.64935 curveto
74.84903 140.69606 74.78568 140.7223 74.71962 140.7223 curveto
74.65356 140.7223 74.59021 140.69606 74.5435 140.64935 curveto
74.4968 140.60265 74.47055 140.53929 74.47055 140.47324 curveto
74.47055 140.40718 74.4968 140.34383 74.5435 140.29712 curveto
74.59021 140.25041 74.65356 140.22417 74.71962 140.22417 curveto
74.78568 140.22417 74.84903 140.25041 74.89574 140.29712 curveto
74.94244 140.34383 74.96869 140.40718 74.96869 140.47324 curveto closepath fill
newpath 74.96869 143.46268 moveto
74.96869 143.52873 74.94244 143.59209 74.89574 143.6388 curveto
74.84903 143.6855 74.78568 143.71175 74.71962 143.71175 curveto
74.65356 143.71175 74.59021 143.6855 74.5435 143.6388 curveto
74.4968 143.59209 74.47055 143.52873 74.47055 143.46268 curveto
74.47055 143.39662 74.4968 143.33327 74.5435 143.28656 curveto
74.59021 143.23985 74.65356 143.21361 74.71962 143.21361 curveto
74.78568 143.21361 74.84903 143.23985 74.89574 143.28656 curveto
74.94244 143.33327 74.96869 143.39662 74.96869 143.46268 curveto closepath fill
newpath 74.96869 146.45096 moveto
74.96869 146.51701 74.94244 146.58037 74.89574 146.62708 curveto
74.84903 146.67378 74.78568 146.70003 74.71962 146.70003 curveto
74.65356 146.70003 74.59021 146.67378 74.5435 146.62708 curveto
74.4968 146.58037 74.47055 146.51701 74.47055 146.45096 curveto
74.47055 146.3849 74.4968 146.32155 74.5435 146.27484 curveto
74.59021 146.22813 74.65356 146.20189 74.71962 146.20189 curveto
74.78568 146.20189 74.84903 146.22813 74.89574 146.27484 curveto
74.94244 146.32155 74.96869 146.3849 74.96869 146.45096 curveto closepath fill
newpath 74.96869 149.43924 moveto
74.96869 149.5053 74.94244 149.56865 74.89574 149.61536 curveto
74.84903 149.66206 74.78568 149.68831 74.71962 149.68831 curveto
74.65356 149.68831 74.59021 149.66206 74.5435 149.61536 curveto
74.4968 149.56865 74.47055 149.5053 74.47055 149.43924 curveto
74.47055 149.37318 74.4968 149.30983 74.5435 149.26312 curveto
74.59021 149.21642 74.65356 149.19017 74.71962 149.19017 curveto
74.78568 149.19017 74.84903 149.21642 74.89574 149.26312 curveto
74.94244 149.30983 74.96869 149.37318 74.96869 149.43924 curveto closepath fill
newpath 22.13434 127.55397 moveto
22.13434 127.62003 22.1081 127.68338 22.06139 127.73009 curveto
22.01468 127.7768 21.95132 127.80304 21.88527 127.80304 curveto
21.81921 127.80304 21.75586 127.7768 21.70915 127.73009 curveto
21.66245 127.68338 21.6362 127.62003 21.6362 127.55397 curveto
21.6362 127.48792 21.66245 127.42456 21.70915 127.37785 curveto
21.75586 127.33115 21.81921 127.3049 21.88527 127.3049 curveto
21.95132 127.3049 22.01468 127.33115 22.06139 127.37785 curveto
22.1081 127.42456 22.13434 127.48792 22.13434 127.55397 curveto closepath fill
newpath 24.24815 125.44016 moveto
24.24815 125.50621 24.22191 125.56956 24.1752 125.61627 curveto
24.1285 125.66298 24.06514 125.68922 23.99908 125.68922 curveto
23.93303 125.68922 23.86967 125.66298 23.82297 125.61627 curveto
23.77626 125.56956 23.75002 125.50621 23.75002 125.44016 curveto
23.75002 125.3741 23.77626 125.31075 23.82297 125.26404 curveto
23.86967 125.21733 23.93303 125.19109 23.99908 125.19109 curveto
24.06514 125.19109 24.1285 125.21733 24.1752 125.26404 curveto
24.22191 125.31075 24.24815 125.3741 24.24815 125.44016 curveto closepath fill
newpath 26.36118 123.32713 moveto
26.36118 123.39319 26.33493 123.45654 26.28822 123.50325 curveto
26.24152 123.54996 26.17816 123.5762 26.1121 123.5762 curveto
26.04605 123.5762 25.9827 123.54996 25.93599 123.50325 curveto
25.88928 123.45654 25.86304 123.39319 25.86304 123.32713 curveto
25.86304 123.26108 25.88928 123.19772 25.93599 123.15102 curveto
25.9827 123.10431 26.04605 123.07806 26.1121 123.07806 curveto
26.17816 123.07806 26.24152 123.10431 26.28822 123.15102 curveto
26.33493 123.19772 26.36118 123.26108 26.36118 123.32713 curveto closepath fill
newpath 28.47499 121.21332 moveto
28.47499 121.27937 28.44875 121.34273 28.40204 121.38943 curveto
28.35533 121.43614 28.29198 121.46239 28.22592 121.46239 curveto
28.15987 121.46239 28.09651 121.43614 28.0498 121.38943 curveto
28.0031 121.34273 27.97685 121.27937 27.97685 121.21332 curveto
27.97685 121.14726 28.0031 121.08391 28.0498 121.0372 curveto
28.09651 120.9905 28.15987 120.96425 28.22592 120.96425 curveto
28.29198 120.96425 28.35533 120.9905 28.40204 121.0372 curveto
28.44875 121.08391 28.47499 121.14726 28.47499 121.21332 curveto closepath fill
newpath 30.58801 119.1003 moveto
30.58801 119.16635 30.56177 119.2297 30.51506 119.27641 curveto
30.46835 119.32312 30.405 119.34937 30.33894 119.34937 curveto
30.27289 119.34937 30.20953 119.32312 30.16283 119.27641 curveto
30.11612 119.2297 30.08987 119.16635 30.08987 119.1003 curveto
30.08987 119.03424 30.11612 118.97089 30.16283 118.92418 curveto
30.20953 118.87747 30.27289 118.85123 30.33894 118.85123 curveto
30.405 118.85123 30.46835 118.87747 30.51506 118.92418 curveto
30.56177 118.97089 30.58801 119.03424 30.58801 119.1003 curveto closepath fill
newpath 32.70102 116.98729 moveto
32.70102 117.05334 32.67477 117.1167 32.62807 117.1634 curveto
32.58136 117.21011 32.518 117.23636 32.45195 117.23636 curveto
32.3859 117.23636 32.32254 117.21011 32.27583 117.1634 curveto
32.22913 117.1167 32.20288 117.05334 32.20288 116.98729 curveto
32.20288 116.92123 32.22913 116.85788 32.27583 116.81117 curveto
32.32254 116.76447 32.3859 116.73822 32.45195 116.73822 curveto
32.518 116.73822 32.58136 116.76447 32.62807 116.81117 curveto
32.67477 116.85788 32.70102 116.92123 32.70102 116.98729 curveto closepath fill
newpath 34.81485 114.87346 moveto
34.81485 114.93951 34.7886 115.00287 34.7419 115.04958 curveto
34.69519 115.09628 34.63184 115.12253 34.56578 115.12253 curveto
34.49973 115.12253 34.43637 115.09628 34.38966 115.04958 curveto
34.34296 115.00287 34.31671 114.93951 34.31671 114.87346 curveto
34.31671 114.8074 34.34296 114.74405 34.38966 114.69734 curveto
34.43637 114.65063 34.49973 114.62439 34.56578 114.62439 curveto
34.63184 114.62439 34.69519 114.65063 34.7419 114.69734 curveto
34.7886 114.74405 34.81485 114.8074 34.81485 114.87346 curveto closepath fill
newpath 36.92787 112.76044 moveto
36.92787 112.82649 36.90163 112.88985 36.85492 112.93655 curveto
36.80821 112.98326 36.74486 113.0095 36.6788 113.0095 curveto
36.61275 113.0095 36.5494 112.98326 36.50269 112.93655 curveto
36.45598 112.88985 36.42973 112.82649 36.42973 112.76044 curveto
36.42973 112.69438 36.45598 112.63103 36.50269 112.58432 curveto
36.5494 112.53761 36.61275 112.51137 36.6788 112.51137 curveto
36.74486 112.51137 36.80821 112.53761 36.85492 112.58432 curveto
36.90163 112.63103 36.92787 112.69438 36.92787 112.76044 curveto closepath fill
newpath 39.0417 110.6466 moveto
39.0417 110.71266 39.01546 110.77602 38.96875 110.82272 curveto
38.92204 110.86943 38.85869 110.89568 38.79263 110.89568 curveto
38.72658 110.89568 38.66322 110.86943 38.61652 110.82272 curveto
38.56981 110.77602 38.54356 110.71266 38.54356 110.6466 curveto
38.54356 110.58055 38.56981 110.5172 38.61652 110.47049 curveto
38.66322 110.42378 38.72658 110.39754 38.79263 110.39754 curveto
38.85869 110.39754 38.92204 110.42378 38.96875 110.47049 curveto
39.01546 110.5172 39.0417 110.58055 39.0417 110.6466 curveto closepath fill
newpath 41.15472 108.53358 moveto
41.15472 108.59964 41.12848 108.663 41.08177 108.7097 curveto
41.03506 108.75641 40.97171 108.78265 40.90565 108.78265 curveto
40.8396 108.78265 40.77625 108.75641 40.72954 108.7097 curveto
40.68283 108.663 40.65659 108.59964 40.65659 108.53358 curveto
40.65659 108.46753 40.68283 108.40417 40.72954 108.35747 curveto
40.77625 108.31076 40.8396 108.28452 40.90565 108.28452 curveto
40.97171 108.28452 41.03506 108.31076 41.08177 108.35747 curveto
41.12848 108.40417 41.15472 108.46753 41.15472 108.53358 curveto closepath fill
newpath 43.26855 106.41975 moveto
43.26855 106.48581 43.24231 106.54916 43.1956 106.59587 curveto
43.1489 106.64258 43.08554 106.66882 43.01949 106.66882 curveto
42.95343 106.66882 42.89008 106.64258 42.84337 106.59587 curveto
42.79666 106.54916 42.77042 106.48581 42.77042 106.41975 curveto
42.77042 106.3537 42.79666 106.29034 42.84337 106.24364 curveto
42.89008 106.19693 42.95343 106.17068 43.01949 106.17068 curveto
43.08554 106.17068 43.1489 106.19693 43.1956 106.24364 curveto
43.24231 106.29034 43.26855 106.3537 43.26855 106.41975 curveto closepath fill
newpath 45.38158 104.30673 moveto
45.38158 104.37279 45.35533 104.43614 45.30862 104.48285 curveto
45.26192 104.52956 45.19856 104.5558 45.1325 104.5558 curveto
45.06645 104.5558 45.0031 104.52956 44.95639 104.48285 curveto
44.90968 104.43614 44.88344 104.37279 44.88344 104.30673 curveto
44.88344 104.24068 44.90968 104.17732 44.95639 104.13062 curveto
45.0031 104.08391 45.06645 104.05766 45.1325 104.05766 curveto
45.19856 104.05766 45.26192 104.08391 45.30862 104.13062 curveto
45.35533 104.17732 45.38158 104.24068 45.38158 104.30673 curveto closepath fill
newpath 47.4954 102.1929 moveto
47.4954 102.25896 47.46916 102.32231 47.42245 102.36902 curveto
47.37575 102.41573 47.3124 102.44197 47.24634 102.44197 curveto
47.18028 102.44197 47.11693 102.41573 47.07022 102.36902 curveto
47.02351 102.32231 46.99727 102.25896 46.99727 102.1929 curveto
46.99727 102.12685 47.02351 102.06349 47.07022 102.01678 curveto
47.11693 101.97008 47.18028 101.94383 47.24634 101.94383 curveto
47.3124 101.94383 47.37575 101.97008 47.42245 102.01678 curveto
47.46916 102.06349 47.4954 102.12685 47.4954 102.1929 curveto closepath fill
newpath 49.60843 100.07988 moveto
49.60843 100.14594 49.58218 100.20929 49.53548 100.256 curveto
49.48877 100.3027 49.42542 100.32895 49.35936 100.32895 curveto
49.2933 100.32895 49.22995 100.3027 49.18324 100.256 curveto
49.13654 100.20929 49.11029 100.14594 49.11029 100.07988 curveto
49.11029 100.01382 49.13654 99.95047 49.18324 99.90376 curveto
49.22995 99.85706 49.2933 99.83081 49.35936 99.83081 curveto
49.42542 99.83081 49.48877 99.85706 49.53548 99.90376 curveto
49.58218 99.95047 49.60843 100.01382 49.60843 100.07988 curveto closepath fill
newpath 51.72145 97.96686 moveto
51.72145 98.03291 51.6952 98.09627 51.6485 98.14297 curveto
51.60179 98.18968 51.53844 98.21593 51.47238 98.21593 curveto
51.40633 98.21593 51.34297 98.18968 51.29626 98.14297 curveto
51.24956 98.09627 51.22331 98.03291 51.22331 97.96686 curveto
51.22331 97.9008 51.24956 97.83745 51.29626 97.79074 curveto
51.34297 97.74403 51.40633 97.71779 51.47238 97.71779 curveto
51.53844 97.71779 51.60179 97.74403 51.6485 97.79074 curveto
51.6952 97.83745 51.72145 97.9008 51.72145 97.96686 curveto closepath fill
newpath 53.83528 95.85303 moveto
53.83528 95.91908 53.80904 95.98244 53.76233 96.02914 curveto
53.71562 96.07585 53.65227 96.1021 53.58621 96.1021 curveto
53.52016 96.1021 53.4568 96.07585 53.4101 96.02914 curveto
53.36339 95.98244 53.33714 95.91908 53.33714 95.85303 curveto
53.33714 95.78697 53.36339 95.72362 53.4101 95.67691 curveto
53.4568 95.6302 53.52016 95.60396 53.58621 95.60396 curveto
53.65227 95.60396 53.71562 95.6302 53.76233 95.67691 curveto
53.80904 95.72362 53.83528 95.78697 53.83528 95.85303 curveto closepath fill
newpath 55.9483 93.74 moveto
55.9483 93.80606 55.92206 93.86942 55.87535 93.91612 curveto
55.82864 93.96283 55.76529 93.98907 55.69923 93.98907 curveto
55.63318 93.98907 55.56982 93.96283 55.52312 93.91612 curveto
55.47641 93.86942 55.45016 93.80606 55.45016 93.74 curveto
55.45016 93.67395 55.47641 93.6106 55.52312 93.56389 curveto
55.56982 93.51718 55.63318 93.49094 55.69923 93.49094 curveto
55.76529 93.49094 55.82864 93.51718 55.87535 93.56389 curveto
55.92206 93.6106 55.9483 93.67395 55.9483 93.74 curveto closepath fill
newpath 58.06213 91.62617 moveto
58.06213 91.69223 58.03589 91.75558 57.98918 91.80229 curveto
57.94247 91.849 57.87912 91.87524 57.81306 91.87524 curveto
57.74701 91.87524 57.68365 91.849 57.63695 91.80229 curveto
57.59024 91.75558 57.564 91.69223 57.564 91.62617 curveto
57.564 91.56012 57.59024 91.49677 57.63695 91.45006 curveto
57.68365 91.40335 57.74701 91.3771 57.81306 91.3771 curveto
57.87912 91.3771 57.94247 91.40335 57.98918 91.45006 curveto
58.03589 91.49677 58.06213 91.56012 58.06213 91.62617 curveto closepath fill
newpath 60.17516 89.51315 moveto
60.17516 89.57921 60.14891 89.64256 60.1022 89.68927 curveto
60.0555 89.73598 59.99214 89.76222 59.92609 89.76222 curveto
59.86003 89.76222 59.79668 89.73598 59.74997 89.68927 curveto
59.70326 89.64256 59.67702 89.57921 59.67702 89.51315 curveto
59.67702 89.4471 59.70326 89.38374 59.74997 89.33704 curveto
59.79668 89.29033 59.86003 89.26408 59.92609 89.26408 curveto
59.99214 89.26408 60.0555 89.29033 60.1022 89.33704 curveto
60.14891 89.38374 60.17516 89.4471 60.17516 89.51315 curveto closepath fill
newpath 62.28899 87.39932 moveto
62.28899 87.46538 62.26274 87.52873 62.21603 87.57544 curveto
62.16933 87.62215 62.10597 87.64839 62.03992 87.64839 curveto
61.97386 87.64839 61.9105 87.62215 61.8638 87.57544 curveto
61.8171 87.52873 61.79085 87.46538 61.79085 87.39932 curveto
61.79085 87.33327 61.8171 87.26991 61.8638 87.2232 curveto
61.9105 87.1765 61.97386 87.15025 62.03992 87.15025 curveto
62.10597 87.15025 62.16933 87.1765 62.21603 87.2232 curveto
62.26274 87.26991 62.28899 87.33327 62.28899 87.39932 curveto closepath fill
newpath 64.40201 85.2863 moveto
64.40201 85.35236 64.37576 85.41571 64.32906 85.46242 curveto
64.28235 85.50912 64.219 85.53537 64.15294 85.53537 curveto
64.08688 85.53537 64.02353 85.50912 63.97682 85.46242 curveto
63.93011 85.41571 63.90387 85.35236 63.90387 85.2863 curveto
63.90387 85.22025 63.93011 85.15689 63.97682 85.11018 curveto
64.02353 85.06348 64.08688 85.03723 64.15294 85.03723 curveto
64.219 85.03723 64.28235 85.06348 64.32906 85.11018 curveto
64.37576 85.15689 64.40201 85.22025 64.40201 85.2863 curveto closepath fill
newpath 66.51582 83.17249 moveto
66.51582 83.23854 66.48958 83.3019 66.44287 83.3486 curveto
66.39616 83.39531 66.33281 83.42155 66.26675 83.42155 curveto
66.2007 83.42155 66.13734 83.39531 66.09064 83.3486 curveto
66.04393 83.3019 66.01768 83.23854 66.01768 83.17249 curveto
66.01768 83.10643 66.04393 83.04308 66.09064 82.99637 curveto
66.13734 82.94966 66.2007 82.92342 66.26675 82.92342 curveto
66.33281 82.92342 66.39616 82.94966 66.44287 82.99637 curveto
66.48958 83.04308 66.51582 83.10643 66.51582 83.17249 curveto closepath fill
newpath 68.62885 81.05946 moveto
68.62885 81.12552 68.6026 81.18887 68.5559 81.23558 curveto
68.50919 81.28229 68.44583 81.30853 68.37978 81.30853 curveto
68.31372 81.30853 68.25037 81.28229 68.20366 81.23558 curveto
68.15695 81.18887 68.1307 81.12552 68.1307 81.05946 curveto
68.1307 80.99341 68.15695 80.93005 68.20366 80.88335 curveto
68.25037 80.83664 68.31372 80.8104 68.37978 80.8104 curveto
68.44583 80.8104 68.50919 80.83664 68.5559 80.88335 curveto
68.6026 80.93005 68.62885 80.99341 68.62885 81.05946 curveto closepath fill
newpath 70.74266 78.94565 moveto
70.74266 79.0117 70.71642 79.07506 70.66971 79.12177 curveto
70.623 79.16847 70.55965 79.19472 70.49359 79.19472 curveto
70.42754 79.19472 70.36418 79.16847 70.31747 79.12177 curveto
70.27077 79.07506 70.24452 79.0117 70.24452 78.94565 curveto
70.24452 78.8796 70.27077 78.81624 70.31747 78.76953 curveto
70.36418 78.72282 70.42754 78.69658 70.49359 78.69658 curveto
70.55965 78.69658 70.623 78.72282 70.66971 78.76953 curveto
70.71642 78.81624 70.74266 78.8796 70.74266 78.94565 curveto closepath fill
newpath 72.8557 76.83261 moveto
72.8557 76.89867 72.82945 76.96202 72.78275 77.00873 curveto
72.73604 77.05544 72.67268 77.08168 72.60663 77.08168 curveto
72.54057 77.08168 72.47722 77.05544 72.43051 77.00873 curveto
72.3838 76.96202 72.35756 76.89867 72.35756 76.83261 curveto
72.35756 76.76656 72.3838 76.7032 72.43051 76.6565 curveto
72.47722 76.60979 72.54057 76.58354 72.60663 76.58354 curveto
72.67268 76.58354 72.73604 76.60979 72.78275 76.6565 curveto
72.82945 76.7032 72.8557 76.76656 72.8557 76.83261 curveto closepath fill
newpath 74.96869 74.71962 moveto
74.96869 74.78568 74.94244 74.84903 74.89574 74.89574 curveto
74.84903 74.94244 74.78568 74.96869 74.71962 74.96869 curveto
74.65356 74.96869 74.59021 74.94244 74.5435 74.89574 curveto
74.4968 74.84903 74.47055 74.78568 74.47055 74.71962 curveto
74.47055 74.65356 74.4968 74.59021 74.5435 74.5435 curveto
74.59021 74.4968 74.65356 74.47055 74.71962 74.47055 curveto
74.78568 74.47055 74.84903 74.4968 74.89574 74.5435 curveto
74.94244 74.59021 74.96869 74.65356 74.96869 74.71962 curveto closepath fill
newpath 46.3749 143.75159 moveto
46.3749 143.81764 46.34865 143.881 46.30194 143.9277 curveto
46.25523 143.97441 46.19188 144.00066 46.12582 144.00066 curveto
46.05977 144.00066 45.99641 143.97441 45.9497 143.9277 curveto
45.903 143.881 45.87675 143.81764 45.87675 143.75159 curveto
45.87675 143.68553 45.903 143.62218 45.9497 143.57547 curveto
45.99641 143.52876 46.05977 143.50252 46.12582 143.50252 curveto
46.19188 143.50252 46.25523 143.52876 46.30194 143.57547 curveto
46.34865 143.62218 46.3749 143.68553 46.3749 143.75159 curveto closepath fill
newpath 47.51889 140.98972 moveto
47.51889 141.05577 47.49265 141.11913 47.44594 141.16583 curveto
47.39923 141.21254 47.33588 141.23878 47.26982 141.23878 curveto
47.20377 141.23878 47.14041 141.21254 47.0937 141.16583 curveto
47.047 141.11913 47.02075 141.05577 47.02075 140.98972 curveto
47.02075 140.92366 47.047 140.8603 47.0937 140.8136 curveto
47.14041 140.76689 47.20377 140.74065 47.26982 140.74065 curveto
47.33588 140.74065 47.39923 140.76689 47.44594 140.8136 curveto
47.49265 140.8603 47.51889 140.92366 47.51889 140.98972 curveto closepath fill
newpath 48.66243 138.2289 moveto
48.66243 138.29495 48.63618 138.3583 48.58948 138.40501 curveto
48.54277 138.45172 48.47942 138.47797 48.41336 138.47797 curveto
48.3473 138.47797 48.28395 138.45172 48.23724 138.40501 curveto
48.19054 138.3583 48.16429 138.29495 48.16429 138.2289 curveto
48.16429 138.16284 48.19054 138.09949 48.23724 138.05278 curveto
48.28395 138.00607 48.3473 137.97983 48.41336 137.97983 curveto
48.47942 137.97983 48.54277 138.00607 48.58948 138.05278 curveto
48.63618 138.09949 48.66243 138.16284 48.66243 138.2289 curveto closepath fill
newpath 49.80602 135.4681 moveto
49.80602 135.53415 49.77977 135.5975 49.73306 135.64421 curveto
49.68636 135.69092 49.623 135.71716 49.55695 135.71716 curveto
49.49089 135.71716 49.42754 135.69092 49.38083 135.64421 curveto
49.33412 135.5975 49.30788 135.53415 49.30788 135.4681 curveto
49.30788 135.40204 49.33412 135.33868 49.38083 135.29198 curveto
49.42754 135.24527 49.49089 135.21902 49.55695 135.21902 curveto
49.623 135.21902 49.68636 135.24527 49.73306 135.29198 curveto
49.77977 135.33868 49.80602 135.40204 49.80602 135.4681 curveto closepath fill
newpath 50.95001 132.70624 moveto
50.95001 132.7723 50.92377 132.83565 50.87706 132.88235 curveto
50.83035 132.92906 50.767 132.9553 50.70094 132.9553 curveto
50.63489 132.9553 50.57153 132.92906 50.52483 132.88235 curveto
50.47812 132.83565 50.45187 132.7723 50.45187 132.70624 curveto
50.45187 132.64018 50.47812 132.57683 50.52483 132.53012 curveto
50.57153 132.48341 50.63489 132.45717 50.70094 132.45717 curveto
50.767 132.45717 50.83035 132.48341 50.87706 132.53012 curveto
50.92377 132.57683 50.95001 132.64018 50.95001 132.70624 curveto closepath fill
newpath 52.09355 129.94542 moveto
52.09355 130.01147 52.0673 130.07483 52.0206 130.12154 curveto
51.97389 130.16824 51.91054 130.19449 51.84448 130.19449 curveto
51.77843 130.19449 51.71507 130.16824 51.66837 130.12154 curveto
51.62166 130.07483 51.59541 130.01147 51.59541 129.94542 curveto
51.59541 129.87936 51.62166 129.81601 51.66837 129.7693 curveto
51.71507 129.7226 51.77843 129.69635 51.84448 129.69635 curveto
51.91054 129.69635 51.97389 129.7226 52.0206 129.7693 curveto
52.0673 129.81601 52.09355 129.87936 52.09355 129.94542 curveto closepath fill
newpath 53.23755 127.18355 moveto
53.23755 127.2496 53.2113 127.31296 53.1646 127.35966 curveto
53.11789 127.40637 53.05453 127.43262 52.98848 127.43262 curveto
52.92242 127.43262 52.85907 127.40637 52.81236 127.35966 curveto
52.76566 127.31296 52.73941 127.2496 52.73941 127.18355 curveto
52.73941 127.1175 52.76566 127.05414 52.81236 127.00743 curveto
52.85907 126.96072 52.92242 126.93448 52.98848 126.93448 curveto
53.05453 126.93448 53.11789 126.96072 53.1646 127.00743 curveto
53.2113 127.05414 53.23755 127.1175 53.23755 127.18355 curveto closepath fill
newpath 54.38113 124.42274 moveto
54.38113 124.4888 54.35489 124.55215 54.30818 124.59886 curveto
54.26147 124.64557 54.19812 124.67181 54.13206 124.67181 curveto
54.06601 124.67181 54.00266 124.64557 53.95595 124.59886 curveto
53.90924 124.55215 53.883 124.4888 53.883 124.42274 curveto
53.883 124.35669 53.90924 124.29333 53.95595 124.24663 curveto
54.00266 124.19992 54.06601 124.17368 54.13206 124.17368 curveto
54.19812 124.17368 54.26147 124.19992 54.30818 124.24663 curveto
54.35489 124.29333 54.38113 124.35669 54.38113 124.42274 curveto closepath fill
newpath 55.52513 121.66086 moveto
55.52513 121.72691 55.49889 121.79027 55.45218 121.83698 curveto
55.40547 121.88368 55.34212 121.90993 55.27606 121.90993 curveto
55.21 121.90993 55.14665 121.88368 55.09995 121.83698 curveto
55.05324 121.79027 55.027 121.72691 55.027 121.66086 curveto
55.027 121.5948 55.05324 121.53145 55.09995 121.48474 curveto
55.14665 121.43803 55.21 121.41179 55.27606 121.41179 curveto
55.34212 121.41179 55.40547 121.43803 55.45218 121.48474 curveto
55.49889 121.53145 55.52513 121.5948 55.52513 121.66086 curveto closepath fill
newpath 56.66867 118.90004 moveto
56.66867 118.9661 56.64243 119.02945 56.59572 119.07616 curveto
56.54901 119.12286 56.48566 119.14911 56.4196 119.14911 curveto
56.35355 119.14911 56.29019 119.12286 56.24348 119.07616 curveto
56.19678 119.02945 56.17053 118.9661 56.17053 118.90004 curveto
56.17053 118.83398 56.19678 118.77063 56.24348 118.72392 curveto
56.29019 118.67722 56.35355 118.65097 56.4196 118.65097 curveto
56.48566 118.65097 56.54901 118.67722 56.59572 118.72392 curveto
56.64243 118.77063 56.66867 118.83398 56.66867 118.90004 curveto closepath fill
newpath 57.81267 116.13817 moveto
57.81267 116.20422 57.78642 116.26758 57.73972 116.31429 curveto
57.69301 116.361 57.62965 116.38724 57.5636 116.38724 curveto
57.49754 116.38724 57.43419 116.361 57.38748 116.31429 curveto
57.34077 116.26758 57.31453 116.20422 57.31453 116.13817 curveto
57.31453 116.07211 57.34077 116.00876 57.38748 115.96205 curveto
57.43419 115.91534 57.49754 115.8891 57.5636 115.8891 curveto
57.62965 115.8891 57.69301 115.91534 57.73972 115.96205 curveto
57.78642 116.00876 57.81267 116.07211 57.81267 116.13817 curveto closepath fill
newpath 58.95625 113.37737 moveto
58.95625 113.44342 58.93001 113.50677 58.8833 113.55348 curveto
58.8366 113.60019 58.77324 113.62643 58.70718 113.62643 curveto
58.64113 113.62643 58.57777 113.60019 58.53107 113.55348 curveto
58.48436 113.50677 58.45811 113.44342 58.45811 113.37737 curveto
58.45811 113.31131 58.48436 113.24796 58.53107 113.20125 curveto
58.57777 113.15454 58.64113 113.1283 58.70718 113.1283 curveto
58.77324 113.1283 58.8366 113.15454 58.8833 113.20125 curveto
58.93001 113.24796 58.95625 113.31131 58.95625 113.37737 curveto closepath fill
newpath 60.0998 110.61655 moveto
60.0998 110.6826 60.07355 110.74596 60.02684 110.79266 curveto
59.98013 110.83937 59.91678 110.86562 59.85072 110.86562 curveto
59.78467 110.86562 59.72131 110.83937 59.6746 110.79266 curveto
59.6279 110.74596 59.60165 110.6826 59.60165 110.61655 curveto
59.60165 110.55049 59.6279 110.48714 59.6746 110.44043 curveto
59.72131 110.39372 59.78467 110.36748 59.85072 110.36748 curveto
59.91678 110.36748 59.98013 110.39372 60.02684 110.44043 curveto
60.07355 110.48714 60.0998 110.55049 60.0998 110.61655 curveto closepath fill
newpath 61.24379 107.85466 moveto
61.24379 107.92072 61.21754 107.98407 61.17084 108.03078 curveto
61.12413 108.07748 61.06078 108.10373 60.99472 108.10373 curveto
60.92867 108.10373 60.86531 108.07748 60.8186 108.03078 curveto
60.7719 107.98407 60.74565 107.92072 60.74565 107.85466 curveto
60.74565 107.7886 60.7719 107.72525 60.8186 107.67854 curveto
60.86531 107.63184 60.92867 107.60559 60.99472 107.60559 curveto
61.06078 107.60559 61.12413 107.63184 61.17084 107.67854 curveto
61.21754 107.72525 61.24379 107.7886 61.24379 107.85466 curveto closepath fill
newpath 62.38733 105.09384 moveto
62.38733 105.1599 62.36108 105.22325 62.31438 105.26996 curveto
62.26767 105.31667 62.20432 105.34291 62.13826 105.34291 curveto
62.0722 105.34291 62.00885 105.31667 61.96214 105.26996 curveto
61.91544 105.22325 61.88919 105.1599 61.88919 105.09384 curveto
61.88919 105.02779 61.91544 104.96443 61.96214 104.91772 curveto
62.00885 104.87102 62.0722 104.84477 62.13826 104.84477 curveto
62.20432 104.84477 62.26767 104.87102 62.31438 104.91772 curveto
62.36108 104.96443 62.38733 105.02779 62.38733 105.09384 curveto closepath fill
newpath 63.53133 102.33197 moveto
63.53133 102.39803 63.50508 102.46138 63.45837 102.50809 curveto
63.41167 102.5548 63.34831 102.58104 63.28226 102.58104 curveto
63.2162 102.58104 63.15285 102.5548 63.10614 102.50809 curveto
63.05943 102.46138 63.03319 102.39803 63.03319 102.33197 curveto
63.03319 102.26591 63.05943 102.20256 63.10614 102.15585 curveto
63.15285 102.10915 63.2162 102.0829 63.28226 102.0829 curveto
63.34831 102.0829 63.41167 102.10915 63.45837 102.15585 curveto
63.50508 102.20256 63.53133 102.26591 63.53133 102.33197 curveto closepath fill
newpath 64.67491 99.57115 moveto
64.67491 99.6372 64.64867 99.70056 64.60196 99.74727 curveto
64.55525 99.79398 64.4919 99.82022 64.42584 99.82022 curveto
64.35979 99.82022 64.29643 99.79398 64.24973 99.74727 curveto
64.20302 99.70056 64.17677 99.6372 64.17677 99.57115 curveto
64.17677 99.5051 64.20302 99.44174 64.24973 99.39503 curveto
64.29643 99.34833 64.35979 99.32208 64.42584 99.32208 curveto
64.4919 99.32208 64.55525 99.34833 64.60196 99.39503 curveto
64.64867 99.44174 64.67491 99.5051 64.67491 99.57115 curveto closepath fill
newpath 65.81891 96.80928 moveto
65.81891 96.87534 65.79266 96.93869 65.74596 96.9854 curveto
65.69925 97.0321 65.6359 97.05835 65.56984 97.05835 curveto
65.50378 97.05835 65.44043 97.0321 65.39372 96.9854 curveto
65.34702 96.93869 65.32077 96.87534 65.32077 96.80928 curveto
65.32077 96.74323 65.34702 96.67987 65.39372 96.63316 curveto
65.44043 96.58646 65.50378 96.56021 65.56984 96.56021 curveto
65.6359 96.56021 65.69925 96.58646 65.74596 96.63316 curveto
65.79266 96.67987 65.81891 96.74323 65.81891 96.80928 curveto closepath fill
newpath 66.96245 94.04846 moveto
66.96245 94.11452 66.9362 94.17787 66.8895 94.22458 curveto
66.84279 94.27129 66.77943 94.29753 66.71338 94.29753 curveto
66.64732 94.29753 66.58397 94.27129 66.53726 94.22458 curveto
66.49055 94.17787 66.46431 94.11452 66.46431 94.04846 curveto
66.46431 93.9824 66.49055 93.91905 66.53726 93.87234 curveto
66.58397 93.82564 66.64732 93.7994 66.71338 93.7994 curveto
66.77943 93.7994 66.84279 93.82564 66.8895 93.87234 curveto
66.9362 93.91905 66.96245 93.9824 66.96245 94.04846 curveto closepath fill
newpath 68.10645 91.28659 moveto
68.10645 91.35265 68.0802 91.416 68.0335 91.4627 curveto
67.98679 91.50941 67.92343 91.53566 67.85738 91.53566 curveto
67.79132 91.53566 67.72797 91.50941 67.68126 91.4627 curveto
67.63455 91.416 67.6083 91.35265 67.6083 91.28659 curveto
67.6083 91.22054 67.63455 91.15718 67.68126 91.11047 curveto
67.72797 91.06377 67.79132 91.03752 67.85738 91.03752 curveto
67.92343 91.03752 67.98679 91.06377 68.0335 91.11047 curveto
68.0802 91.15718 68.10645 91.22054 68.10645 91.28659 curveto closepath fill
newpath 69.25003 88.52579 moveto
69.25003 88.59184 69.22379 88.6552 69.17708 88.7019 curveto
69.13037 88.74861 69.06702 88.77486 69.00096 88.77486 curveto
68.9349 88.77486 68.87155 88.74861 68.82484 88.7019 curveto
68.77814 88.6552 68.75189 88.59184 68.75189 88.52579 curveto
68.75189 88.45973 68.77814 88.39638 68.82484 88.34967 curveto
68.87155 88.30296 68.9349 88.27672 69.00096 88.27672 curveto
69.06702 88.27672 69.13037 88.30296 69.17708 88.34967 curveto
69.22379 88.39638 69.25003 88.45973 69.25003 88.52579 curveto closepath fill
newpath 70.39403 85.76392 moveto
70.39403 85.82997 70.36778 85.89333 70.32108 85.94003 curveto
70.27437 85.98674 70.21101 86.01299 70.14496 86.01299 curveto
70.0789 86.01299 70.01555 85.98674 69.96884 85.94003 curveto
69.92213 85.89333 69.89589 85.82997 69.89589 85.76392 curveto
69.89589 85.69786 69.92213 85.6345 69.96884 85.5878 curveto
70.01555 85.54109 70.0789 85.51485 70.14496 85.51485 curveto
70.21101 85.51485 70.27437 85.54109 70.32108 85.5878 curveto
70.36778 85.6345 70.39403 85.69786 70.39403 85.76392 curveto closepath fill
newpath 71.53757 83.0031 moveto
71.53757 83.06915 71.51132 83.1325 71.46461 83.17921 curveto
71.41791 83.22592 71.35455 83.25217 71.2885 83.25217 curveto
71.22244 83.25217 71.15909 83.22592 71.11238 83.17921 curveto
71.06567 83.1325 71.03943 83.06915 71.03943 83.0031 curveto
71.03943 82.93704 71.06567 82.87369 71.11238 82.82698 curveto
71.15909 82.78027 71.22244 82.75403 71.2885 82.75403 curveto
71.35455 82.75403 71.41791 82.78027 71.46461 82.82698 curveto
71.51132 82.87369 71.53757 82.93704 71.53757 83.0031 curveto closepath fill
newpath 72.68115 80.2423 moveto
72.68115 80.30835 72.6549 80.3717 72.6082 80.41841 curveto
72.5615 80.46512 72.49814 80.49136 72.43208 80.49136 curveto
72.36603 80.49136 72.30267 80.46512 72.25597 80.41841 curveto
72.20926 80.3717 72.18301 80.30835 72.18301 80.2423 curveto
72.18301 80.17624 72.20926 80.11288 72.25597 80.06618 curveto
72.30267 80.01947 72.36603 79.99323 72.43208 79.99323 curveto
72.49814 79.99323 72.5615 80.01947 72.6082 80.06618 curveto
72.6549 80.11288 72.68115 80.17624 72.68115 80.2423 curveto closepath fill
newpath 73.82515 77.48044 moveto
73.82515 77.5465 73.7989 77.60985 73.7522 77.65656 curveto
73.70549 77.70326 73.64214 77.7295 73.57608 77.7295 curveto
73.51003 77.7295 73.44667 77.70326 73.39996 77.65656 curveto
73.35326 77.60985 73.32701 77.5465 73.32701 77.48044 curveto
73.32701 77.41438 73.35326 77.35103 73.39996 77.30432 curveto
73.44667 77.25761 73.51003 77.23137 73.57608 77.23137 curveto
73.64214 77.23137 73.70549 77.25761 73.7522 77.30432 curveto
73.7989 77.35103 73.82515 77.41438 73.82515 77.48044 curveto closepath fill
newpath 74.96869 74.71962 moveto
74.96869 74.78568 74.94244 74.84903 74.89574 74.89574 curveto
74.84903 74.94244 74.78568 74.96869 74.71962 74.96869 curveto
74.65356 74.96869 74.59021 74.94244 74.5435 74.89574 curveto
74.4968 74.84903 74.47055 74.78568 74.47055 74.71962 curveto
74.47055 74.65356 74.4968 74.59021 74.5435 74.5435 curveto
74.59021 74.4968 74.65356 74.47055 74.71962 74.47055 curveto
74.78568 74.47055 74.84903 74.4968 74.89574 74.5435 curveto
74.94244 74.59021 74.96869 74.65356 74.96869 74.71962 curveto closepath fill
 0 0.49814 dtransform truncate idtransform setlinewidth pop [] 0 setdash 1 setlinecap 1 setlinejoin
 10 setmiterlimit
newpath 112.07944 76.2141 moveto
111.7668 84.02925 109.01111 91.54977 104.20044 97.71675 curveto
99.38954 103.88417 92.76561 108.38768 85.26105 110.59293 curveto
77.7567 112.79817 69.74956 112.59386 62.36722 110.00986 curveto stroke
newpath 65.68187 109.58676 moveto
64.70515 110.2416 63.47713 110.39835 62.36722 110.00986 curveto
63.47713 110.39835 64.33934 111.28673 64.69447 112.40775 curveto stroke
newpath 113.45316 79.26025 moveto
112.54137 78.51765 112.03242 77.3891 112.07944 76.2141 curveto
112.03242 77.3891 111.43495 78.47337 110.46674 79.14078 curveto stroke
 0 1.24533 dtransform truncate idtransform setlinewidth pop
newpath 47.4917 144.29861 moveto
74.71962 74.71962 lineto
149.43924 74.71962 lineto stroke
newpath 146.45045 76.21402 moveto
147.156 75.27327 148.2633 74.71962 149.43924 74.71962 curveto
148.2633 74.71962 147.156 74.16597 146.45045 73.22522 curveto stroke
newpath 47.1892 140.97075 moveto
47.80815 141.97061 47.92023 143.20354 47.4917 144.29861 curveto
47.92023 143.20354 48.83931 142.37411 49.97249 142.05989 curveto stroke
newpath 74.71962 76.71214 moveto
74.19115 76.71214 73.68439 76.50218 73.31071 76.12852 curveto
72.93706 75.75485 72.7271 75.2481 72.7271 74.71962 curveto
72.7271 74.19115 72.93706 73.68439 73.31071 73.31071 curveto
73.68439 72.93706 74.19115 72.7271 74.71962 72.7271 curveto
75.2481 72.7271 75.75485 72.93706 76.12852 73.31071 curveto
76.50218 73.68439 76.71214 74.19115 76.71214 74.71962 curveto
76.71214 75.2481 76.50218 75.75485 76.12852 76.12852 curveto
75.75485 76.50218 75.2481 76.71214 74.71962 76.71214 curveto closepath fill
showpage
%%EOF
