%!PS
%%BoundingBox: -1 6 151 83 
%%HiResBoundingBox: -0.62267 6.81918 150.0619 82.47076 
%%Creator: MetaPost 2.000
%%CreationDate: 2017.06.03:1634
%%Pages: 1
%%BeginProlog
%%EndProlog
%%Page: 1 1
 0 0 0 setrgbcolor 0 0.49814 dtransform truncate idtransform setlinewidth pop [] 0 setdash 1 setlinecap
 1 setlinejoin 10 setmiterlimit
newpath 112.07944 46.32625 moveto
111.69429 55.9526 107.60852 65.05884 100.67378 71.74615 curveto
93.73883 78.43349 84.49031 82.18611 74.85643 82.22145 curveto
65.22234 82.25679 55.94646 78.57213 48.96269 71.93542 curveto
41.97894 65.29872 37.82681 56.2226 37.37144 46.5992 curveto stroke
newpath 39.00546 49.514 moveto
38.03241 48.85371 37.42703 47.77382 37.37144 46.5992 curveto
37.42703 47.77382 36.92633 48.90605 36.01999 49.6553 curveto stroke
newpath 113.45316 49.3724 moveto
112.54137 48.6298 112.03242 47.50125 112.07944 46.32625 curveto
112.03242 47.50125 111.43495 48.58553 110.46674 49.25293 curveto stroke
 0 1.24533 dtransform truncate idtransform setlinewidth pop
newpath 0 44.83177 moveto
149.43924 44.83177 lineto stroke
newpath 146.45045 46.32617 moveto
147.156 45.38542 148.2633 44.83177 149.43924 44.83177 curveto
148.2633 44.83177 147.156 44.27812 146.45045 43.33737 curveto stroke
newpath 2.98878 43.33737 moveto
2.28323 44.27812 1.17593 44.83177 0 44.83177 curveto
1.17593 44.83177 2.28323 45.38542 2.98878 46.32617 curveto stroke
 1 1 1 setrgbcolor
newpath 112.07944 43.3373 moveto
111.69429 33.71094 107.60852 24.6047 100.67378 17.91739 curveto
93.73883 11.23006 84.49031 7.47743 74.85643 7.4421 curveto
65.22234 7.40675 55.94646 11.09142 48.96269 17.72812 curveto
41.97894 24.36482 37.82681 33.44095 37.37144 43.06435 curveto stroke
 0 0 0 setrgbcolor
newpath 74.71962 46.8243 moveto
74.19115 46.8243 73.68439 46.61433 73.31071 46.24068 curveto
72.93706 45.867 72.7271 45.36024 72.7271 44.83177 curveto
72.7271 44.3033 72.93706 43.79654 73.31071 43.42287 curveto
73.68439 43.04921 74.19115 42.83925 74.71962 42.83925 curveto
75.2481 42.83925 75.75485 43.04921 76.12852 43.42287 curveto
76.50218 43.79654 76.71214 44.3033 76.71214 44.83177 curveto
76.71214 45.36024 76.50218 45.867 76.12852 46.24068 curveto
75.75485 46.61433 75.2481 46.8243 74.71962 46.8243 curveto closepath fill
showpage
%%EOF
