%!PS
%%BoundingBox: -1 -1 121 120 
%%HiResBoundingBox: -0.62267 -0.24907 120.17406 119.80046 
%%Creator: MetaPost 2.000
%%CreationDate: 2017.06.03:1634
%%Pages: 1
%%BeginProlog
%%EndProlog
%%Page: 1 1
 0.7 setgray 0 0.49814 dtransform truncate idtransform setlinewidth pop [] 0 setdash 1 setlinecap
 1 setlinejoin 10 setmiterlimit
newpath 0 59.7757 moveto
119.55139 59.7757 lineto stroke
 0 0 0 setrgbcolor
newpath 114.57008 62.26636 moveto
115.74602 60.69844 117.5915 59.7757 119.55139 59.7757 curveto
117.5915 59.7757 115.74602 58.85295 114.57008 57.28503 curveto stroke
 0.7 setgray 0.49814 0 dtransform exch truncate exch idtransform pop setlinewidth
newpath 59.7757 0 moveto
59.7757 119.55139 lineto stroke
 0 0 0 setrgbcolor 0 0.49814 dtransform truncate idtransform setlinewidth pop
newpath 57.28503 114.57008 moveto
58.85295 115.74602 59.7757 117.5915 59.7757 119.55139 curveto
59.7757 117.5915 60.69844 115.74602 62.26636 114.57008 curveto stroke
 0.7 setgray 0.49814 0 dtransform exch truncate exch idtransform pop setlinewidth
newpath 11.95514 57.78317 moveto
11.95514 61.76822 lineto stroke
newpath 23.91028 57.78317 moveto
23.91028 61.76822 lineto stroke
newpath 35.86542 57.78317 moveto
35.86542 61.76822 lineto stroke
newpath 47.82056 57.78317 moveto
47.82056 61.76822 lineto stroke
newpath 71.73083 57.78317 moveto
71.73083 61.76822 lineto stroke
newpath 83.68597 57.78317 moveto
83.68597 61.76822 lineto stroke
newpath 95.64111 57.78317 moveto
95.64111 61.76822 lineto stroke
newpath 107.59625 57.78317 moveto
107.59625 61.76822 lineto stroke
 0 0.49814 dtransform truncate idtransform setlinewidth pop
newpath 61.76822 11.95514 moveto
57.78317 11.95514 lineto stroke
newpath 61.76822 23.91028 moveto
57.78317 23.91028 lineto stroke
newpath 61.76822 35.86542 moveto
57.78317 35.86542 lineto stroke
newpath 61.76822 47.82056 moveto
57.78317 47.82056 lineto stroke
newpath 61.76822 71.73083 moveto
57.78317 71.73083 lineto stroke
newpath 61.76822 83.68597 moveto
57.78317 83.68597 lineto stroke
newpath 61.76822 95.64111 moveto
57.78317 95.64111 lineto stroke
newpath 61.76822 107.59625 moveto
57.78317 107.59625 lineto stroke
 0 0 0 setrgbcolor
newpath 62.76448 59.7757 moveto
62.81537 59.68704 62.86116 59.59583 62.90202 59.50224 curveto
62.94435 59.4052 62.98157 59.30614 63.0133 59.20508 curveto
63.04614 59.10037 63.07387 58.99402 63.09558 58.8864 curveto
63.1182 58.77493 63.13516 58.66257 63.14592 58.54947 curveto
63.15723 58.43216 63.16252 58.31432 63.1616 58.19647 curveto
63.1607 58.07498 63.15395 57.95349 63.14063 57.83273 curveto
63.12695 57.70813 63.10707 57.58391 63.0808 57.46132 curveto
63.0538 57.33472 63.0206 57.2094 62.98102 57.08607 curveto
62.94034 56.95894 62.89345 56.83379 62.84018 56.7114 curveto
62.78528 56.58516 62.72453 56.46165 62.65758 56.34163 curveto
62.58862 56.21794 62.51384 56.09755 62.43303 55.98116 curveto
62.35002 55.8615 62.26137 55.74583 62.16705 55.63474 curveto
62.06982 55.52036 61.9673 55.41054 61.8595 55.30602 curveto
61.74895 55.19894 61.63347 55.09697 61.51326 55.001 curveto
61.38976 54.9025 61.2617 54.80965 61.12926 54.72336 curveto
60.99355 54.63489 60.85344 54.5528 60.70987 54.47765 curveto
60.56248 54.40048 60.41162 54.33025 60.25764 54.2675 curveto
60.09985 54.2031 59.93915 54.14618 59.77588 54.0971 curveto
59.6086 54.04695 59.43932 54.00407 59.2682 53.96979 curveto
59.0929 53.93457 58.9163 53.9074 58.73845 53.88898 curveto
58.55603 53.87 58.37288 53.85924 58.18936 53.8574 curveto
58.0022 53.85559 57.81522 53.86215 57.6286 53.87784 curveto
57.43797 53.89389 57.24826 53.91833 57.05981 53.9519 curveto
56.86717 53.9862 56.67654 54.02943 56.48793 54.08142 curveto
56.29547 54.1345 56.1054 54.19617 55.9186 54.26695 curveto
55.72795 54.33919 55.5406 54.42 55.35747 54.50957 curveto
55.17049 54.60097 54.98769 54.70074 54.80983 54.80891 curveto
54.62833 54.91928 54.45192 55.03786 54.28136 55.16446 curveto
54.10696 55.29398 53.93842 55.43115 53.77678 55.57619 curveto
53.61243 55.72357 53.45462 55.87827 53.30449 56.04008 curveto
53.15126 56.20499 53.00551 56.37683 52.86815 56.55505 curveto
52.72804 56.73674 52.59634 56.92427 52.47339 57.11801 curveto
52.34825 57.3152 52.23204 57.51787 52.12532 57.72565 curveto
52.01678 57.93726 51.91754 58.15361 51.8287 58.37416 curveto
51.73824 58.59871 51.65778 58.8271 51.58809 59.05878 curveto
51.51714 59.29465 51.45657 59.53345 51.40732 59.77478 curveto
51.35715 60.02106 51.31775 60.26933 51.29002 60.51906 curveto
51.26193 60.77226 51.24496 61.02655 51.23985 61.2814 curveto
51.23474 61.54044 51.24095 61.79965 51.25919 62.05815 curveto
51.2778 62.32083 51.30807 62.58261 51.35022 62.84256 curveto
51.39308 63.1067 51.44745 63.36884 51.51404 63.62807 curveto
51.58171 63.89148 51.6607 64.15161 51.75172 64.40791 curveto
51.84422 64.66823 51.94801 64.92416 52.06349 65.17517 curveto
52.1806 65.42984 52.30884 65.67938 52.44858 65.92255 curveto
52.59068 66.17009 52.74391 66.41125 52.90773 66.64513 curveto
53.07355 66.88171 53.24995 67.11102 53.43639 67.33176 curveto
53.62573 67.55577 53.82475 67.7714 54.03326 67.9777 curveto
54.24487 68.18695 54.46542 68.38687 54.6949 68.57642 curveto
54.92767 68.76868 55.16884 68.95038 55.41785 69.12094 curveto
55.6705 69.29387 55.93045 69.45586 56.19751 69.60545 curveto
56.46822 69.75722 56.74568 69.89714 57.02898 70.02411 curveto
57.31612 70.1529 57.6089 70.26892 57.90643 70.37143 curveto
58.20888 70.4756 58.51572 70.56662 58.8262 70.64342 curveto
59.14014 70.72113 59.45718 70.78517 59.7768 70.83441 curveto
60.10059 70.8844 60.42639 70.92015 60.7533 70.94095 curveto
61.08456 70.96211 61.4164 70.96886 61.74821 70.96046 curveto
62.08441 70.9519 62.41989 70.92873 62.7539 70.89043 curveto
63.09229 70.85156 63.42868 70.79774 63.76215 70.72897 curveto
64.09981 70.6593 64.43417 70.57483 64.76436 70.47542 curveto
65.09874 70.37471 65.42838 70.25961 65.75235 70.12955 curveto
66.08035 69.99783 66.40231 69.85208 66.71736 69.69173 curveto
67.03696 69.52919 67.34944 69.3528 67.65337 69.16235 curveto
67.96019 68.97008 68.25845 68.76448 68.54686 68.54576 curveto
68.83873 68.3245 69.12094 68.09044 69.39201 67.84418 curveto
69.66638 67.59499 69.92961 67.33394 70.1808 67.0614 curveto
70.43492 66.78577 70.6768 66.49901 70.90538 66.20203 curveto
71.13669 65.9014 71.35469 65.59091 71.55844 65.27095 curveto
71.7644 64.94733 71.95613 64.61514 72.1327 64.27457 curveto
72.31111 63.93015 72.47475 63.57826 72.62196 63.21944 curveto
72.77136 62.8557 72.90471 62.48557 73.02129 62.10995 curveto
73.13876 61.73125 73.23964 61.3478 73.32318 60.96016 curveto
73.40765 60.56831 73.47478 60.173 73.52422 59.77533 curveto
73.57402 59.37328 73.60649 58.96921 73.62071 58.56442 curveto
73.63495 58.15524 73.63148 57.74553 73.60959 57.33673 curveto
73.58751 56.92354 73.54738 56.51146 73.48883 56.10191 curveto
73.42972 55.68819 73.35255 55.27701 73.25697 54.87003 curveto
73.16046 54.45886 73.0461 54.05206 72.91365 53.6511 curveto
72.77939 53.24484 72.62779 52.84444 72.45815 52.45168 curveto
72.2874 52.056 72.09932 51.668 71.8941 51.28893 curveto
71.68687 50.9062 71.46323 50.53242 71.22316 50.1694 curveto
70.98055 49.80275 70.72205 49.44684 70.44804 49.10298 curveto
70.1715 48.75565 69.87999 48.42053 69.57388 48.0991 curveto
69.26468 47.7744 68.94144 47.46375 68.60469 47.16768 curveto
68.26483 46.86887 67.91222 46.58484 67.54738 46.31705 curveto
67.17906 46.04669 66.79927 45.7924 66.40852 45.55562 curveto
66.01303 45.31592 65.60715 45.09373 65.19196 44.88979 curveto
64.77403 44.68456 64.34735 44.49757 63.91301 44.33011 curveto
63.47464 44.16101 63.02917 44.01106 62.5775 43.88118 curveto
62.12181 43.7502 61.66064 43.63892 61.19511 43.54863 curveto
60.72537 43.45741 60.25182 43.38681 59.77588 43.33737 curveto
59.29575 43.28758 58.81343 43.25858 58.33073 43.2511 curveto
57.84367 43.24362 57.35643 43.2573 56.87064 43.29268 curveto
56.38048 43.32845 55.89195 43.38536 55.40689 43.46416 curveto
54.91618 43.54388 54.42912 43.64494 53.94734 43.76753 curveto
53.46265 43.89084 52.98361 44.03514 52.51169 44.20059 curveto
52.03557 44.36751 51.56694 44.55522 51.10742 44.76355 curveto
50.64389 44.97351 50.19002 45.20355 49.74673 45.45346 curveto
49.2998 45.70557 48.86418 45.97682 48.44115 46.26724 curveto
48.01465 46.56003 47.60074 46.87123 47.2016 47.2005 curveto
46.799 47.53252 46.411 47.88185 46.03922 48.24797 curveto
45.66434 48.617 45.30588 49.00227 44.96494 49.40288 curveto
44.62035 49.80785 44.29344 50.22778 43.9857 50.66139 curveto
43.67632 51.09756 43.38591 51.54706 43.1161 52.00876 curveto
42.84412 52.4743 42.59238 52.95132 42.36234 53.43893 curveto
42.13048 53.9302 41.91997 54.4313 41.73225 54.94118 curveto
41.54291 55.45523 41.37599 55.97714 41.2326 56.5058 curveto
41.08795 57.03865 40.96664 57.57753 40.8694 58.12096 curveto
40.77145 58.66858 40.69702 59.22041 40.64758 59.7746 curveto
40.5976 60.333 40.57207 60.89357 40.57152 61.45415 curveto
40.57097 62.02075 40.59486 62.58717 40.64394 63.15158 curveto
40.69337 63.71872 40.76761 64.2835 40.86667 64.84409 curveto
40.96646 65.40904 41.09068 65.96944 41.23972 66.52345 curveto
41.38985 67.08165 41.56425 67.63293 41.76273 68.17581 curveto
41.96284 68.72272 42.1865 69.26085 42.43367 69.78806 curveto
42.68285 70.31926 42.95485 70.83934 43.24963 71.34665 curveto
43.54662 71.85762 43.8655 72.35562 44.20607 72.83868 curveto
44.5492 73.3252 44.91331 73.79657 45.29785 74.25116 curveto
45.68623 74.71013 46.09431 75.15215 46.52135 75.57518 curveto
46.95041 76.0004 47.39807 76.40646 47.86288 76.79228 curveto
48.33096 77.18085 48.81548 77.54897 49.31586 77.89502 curveto
49.8197 78.24362 50.3387 78.5698 50.87119 78.8728 curveto
51.4075 79.17781 51.95677 79.45964 52.51772 79.71649 curveto
53.08267 79.97517 53.65857 80.20885 54.24414 80.41699 curveto
54.83372 80.62659 55.43207 80.81065 56.0377 80.96771 curveto
56.64754 81.12589 57.26413 81.2574 57.88545 81.36157 curveto
58.51097 81.46646 59.14069 81.54417 59.77296 81.59361 curveto
60.41144 81.64359 61.05191 81.66585 61.6924 81.65964 curveto
62.33543 81.65344 62.97774 81.61932 63.61766 81.55676 curveto
64.26198 81.49364 64.90318 81.40244 65.53947 81.28313 curveto
66.17995 81.16309 66.81496 81.01552 67.44249 80.83984 curveto
68.0742 80.66289 68.69772 80.4584 69.31157 80.22691 curveto
69.92943 79.99377 70.5369 79.73419 71.13194 79.44797 curveto
71.73083 79.15974 72.31696 78.84561 72.88829 78.50595 curveto
73.46347 78.1641 74.0235 77.7976 74.56639 77.40668 curveto
75.11438 77.0121 75.64468 76.59381 76.156 76.15291 curveto
76.66916 75.71016 77.1626 75.24536 77.63507 74.75938 curveto
78.11046 74.27031 78.56433 73.761 78.99503 73.23235 curveto
79.42845 72.70023 79.83871 72.14912 80.2238 71.58107 curveto
80.61127 71.00935 80.97392 70.42123 81.30994 69.81796 curveto
81.64815 69.2107 81.96008 68.58919 82.24376 67.95473 curveto
82.52924 67.31625 82.78682 66.66574 83.01521 66.00464 curveto
83.24506 65.33954 83.44572 64.66476 83.61629 63.98215 curveto
83.7885 63.29332 83.9306 62.59738 84.04187 61.89616 curveto
84.15352 61.19257 84.23433 60.48459 84.28377 59.77386 curveto
84.33357 59.05878 84.35217 58.34206 84.33922 57.6255 curveto
84.3261 56.90457 84.28175 56.18474 84.20569 55.46764 curveto
84.12907 54.74635 84.02109 54.0287 83.88171 53.3169 curveto
83.74142 52.60071 83.57031 51.8911 83.36783 51.19005 curveto
83.16425 50.48482 82.93002 49.78888 82.66551 49.10425 curveto
82.39935 48.41544 82.10329 47.73846 81.77785 47.07573 curveto
81.4495 46.40717 81.0925 45.75317 80.70705 45.11598 curveto
80.32031 44.47678 79.90585 43.8549 79.46457 43.252 curveto
79.02074 42.64583 78.55083 42.05916 78.05574 41.49402 curveto
77.55772 40.9256 77.03528 40.37906 76.48947 39.85643 curveto
75.94057 39.33087 75.36903 38.82939 74.77617 38.35382 curveto
74.17984 37.87552 73.56288 37.4233 72.92715 36.99898 curveto
72.28777 36.57211 71.63033 36.17316 70.95592 35.80394 curveto
70.27785 35.43271 69.58392 35.09122 68.87595 34.78093 curveto
68.16196 34.4679 67.43481 34.18587 66.6962 33.9365 curveto
65.95557 33.6864 65.20436 33.46913 64.44458 33.2849 curveto
63.68079 33.09973 62.90913 32.9476 62.13203 32.82993 curveto
61.35054 32.71155 60.5643 32.62726 59.77533 32.57765 curveto
58.98216 32.52785 58.187 32.51253 57.39255 32.53223 curveto
56.59373 32.55211 55.796 32.60664 55.00192 32.6964 curveto
54.20346 32.78651 53.4094 32.91147 52.62206 33.07109 curveto
51.83035 33.23163 51.04594 33.42609 50.27138 33.65538 curveto
49.49062 33.88652 48.72044 34.1514 47.96284 34.44983 curveto
47.20306 34.74919 46.45677 35.08156 45.72618 35.44621 curveto
44.99176 35.8127 44.27374 36.21092 43.57416 36.64034 curveto
42.87093 37.07195 42.18684 37.53421 41.52411 38.02565 curveto
40.85791 38.51982 40.21342 39.04247 39.59282 39.59282 curveto
38.96913 40.1461 38.36969 40.72621 37.7967 41.33203 curveto
37.22081 41.94095 36.67136 42.5745 36.15091 43.2314 curveto
35.62772 43.89157 35.13336 44.57437 34.67001 45.27797 curveto
34.20302 45.98705 33.76685 46.716 33.3637 47.4632 curveto
32.95946 48.2124 32.58804 48.97874 32.25093 49.76042 curveto
31.91217 50.54593 31.60753 51.34584 31.33864 52.15797 curveto
31.06848 52.97414 30.83388 53.80177 30.63596 54.63853 curveto
30.43712 55.4795 30.27513 56.32867 30.15034 57.18367 curveto stroke
newpath 29.10327 54.01039 moveto
29.93225 54.84442 30.32018 56.02007 30.15034 57.18367 curveto
30.32018 56.02007 31.02795 55.00433 32.06073 54.44203 curveto stroke
 0 1.24533 dtransform truncate idtransform setlinewidth pop
newpath 0 59.7757 moveto
59.7757 59.7757 lineto
119.55139 59.7757 lineto stroke
newpath 116.5626 61.2701 moveto
117.26816 60.32935 118.37546 59.7757 119.55139 59.7757 curveto
118.37546 59.7757 117.26816 59.22205 116.5626 58.2813 curveto stroke
newpath 2.98878 58.2813 moveto
2.28323 59.22205 1.17593 59.7757 0 59.7757 curveto
1.17593 59.7757 2.28323 60.32935 2.98878 61.2701 curveto stroke
newpath 59.7757 61.76822 moveto
59.24722 61.76822 58.74046 61.55826 58.36679 61.1846 curveto
57.99313 60.81093 57.78317 60.30417 57.78317 59.7757 curveto
57.78317 59.24722 57.99313 58.74046 58.36679 58.36679 curveto
58.74046 57.99313 59.24722 57.78317 59.7757 57.78317 curveto
60.30417 57.78317 60.81093 57.99313 61.1846 58.36679 curveto
61.55826 58.74046 61.76822 59.24722 61.76822 59.7757 curveto
61.76822 60.30417 61.55826 60.81093 61.1846 61.1846 curveto
60.81093 61.55826 60.30417 61.76822 59.7757 61.76822 curveto closepath fill
showpage
%%EOF
