%!PS
%%BoundingBox: -1 -1 151 150 
%%HiResBoundingBox: -0.62267 -0.24907 150.0619 149.68831 
%%Creator: MetaPost 2.000
%%CreationDate: 2017.06.03:1634
%%Pages: 1
%%BeginProlog
%%EndProlog
%%Page: 1 1
 0.7 setgray 0 0.49814 dtransform truncate idtransform setlinewidth pop [] 0 setdash 1 setlinecap
 1 setlinejoin 10 setmiterlimit
newpath 0 74.71962 moveto
149.43924 74.71962 lineto stroke
 0 0 0 setrgbcolor
newpath 144.45793 77.21028 moveto
145.63387 75.64236 147.47935 74.71962 149.43924 74.71962 curveto
147.47935 74.71962 145.63387 73.79688 144.45793 72.22896 curveto stroke
 0.7 setgray 0.49814 0 dtransform exch truncate exch idtransform pop setlinewidth
newpath 74.71962 0 moveto
74.71962 149.43924 lineto stroke
 0 0 0 setrgbcolor 0 0.49814 dtransform truncate idtransform setlinewidth pop
newpath 72.22896 144.45793 moveto
73.79688 145.63387 74.71962 147.47935 74.71962 149.43924 curveto
74.71962 147.47935 75.64236 145.63387 77.21028 144.45793 curveto stroke
 0.7 setgray 0.49814 0 dtransform exch truncate exch idtransform pop setlinewidth
newpath 14.94392 72.7271 moveto
14.94392 76.71214 lineto stroke
newpath 29.88785 72.7271 moveto
29.88785 76.71214 lineto stroke
newpath 44.83177 72.7271 moveto
44.83177 76.71214 lineto stroke
newpath 59.7757 72.7271 moveto
59.7757 76.71214 lineto stroke
newpath 89.66354 72.7271 moveto
89.66354 76.71214 lineto stroke
newpath 104.60747 72.7271 moveto
104.60747 76.71214 lineto stroke
newpath 119.55139 72.7271 moveto
119.55139 76.71214 lineto stroke
newpath 134.49532 72.7271 moveto
134.49532 76.71214 lineto stroke
 0 0.49814 dtransform truncate idtransform setlinewidth pop
newpath 76.71214 14.94392 moveto
72.7271 14.94392 lineto stroke
newpath 76.71214 29.88785 moveto
72.7271 29.88785 lineto stroke
newpath 76.71214 44.83177 moveto
72.7271 44.83177 lineto stroke
newpath 76.71214 59.7757 moveto
72.7271 59.7757 lineto stroke
newpath 76.71214 89.66354 moveto
72.7271 89.66354 lineto stroke
newpath 76.71214 104.60747 moveto
72.7271 104.60747 lineto stroke
newpath 76.71214 119.55139 moveto
72.7271 119.55139 lineto stroke
newpath 76.71214 134.49532 moveto
72.7271 134.49532 lineto stroke
 0 0 0 setrgbcolor
newpath 89.66354 74.71962 moveto
89.78964 75.15903 89.89476 75.60435 89.97868 76.05357 curveto
90.06464 76.51396 90.12962 76.978 90.17227 77.4443 curveto
90.21582 77.92043 90.23795 78.39836 90.23703 78.87654 curveto
90.23611 79.36588 90.21309 79.855 90.1668 80.34206 curveto
90.1196 80.83893 90.04982 81.3333 89.95656 81.82355 curveto
89.86124 82.32498 89.74358 82.82207 89.60243 83.31256 curveto
89.45877 83.8124 89.29277 84.30562 89.10352 84.79016 curveto
88.91014 85.28522 88.69489 85.77182 88.45683 86.24702 curveto
88.21443 86.7309 87.95015 87.2036 87.66444 87.66307 curveto
87.37256 88.13235 87.06017 88.58862 86.72656 89.0294 curveto
86.38727 89.47794 86.02812 89.91118 85.64914 90.32664 curveto
85.26218 90.75078 84.85675 91.15735 84.43285 91.5443 curveto
84.00188 91.93788 83.55359 92.3123 83.08841 92.66483 curveto
82.61435 93.0242 82.12408 93.36258 81.61923 93.67749 curveto
81.10617 93.99763 80.57898 94.29475 80.03879 94.56702 curveto
79.4881 94.84453 78.92534 95.09718 78.35185 95.32361 curveto
77.76947 95.55347 77.17706 95.75731 76.5762 95.93335 curveto
75.96419 96.11281 75.34464 96.26514 74.71893 96.38849 curveto
74.08365 96.51367 73.44313 96.61082 72.79918 96.67809 curveto
72.1436 96.74649 71.48506 96.78616 70.82607 96.79506 curveto
70.1575 96.80418 69.4887 96.78389 68.82195 96.73259 curveto
68.14334 96.68059 67.46747 96.59874 66.79639 96.48563 curveto
66.11597 96.37115 65.44078 96.22636 64.77335 96.05101 curveto
64.09451 95.8727 63.42343 95.6645 62.76329 95.426 curveto
62.09427 95.18428 61.43596 94.91316 60.79132 94.61217 curveto
60.13597 94.30615 59.49431 93.97119 58.86906 93.60748 curveto
58.23561 93.23923 57.61835 92.84337 57.02046 92.4197 curveto
56.41277 91.98895 55.82423 91.532 55.25735 91.04857 curveto
54.68341 90.55923 54.13159 90.04457 53.60371 89.50575 curveto
53.06763 88.95825 52.55548 88.38751 52.07047 87.79442 curveto
51.5793 87.19379 51.1148 86.57196 50.67928 85.92984 curveto
50.23714 85.27792 49.82417 84.60706 49.442 83.9182 curveto
49.05527 83.22089 48.6991 82.5074 48.3762 81.7784 curveto
48.04854 81.03868 47.75346 80.28482 47.49284 79.51866 curveto
47.22923 78.74359 46.99962 77.95737 46.80624 77.16177 curveto
46.61038 76.35594 46.44984 75.54189 46.32648 74.7219 curveto
46.2013 73.8896 46.11237 73.05229 46.06175 72.21225 curveto
46.01067 71.36284 45.99698 70.51186 46.0216 69.66132 curveto
46.04669 68.79869 46.10918 67.93767 46.21088 67.08075 curveto
46.31372 66.21425 46.4544 65.35298 46.63387 64.49902 curveto
46.81583 63.63344 47.03564 62.77629 47.29378 61.93031 curveto
47.55463 61.07521 47.8522 60.23198 48.1881 59.40356 curveto
48.52853 58.56396 48.90569 57.73943 49.31932 56.93335 curveto
49.73708 56.11884 50.18993 55.32303 50.67836 54.54887 curveto
51.1734 53.76424 51.70242 53.00172 52.2652 52.26428 curveto
52.83344 51.51955 53.43407 50.7999 54.06615 50.10852 curveto
54.70645 49.4078 55.37708 48.73535 56.07712 48.09415 curveto
56.78377 47.44678 57.51846 46.83087 58.27985 46.24873 curveto
59.05125 45.65906 59.84775 45.10312 60.6682 44.58391 curveto
61.49638 44.0599 62.34692 43.57262 63.21843 43.12408 curveto
64.10066 42.67009 65.00252 42.25462 65.92146 41.88043 curveto
66.84885 41.5026 67.79242 41.16534 68.74966 40.87119 curveto
69.71878 40.57338 70.70065 40.31776 71.69234 40.10684 curveto
72.69315 39.89386 73.70262 39.7249 74.71848 39.60153 curveto
75.74641 39.47658 76.77916 39.39677 77.81416 39.36302 curveto
78.85829 39.32904 79.90334 39.34021 80.94633 39.39882 curveto
82.00186 39.4581 83.05443 39.56346 84.10062 39.71577 curveto
85.1557 39.86923 86.2037 40.06876 87.241 40.31503 curveto
88.2906 40.56404 89.32857 40.85887 90.35196 41.19954 curveto
91.38423 41.54318 92.401 41.93105 93.39883 42.36453 curveto
94.40808 42.80302 95.39795 43.2853 96.36455 43.81113 curveto
97.33913 44.3413 98.29001 44.91364 99.21396 45.52771 curveto
100.1482 46.14885 101.05505 46.81035 101.9309 47.5113 curveto
102.81404 48.21819 103.66617 48.96269 104.48343 49.7446 curveto
105.30978 50.53493 106.10127 51.36084 106.85466 52.22096 curveto
107.614 53.08792 108.335 53.9877 109.01498 54.91829 curveto
109.70248 55.85934 110.34894 56.82982 110.95093 57.82767 curveto
111.55748 58.83304 112.1198 59.8644 112.63513 60.91948 curveto
113.15594 61.98573 113.63023 63.07433 114.05528 64.1823 curveto
114.4835 65.29895 114.86272 66.43361 115.19084 67.58354 curveto
115.5224 68.74556 115.80379 69.9215 116.03181 71.10837 curveto
116.26166 72.30391 116.43906 73.50858 116.56265 74.71962 curveto
116.68738 75.94139 116.75899 77.16794 116.77563 78.39586 curveto
116.79228 79.63701 116.75511 80.87814 116.66252 82.11588 curveto
116.56949 83.36205 116.42241 84.60364 116.21992 85.8368 curveto
116.0154 87.08275 115.75658 88.3191 115.44304 89.54224 curveto
115.12746 90.7738 114.75851 91.99124 114.33575 93.1902 curveto
113.90866 94.40147 113.42912 95.5936 112.89735 96.76268 curveto
112.36195 97.93953 111.7757 99.09265 111.13882 100.21774 curveto
110.49556 101.35422 109.80327 102.4622 109.06241 103.5378 curveto
108.31677 104.6207 107.52393 105.6703 106.68593 106.6832 curveto
105.83972 107.70589 104.94974 108.69142 104.01688 109.63567 curveto
103.07764 110.58632 102.09735 111.49568 101.07831 112.36012 curveto
100.04945 113.23302 98.98343 114.06097 97.88206 114.84015 curveto
96.7734 115.62433 95.63077 116.35971 94.45734 117.04333 curveto
93.27274 117.73311 92.05896 118.37112 90.8185 118.95442 curveto
89.57005 119.54135 88.29652 120.0738 87.00134 120.54901 curveto
85.69406 121.02855 84.3665 121.45154 83.02205 121.81433 curveto
81.66917 122.1794 80.30124 122.48495 78.92169 122.72984 curveto
77.52936 122.97704 76.12677 123.16356 74.71802 123.2876 curveto
73.30061 123.41234 71.87842 123.47527 70.45554 123.47481 curveto
69.01965 123.47435 67.58446 123.41188 66.15404 123.28532 curveto
64.7152 123.15808 63.28275 122.96814 61.86076 122.71503 curveto
60.4258 122.45964 59.00246 122.14268 57.59554 121.76233 curveto
56.18018 121.37993 54.78238 120.93529 53.406 120.42998 curveto
52.01733 119.91988 50.65123 119.35005 49.31248 118.72046 curveto
47.96645 118.08723 46.64822 117.39609 45.36307 116.64702 curveto
44.06628 115.89111 42.80325 115.07889 41.57784 114.21239 curveto
40.34558 113.34087 39.15141 112.41669 38.00034 111.4405 curveto
36.839 110.45566 35.721 109.42064 34.6504 108.33775 curveto
33.57434 107.24892 32.54617 106.11382 31.56976 104.9349 curveto
30.5847 103.7453 29.65138 102.51396 28.77417 101.2427 curveto
27.89217 99.96463 27.06648 98.64868 26.30031 97.2981 curveto
25.52776 95.93608 24.81496 94.54124 24.16461 93.11678 curveto
23.51086 91.68454 22.91937 90.22426 22.39377 88.74026 curveto
21.86383 87.24396 21.39912 85.72508 21.00212 84.18796 curveto
20.60307 82.64262 20.27176 81.08064 20.0093 79.50635 curveto stroke
newpath 21.97484 82.20871 moveto
20.93086 81.66745 20.20267 80.66628 20.0093 79.50635 curveto
20.20267 80.66628 19.83864 81.84955 19.02672 82.7002 curveto stroke
 0 1.24533 dtransform truncate idtransform setlinewidth pop
newpath 0 74.71962 moveto
74.71962 74.71962 lineto
149.43924 74.71962 lineto stroke
newpath 146.45045 76.21402 moveto
147.156 75.27327 148.2633 74.71962 149.43924 74.71962 curveto
148.2633 74.71962 147.156 74.16597 146.45045 73.22522 curveto stroke
newpath 2.98878 73.22522 moveto
2.28323 74.16597 1.17593 74.71962 0 74.71962 curveto
1.17593 74.71962 2.28323 75.27327 2.98878 76.21402 curveto stroke
newpath 74.71962 76.71214 moveto
74.19115 76.71214 73.68439 76.50218 73.31071 76.12852 curveto
72.93706 75.75485 72.7271 75.2481 72.7271 74.71962 curveto
72.7271 74.19115 72.93706 73.68439 73.31071 73.31071 curveto
73.68439 72.93706 74.19115 72.7271 74.71962 72.7271 curveto
75.2481 72.7271 75.75485 72.93706 76.12852 73.31071 curveto
76.50218 73.68439 76.71214 74.19115 76.71214 74.71962 curveto
76.71214 75.2481 76.50218 75.75485 76.12852 76.12852 curveto
75.75485 76.50218 75.2481 76.71214 74.71962 76.71214 curveto closepath fill
showpage
%%EOF
