%!PS
%%BoundingBox: -1 -1 121 120 
%%HiResBoundingBox: -0.24907 -0.24907 120.17406 119.80046 
%%Creator: MetaPost 2.000
%%CreationDate: 2017.06.03:1634
%%Pages: 1
%%BeginProlog
%%EndProlog
%%Page: 1 1
 0.7 setgray 0 0.49814 dtransform truncate idtransform setlinewidth pop [] 0 setdash 1 setlinecap
 1 setlinejoin 10 setmiterlimit
newpath 0 59.7757 moveto
119.55139 59.7757 lineto stroke
 0 0 0 setrgbcolor
newpath 114.57008 62.26636 moveto
115.74602 60.69844 117.5915 59.7757 119.55139 59.7757 curveto
117.5915 59.7757 115.74602 58.85295 114.57008 57.28503 curveto stroke
 0.7 setgray 0.49814 0 dtransform exch truncate exch idtransform pop setlinewidth
newpath 59.7757 0 moveto
59.7757 119.55139 lineto stroke
 0 0 0 setrgbcolor 0 0.49814 dtransform truncate idtransform setlinewidth pop
newpath 57.28503 114.57008 moveto
58.85295 115.74602 59.7757 117.5915 59.7757 119.55139 curveto
59.7757 117.5915 60.69844 115.74602 62.26636 114.57008 curveto stroke
 0.7 setgray 0.49814 0 dtransform exch truncate exch idtransform pop setlinewidth
newpath 11.95514 57.78317 moveto
11.95514 61.76822 lineto stroke
newpath 23.91028 57.78317 moveto
23.91028 61.76822 lineto stroke
newpath 35.86542 57.78317 moveto
35.86542 61.76822 lineto stroke
newpath 47.82056 57.78317 moveto
47.82056 61.76822 lineto stroke
newpath 71.73083 57.78317 moveto
71.73083 61.76822 lineto stroke
newpath 83.68597 57.78317 moveto
83.68597 61.76822 lineto stroke
newpath 95.64111 57.78317 moveto
95.64111 61.76822 lineto stroke
newpath 107.59625 57.78317 moveto
107.59625 61.76822 lineto stroke
 0 0.49814 dtransform truncate idtransform setlinewidth pop
newpath 61.76822 11.95514 moveto
57.78317 11.95514 lineto stroke
newpath 61.76822 23.91028 moveto
57.78317 23.91028 lineto stroke
newpath 61.76822 35.86542 moveto
57.78317 35.86542 lineto stroke
newpath 61.76822 47.82056 moveto
57.78317 47.82056 lineto stroke
newpath 61.76822 71.73083 moveto
57.78317 71.73083 lineto stroke
newpath 61.76822 83.68597 moveto
57.78317 83.68597 lineto stroke
newpath 61.76822 95.64111 moveto
57.78317 95.64111 lineto stroke
newpath 61.76822 107.59625 moveto
57.78317 107.59625 lineto stroke
 0 0 0 setrgbcolor
newpath 62.76448 59.7757 moveto
62.8152 59.86417 62.86116 59.95538 62.90184 60.04897 curveto
62.94417 60.1462 62.98175 60.24542 63.01349 60.34668 curveto
63.04633 60.4512 63.07387 60.55756 63.09558 60.665 curveto
63.1182 60.77664 63.13498 60.88937 63.14592 61.00266 curveto
63.15704 61.1196 63.16252 61.23708 63.1616 61.35455 curveto
63.1607 61.47623 63.15376 61.5979 63.14046 61.71884 curveto
63.12677 61.84344 63.10707 61.96748 63.0808 62.09007 curveto
63.0538 62.21649 63.02078 62.34181 62.9812 62.46495 curveto
62.94034 62.59227 62.89326 62.7176 62.84 62.84018 curveto
62.7851 62.96623 62.72453 63.08974 62.65758 63.20976 curveto
62.58844 63.33363 62.51347 63.45421 62.43266 63.57079 curveto
62.34966 63.69044 62.26118 63.8061 62.16687 63.91702 curveto
62.06982 64.03139 61.9673 64.14102 61.8595 64.24538 curveto
61.74895 64.35245 61.63365 64.45424 61.51344 64.5502 curveto
61.39012 64.64871 61.26224 64.74138 61.12999 64.82748 curveto
60.9939 64.91614 60.8538 64.9986 60.70987 65.07393 curveto
60.56265 65.15091 60.4118 65.22096 60.25801 65.2837 curveto
60.10004 65.34811 59.93896 65.40521 59.77551 65.45445 curveto
59.60841 65.50462 59.43913 65.54732 59.26802 65.5816 curveto
59.09235 65.61682 58.9154 65.64381 58.73717 65.66241 curveto
58.5553 65.6814 58.37288 65.69215 58.1901 65.69398 curveto
58.00311 65.6958 57.81613 65.68924 57.6297 65.67374 curveto
57.4387 65.65768 57.24861 65.63324 57.05981 65.59949 curveto
56.86736 65.56519 56.67691 65.52214 56.48846 65.47015 curveto
56.29565 65.41689 56.1054 65.35522 55.91823 65.28426 curveto
55.7276 65.21202 55.5406 65.1314 55.35747 65.04182 curveto
55.17012 64.95024 54.98697 64.85028 54.80873 64.74193 curveto
54.62741 64.63156 54.45119 64.51317 54.2808 64.38657 curveto
54.1066 64.25723 53.93842 64.12006 53.77678 63.9752 curveto
53.61243 63.82799 53.4548 63.67313 53.30467 63.51149 curveto
53.15163 63.34677 53.00587 63.1753 52.8687 62.99725 curveto
52.72841 62.8152 52.59634 62.6273 52.4732 62.4332 curveto
52.34825 62.23619 52.23204 62.03352 52.1255 61.82593 curveto
52.01678 61.61395 51.91737 61.39723 51.82834 61.17633 curveto
51.73787 60.95195 51.65741 60.72392 51.58774 60.49225 curveto
51.51659 60.25601 51.4562 60.0165 51.40695 59.77478 curveto
51.35696 59.52943 51.31757 59.28188 51.29002 59.03307 curveto
51.26193 58.78004 51.24515 58.52574 51.24004 58.27127 curveto
51.23492 58.01169 51.24095 57.7521 51.25919 57.49324 curveto
51.27762 57.23074 51.30789 56.96933 51.35004 56.70956 curveto
51.3929 56.44487 51.44745 56.18237 51.51404 55.9226 curveto
51.58153 55.65936 51.6607 55.39941 51.75172 55.1433 curveto
51.84439 54.88261 51.94838 54.62613 52.06403 54.37476 curveto
52.18115 54.1201 52.30975 53.87091 52.44931 53.62793 curveto
52.59105 53.3813 52.74336 53.14087 52.90663 52.90791 curveto
53.07281 52.67094 53.24922 52.44128 53.43602 52.22 curveto
53.6252 51.99599 53.82385 51.78055 54.03235 51.57442 curveto
54.24432 51.3648 54.46542 51.1647 54.69527 50.9748 curveto
54.92786 50.78271 55.16902 50.60101 55.41785 50.43063 curveto
55.67085 50.25734 55.93135 50.09517 56.19879 49.94522 curveto
56.46931 49.79362 56.7466 49.65388 57.02953 49.5271 curveto
57.31648 49.3985 57.60909 49.28247 57.90643 49.17996 curveto
58.20851 49.07579 58.51498 48.98477 58.82529 48.90797 curveto
59.13887 48.83026 59.45573 48.76659 59.77496 48.71733 curveto
60.0993 48.66736 60.42566 48.63142 60.7533 48.61044 curveto
61.0842 48.58928 61.41603 48.58235 61.74748 48.59074 curveto
62.08423 48.5993 62.42044 48.62267 62.75499 48.66115 curveto
63.09302 48.70001 63.42923 48.75365 63.76251 48.82242 curveto
64.09999 48.89209 64.43399 48.97638 64.76381 49.07579 curveto
65.09874 49.17668 65.42892 49.29214 65.75363 49.4224 curveto
66.08125 49.55392 66.40305 49.69968 66.71773 49.85985 curveto
67.03714 50.02238 67.34944 50.19878 67.65318 50.38904 curveto
67.95964 50.58095 68.25754 50.78618 68.54576 51.00471 curveto
68.83818 51.22635 69.12094 51.46077 69.39256 51.70758 curveto
69.66675 51.95659 69.9298 52.21764 70.1808 52.48999 curveto
70.43474 52.76544 70.67662 53.05167 70.90501 53.34865 curveto
71.13669 53.64981 71.35469 53.96103 71.5588 54.28154 curveto
71.76459 54.6048 71.9565 54.9368 72.13289 55.27701 curveto
72.31166 55.62196 72.4753 55.97478 72.62288 56.33414 curveto
72.77173 56.69661 72.90471 57.06546 73.02074 57.4396 curveto
73.1384 57.81905 73.23946 58.20323 73.32318 58.5916 curveto
73.40765 58.98308 73.47478 59.37802 73.52403 59.77551 curveto
73.57384 60.1772 73.60631 60.5809 73.62053 60.9855 curveto
73.63495 61.39542 73.63148 61.80586 73.60959 62.2154 curveto
73.58751 62.62804 73.54738 63.03975 73.48883 63.44893 curveto
73.42953 63.86357 73.35237 64.27547 73.2566 64.68318 curveto
73.16011 65.094 73.04573 65.50061 72.91328 65.90121 curveto
72.7792 66.3071 72.62761 66.70695 72.45815 67.09935 curveto
72.28758 67.49466 72.0995 67.88248 71.89465 68.26118 curveto
71.6876 68.64372 71.46414 69.01714 71.22426 69.37997 curveto
70.98126 69.74738 70.72241 70.104 70.44804 70.4486 curveto
70.17168 70.79556 69.88036 71.13013 69.57443 71.45137 curveto
69.26468 71.77663 68.94107 72.0882 68.60378 72.38481 curveto
68.26428 72.68344 67.91185 72.96729 67.5472 73.23471 curveto
67.17816 73.50543 66.79744 73.76027 66.40596 73.99742 curveto
66.01175 74.2362 65.60733 74.45766 65.19379 74.66069 curveto
64.77513 74.86629 64.34772 75.05363 63.91264 75.22147 curveto
63.47446 75.39056 63.02936 75.54033 62.57805 75.67003 curveto
62.12254 75.80101 61.66174 75.91193 61.19658 76.00223 curveto
60.72592 76.09361 60.25163 76.1644 59.77496 76.21402 curveto
59.2952 76.26399 58.81325 76.29282 58.33092 76.3003 curveto
57.84294 76.30777 57.35478 76.29428 56.86809 76.25871 curveto
56.37828 76.22295 55.89014 76.16566 55.40544 76.08687 curveto
54.91527 76.00714 54.42876 75.90627 53.94734 75.78386 curveto
53.46301 75.66074 52.98434 75.51643 52.51279 75.35117 curveto
52.03703 75.18443 51.56876 74.99709 51.1096 74.78894 curveto
50.64534 74.57861 50.19038 74.34784 49.74637 74.09756 curveto
49.2998 73.84564 48.86436 73.57475 48.4417 73.28452 curveto
48.01447 72.99118 47.6 72.67943 47.20015 72.34961 curveto
46.7979 72.01796 46.41026 71.66881 46.03885 71.30287 curveto
45.66325 70.93292 45.30406 70.54692 44.96239 70.1456 curveto
44.61888 69.74208 44.29326 69.32361 43.98662 68.89145 curveto
43.67741 68.45564 43.38736 68.00653 43.11775 67.54518 curveto
42.84521 67.07892 42.59293 66.60115 42.36234 66.11282 curveto
42.13048 65.62192 41.92033 65.12099 41.73262 64.6115 curveto
41.54291 64.09651 41.37581 63.5737 41.23206 63.04413 curveto
41.08759 62.51183 40.96646 61.97333 40.8694 61.43044 curveto
40.77127 60.88171 40.69684 60.32898 40.64722 59.77386 curveto
40.59741 59.21585 40.57188 58.65562 40.57133 58.09541 curveto
40.57079 57.53082 40.59468 56.96642 40.64375 56.404 curveto
40.69319 55.83577 40.76743 55.2699 40.86649 54.70822 curveto
40.9661 54.14381 41.09013 53.58379 41.239 53.03014 curveto
41.38931 52.47101 41.56407 51.91882 41.76291 51.37503 curveto
41.96284 50.82849 42.18613 50.29073 42.4333 49.76389 curveto
42.68285 49.23177 42.95557 48.71077 43.25092 48.20255 curveto
43.54753 47.69196 43.86621 47.19449 44.20662 46.7118 curveto
44.54938 46.22565 44.91331 45.75464 45.29749 45.3006 curveto
45.68568 44.84181 46.0934 44.40016 46.52026 43.97731 curveto
46.94894 43.55264 47.39587 43.14674 47.86014 42.76129 curveto
48.32915 42.37201 48.81458 42.00316 49.31586 41.65637 curveto
49.81934 41.30814 50.33797 40.98196 50.87009 40.67932 curveto
51.40732 40.37376 51.95769 40.09157 52.51971 39.83417 curveto
53.08414 39.57568 53.65967 39.342 54.24469 39.13403 curveto
54.83372 38.92462 55.4317 38.74092 56.03679 38.58403 curveto
56.64772 38.42569 57.2654 38.29362 57.88782 38.18929 curveto
58.5128 38.08456 59.14215 38.00703 59.77405 37.9576 curveto
60.4118 37.9078 61.05154 37.88554 61.6913 37.89175 curveto
62.33397 37.89795 62.9759 37.93207 63.61548 37.99463 curveto
64.26088 38.05775 64.903 38.14896 65.54037 38.26845 curveto
66.1805 38.3883 66.81496 38.53606 67.44212 38.71155 curveto
68.07329 38.88814 68.69644 39.09209 69.30974 39.32358 curveto
69.9287 39.55707 70.53726 39.81757 71.1334 40.10434 curveto
71.73193 40.3922 72.31769 40.70596 72.88866 41.04544 curveto
73.46475 41.38785 74.0257 41.75543 74.56949 42.14708 curveto
75.11548 42.5402 75.64432 42.95685 76.15381 43.3963 curveto
76.66788 43.83977 77.16223 44.3053 77.63544 44.792 curveto
78.11046 45.28072 78.56396 45.78984 78.9943 46.31813 curveto
79.42735 46.8499 79.83725 47.40025 80.22217 47.96796 curveto
80.61035 48.54057 80.97374 49.12979 81.31049 49.73415 curveto
81.64851 50.34088 81.95973 50.96202 82.24321 51.59595 curveto
82.52907 52.23569 82.78719 52.88748 83.01613 53.54967 curveto
83.24579 54.21423 83.44646 54.88864 83.61684 55.57089 curveto
83.78868 56.2588 83.93079 56.95401 84.04187 57.65451 curveto
84.15334 58.35756 84.23433 59.06517 84.28377 59.77533 curveto
84.33357 60.4917 84.35217 61.2097 84.33922 61.92754 curveto
84.32628 62.64792 84.28175 63.3672 84.20569 64.08376 curveto
84.12907 64.80467 84.02127 65.52159 83.8819 66.23303 curveto
83.74142 66.95032 83.56996 67.66103 83.36728 68.36334 curveto
83.16388 69.06822 82.92966 69.76361 82.66515 70.44788 curveto
82.39845 71.13779 82.10184 71.81584 81.77585 72.47968 curveto
81.44876 73.14587 81.09305 73.79749 80.70886 74.4325 curveto
80.3214 75.07278 79.90622 75.69576 79.4642 76.29974 curveto
79.02074 76.90556 78.5512 77.49187 78.05646 78.05646 curveto
77.55882 78.62453 77.03673 79.17087 76.49129 79.69315 curveto
75.94148 80.2196 75.36885 80.722 74.77507 81.19849 curveto
74.17929 81.6766 73.56288 82.12846 72.92752 82.55241 curveto
72.28703 82.97983 71.62831 83.3795 70.9528 83.74927 curveto
70.2753 84.12032 69.58174 84.46126 68.87413 84.77138 curveto
68.16086 85.08405 67.43446 85.3657 66.69656 85.6149 curveto
65.95648 85.8648 65.20564 86.0819 64.44658 86.26596 curveto
63.68333 86.45111 62.91225 86.60326 62.13568 86.72092 curveto
61.35272 86.83948 60.56503 86.92413 59.77478 86.97374 curveto
58.98216 87.02354 58.18773 87.0387 57.39383 87.01898 curveto
56.59373 86.9991 55.79472 86.94456 54.99937 86.85481 curveto
54.20164 86.7647 53.40793 86.63956 52.62114 86.47993 curveto
51.82816 86.31903 51.0423 86.12402 50.26628 85.89455 curveto
49.48807 85.66432 48.72044 85.40018 47.9654 85.10266 curveto stroke
newpath 51.29393 84.80803 moveto
50.29263 85.4246 49.05945 85.53377 47.9654 85.10266 curveto
49.05945 85.53377 49.88669 86.45482 50.19823 87.58873 curveto stroke
 0 1.24533 dtransform truncate idtransform setlinewidth pop
newpath 29.88785 111.54257 moveto
59.7757 59.7757 lineto
119.55139 59.7757 lineto stroke
newpath 116.5626 61.2701 moveto
117.26816 60.32935 118.37546 59.7757 119.55139 59.7757 curveto
118.37546 59.7757 117.26816 59.22205 116.5626 58.2813 curveto stroke
newpath 30.08806 108.207 moveto
30.54999 109.2884 30.47581 110.52419 29.88785 111.54257 curveto
30.47581 110.52419 31.50894 109.84206 32.67644 109.70142 curveto stroke
newpath 59.7757 61.76822 moveto
59.24722 61.76822 58.74046 61.55826 58.36679 61.1846 curveto
57.99313 60.81093 57.78317 60.30417 57.78317 59.7757 curveto
57.78317 59.24722 57.99313 58.74046 58.36679 58.36679 curveto
58.74046 57.99313 59.24722 57.78317 59.7757 57.78317 curveto
60.30417 57.78317 60.81093 57.99313 61.1846 58.36679 curveto
61.55826 58.74046 61.76822 59.24722 61.76822 59.7757 curveto
61.76822 60.30417 61.55826 60.81093 61.1846 61.1846 curveto
60.81093 61.55826 60.30417 61.76822 59.7757 61.76822 curveto closepath fill
showpage
%%EOF
