%!PS
%%BoundingBox: 15 87 171 180 
%%HiResBoundingBox: 15.94019 87.67102 170.9834 179.94975 
%%Creator: MetaPost 2.000
%%CreationDate: 2017.06.03:1634
%%Pages: 1
%%BeginProlog
%%EndProlog
%%Page: 1 1
 0 0 0 setrgbcolor 0 0.49814 dtransform truncate idtransform setlinewidth pop [] 0 setdash 1 setlinecap
 1 setlinejoin 10 setmiterlimit
newpath 107.49419 92.00801 moveto
107.42578 92.7876 107.32344 93.56389 107.18745 94.33443 curveto
107.05145 95.10526 106.88235 95.8695 106.67986 96.62555 curveto
106.47737 97.38159 106.24178 98.12833 105.97417 98.86385 curveto
105.70656 99.5991 105.40692 100.32259 105.07611 101.03183 curveto
104.74529 101.74109 104.38382 102.43529 103.99252 103.11308 curveto
103.60123 103.79086 103.18039 104.45113 102.73163 105.09225 curveto stroke
newpath 103.22125 101.78676 moveto
103.58736 102.90424 103.40596 104.12888 102.73163 105.09225 curveto
103.40596 104.12888 104.49449 103.53922 105.6698 103.50066 curveto stroke
newpath 49.19565 92.39876 moveto
49.11601 93.30832 48.99672 94.21376 48.83801 95.11292 curveto
48.6793 96.01207 48.48174 96.90382 48.24559 97.78603 curveto
48.00946 98.66794 47.73473 99.53917 47.42252 100.397 curveto
47.1103 101.25484 46.7606 102.099 46.37479 102.92645 curveto stroke
newpath 46.2834 99.58612 moveto
46.83788 100.62314 46.87172 101.86067 46.37479 102.92645 curveto
46.87172 101.86067 47.84145 101.09106 48.99223 100.84915 curveto stroke
newpath 163.18776 89.66354 moveto
163.18776 96.83652 lineto
170.36073 96.83652 lineto stroke
 0 1.24533 dtransform truncate idtransform setlinewidth pop
newpath 80.69719 89.66354 moveto
170.36073 89.66354 lineto
170.36073 179.32709 lineto
80.69719 89.66354 lineto stroke
newpath 17.93271 89.66354 moveto
170.36073 89.66354 lineto
170.36073 179.32709 lineto
17.93271 89.66354 lineto stroke
newpath 80.69719 91.65607 moveto
80.16872 91.65607 79.66196 91.4461 79.28828 91.07245 curveto
78.91463 90.69878 78.70467 90.19202 78.70467 89.66354 curveto
78.70467 89.13507 78.91463 88.62831 79.28828 88.25464 curveto
79.66196 87.88098 80.16872 87.67102 80.69719 87.67102 curveto
81.22566 87.67102 81.73242 87.88098 82.1061 88.25464 curveto
82.47975 88.62831 82.68971 89.13507 82.68971 89.66354 curveto
82.68971 90.19202 82.47975 90.69878 82.1061 91.07245 curveto
81.73242 91.4461 81.22566 91.65607 80.69719 91.65607 curveto closepath fill
newpath 17.93271 91.65607 moveto
17.40424 91.65607 16.89748 91.4461 16.5238 91.07245 curveto
16.15015 90.69878 15.94019 90.19202 15.94019 89.66354 curveto
15.94019 89.13507 16.15015 88.62831 16.5238 88.25464 curveto
16.89748 87.88098 17.40424 87.67102 17.93271 87.67102 curveto
18.46118 87.67102 18.96794 87.88098 19.34161 88.25464 curveto
19.71527 88.62831 19.92523 89.13507 19.92523 89.66354 curveto
19.92523 90.19202 19.71527 90.69878 19.34161 91.07245 curveto
18.96794 91.4461 18.46118 91.65607 17.93271 91.65607 curveto closepath fill
showpage
%%EOF
