%!PS
%%BoundingBox: -1 -1 160 160 
%%HiResBoundingBox: -0.24907 -0.24907 159.65092 159.65092 
%%Creator: MetaPost 1.9991
%%CreationDate: 2017.08.14:1609
%%Pages: 1
%%BeginProlog
%%EndProlog
%%Page: 1 1
 0 0 0 setrgbcolor 0 0.49814 dtransform truncate idtransform setlinewidth pop
 [] 0 setdash 1 setlinecap 1 setlinejoin 10 setmiterlimit
newpath 0 79.70093 moveto
159.40186 79.70093 lineto stroke
newpath 154.42055 82.19159 moveto
155.59648 80.62367 157.44197 79.70093 159.40186 79.70093 curveto
157.44197 79.70093 155.59648 78.77818 154.42055 77.21027 curveto stroke
 0.49814 0 dtransform exch truncate exch idtransform pop setlinewidth
newpath 79.70093 0 moveto
79.70093 159.40186 lineto stroke
 0 0.49814 dtransform truncate idtransform setlinewidth pop
newpath 77.21027 154.42055 moveto
78.77818 155.59648 79.70093 157.44197 79.70093 159.40186 curveto
79.70093 157.44197 80.62367 155.59648 82.19159 154.42055 curveto stroke
 0.49814 0 dtransform exch truncate exch idtransform pop setlinewidth
newpath 19.92523 77.7084 moveto
19.92523 81.69345 lineto stroke
newpath 39.85046 77.7084 moveto
39.85046 81.69345 lineto stroke
newpath 59.7757 77.7084 moveto
59.7757 81.69345 lineto stroke
newpath 79.70093 77.7084 moveto
79.70093 81.69345 lineto stroke
newpath 99.62616 77.7084 moveto
99.62616 81.69345 lineto stroke
newpath 119.55139 77.7084 moveto
119.55139 81.69345 lineto stroke
newpath 139.47662 77.7084 moveto
139.47662 81.69345 lineto stroke
 0 0.49814 dtransform truncate idtransform setlinewidth pop
newpath 81.69345 19.92523 moveto
77.7084 19.92523 lineto stroke
newpath 81.69345 39.85046 moveto
77.7084 39.85046 lineto stroke
newpath 81.69345 59.7757 moveto
77.7084 59.7757 lineto stroke
newpath 81.69345 79.70093 moveto
77.7084 79.70093 lineto stroke
newpath 81.69345 99.62616 moveto
77.7084 99.62616 lineto stroke
newpath 81.69345 119.55139 moveto
77.7084 119.55139 lineto stroke
newpath 81.69345 139.47662 moveto
77.7084 139.47662 lineto stroke
 0 1.24533 dtransform truncate idtransform setlinewidth pop
newpath 19.92523 39.85046 moveto
20.31227 44.9838 20.97719 50.09218 21.91727 55.15346 curveto
22.31252 57.28108 23.15956 59.2856 23.91113 61.3129 curveto
24.49153 62.87898 25.18474 64.39946 25.90317 65.90686 curveto
26.51428 67.18898 27.19167 68.43796 27.8952 69.67172 curveto
28.5206 70.76839 29.19221 71.83768 29.88724 72.89177 curveto
30.52176 73.85434 31.19124 74.7932 31.8811 75.71686 curveto
32.5208 76.57362 33.18814 77.40881 33.87314 78.2294 curveto
34.51678 79.00043 35.18323 79.7523 35.86517 80.4899 curveto
36.51186 81.18918 37.17769 81.87082 37.85721 82.53818 curveto
38.50693 83.17635 39.17278 83.7975 39.85107 84.40526 curveto
40.50201 84.98871 41.16693 85.55573 41.84311 86.10968 curveto
42.49557 86.64447 43.16049 87.16377 43.83514 87.6706 curveto
44.48912 88.1616 45.15375 88.63834 45.82718 89.10199 curveto
46.48268 89.55348 47.1479 89.99069 47.82104 90.41542 curveto
48.47716 90.82951 49.14146 91.22993 49.81308 91.61787 curveto
50.4698 91.99731 51.13411 92.36368 51.80511 92.71788 curveto
52.46335 93.06538 53.12828 93.40013 53.79898 93.72272 curveto
54.45721 94.03952 55.12154 94.34355 55.79102 94.63603 curveto
56.44986 94.92395 57.11418 95.19911 57.78305 95.46301 curveto
58.4425 95.72327 59.10681 95.97075 59.77509 96.20729 curveto
60.43576 96.44109 61.10037 96.66273 61.76895 96.87312 curveto
62.4293 97.08109 63.09363 97.27689 63.76099 97.46173 curveto
64.42195 97.64476 65.08627 97.81593 65.75302 97.97617 curveto
66.41429 98.13487 67.07861 98.28203 67.74506 98.41823 curveto
68.40755 98.55353 69.07217 98.67726 69.73892 98.79007 curveto
70.40111 98.90225 71.06543 99.00288 71.73096 99.09258 curveto
72.39345 99.18166 73.05777 99.25949 73.72299 99.32639 curveto
74.3861 99.39296 75.05011 99.44861 75.71503 99.493 curveto
76.37904 99.53738 77.04366 99.57083 77.7089 99.59302 curveto
78.3726 99.61522 79.03691 99.62616 79.70093 99.62616 curveto
80.36494 99.62616 81.02925 99.61522 81.69296 99.59302 curveto
82.3582 99.57083 83.02281 99.53738 83.68683 99.493 curveto
84.35175 99.44861 85.01576 99.39296 85.67886 99.32639 curveto
86.34409 99.25949 87.0084 99.18166 87.6709 99.09258 curveto
88.33643 99.00288 89.00075 98.90225 89.66293 98.79007 curveto
90.32968 98.67726 90.99431 98.55353 91.6568 98.41823 curveto
92.32324 98.28203 92.98756 98.13487 93.64883 97.97617 curveto
94.31558 97.81593 94.9799 97.64476 95.64087 97.46173 curveto
96.30823 97.27689 96.97255 97.08109 97.6329 96.87312 curveto
98.30148 96.66273 98.9661 96.44109 99.62677 96.20729 curveto
100.29504 95.97075 100.95935 95.72327 101.6188 95.46301 curveto
102.28767 95.19911 102.952 94.92395 103.61084 94.63603 curveto
104.28032 94.34355 104.94464 94.03952 105.60287 93.72272 curveto
106.27357 93.40013 106.9385 93.06538 107.59674 92.71788 curveto
108.26775 92.36368 108.93205 91.99731 109.58878 91.61787 curveto
110.26039 91.22993 110.9247 90.82951 111.58081 90.41542 curveto
112.25395 89.99069 112.91917 89.55348 113.57468 89.10199 curveto
114.24811 88.63834 114.91273 88.1616 115.56671 87.6706 curveto
116.24136 87.16377 116.90628 86.64447 117.55875 86.10968 curveto
118.23492 85.55573 118.89984 84.98871 119.55078 84.40526 curveto
120.22908 83.7975 120.89493 83.17635 121.54465 82.53818 curveto
122.22417 81.87082 122.89 81.18918 123.53668 80.4899 curveto
124.21863 79.7523 124.88507 79.00043 125.52872 78.2294 curveto
126.21371 77.40881 126.88106 76.57362 127.52075 75.71686 curveto
128.21062 74.7932 128.8801 73.85434 129.51462 72.89177 curveto
130.20964 71.83768 130.88126 70.76839 131.50665 69.67172 curveto
132.21019 68.43796 132.88757 67.18898 133.49869 65.90686 curveto
134.21712 64.39946 134.91032 62.87898 135.49072 61.3129 curveto
136.2423 59.2856 137.08934 57.28108 137.48459 55.15346 curveto
138.42467 50.09218 139.08958 44.9838 139.47662 39.85046 curveto stroke
newpath 79.70093 101.61868 moveto
79.17245 101.61868 78.6657 101.40872 78.29202 101.03506 curveto
77.91837 100.66139 77.7084 100.15463 77.7084 99.62616 curveto
77.7084 99.09769 77.91837 98.59093 78.29202 98.21725 curveto
78.6657 97.8436 79.17245 97.63364 79.70093 97.63364 curveto
80.2294 97.63364 80.73616 97.8436 81.10983 98.21725 curveto
81.48349 98.59093 81.69345 99.09769 81.69345 99.62616 curveto
81.69345 100.15463 81.48349 100.66139 81.10983 101.03506 curveto
80.73616 101.40872 80.2294 101.61868 79.70093 101.61868 curveto closepath fill
newpath 19.92523 41.84299 moveto
19.39676 41.84299 18.89 41.63303 18.51633 41.25937 curveto
18.14267 40.8857 17.93271 40.37894 17.93271 39.85046 curveto
17.93271 39.32199 18.14267 38.81523 18.51633 38.44156 curveto
18.89 38.0679 19.39676 37.85794 19.92523 37.85794 curveto
20.4537 37.85794 20.96046 38.0679 21.33414 38.44156 curveto
21.7078 38.81523 21.91776 39.32199 21.91776 39.85046 curveto
21.91776 40.37894 21.7078 40.8857 21.33414 41.25937 curveto
20.96046 41.63303 20.4537 41.84299 19.92523 41.84299 curveto closepath fill
newpath 139.47662 41.84299 moveto
138.94815 41.84299 138.44139 41.63303 138.06772 41.25937 curveto
137.69406 40.8857 137.4841 40.37894 137.4841 39.85046 curveto
137.4841 39.32199 137.69406 38.81523 138.06772 38.44156 curveto
138.44139 38.0679 138.94815 37.85794 139.47662 37.85794 curveto
140.0051 37.85794 140.51186 38.0679 140.88553 38.44156 curveto
141.25919 38.81523 141.46915 39.32199 141.46915 39.85046 curveto
141.46915 40.37894 141.25919 40.8857 140.88553 41.25937 curveto
140.51186 41.63303 140.0051 41.84299 139.47662 41.84299 curveto closepath fill
showpage
%%EOF
