%!PS
%%BoundingBox: -1 -1 150 90 
%%HiResBoundingBox: -0.24907 -0.24907 149.68831 89.91261 
%%Creator: MetaPost 1.9991
%%CreationDate: 2017.08.14:1609
%%Pages: 1
%%BeginProlog
%%EndProlog
%%Page: 1 1
 0 0 0 setrgbcolor 0 0.49814 dtransform truncate idtransform setlinewidth pop
 [] 0 setdash 1 setlinecap 1 setlinejoin 10 setmiterlimit
newpath 0 14.94392 moveto
149.43924 14.94392 lineto stroke
newpath 144.45793 17.43459 moveto
145.63387 15.86667 147.47935 14.94392 149.43924 14.94392 curveto
147.47935 14.94392 145.63387 14.02118 144.45793 12.45326 curveto stroke
 0.49814 0 dtransform exch truncate exch idtransform pop setlinewidth
newpath 74.71962 0 moveto
74.71962 89.66354 lineto stroke
 0 0.49814 dtransform truncate idtransform setlinewidth pop
newpath 72.22896 84.68224 moveto
73.79688 85.85817 74.71962 87.70366 74.71962 89.66354 curveto
74.71962 87.70366 75.64236 85.85817 77.21028 84.68224 curveto stroke
 0.49814 0 dtransform exch truncate exch idtransform pop setlinewidth
newpath 14.94392 12.9514 moveto
14.94392 16.93645 lineto stroke
newpath 44.83177 12.9514 moveto
44.83177 16.93645 lineto stroke
newpath 74.71962 12.9514 moveto
74.71962 16.93645 lineto stroke
newpath 104.60747 12.9514 moveto
104.60747 16.93645 lineto stroke
newpath 134.49532 12.9514 moveto
134.49532 16.93645 lineto stroke
 0 0.49814 dtransform truncate idtransform setlinewidth pop
newpath 76.71214 14.94392 moveto
72.7271 14.94392 lineto stroke
newpath 76.71214 44.83177 moveto
72.7271 44.83177 lineto stroke
newpath 76.71214 74.71962 moveto
72.7271 74.71962 lineto stroke
 0 1.24533 dtransform truncate idtransform setlinewidth pop
newpath 14.94392 14.94392 moveto
15.23466 19.3918 15.73335 23.82349 16.43796 28.22485 curveto
16.73302 30.06708 17.36876 31.8295 17.93198 33.60672 curveto
18.36705 34.97968 18.88786 36.32343 19.42783 37.65852 curveto
19.88548 38.79 20.39352 39.90002 20.92186 41.00024 curveto
21.39023 41.9762 21.89417 42.93437 22.41588 43.88272 curveto
22.89064 44.7458 23.39252 45.59384 23.90991 46.43205 curveto
24.38899 47.20827 24.88951 47.97101 25.40395 48.72418 curveto
25.88644 49.43083 26.38696 50.12517 26.8998 50.8104 curveto
27.38412 51.45776 27.8835 52.09349 28.39381 52.72034 curveto
28.87997 53.31754 29.37889 53.9038 29.88785 54.48184 curveto
30.37537 55.03549 30.87405 55.57887 31.38188 56.11404 curveto
31.87053 56.62917 32.36923 57.13425 32.8759 57.63156 curveto
33.36594 58.11247 33.86531 58.58426 34.37175 59.04807 curveto
34.86201 59.49727 35.3607 59.93759 35.86578 60.36993 curveto
36.35672 60.7904 36.85542 61.202 37.3598 61.6063 curveto
37.85144 62.00032 38.3499 62.38591 38.85384 62.7642 curveto
39.34615 63.1336 39.84438 63.49503 40.34787 63.84915 curveto
40.84108 64.19598 41.34024 64.5353 41.84372 64.86707 curveto
42.33694 65.192 42.83517 65.50919 43.33774 65.8193 curveto
43.83119 66.12395 44.32965 66.42107 44.83177 66.7111 curveto
45.32568 66.99637 45.82391 67.27434 46.3258 67.54546 curveto
46.81993 67.81248 47.31839 68.07198 47.81982 68.32486 curveto
48.31487 68.57454 48.8138 68.81717 49.31567 69.05295 curveto
49.8105 69.28552 50.30873 69.51082 50.80971 69.72949 curveto
51.30475 69.94566 51.803 70.15477 52.30373 70.35748 curveto
52.79901 70.5579 53.29724 70.75151 53.79776 70.93872 curveto
54.29326 71.12387 54.7915 71.30241 55.2918 71.47435 curveto
55.78821 71.64491 56.2869 71.80887 56.78764 71.96643 curveto
57.2836 72.1224 57.78183 72.27199 58.28166 72.41496 curveto
58.77785 72.55702 59.2761 72.69247 59.7757 72.82153 curveto
60.27211 72.94968 60.77034 73.07144 61.26973 73.18683 curveto
61.76636 73.30153 62.26437 73.40984 62.76375 73.51176 curveto
63.26108 73.61324 63.75977 73.70833 64.2596 73.79726 curveto
64.75647 73.8855 65.25471 73.96759 65.75363 74.04329 curveto
66.25073 74.11877 66.74896 74.18787 67.24765 74.2508 curveto
67.74498 74.3135 68.243 74.36983 68.74168 74.42 curveto
69.23901 74.46992 69.73724 74.51372 70.23572 74.5511 curveto
70.73395 74.5885 71.23265 74.61975 71.73157 74.64482 curveto
72.22934 74.66968 72.72736 74.68839 73.22559 74.70093 curveto
73.72337 74.71347 74.2216 74.71962 74.71962 74.71962 curveto
75.21764 74.71962 75.71587 74.71347 76.21365 74.70093 curveto
76.71188 74.68839 77.2099 74.66968 77.70767 74.64482 curveto
78.20659 74.61975 78.70529 74.5885 79.20352 74.5511 curveto
79.702 74.51372 80.20023 74.46992 80.69756 74.42 curveto
81.19624 74.36983 81.69426 74.3135 82.19159 74.2508 curveto
82.69028 74.18787 83.1885 74.11877 83.68561 74.04329 curveto
84.18452 73.96759 84.68277 73.8855 85.17964 73.79726 curveto
85.67947 73.70833 86.17816 73.61324 86.67549 73.51176 curveto
87.17487 73.40984 87.67288 73.30153 88.16951 73.18683 curveto
88.6689 73.07144 89.16713 72.94968 89.66354 72.82153 curveto
90.16315 72.69247 90.66139 72.55702 91.15758 72.41496 curveto
91.65741 72.27199 92.15564 72.1224 92.6516 71.96643 curveto
93.15234 71.80887 93.65103 71.64491 94.14745 71.47435 curveto
94.64774 71.30241 95.14598 71.12387 95.64148 70.93872 curveto
96.142 70.75151 96.64023 70.5579 97.13551 70.35748 curveto
97.63625 70.15477 98.13449 69.94566 98.62953 69.72949 curveto
99.13051 69.51082 99.62874 69.28552 100.12357 69.05295 curveto
100.62544 68.81717 101.12437 68.57454 101.61942 68.32486 curveto
102.12085 68.07198 102.61931 67.81248 103.11343 67.54546 curveto
103.61533 67.27434 104.11356 66.99637 104.60747 66.7111 curveto
105.10959 66.42107 105.60805 66.12395 106.1015 65.8193 curveto
106.60406 65.50919 107.1023 65.192 107.59552 64.86707 curveto
108.099 64.5353 108.59816 64.19598 109.09137 63.84915 curveto
109.59486 63.49503 110.0931 63.1336 110.5854 62.7642 curveto
111.08934 62.38591 111.5878 62.00032 112.07944 61.6063 curveto
112.58382 61.202 113.08252 60.7904 113.57346 60.36993 curveto
114.07854 59.93759 114.57722 59.49727 115.06749 59.04807 curveto
115.57393 58.58426 116.0733 58.11247 116.56334 57.63156 curveto
117.07 57.13425 117.56871 56.62917 118.05736 56.11404 curveto
118.56519 55.57887 119.06387 55.03549 119.55139 54.48184 curveto
120.06035 53.9038 120.55927 53.31754 121.04543 52.72034 curveto
121.55574 52.09349 122.05511 51.45776 122.53944 50.8104 curveto
123.05228 50.12517 123.5528 49.43083 124.0353 48.72418 curveto
124.54973 47.97101 125.05025 47.20827 125.52933 46.43205 curveto
126.04672 45.59384 126.5486 44.7458 127.02336 43.88272 curveto
127.54507 42.93437 128.04901 41.9762 128.51738 41.00024 curveto
129.04572 39.90002 129.55376 38.79 130.01141 37.65852 curveto
130.55138 36.32343 131.07219 34.97968 131.50726 33.60672 curveto
132.07048 31.8295 132.70622 30.06708 133.00128 28.22485 curveto
133.70589 23.82349 134.20457 19.3918 134.49532 14.94392 curveto stroke
newpath 14.94392 16.93645 moveto
14.41545 16.93645 13.90869 16.72649 13.53502 16.35283 curveto
13.16136 15.97916 12.9514 15.4724 12.9514 14.94392 curveto
12.9514 14.41545 13.16136 13.90869 13.53502 13.53502 curveto
13.90869 13.16136 14.41545 12.9514 14.94392 12.9514 curveto
15.4724 12.9514 15.97916 13.16136 16.35283 13.53502 curveto
16.72649 13.90869 16.93645 14.41545 16.93645 14.94392 curveto
16.93645 15.4724 16.72649 15.97916 16.35283 16.35283 curveto
15.97916 16.72649 15.4724 16.93645 14.94392 16.93645 curveto closepath fill
newpath 74.71962 76.71214 moveto
74.19115 76.71214 73.68439 76.50218 73.31071 76.12852 curveto
72.93706 75.75485 72.7271 75.2481 72.7271 74.71962 curveto
72.7271 74.19115 72.93706 73.68439 73.31071 73.31071 curveto
73.68439 72.93706 74.19115 72.7271 74.71962 72.7271 curveto
75.2481 72.7271 75.75485 72.93706 76.12852 73.31071 curveto
76.50218 73.68439 76.71214 74.19115 76.71214 74.71962 curveto
76.71214 75.2481 76.50218 75.75485 76.12852 76.12852 curveto
75.75485 76.50218 75.2481 76.71214 74.71962 76.71214 curveto closepath fill
newpath 134.49532 16.93645 moveto
133.96684 16.93645 133.46008 16.72649 133.08641 16.35283 curveto
132.71275 15.97916 132.50279 15.4724 132.50279 14.94392 curveto
132.50279 14.41545 132.71275 13.90869 133.08641 13.53502 curveto
133.46008 13.16136 133.96684 12.9514 134.49532 12.9514 curveto
135.02379 12.9514 135.53055 13.16136 135.90422 13.53502 curveto
136.27788 13.90869 136.48784 14.41545 136.48784 14.94392 curveto
136.48784 15.4724 136.27788 15.97916 135.90422 16.35283 curveto
135.53055 16.72649 135.02379 16.93645 134.49532 16.93645 curveto closepath fill
showpage
%%EOF
