%!PS
%%BoundingBox: -1 -1 130 91 
%%HiResBoundingBox: -0.24907 -0.24907 129.76308 90.90887 
%%Creator: MetaPost 1.9991
%%CreationDate: 2017.08.14:1609
%%Pages: 1
%%BeginProlog
%%EndProlog
%%Page: 1 1
 0 0 0 setrgbcolor 0 0.49814 dtransform truncate idtransform setlinewidth pop
 [] 0 setdash 1 setlinecap 1 setlinejoin 10 setmiterlimit
newpath 0 12.9514 moveto
129.514 12.9514 lineto stroke
newpath 124.5327 15.44206 moveto
125.70863 13.87415 127.55412 12.9514 129.514 12.9514 curveto
127.55412 12.9514 125.70863 12.02866 124.5327 10.46074 curveto stroke
 0.49814 0 dtransform exch truncate exch idtransform pop setlinewidth
newpath 12.9514 0 moveto
12.9514 90.6598 lineto stroke
 0 0.49814 dtransform truncate idtransform setlinewidth pop
newpath 10.46074 85.6785 moveto
12.02866 86.85443 12.9514 88.69992 12.9514 90.6598 curveto
12.9514 88.69992 13.87415 86.85443 15.44206 85.6785 curveto stroke
 0.49814 0 dtransform exch truncate exch idtransform pop setlinewidth
newpath 25.9028 10.95888 moveto
25.9028 14.94392 lineto stroke
newpath 38.8542 10.95888 moveto
38.8542 14.94392 lineto stroke
newpath 51.8056 10.95888 moveto
51.8056 14.94392 lineto stroke
newpath 64.757 10.95888 moveto
64.757 14.94392 lineto stroke
newpath 77.7084 10.95888 moveto
77.7084 14.94392 lineto stroke
newpath 90.6598 10.95888 moveto
90.6598 14.94392 lineto stroke
newpath 103.6112 10.95888 moveto
103.6112 14.94392 lineto stroke
newpath 116.5626 10.95888 moveto
116.5626 14.94392 lineto stroke
 0 0.49814 dtransform truncate idtransform setlinewidth pop
newpath 14.94392 25.9028 moveto
10.95888 25.9028 lineto stroke
newpath 14.94392 38.8542 moveto
10.95888 38.8542 lineto stroke
newpath 14.94392 51.8056 moveto
10.95888 51.8056 lineto stroke
newpath 14.94392 64.757 moveto
10.95888 64.757 lineto stroke
newpath 14.94392 77.7084 moveto
10.95888 77.7084 lineto stroke
 0 1.24533 dtransform truncate idtransform setlinewidth pop
newpath 12.9514 12.9514 moveto
13.20337 16.80623 13.63557 20.64702 14.24623 24.46153 curveto
14.50195 26.05814 15.05292 27.58556 15.54105 29.12582 curveto
15.9181 30.31572 16.36948 31.4803 16.83745 32.63739 curveto
17.23409 33.618 17.6744 34.58002 18.13228 35.53355 curveto
18.5382 36.37938 18.97495 37.20978 19.42711 38.0317 curveto
19.83855 38.7797 20.27351 39.51466 20.72192 40.24112 curveto
21.13713 40.91382 21.5709 41.57487 22.01675 42.22762 curveto
22.43492 42.84006 22.8687 43.44182 23.31316 44.03568 curveto
23.73291 44.59673 24.1657 45.14769 24.60797 45.69096 curveto
25.02931 46.20853 25.4617 46.71661 25.9028 47.21759 curveto
26.32532 47.69742 26.75752 48.16835 27.19763 48.63217 curveto
27.62112 49.07861 28.05333 49.51634 28.49245 49.94736 curveto
28.91714 50.36414 29.34993 50.77303 29.78885 51.17499 curveto
30.21375 51.5643 30.64595 51.9459 31.08368 52.3206 curveto
31.50916 52.68503 31.94136 53.04173 32.37851 53.39212 curveto
32.80458 53.73361 33.23657 54.0678 33.67332 54.39565 curveto
34.09999 54.71579 34.5318 55.02902 34.96815 55.33594 curveto
35.39561 55.63652 35.8282 55.93059 36.26456 56.21812 curveto
36.69202 56.49974 37.12383 56.77463 37.55937 57.0434 curveto
37.98703 57.30742 38.41904 57.56493 38.8542 57.8163 curveto
39.28226 58.06352 39.71407 58.30443 40.14903 58.5394 curveto
40.57727 58.77081 41.00928 58.99571 41.44385 59.21487 curveto
41.8729 59.43127 42.30528 59.64154 42.74025 59.84589 curveto
43.1691 60.04745 43.6009 60.2427 44.03508 60.43224 curveto
44.46411 60.61957 44.89592 60.8008 45.32991 60.97649 curveto
45.75914 61.15019 46.19095 61.31798 46.62473 61.48022 curveto
47.05415 61.64069 47.48596 61.79543 47.91956 61.94444 curveto
48.34978 62.09225 48.78198 62.23434 49.21596 62.37091 curveto
49.64578 62.50609 50.07759 62.63573 50.51077 62.75963 curveto
50.94081 62.88275 51.3726 63.00014 51.8056 63.112 curveto
52.23582 63.22305 52.66763 63.32858 53.10043 63.42859 curveto
53.53085 63.52798 53.96246 63.62186 54.39525 63.71019 curveto
54.82626 63.79814 55.25847 63.88055 55.69165 63.95763 curveto
56.12227 64.0341 56.55408 64.10524 56.98648 64.17085 curveto
57.4173 64.23627 57.8491 64.29614 58.28131 64.3507 curveto
58.71233 64.40504 59.14392 64.45386 59.57613 64.49733 curveto
60.00714 64.5406 60.43895 64.57855 60.87096 64.61096 curveto
61.30275 64.64337 61.73495 64.67044 62.16736 64.69218 curveto
62.59877 64.71373 63.03038 64.72993 63.46217 64.7408 curveto
63.89359 64.75166 64.3254 64.757 64.757 64.757 curveto
65.18861 64.757 65.62042 64.75166 66.05183 64.7408 curveto
66.48363 64.72993 66.91524 64.71373 67.34665 64.69218 curveto
67.77905 64.67044 68.21126 64.64337 68.64305 64.61096 curveto
69.07506 64.57855 69.50687 64.5406 69.93788 64.49733 curveto
70.37009 64.45386 70.80168 64.40504 71.23271 64.3507 curveto
71.6649 64.29614 72.09671 64.23627 72.52753 64.17085 curveto
72.95993 64.10524 73.39174 64.0341 73.82236 63.95763 curveto
74.25554 63.88055 74.68774 63.79814 75.11876 63.71019 curveto
75.55154 63.62186 75.98315 63.52798 76.41357 63.42859 curveto
76.84637 63.32858 77.27818 63.22305 77.7084 63.112 curveto
78.1414 63.00014 78.5732 62.88275 79.00323 62.75963 curveto
79.43642 62.63573 79.86823 62.50609 80.29805 62.37091 curveto
80.73203 62.23434 81.16423 62.09225 81.59445 61.94444 curveto
82.02805 61.79543 82.45985 61.64069 82.88928 61.48022 curveto
83.32306 61.31798 83.75487 61.15019 84.18411 60.97649 curveto
84.61809 60.8008 85.0499 60.61957 85.47893 60.43224 curveto
85.9131 60.2427 86.34491 60.04745 86.77376 59.84589 curveto
87.20872 59.64154 87.64111 59.43127 88.07016 59.21487 curveto
88.50473 58.99571 88.93674 58.77081 89.36497 58.5394 curveto
89.79994 58.30443 90.23175 58.06352 90.6598 57.8163 curveto
91.09497 57.56493 91.52698 57.30742 91.95464 57.0434 curveto
92.39018 56.77463 92.82199 56.49974 93.24945 56.21812 curveto
93.6858 55.93059 94.1184 55.63652 94.54585 55.33594 curveto
94.98221 55.02902 95.41402 54.71579 95.84068 54.39565 curveto
96.27744 54.0678 96.70943 53.73361 97.13551 53.39212 curveto
97.57265 53.04173 98.00485 52.68503 98.43033 52.3206 curveto
98.86806 51.9459 99.30026 51.5643 99.72516 51.17499 curveto
100.16408 50.77303 100.59686 50.36414 101.02156 49.94736 curveto
101.46068 49.51634 101.89288 49.07861 102.31638 48.63217 curveto
102.75648 48.16835 103.18869 47.69742 103.6112 47.21759 curveto
104.0523 46.71661 104.4847 46.20853 104.90604 45.69096 curveto
105.34831 45.14769 105.7811 44.59673 106.20085 44.03568 curveto
106.64531 43.44182 107.07909 42.84006 107.49725 42.22762 curveto
107.9431 41.57487 108.37688 40.91382 108.79208 40.24112 curveto
109.2405 39.51466 109.67546 38.7797 110.08691 38.0317 curveto
110.53906 37.20978 110.97581 36.37938 111.38173 35.53355 curveto
111.83961 34.58002 112.27992 33.618 112.67656 32.63739 curveto
113.14453 31.4803 113.5959 30.31572 113.97296 29.12582 curveto
114.46109 27.58556 115.01205 26.05814 115.26778 24.46153 curveto
115.87843 20.64702 116.31064 16.80623 116.5626 12.9514 curveto stroke
newpath 116.5626 14.94392 moveto
116.03413 14.94392 115.52737 14.73396 115.1537 14.3603 curveto
114.78004 13.98663 114.57008 13.47987 114.57008 12.9514 curveto
114.57008 12.42293 114.78004 11.91617 115.1537 11.5425 curveto
115.52737 11.16884 116.03413 10.95888 116.5626 10.95888 curveto
117.09108 10.95888 117.59784 11.16884 117.97151 11.5425 curveto
118.34517 11.91617 118.55513 12.42293 118.55513 12.9514 curveto
118.55513 13.47987 118.34517 13.98663 117.97151 14.3603 curveto
117.59784 14.73396 117.09108 14.94392 116.5626 14.94392 curveto closepath fill
newpath 12.9514 14.94392 moveto
12.42293 14.94392 11.91617 14.73396 11.5425 14.3603 curveto
11.16884 13.98663 10.95888 13.47987 10.95888 12.9514 curveto
10.95888 12.42293 11.16884 11.91617 11.5425 11.5425 curveto
11.91617 11.16884 12.42293 10.95888 12.9514 10.95888 curveto
13.47987 10.95888 13.98663 11.16884 14.3603 11.5425 curveto
14.73396 11.91617 14.94392 12.42293 14.94392 12.9514 curveto
14.94392 13.47987 14.73396 13.98663 14.3603 14.3603 curveto
13.98663 14.73396 13.47987 14.94392 12.9514 14.94392 curveto closepath fill
newpath 64.757 66.74953 moveto
64.22853 66.74953 63.72177 66.53957 63.3481 66.16591 curveto
62.97444 65.79224 62.76448 65.28548 62.76448 64.757 curveto
62.76448 64.22853 62.97444 63.72177 63.3481 63.3481 curveto
63.72177 62.97444 64.22853 62.76448 64.757 62.76448 curveto
65.28548 62.76448 65.79224 62.97444 66.16591 63.3481 curveto
66.53957 63.72177 66.74953 64.22853 66.74953 64.757 curveto
66.74953 65.28548 66.53957 65.79224 66.16591 66.16591 curveto
65.79224 66.53957 65.28548 66.74953 64.757 66.74953 curveto closepath fill
showpage
%%EOF
