%!PS
%%BoundingBox: -1 -1 160 160 
%%HiResBoundingBox: -0.24907 -0.24907 159.65092 159.65092 
%%Creator: MetaPost 1.9991
%%CreationDate: 2017.08.14:1609
%%Pages: 1
%%BeginProlog
%%EndProlog
%%Page: 1 1
 0 0 0 setrgbcolor 0 0.49814 dtransform truncate idtransform setlinewidth pop
 [] 0 setdash 1 setlinecap 1 setlinejoin 10 setmiterlimit
newpath 0 79.70093 moveto
159.40186 79.70093 lineto stroke
newpath 154.42055 82.19159 moveto
155.59648 80.62367 157.44197 79.70093 159.40186 79.70093 curveto
157.44197 79.70093 155.59648 78.77818 154.42055 77.21027 curveto stroke
 0.49814 0 dtransform exch truncate exch idtransform pop setlinewidth
newpath 79.70093 0 moveto
79.70093 159.40186 lineto stroke
 0 0.49814 dtransform truncate idtransform setlinewidth pop
newpath 77.21027 154.42055 moveto
78.77818 155.59648 79.70093 157.44197 79.70093 159.40186 curveto
79.70093 157.44197 80.62367 155.59648 82.19159 154.42055 curveto stroke
 0.49814 0 dtransform exch truncate exch idtransform pop setlinewidth
newpath 19.92523 77.7084 moveto
19.92523 81.69345 lineto stroke
newpath 39.85046 77.7084 moveto
39.85046 81.69345 lineto stroke
newpath 59.7757 77.7084 moveto
59.7757 81.69345 lineto stroke
newpath 79.70093 77.7084 moveto
79.70093 81.69345 lineto stroke
newpath 99.62616 77.7084 moveto
99.62616 81.69345 lineto stroke
newpath 119.55139 77.7084 moveto
119.55139 81.69345 lineto stroke
newpath 139.47662 77.7084 moveto
139.47662 81.69345 lineto stroke
 0 0.49814 dtransform truncate idtransform setlinewidth pop
newpath 81.69345 19.92523 moveto
77.7084 19.92523 lineto stroke
newpath 81.69345 39.85046 moveto
77.7084 39.85046 lineto stroke
newpath 81.69345 59.7757 moveto
77.7084 59.7757 lineto stroke
newpath 81.69345 79.70093 moveto
77.7084 79.70093 lineto stroke
newpath 81.69345 99.62616 moveto
77.7084 99.62616 lineto stroke
newpath 81.69345 119.55139 moveto
77.7084 119.55139 lineto stroke
newpath 81.69345 139.47662 moveto
77.7084 139.47662 lineto stroke
 0 1.24533 dtransform truncate idtransform setlinewidth pop
newpath 19.92523 79.70093 moveto
20.31136 75.51407 20.97719 71.3576 21.91727 67.25922 curveto
22.31525 65.52469 23.15956 63.94128 23.91052 62.3302 curveto
24.49306 61.0803 25.18504 59.88606 25.90256 58.70883 curveto
26.5158 57.70218 27.19319 56.73625 27.89581 55.7901 curveto
28.52335 54.94519 29.19435 54.13402 29.88785 53.34232 curveto
30.5239 52.61629 31.19246 51.91974 31.87988 51.24236 curveto
32.522 50.60995 33.18936 50.00401 33.87314 49.41692 curveto
34.5189 48.86267 35.18504 48.33243 35.86517 47.82074 curveto
36.51459 47.33215 37.18044 46.86638 37.85843 46.41884 curveto
38.50967 45.98892 39.1749 45.5803 39.85046 45.18932 curveto
40.50383 44.8114 41.16876 44.45386 41.8425 44.11365 curveto
42.498 43.78255 43.16292 43.47153 43.83575 43.17722 curveto
44.49217 42.8902 45.15678 42.62234 45.82779 42.37122 curveto
46.48602 42.12495 47.15065 41.89693 47.82104 41.68593 curveto
48.47989 41.47858 49.1442 41.28885 49.81308 41.11586 curveto
50.47314 40.9453 51.13745 40.79236 51.80511 40.65585 curveto
52.46638 40.52055 53.13101 40.4029 53.79837 40.30135 curveto
54.46025 40.20071 55.12427 40.1171 55.7904 40.05022 curveto
56.4535 39.98363 57.11813 39.93378 57.78366 39.90033 curveto
58.44707 39.86719 59.11137 39.85046 59.7757 39.85046 curveto
60.44002 39.85046 61.10432 39.86719 61.76773 39.90033 curveto
62.43326 39.93378 63.09789 39.98363 63.76099 40.05022 curveto
64.42712 40.1171 65.09114 40.20071 65.75302 40.30135 curveto
66.42038 40.4029 67.085 40.52055 67.74628 40.65585 curveto
68.41394 40.79236 69.07825 40.9453 69.73831 41.11586 curveto
70.4072 41.28885 71.0715 41.47858 71.73035 41.68593 curveto
72.40074 41.89693 73.06537 42.12495 73.7236 42.37122 curveto
74.3946 42.62234 75.05922 42.8902 75.71564 43.17722 curveto
76.38847 43.47153 77.05339 43.78255 77.7089 44.11365 curveto
78.38263 44.45386 79.04756 44.8114 79.70093 45.18932 curveto
80.3765 45.5803 81.04172 45.98892 81.69296 46.41884 curveto
82.37096 46.86638 83.0368 47.33215 83.68622 47.82074 curveto
84.36635 48.33243 85.03249 48.86267 85.67825 49.41692 curveto
86.36203 50.00401 87.02939 50.60995 87.67151 51.24236 curveto
88.35893 51.91974 89.0275 52.61629 89.66354 53.34232 curveto
90.35704 54.13402 91.02805 54.94519 91.65558 55.7901 curveto
92.3582 56.73625 93.0356 57.70218 93.64883 58.70883 curveto
94.36635 59.88606 95.05833 61.0803 95.64087 62.3302 curveto
96.39183 63.94128 97.23615 65.52469 97.63412 67.25922 curveto
98.5742 71.3576 99.24004 75.51407 99.62616 79.70093 curveto stroke
newpath 19.92523 81.69345 moveto
19.39676 81.69345 18.89 81.48349 18.51633 81.10983 curveto
18.14267 80.73616 17.93271 80.2294 17.93271 79.70093 curveto
17.93271 79.17245 18.14267 78.6657 18.51633 78.29202 curveto
18.89 77.91837 19.39676 77.7084 19.92523 77.7084 curveto
20.4537 77.7084 20.96046 77.91837 21.33414 78.29202 curveto
21.7078 78.6657 21.91776 79.17245 21.91776 79.70093 curveto
21.91776 80.2294 21.7078 80.73616 21.33414 81.10983 curveto
20.96046 81.48349 20.4537 81.69345 19.92523 81.69345 curveto closepath fill
newpath 59.7757 41.84299 moveto
59.24722 41.84299 58.74046 41.63303 58.36679 41.25937 curveto
57.99313 40.8857 57.78317 40.37894 57.78317 39.85046 curveto
57.78317 39.32199 57.99313 38.81523 58.36679 38.44156 curveto
58.74046 38.0679 59.24722 37.85794 59.7757 37.85794 curveto
60.30417 37.85794 60.81093 38.0679 61.1846 38.44156 curveto
61.55826 38.81523 61.76822 39.32199 61.76822 39.85046 curveto
61.76822 40.37894 61.55826 40.8857 61.1846 41.25937 curveto
60.81093 41.63303 60.30417 41.84299 59.7757 41.84299 curveto closepath fill
newpath 99.62616 81.69345 moveto
99.09769 81.69345 98.59093 81.48349 98.21725 81.10983 curveto
97.8436 80.73616 97.63364 80.2294 97.63364 79.70093 curveto
97.63364 79.17245 97.8436 78.6657 98.21725 78.29202 curveto
98.59093 77.91837 99.09769 77.7084 99.62616 77.7084 curveto
100.15463 77.7084 100.66139 77.91837 101.03506 78.29202 curveto
101.40872 78.6657 101.61868 79.17245 101.61868 79.70093 curveto
101.61868 80.2294 101.40872 80.73616 101.03506 81.10983 curveto
100.66139 81.48349 100.15463 81.69345 99.62616 81.69345 curveto closepath fill
showpage
%%EOF
