%!PS
%%BoundingBox: -1 -1 120 90 
%%HiResBoundingBox: -0.24907 -0.24907 119.80046 89.91263 
%%Creator: MetaPost 1.9991
%%CreationDate: 2017.08.14:1609
%%Pages: 1
%%BeginProlog
%%EndProlog
%%Page: 1 1
 0 0 0 setrgbcolor 0 0.49814 dtransform truncate idtransform setlinewidth pop
 [] 0 setdash 1 setlinecap 1 setlinejoin 10 setmiterlimit
newpath 0 67.24767 moveto
119.55139 67.24767 lineto stroke
newpath 114.57008 69.73833 moveto
115.74602 68.17041 117.5915 67.24767 119.55139 67.24767 curveto
117.5915 67.24767 115.74602 66.32492 114.57008 64.757 curveto stroke
 0.49814 0 dtransform exch truncate exch idtransform pop setlinewidth
newpath 14.94392 0 moveto
14.94392 89.66356 lineto stroke
 0 0.49814 dtransform truncate idtransform setlinewidth pop
newpath 12.45326 84.68225 moveto
14.02118 85.85818 14.94392 87.70367 14.94392 89.66356 curveto
14.94392 87.70367 15.86667 85.85818 17.43459 84.68225 curveto stroke
 0.49814 0 dtransform exch truncate exch idtransform pop setlinewidth
newpath 29.88785 65.25514 moveto
29.88785 69.24019 lineto stroke
newpath 44.83177 65.25514 moveto
44.83177 69.24019 lineto stroke
newpath 59.7757 65.25514 moveto
59.7757 69.24019 lineto stroke
newpath 74.71962 65.25514 moveto
74.71962 69.24019 lineto stroke
newpath 89.66354 65.25514 moveto
89.66354 69.24019 lineto stroke
newpath 104.60747 65.25514 moveto
104.60747 69.24019 lineto stroke
 0 0.49814 dtransform truncate idtransform setlinewidth pop
newpath 16.93645 7.47197 moveto
12.9514 7.47197 lineto stroke
newpath 16.93645 22.4159 moveto
12.9514 22.4159 lineto stroke
newpath 16.93645 37.35982 moveto
12.9514 37.35982 lineto stroke
newpath 16.93645 52.30374 moveto
12.9514 52.30374 lineto stroke
 0 1.24533 dtransform truncate idtransform setlinewidth pop
newpath 14.94392 67.24767 moveto
15.2342 63.39767 15.7329 59.56638 16.43796 55.77042 curveto
16.73439 54.1747 17.36966 52.67133 17.93335 51.15085 curveto
18.36865 49.97627 18.88855 48.83592 19.42737 47.70537 curveto
19.88571 46.74377 20.39375 45.80705 20.9214 44.88171 curveto
21.39046 44.05922 21.89417 43.25726 22.41544 42.46669 curveto
22.89133 41.74477 23.39343 41.04062 23.91083 40.34787 curveto
24.3906 39.70529 24.89111 39.0789 25.40485 38.46347 curveto
25.88759 37.8852 26.38742 37.32127 26.89888 36.7681 curveto
27.3839 36.24362 27.88327 35.73239 28.39291 35.23187 curveto
28.8802 34.75325 29.37958 34.2874 29.8883 33.83157 curveto
30.37651 33.39398 30.8752 32.96872 31.38232 32.55325 curveto
31.87167 32.15216 32.37038 31.76268 32.87636 31.38257 curveto
33.36684 31.0143 33.86531 30.65675 34.37039 30.30902 curveto
34.86201 29.9704 35.36093 29.6425 35.86578 29.32394 curveto
36.35786 29.01338 36.8561 28.71306 37.35982 28.4221 curveto
37.85234 28.13753 38.35059 27.86276 38.85384 27.5971 curveto
39.34752 27.33647 39.8462 27.08542 40.34923 26.84348 curveto
40.84291 26.60588 41.34114 26.37785 41.84326 26.1585 curveto
42.33739 25.94255 42.83563 25.73618 43.3373 25.53825 curveto
43.83188 25.34306 44.33011 25.15746 44.83131 24.98004 curveto
45.32681 24.8047 45.82529 24.63846 46.3267 24.48067 curveto
46.82199 24.3247 47.32022 24.17786 47.82074 24.03922 curveto
48.31647 23.90195 48.81471 23.77356 49.31477 23.6534 curveto
49.81073 23.53436 50.30896 23.424 50.80879 23.32184 curveto
51.30566 23.22037 51.80412 23.12756 52.30418 23.04297 curveto
52.80083 22.95882 53.29907 22.88335 53.79822 22.81609 curveto
54.29509 22.74927 54.79332 22.69089 55.29225 22.64073 curveto
55.78957 22.59079 56.28758 22.54906 56.78627 22.51576 curveto
57.28429 22.48248 57.78275 22.4574 58.28166 22.44075 curveto
58.77945 22.4241 59.27768 22.4159 59.7757 22.4159 curveto
60.27371 22.4159 60.77194 22.4241 61.26973 22.44075 curveto
61.76865 22.4574 62.2671 22.48248 62.76512 22.51576 curveto
63.26381 22.54906 63.76183 22.59079 64.25914 22.64073 curveto
64.75807 22.69089 65.2563 22.74927 65.75317 22.81609 curveto
66.25232 22.88335 66.75056 22.95882 67.24721 23.04297 curveto
67.74727 23.12756 68.24573 23.22037 68.7426 23.32184 curveto
69.24243 23.424 69.74066 23.53436 70.23662 23.6534 curveto
70.73668 23.77356 71.23492 23.90195 71.73065 24.03922 curveto
72.23117 24.17786 72.7294 24.3247 73.22469 24.48067 curveto
73.7261 24.63846 74.22458 24.8047 74.72008 24.98004 curveto
75.22128 25.15746 75.71951 25.34306 76.2141 25.53825 curveto
76.71576 25.73618 77.214 25.94255 77.70813 26.1585 curveto
78.21025 26.37785 78.70848 26.60588 79.20216 26.84348 curveto
79.70518 27.08542 80.20387 27.33647 80.69756 27.5971 curveto
81.2008 27.86276 81.69905 28.13753 82.19159 28.4221 curveto
82.6953 28.71306 83.19353 29.01338 83.68561 29.32394 curveto
84.19046 29.6425 84.68938 29.9704 85.181 30.30902 curveto
85.68608 30.65675 86.18456 31.0143 86.67503 31.38257 curveto
87.18102 31.76268 87.67972 32.15216 88.16907 32.55325 curveto
88.6762 32.96872 89.17488 33.39398 89.66309 33.83157 curveto
90.17181 34.2874 90.67119 34.75325 91.15848 35.23187 curveto
91.66812 35.73239 92.1675 36.24362 92.65251 36.7681 curveto
93.16397 37.32127 93.6638 37.8852 94.14655 38.46347 curveto
94.66028 39.0789 95.1608 39.70529 95.64056 40.34787 curveto
96.15796 41.04062 96.66006 41.74477 97.13596 42.46669 curveto
97.65723 43.25726 98.16093 44.05922 98.62999 44.88171 curveto
99.15764 45.80705 99.66568 46.74377 100.12402 47.70537 curveto
100.66284 48.83592 101.18274 49.97627 101.61804 51.15085 curveto
102.18173 52.67133 102.817 54.1747 103.11343 55.77042 curveto
103.8185 59.56638 104.31718 63.39767 104.60747 67.24767 curveto stroke
newpath 14.94392 69.24019 moveto
14.41545 69.24019 13.90869 69.03023 13.53502 68.65657 curveto
13.16136 68.2829 12.9514 67.77614 12.9514 67.24767 curveto
12.9514 66.7192 13.16136 66.21243 13.53502 65.83876 curveto
13.90869 65.4651 14.41545 65.25514 14.94392 65.25514 curveto
15.4724 65.25514 15.97916 65.4651 16.35283 65.83876 curveto
16.72649 66.21243 16.93645 66.7192 16.93645 67.24767 curveto
16.93645 67.77614 16.72649 68.2829 16.35283 68.65657 curveto
15.97916 69.03023 15.4724 69.24019 14.94392 69.24019 curveto closepath fill
newpath 59.7757 24.40842 moveto
59.24722 24.40842 58.74046 24.19846 58.36679 23.8248 curveto
57.99313 23.45113 57.78317 22.94437 57.78317 22.4159 curveto
57.78317 21.88742 57.99313 21.38066 58.36679 21.00699 curveto
58.74046 20.63333 59.24722 20.42337 59.7757 20.42337 curveto
60.30417 20.42337 60.81093 20.63333 61.1846 21.00699 curveto
61.55826 21.38066 61.76822 21.88742 61.76822 22.4159 curveto
61.76822 22.94437 61.55826 23.45113 61.1846 23.8248 curveto
60.81093 24.19846 60.30417 24.40842 59.7757 24.40842 curveto closepath fill
newpath 104.60747 69.24019 moveto
104.079 69.24019 103.57224 69.03023 103.19856 68.65657 curveto
102.8249 68.2829 102.61494 67.77614 102.61494 67.24767 curveto
102.61494 66.7192 102.8249 66.21243 103.19856 65.83876 curveto
103.57224 65.4651 104.079 65.25514 104.60747 65.25514 curveto
105.13594 65.25514 105.6427 65.4651 106.01637 65.83876 curveto
106.39003 66.21243 106.59999 66.7192 106.59999 67.24767 curveto
106.59999 67.77614 106.39003 68.2829 106.01637 68.65657 curveto
105.6427 69.03023 105.13594 69.24019 104.60747 69.24019 curveto closepath fill
showpage
%%EOF
