%!PS
%%BoundingBox: -1 -1 160 160 
%%HiResBoundingBox: -0.24907 -0.24907 159.65092 159.65092 
%%Creator: MetaPost 1.9991
%%CreationDate: 2017.08.15:0950
%%Pages: 1
%%BeginProlog
%%EndProlog
%%Page: 1 1
 0 0 0 setrgbcolor 0 0.49814 dtransform truncate idtransform setlinewidth pop
 [] 0 setdash 1 setlinecap 1 setlinejoin 10 setmiterlimit
newpath 0 59.7757 moveto
159.40186 59.7757 lineto stroke
newpath 154.42055 62.26636 moveto
155.59648 60.69844 157.44197 59.7757 159.40186 59.7757 curveto
157.44197 59.7757 155.59648 58.85295 154.42055 57.28503 curveto stroke
 0.49814 0 dtransform exch truncate exch idtransform pop setlinewidth
newpath 79.70093 0 moveto
79.70093 159.40186 lineto stroke
 0 0.49814 dtransform truncate idtransform setlinewidth pop
newpath 77.21027 154.42055 moveto
78.77818 155.59648 79.70093 157.44197 79.70093 159.40186 curveto
79.70093 157.44197 80.62367 155.59648 82.19159 154.42055 curveto stroke
 0.49814 0 dtransform exch truncate exch idtransform pop setlinewidth
newpath 19.92523 57.78317 moveto
19.92523 61.76822 lineto stroke
newpath 39.85046 57.78317 moveto
39.85046 61.76822 lineto stroke
newpath 59.7757 57.78317 moveto
59.7757 61.76822 lineto stroke
newpath 79.70093 57.78317 moveto
79.70093 61.76822 lineto stroke
newpath 99.62616 57.78317 moveto
99.62616 61.76822 lineto stroke
newpath 119.55139 57.78317 moveto
119.55139 61.76822 lineto stroke
newpath 139.47662 57.78317 moveto
139.47662 61.76822 lineto stroke
 0 0.49814 dtransform truncate idtransform setlinewidth pop
newpath 81.69345 19.92523 moveto
77.7084 19.92523 lineto stroke
newpath 81.69345 39.85046 moveto
77.7084 39.85046 lineto stroke
newpath 81.69345 59.7757 moveto
77.7084 59.7757 lineto stroke
newpath 81.69345 79.70093 moveto
77.7084 79.70093 lineto stroke
newpath 81.69345 99.62616 moveto
77.7084 99.62616 lineto stroke
newpath 81.69345 119.55139 moveto
77.7084 119.55139 lineto stroke
newpath 81.69345 139.47662 moveto
77.7084 139.47662 lineto stroke
 0 1.24533 dtransform truncate idtransform setlinewidth pop
newpath 19.92523 19.92523 moveto
20.30771 30.14354 20.97173 40.34938 21.91727 50.5312 curveto
22.30217 54.67642 23.15286 58.75778 23.91113 62.8501 curveto
24.4824 65.9321 25.17653 68.98917 25.90317 72.03802 curveto
26.50516 74.56395 27.18315 77.07072 27.8952 79.56776 curveto
28.51147 81.72884 29.1837 83.8735 29.88724 86.00783 curveto
30.51263 87.90471 31.18243 89.78668 31.8811 91.65802 curveto
32.51137 93.34631 33.17903 95.02034 33.87314 96.6831 curveto
34.50766 98.20297 35.1741 99.70917 35.86517 101.2041 curveto
36.50243 102.58229 37.16827 103.9474 37.85721 105.30067 curveto
38.49751 106.55846 39.16335 107.80257 39.85107 109.03482 curveto
40.49258 110.18408 41.15752 111.31995 41.84311 112.44366 curveto
42.48615 113.49745 43.15106 114.53786 43.83514 115.56549 curveto
44.4794 116.53323 45.14401 117.48761 45.82718 118.42828 curveto
46.47325 119.31789 47.13818 120.19351 47.82104 121.05515 curveto
48.46742 121.87119 49.13203 122.67291 49.81308 123.46007 curveto
50.46037 124.2083 51.12498 124.94162 51.80511 125.66006 curveto
52.45393 126.34535 53.11916 127.01515 53.79898 127.66974 curveto
54.44809 128.29453 55.11241 128.9035 55.79102 129.49637 curveto
56.44104 130.06432 57.10536 130.61583 57.78305 131.15033 curveto
58.43399 131.66383 59.09831 132.16002 59.77509 132.63889 curveto
60.42755 133.10071 61.09247 133.5446 61.76895 133.97055 curveto
62.4217 134.3816 63.08603 134.77411 63.76099 135.14778 curveto
64.41496 135.50987 65.07928 135.85313 65.75302 136.17664 curveto
66.40791 136.4913 67.07254 136.78592 67.74506 137.06076 curveto
68.40208 137.32892 69.0667 137.57701 69.73892 137.80443 curveto
70.39655 138.02698 71.06056 138.22917 71.73096 138.40945 curveto
72.3898 138.58672 73.05412 138.74268 73.72299 138.87706 curveto
74.38336 139.00963 75.04767 139.1209 75.71503 139.21028 curveto
76.37721 139.29877 77.04214 139.36565 77.7089 139.41034 curveto
78.372 139.45473 79.0363 139.47662 79.70093 139.47662 curveto
80.36555 139.47662 81.02986 139.45473 81.69296 139.41034 curveto
82.35971 139.36565 83.02464 139.29877 83.68683 139.21028 curveto
84.35419 139.1209 85.0185 139.00963 85.67886 138.87706 curveto
86.34773 138.74268 87.01205 138.58672 87.6709 138.40945 curveto
88.3413 138.22917 89.00531 138.02698 89.66293 137.80443 curveto
90.33516 137.57701 90.99977 137.32892 91.6568 137.06076 curveto
92.32932 136.78592 92.99394 136.4913 93.64883 136.17664 curveto
94.32257 135.85313 94.9869 135.50987 95.64087 135.14778 curveto
96.31583 134.77411 96.98015 134.3816 97.6329 133.97055 curveto
98.30939 133.5446 98.9743 133.10071 99.62677 132.63889 curveto
100.30354 132.16002 100.96786 131.66383 101.6188 131.15033 curveto
102.2965 130.61583 102.96082 130.06432 103.61084 129.49637 curveto
104.28944 128.9035 104.95377 128.29453 105.60287 127.66974 curveto
106.2827 127.01515 106.94792 126.34535 107.59674 125.66006 curveto
108.27687 124.94162 108.94148 124.2083 109.58878 123.46007 curveto
110.26982 122.67291 110.93443 121.87119 111.58081 121.05515 curveto
112.26367 120.19351 112.9286 119.31789 113.57468 118.42828 curveto
114.25784 117.48761 114.92245 116.53323 115.56671 115.56549 curveto
116.2508 114.53786 116.91571 113.49745 117.55875 112.44366 curveto
118.24434 111.31995 118.90927 110.18408 119.55078 109.03482 curveto
120.23851 107.80257 120.90434 106.55846 121.54465 105.30067 curveto
122.23358 103.9474 122.89943 102.58229 123.53668 101.2041 curveto
124.22775 99.70917 124.8942 98.20297 125.52872 96.6831 curveto
126.22282 95.02034 126.89049 93.34631 127.52075 91.65802 curveto
128.21942 89.78668 128.88922 87.90471 129.51462 86.00783 curveto
130.21815 83.8735 130.89038 81.72884 131.50665 79.56776 curveto
132.2187 77.07072 132.8967 74.56395 133.49869 72.03802 curveto
134.22533 68.98917 134.91945 65.9321 135.49072 62.8501 curveto
136.249 58.75778 137.09969 54.67642 137.48459 50.5312 curveto
138.43013 40.34938 139.09415 30.14354 139.47662 19.92523 curveto stroke
newpath 79.70093 141.46915 moveto
79.17245 141.46915 78.6657 141.25919 78.29202 140.88553 curveto
77.91837 140.51186 77.7084 140.0051 77.7084 139.47662 curveto
77.7084 138.94815 77.91837 138.44139 78.29202 138.06772 curveto
78.6657 137.69406 79.17245 137.4841 79.70093 137.4841 curveto
80.2294 137.4841 80.73616 137.69406 81.10983 138.06772 curveto
81.48349 138.44139 81.69345 138.94815 81.69345 139.47662 curveto
81.69345 140.0051 81.48349 140.51186 81.10983 140.88553 curveto
80.73616 141.25919 80.2294 141.46915 79.70093 141.46915 curveto closepath fill
newpath 19.92523 21.91776 moveto
19.39676 21.91776 18.89 21.7078 18.51633 21.33414 curveto
18.14267 20.96046 17.93271 20.4537 17.93271 19.92523 curveto
17.93271 19.39676 18.14267 18.89 18.51633 18.51633 curveto
18.89 18.14267 19.39676 17.93271 19.92523 17.93271 curveto
20.4537 17.93271 20.96046 18.14267 21.33414 18.51633 curveto
21.7078 18.89 21.91776 19.39676 21.91776 19.92523 curveto
21.91776 20.4537 21.7078 20.96046 21.33414 21.33414 curveto
20.96046 21.7078 20.4537 21.91776 19.92523 21.91776 curveto closepath fill
newpath 139.47662 21.91776 moveto
138.94815 21.91776 138.44139 21.7078 138.06772 21.33414 curveto
137.69406 20.96046 137.4841 20.4537 137.4841 19.92523 curveto
137.4841 19.39676 137.69406 18.89 138.06772 18.51633 curveto
138.44139 18.14267 138.94815 17.93271 139.47662 17.93271 curveto
140.0051 17.93271 140.51186 18.14267 140.88553 18.51633 curveto
141.25919 18.89 141.46915 19.39676 141.46915 19.92523 curveto
141.46915 20.4537 141.25919 20.96046 140.88553 21.33414 curveto
140.51186 21.7078 140.0051 21.91776 139.47662 21.91776 curveto closepath fill
showpage
%%EOF
