%!PS
%%BoundingBox: -1 -1 120 90 
%%HiResBoundingBox: -0.24907 -0.24907 119.80046 89.91263 
%%Creator: MetaPost 1.9991
%%CreationDate: 2017.08.15:0950
%%Pages: 1
%%BeginProlog
%%EndProlog
%%Page: 1 1
 0 0 0 setrgbcolor 0 0.49814 dtransform truncate idtransform setlinewidth pop
 [] 0 setdash 1 setlinecap 1 setlinejoin 10 setmiterlimit
newpath 0 67.24767 moveto
119.55139 67.24767 lineto stroke
newpath 114.57008 69.73833 moveto
115.74602 68.17041 117.5915 67.24767 119.55139 67.24767 curveto
117.5915 67.24767 115.74602 66.32492 114.57008 64.757 curveto stroke
 0.49814 0 dtransform exch truncate exch idtransform pop setlinewidth
newpath 14.94392 0 moveto
14.94392 89.66356 lineto stroke
 0 0.49814 dtransform truncate idtransform setlinewidth pop
newpath 12.45326 84.68225 moveto
14.02118 85.85818 14.94392 87.70367 14.94392 89.66356 curveto
14.94392 87.70367 15.86667 85.85818 17.43459 84.68225 curveto stroke
 0.49814 0 dtransform exch truncate exch idtransform pop setlinewidth
newpath 29.88785 65.25514 moveto
29.88785 69.24019 lineto stroke
newpath 44.83177 65.25514 moveto
44.83177 69.24019 lineto stroke
newpath 59.7757 65.25514 moveto
59.7757 69.24019 lineto stroke
newpath 74.71962 65.25514 moveto
74.71962 69.24019 lineto stroke
newpath 89.66354 65.25514 moveto
89.66354 69.24019 lineto stroke
newpath 104.60747 65.25514 moveto
104.60747 69.24019 lineto stroke
 0 0.49814 dtransform truncate idtransform setlinewidth pop
newpath 16.93645 7.47197 moveto
12.9514 7.47197 lineto stroke
newpath 16.93645 22.4159 moveto
12.9514 22.4159 lineto stroke
newpath 16.93645 37.35982 moveto
12.9514 37.35982 lineto stroke
newpath 16.93645 52.30374 moveto
12.9514 52.30374 lineto stroke
 0 1.24533 dtransform truncate idtransform setlinewidth pop
newpath 14.94392 67.24767 moveto
15.24742 65.28938 15.74794 63.36665 16.43796 61.50893 curveto
16.75969 60.64265 17.38426 59.94011 17.93335 59.19925 curveto
18.38666 58.58792 18.90247 58.02719 19.42737 57.47652 curveto
19.9003 56.9801 20.40584 56.51653 20.9214 56.06458 curveto
21.403 55.64227 21.9051 55.24414 22.41544 54.85718 curveto
22.90227 54.488 23.40324 54.13776 23.91083 53.79778 curveto
24.40018 53.4701 24.89978 53.15816 25.40485 52.85556 curveto
25.89603 52.56142 26.39517 52.28003 26.89888 52.00777 curveto
27.39165 51.74142 27.8901 51.4865 28.39291 51.23978 curveto
28.88704 50.99715 29.38596 50.76457 29.8883 50.5395 curveto
30.38266 50.31808 30.88113 50.1058 31.38232 49.90034 curveto
31.87715 49.6974 32.37561 49.50313 32.87636 49.315 curveto
33.37163 49.12894 33.8701 48.95062 34.37039 48.77823 curveto
34.86658 48.60744 35.36526 48.44371 35.86578 48.28569 curveto
36.36174 48.12904 36.85997 47.97922 37.35982 47.83488 curveto
37.85622 47.69145 38.35423 47.55441 38.85384 47.42238 curveto
39.35094 47.29105 39.8494 47.16586 40.34923 47.04546 curveto
40.8461 46.92596 41.34412 46.81197 41.84326 46.70296 curveto
42.34013 46.59442 42.83813 46.49135 43.3373 46.39285 curveto
43.83438 46.2948 44.3324 46.202 44.83131 46.11374 curveto
45.32887 46.02573 45.82756 45.94272 46.3267 45.86406 curveto
46.82404 45.78584 47.32205 45.71242 47.82074 45.64333 curveto
48.31807 45.57446 48.81607 45.51016 49.31477 45.45041 curveto
49.81232 45.39067 50.31033 45.3355 50.80879 45.28464 curveto
51.30681 45.2338 51.80527 45.1875 52.30418 45.14531 curveto
52.80197 45.10313 53.29999 45.06528 53.79822 45.03175 curveto
54.296 44.99825 54.794 44.96928 55.29225 44.9442 curveto
55.79002 44.91911 56.28804 44.89836 56.78627 44.88171 curveto
57.28474 44.86507 57.7832 44.85252 58.28166 44.84409 curveto
58.77968 44.83588 59.27768 44.83177 59.7757 44.83177 curveto
60.27371 44.83177 60.77171 44.83588 61.26973 44.84409 curveto
61.76819 44.85252 62.26665 44.86507 62.76512 44.88171 curveto
63.26335 44.89836 63.76137 44.91911 64.25914 44.9442 curveto
64.75739 44.96928 65.25539 44.99825 65.75317 45.03175 curveto
66.2514 45.06528 66.74942 45.10313 67.24721 45.14531 curveto
67.74612 45.1875 68.24458 45.2338 68.7426 45.28464 curveto
69.24106 45.3355 69.73907 45.39067 70.23662 45.45041 curveto
70.73532 45.51016 71.23332 45.57446 71.73065 45.64333 curveto
72.22934 45.71242 72.72736 45.78584 73.22469 45.86406 curveto
73.72383 45.94272 74.22252 46.02573 74.72008 46.11374 curveto
75.219 46.202 75.71701 46.2948 76.2141 46.39285 curveto
76.71326 46.49135 77.21126 46.59442 77.70813 46.70296 curveto
78.20728 46.81197 78.70529 46.92596 79.20216 47.04546 curveto
79.702 47.16586 80.20045 47.29105 80.69756 47.42238 curveto
81.19716 47.55441 81.69518 47.69145 82.19159 47.83488 curveto
82.69142 47.97922 83.18965 48.12904 83.68561 48.28569 curveto
84.18613 48.44371 84.68481 48.60744 85.181 48.77823 curveto
85.68129 48.95062 86.17976 49.12894 86.67503 49.315 curveto
87.17578 49.50313 87.67424 49.6974 88.16907 49.90034 curveto
88.67026 50.1058 89.16873 50.31808 89.66309 50.5395 curveto
90.16544 50.76457 90.66435 50.99715 91.15848 51.23978 curveto
91.66129 51.4865 92.15974 51.74142 92.65251 52.00777 curveto
93.15622 52.28003 93.65536 52.56142 94.14655 52.85556 curveto
94.65161 53.15816 95.15121 53.4701 95.64056 53.79778 curveto
96.14815 54.13776 96.64912 54.488 97.13596 54.85718 curveto
97.64629 55.24414 98.14839 55.64227 98.62999 56.06458 curveto
99.14555 56.51653 99.6511 56.9801 100.12402 57.47652 curveto
100.64893 58.02719 101.16473 58.58792 101.61804 59.19925 curveto
102.16713 59.94011 102.7917 60.64265 103.11343 61.50893 curveto
103.80345 63.36665 104.30397 65.28938 104.60747 67.24767 curveto stroke
newpath 14.94392 69.24019 moveto
14.41545 69.24019 13.90869 69.03023 13.53502 68.65657 curveto
13.16136 68.2829 12.9514 67.77614 12.9514 67.24767 curveto
12.9514 66.7192 13.16136 66.21243 13.53502 65.83876 curveto
13.90869 65.4651 14.41545 65.25514 14.94392 65.25514 curveto
15.4724 65.25514 15.97916 65.4651 16.35283 65.83876 curveto
16.72649 66.21243 16.93645 66.7192 16.93645 67.24767 curveto
16.93645 67.77614 16.72649 68.2829 16.35283 68.65657 curveto
15.97916 69.03023 15.4724 69.24019 14.94392 69.24019 curveto closepath fill
newpath 59.7757 46.8243 moveto
59.24722 46.8243 58.74046 46.61433 58.36679 46.24068 curveto
57.99313 45.867 57.78317 45.36024 57.78317 44.83177 curveto
57.78317 44.3033 57.99313 43.79654 58.36679 43.42287 curveto
58.74046 43.04921 59.24722 42.83925 59.7757 42.83925 curveto
60.30417 42.83925 60.81093 43.04921 61.1846 43.42287 curveto
61.55826 43.79654 61.76822 44.3033 61.76822 44.83177 curveto
61.76822 45.36024 61.55826 45.867 61.1846 46.24068 curveto
60.81093 46.61433 60.30417 46.8243 59.7757 46.8243 curveto closepath fill
newpath 104.60747 69.24019 moveto
104.079 69.24019 103.57224 69.03023 103.19856 68.65657 curveto
102.8249 68.2829 102.61494 67.77614 102.61494 67.24767 curveto
102.61494 66.7192 102.8249 66.21243 103.19856 65.83876 curveto
103.57224 65.4651 104.079 65.25514 104.60747 65.25514 curveto
105.13594 65.25514 105.6427 65.4651 106.01637 65.83876 curveto
106.39003 66.21243 106.59999 66.7192 106.59999 67.24767 curveto
106.59999 67.77614 106.39003 68.2829 106.01637 68.65657 curveto
105.6427 69.03023 105.13594 69.24019 104.60747 69.24019 curveto closepath fill
showpage
%%EOF
