%!PS
%%BoundingBox: -1 -1 130 91 
%%HiResBoundingBox: -0.24907 -0.24907 129.76308 90.90887 
%%Creator: MetaPost 1.9991
%%CreationDate: 2017.08.15:0950
%%Pages: 1
%%BeginProlog
%%EndProlog
%%Page: 1 1
 0 0 0 setrgbcolor 0 0.49814 dtransform truncate idtransform setlinewidth pop
 [] 0 setdash 1 setlinecap 1 setlinejoin 10 setmiterlimit
newpath 0 12.9514 moveto
129.514 12.9514 lineto stroke
newpath 124.5327 15.44206 moveto
125.70863 13.87415 127.55412 12.9514 129.514 12.9514 curveto
127.55412 12.9514 125.70863 12.02866 124.5327 10.46074 curveto stroke
 0.49814 0 dtransform exch truncate exch idtransform pop setlinewidth
newpath 12.9514 0 moveto
12.9514 90.6598 lineto stroke
 0 0.49814 dtransform truncate idtransform setlinewidth pop
newpath 10.46074 85.6785 moveto
12.02866 86.85443 12.9514 88.69992 12.9514 90.6598 curveto
12.9514 88.69992 13.87415 86.85443 15.44206 85.6785 curveto stroke
 0.49814 0 dtransform exch truncate exch idtransform pop setlinewidth
newpath 25.9028 10.95888 moveto
25.9028 14.94392 lineto stroke
newpath 38.8542 10.95888 moveto
38.8542 14.94392 lineto stroke
newpath 51.8056 10.95888 moveto
51.8056 14.94392 lineto stroke
newpath 64.757 10.95888 moveto
64.757 14.94392 lineto stroke
newpath 77.7084 10.95888 moveto
77.7084 14.94392 lineto stroke
newpath 90.6598 10.95888 moveto
90.6598 14.94392 lineto stroke
newpath 103.6112 10.95888 moveto
103.6112 14.94392 lineto stroke
newpath 116.5626 10.95888 moveto
116.5626 14.94392 lineto stroke
 0 0.49814 dtransform truncate idtransform setlinewidth pop
newpath 14.94392 25.9028 moveto
10.95888 25.9028 lineto stroke
newpath 14.94392 38.8542 moveto
10.95888 38.8542 lineto stroke
newpath 14.94392 51.8056 moveto
10.95888 51.8056 lineto stroke
newpath 14.94392 64.757 moveto
10.95888 64.757 lineto stroke
newpath 14.94392 77.7084 moveto
10.95888 77.7084 lineto stroke
 0 1.24533 dtransform truncate idtransform setlinewidth pop
newpath 38.8542 12.9514 moveto
39.10063 18.35599 39.53244 23.75069 40.14903 29.12563 curveto
40.39763 31.29315 40.9496 33.4093 41.44464 35.53336 curveto
41.8142 37.11888 42.26497 38.68385 42.73947 40.24112 curveto
43.12898 41.51993 43.56967 42.78235 44.03508 44.03548 curveto
44.43369 45.10916 44.87042 46.16841 45.32991 47.21759 curveto
45.73404 48.14029 46.16881 49.04936 46.62473 49.94756 curveto
47.03282 50.75148 47.4666 51.54178 47.92033 52.3206 curveto
48.33081 53.02533 48.7638 53.71642 49.21516 54.39565 curveto
49.6278 55.01657 50.0606 55.62367 50.51077 56.21812 curveto
50.9248 56.76494 51.3572 57.29753 51.8056 57.8165 curveto
52.22101 58.29732 52.65321 58.7633 53.10043 59.21487 curveto
53.51761 59.636 53.94981 60.04193 54.39604 60.43224 curveto
54.81421 60.79784 55.24622 61.14723 55.69087 61.48003 curveto
56.11061 61.79425 56.54282 62.09148 56.98648 62.37091 curveto
57.40741 62.63612 57.83942 62.88335 58.28131 63.112 curveto
58.70383 63.33057 59.13582 63.52997 59.57613 63.70999 curveto
60.00063 63.88351 60.43282 64.03746 60.87173 64.17085 curveto
61.29782 64.3003 61.73001 64.40938 62.16656 64.49733 curveto
62.59502 64.5835 63.0274 64.64871 63.46217 64.69218 curveto
63.89241 64.73526 64.3246 64.757 64.757 64.757 curveto
65.1894 64.757 65.6216 64.73526 66.05183 64.69218 curveto
66.4866 64.64871 66.91899 64.5835 67.34744 64.49733 curveto
67.784 64.40938 68.21619 64.3003 68.64227 64.17085 curveto
69.08119 64.03746 69.51338 63.88351 69.93788 63.70999 curveto
70.37819 63.52997 70.81018 63.33057 71.23271 63.112 curveto
71.67459 62.88335 72.1066 62.63612 72.52753 62.37091 curveto
72.97119 62.09148 73.4034 61.79425 73.82314 61.48003 curveto
74.26779 61.14723 74.6998 60.79784 75.11797 60.43224 curveto
75.5642 60.04193 75.9964 59.636 76.41357 59.21487 curveto
76.8608 58.7633 77.293 58.29732 77.7084 57.8165 curveto
78.15681 57.29753 78.5892 56.76494 79.00323 56.21812 curveto
79.45341 55.62367 79.8862 55.01657 80.29884 54.39565 curveto
80.75021 53.71642 81.1832 53.02533 81.59367 52.3206 curveto
82.04741 51.54178 82.48119 50.75148 82.88928 49.94756 curveto
83.3452 49.04936 83.77997 48.14029 84.18411 47.21759 curveto
84.64359 46.16841 85.08032 45.10916 85.47893 44.03548 curveto
85.94434 42.78235 86.38503 41.51993 86.77454 40.24112 curveto
87.24904 38.68385 87.69981 37.11888 88.06937 35.53336 curveto
88.5644 33.4093 89.11638 31.29315 89.36497 29.12563 curveto
89.98157 23.75069 90.41338 18.35599 90.6598 12.9514 curveto stroke
newpath 90.6598 14.94392 moveto
90.13133 14.94392 89.62457 14.73396 89.2509 14.3603 curveto
88.87724 13.98663 88.66728 13.47987 88.66728 12.9514 curveto
88.66728 12.42293 88.87724 11.91617 89.2509 11.5425 curveto
89.62457 11.16884 90.13133 10.95888 90.6598 10.95888 curveto
91.18828 10.95888 91.69504 11.16884 92.06871 11.5425 curveto
92.44237 11.91617 92.65233 12.42293 92.65233 12.9514 curveto
92.65233 13.47987 92.44237 13.98663 92.06871 14.3603 curveto
91.69504 14.73396 91.18828 14.94392 90.6598 14.94392 curveto closepath fill
newpath 38.8542 14.94392 moveto
38.32573 14.94392 37.81897 14.73396 37.4453 14.3603 curveto
37.07164 13.98663 36.86168 13.47987 36.86168 12.9514 curveto
36.86168 12.42293 37.07164 11.91617 37.4453 11.5425 curveto
37.81897 11.16884 38.32573 10.95888 38.8542 10.95888 curveto
39.38268 10.95888 39.88943 11.16884 40.2631 11.5425 curveto
40.63676 11.91617 40.84673 12.42293 40.84673 12.9514 curveto
40.84673 13.47987 40.63676 13.98663 40.2631 14.3603 curveto
39.88943 14.73396 39.38268 14.94392 38.8542 14.94392 curveto closepath fill
newpath 64.757 66.74953 moveto
64.22853 66.74953 63.72177 66.53957 63.3481 66.16591 curveto
62.97444 65.79224 62.76448 65.28548 62.76448 64.757 curveto
62.76448 64.22853 62.97444 63.72177 63.3481 63.3481 curveto
63.72177 62.97444 64.22853 62.76448 64.757 62.76448 curveto
65.28548 62.76448 65.79224 62.97444 66.16591 63.3481 curveto
66.53957 63.72177 66.74953 64.22853 66.74953 64.757 curveto
66.74953 65.28548 66.53957 65.79224 66.16591 66.16591 curveto
65.79224 66.53957 65.28548 66.74953 64.757 66.74953 curveto closepath fill
showpage
%%EOF
