%!PS
%%BoundingBox: -1 -1 160 160 
%%HiResBoundingBox: -0.24907 -0.24907 159.65092 159.65092 
%%Creator: MetaPost 1.9991
%%CreationDate: 2017.08.15:0950
%%Pages: 1
%%BeginProlog
%%EndProlog
%%Page: 1 1
 0 0 0 setrgbcolor 0 0.49814 dtransform truncate idtransform setlinewidth pop
 [] 0 setdash 1 setlinecap 1 setlinejoin 10 setmiterlimit
newpath 0 119.55139 moveto
159.40186 119.55139 lineto stroke
newpath 154.42055 122.04205 moveto
155.59648 120.47414 157.44197 119.55139 159.40186 119.55139 curveto
157.44197 119.55139 155.59648 118.62865 154.42055 117.06073 curveto stroke
 0.49814 0 dtransform exch truncate exch idtransform pop setlinewidth
newpath 79.70093 0 moveto
79.70093 159.40186 lineto stroke
 0 0.49814 dtransform truncate idtransform setlinewidth pop
newpath 77.21027 154.42055 moveto
78.77818 155.59648 79.70093 157.44197 79.70093 159.40186 curveto
79.70093 157.44197 80.62367 155.59648 82.19159 154.42055 curveto stroke
 0.49814 0 dtransform exch truncate exch idtransform pop setlinewidth
newpath 19.92523 117.55887 moveto
19.92523 121.54391 lineto stroke
newpath 39.85046 117.55887 moveto
39.85046 121.54391 lineto stroke
newpath 59.7757 117.55887 moveto
59.7757 121.54391 lineto stroke
newpath 79.70093 117.55887 moveto
79.70093 121.54391 lineto stroke
newpath 99.62616 117.55887 moveto
99.62616 121.54391 lineto stroke
newpath 119.55139 117.55887 moveto
119.55139 121.54391 lineto stroke
newpath 139.47662 117.55887 moveto
139.47662 121.54391 lineto stroke
 0 0.49814 dtransform truncate idtransform setlinewidth pop
newpath 81.69345 19.92523 moveto
77.7084 19.92523 lineto stroke
newpath 81.69345 39.85046 moveto
77.7084 39.85046 lineto stroke
newpath 81.69345 59.7757 moveto
77.7084 59.7757 lineto stroke
newpath 81.69345 79.70093 moveto
77.7084 79.70093 lineto stroke
newpath 81.69345 99.62616 moveto
77.7084 99.62616 lineto stroke
newpath 81.69345 119.55139 moveto
77.7084 119.55139 lineto stroke
newpath 81.69345 139.47662 moveto
77.7084 139.47662 lineto stroke
 0 1.24533 dtransform truncate idtransform setlinewidth pop
newpath 19.92523 119.55139 moveto
20.30437 111.23665 20.96867 102.9371 21.91727 94.66795 curveto
22.29974 91.3333 23.14891 88.0777 23.91052 84.80994 curveto
24.47906 82.37065 25.17258 79.96301 25.90256 77.56721 curveto
26.50182 75.59981 27.17981 73.65762 27.89581 71.72974 curveto
28.50905 70.07791 29.18097 68.44829 29.88785 66.83417 curveto
30.5096 65.41463 31.17848 64.01607 31.87988 62.63423 curveto
32.50772 61.39742 33.17508 60.18158 33.87314 58.98338 curveto
34.50462 57.89919 35.17076 56.83598 35.86517 55.79102 curveto
36.5 54.83574 37.16583 53.90175 37.85843 52.9872 curveto
38.49538 52.14594 39.16061 51.32657 39.85046 50.52817 curveto
40.48955 49.78845 41.15446 49.07153 41.8425 48.37682 curveto
42.48431 47.72893 43.14925 47.10443 43.83575 46.50397 curveto
44.4791 45.9415 45.1437 45.40396 45.82779 44.89197 curveto
46.47356 44.40855 47.13849 43.9513 47.82104 43.52138 curveto
48.46864 43.11337 49.13326 42.73302 49.81308 42.38126 curveto
50.4631 42.04498 51.12773 41.73822 51.80511 41.46124 curveto
52.45819 41.1943 53.12311 40.95746 53.79837 40.75223 curveto
54.45387 40.55309 55.11879 40.38525 55.7904 40.24997 curveto
56.44955 40.1174 57.11478 40.01707 57.78366 39.95018 curveto
58.44554 39.88391 59.11047 39.85046 59.7757 39.85046 curveto
60.44092 39.85046 61.10585 39.88391 61.76773 39.95018 curveto
62.43661 40.01707 63.10184 40.1174 63.76099 40.24997 curveto
64.4326 40.38525 65.09752 40.55309 65.75302 40.75223 curveto
66.42828 40.95746 67.0932 41.1943 67.74628 41.46124 curveto
68.42366 41.73822 69.08829 42.04498 69.73831 42.38126 curveto
70.41814 42.73302 71.08275 43.11337 71.73035 43.52138 curveto
72.4129 43.9513 73.07784 44.40855 73.7236 44.89197 curveto
74.40768 45.40396 75.0723 45.9415 75.71564 46.50397 curveto
76.40215 47.10443 77.06708 47.72893 77.7089 48.37682 curveto
78.39693 49.07153 79.06184 49.78845 79.70093 50.52817 curveto
80.39078 51.32657 81.05602 52.14594 81.69296 52.9872 curveto
82.38556 53.90175 83.05139 54.83574 83.68622 55.79102 curveto
84.38063 56.83598 85.04677 57.89919 85.67825 58.98338 curveto
86.37631 60.18158 87.04367 61.39742 87.67151 62.63423 curveto
88.37291 64.01607 89.0418 65.41463 89.66354 66.83417 curveto
90.37042 68.44829 91.04234 70.07791 91.65558 71.72974 curveto
92.37158 73.65762 93.04958 75.59981 93.64883 77.56721 curveto
94.37881 79.96301 95.07233 82.37065 95.64087 84.80994 curveto
96.40248 88.0777 97.25165 91.3333 97.63412 94.66795 curveto
98.58272 102.9371 99.24702 111.23665 99.62616 119.55139 curveto stroke
newpath 19.92523 121.54391 moveto
19.39676 121.54391 18.89 121.33395 18.51633 120.9603 curveto
18.14267 120.58662 17.93271 120.07986 17.93271 119.55139 curveto
17.93271 119.02292 18.14267 118.51616 18.51633 118.14249 curveto
18.89 117.76883 19.39676 117.55887 19.92523 117.55887 curveto
20.4537 117.55887 20.96046 117.76883 21.33414 118.14249 curveto
21.7078 118.51616 21.91776 119.02292 21.91776 119.55139 curveto
21.91776 120.07986 21.7078 120.58662 21.33414 120.9603 curveto
20.96046 121.33395 20.4537 121.54391 19.92523 121.54391 curveto closepath fill
newpath 59.7757 41.84299 moveto
59.24722 41.84299 58.74046 41.63303 58.36679 41.25937 curveto
57.99313 40.8857 57.78317 40.37894 57.78317 39.85046 curveto
57.78317 39.32199 57.99313 38.81523 58.36679 38.44156 curveto
58.74046 38.0679 59.24722 37.85794 59.7757 37.85794 curveto
60.30417 37.85794 60.81093 38.0679 61.1846 38.44156 curveto
61.55826 38.81523 61.76822 39.32199 61.76822 39.85046 curveto
61.76822 40.37894 61.55826 40.8857 61.1846 41.25937 curveto
60.81093 41.63303 60.30417 41.84299 59.7757 41.84299 curveto closepath fill
newpath 99.62616 121.54391 moveto
99.09769 121.54391 98.59093 121.33395 98.21725 120.9603 curveto
97.8436 120.58662 97.63364 120.07986 97.63364 119.55139 curveto
97.63364 119.02292 97.8436 118.51616 98.21725 118.14249 curveto
98.59093 117.76883 99.09769 117.55887 99.62616 117.55887 curveto
100.15463 117.55887 100.66139 117.76883 101.03506 118.14249 curveto
101.40872 118.51616 101.61868 119.02292 101.61868 119.55139 curveto
101.61868 120.07986 101.40872 120.58662 101.03506 120.9603 curveto
100.66139 121.33395 100.15463 121.54391 99.62616 121.54391 curveto closepath fill
showpage
%%EOF
