%!PS
%%BoundingBox: -1 -20 300 150 
%%HiResBoundingBox: -0.24907 -19.90744 299.12755 149.68831 
%%Creator: MetaPost 1.9991
%%CreationDate: 2017.08.15:0950
%%Pages: 1
%%BeginProlog
%%EndProlog
%%Page: 1 1
 0 0 0 setrgbcolor 0 0.49814 dtransform truncate idtransform setlinewidth pop
 [] 0 setdash 1 setlinecap 1 setlinejoin 10 setmiterlimit
newpath 0 24.90654 moveto
298.87848 24.90654 lineto stroke
newpath 293.89717 27.3972 moveto
295.0731 25.82928 296.9186 24.90654 298.87848 24.90654 curveto
296.9186 24.90654 295.0731 23.9838 293.89717 22.41588 curveto stroke
 0.49814 0 dtransform exch truncate exch idtransform pop setlinewidth
newpath 149.43924 0 moveto
149.43924 149.43924 lineto stroke
 0 0.49814 dtransform truncate idtransform setlinewidth pop
newpath 146.94858 144.45793 moveto
148.5165 145.63387 149.43924 147.47935 149.43924 149.43924 curveto
149.43924 147.47935 150.36198 145.63387 151.9299 144.45793 curveto stroke
newpath 24.90654 12.45326 moveto
273.97194 12.45326 lineto stroke
newpath 270.98315 13.94766 moveto
271.6887 13.00691 272.796 12.45326 273.97194 12.45326 curveto
272.796 12.45326 271.6887 11.89961 270.98315 10.95886 curveto stroke
newpath 27.89532 10.95886 moveto
27.18977 11.89961 26.08247 12.45326 24.90654 12.45326 curveto
26.08247 12.45326 27.18977 13.00691 27.89532 13.94766 curveto stroke
 1 1 1 setrgbcolor
newpath 185.25797 -17.78984 moveto
185.25797 -14.39719 183.90996 -11.14401 181.51112 -8.74556 curveto
179.11267 -6.34673 175.8595 -4.9991 172.46684 -4.9991 curveto
126.41164 -4.9991 lineto
123.01898 -4.9991 119.76581 -6.34673 117.36736 -8.74556 curveto
114.96852 -11.14401 113.62051 -14.39719 113.62051 -17.78984 curveto
113.62051 -7.1167 lineto
113.62051 -10.50935 114.96852 -13.76253 117.36736 -16.16098 curveto
119.76581 -18.55981 123.01898 -19.90744 126.41164 -19.90744 curveto
172.46684 -19.90744 lineto
175.8595 -19.90744 179.11267 -18.55981 181.51112 -16.16098 curveto
183.90996 -13.76253 185.25797 -10.50935 185.25797 -7.1167 curveto
 closepath fill
 0 0 0 setrgbcolor 0.49814
 0 dtransform exch truncate exch idtransform pop setlinewidth
newpath 149.43924 31.13318 moveto
149.43924 118.30606 lineto stroke
 0 0.49814 dtransform truncate idtransform setlinewidth pop
newpath 147.94484 115.31728 moveto
148.88559 116.02283 149.43924 117.13013 149.43924 118.30606 curveto
149.43924 117.13013 149.99289 116.02283 150.93364 115.31728 curveto stroke
newpath 150.93364 34.12196 moveto
149.99289 33.41641 149.43924 32.30911 149.43924 31.13318 curveto
149.43924 32.30911 148.88559 33.41641 147.94484 34.12196 curveto stroke
 1 1 1 setrgbcolor
newpath 178.56427 69.38304 moveto
178.56427 72.7757 177.21625 76.02887 174.8178 78.42732 curveto
172.41896 80.82616 169.16617 82.1738 165.77351 82.1738 curveto
133.10497 82.1738 lineto
129.71231 82.1738 126.45952 80.82616 124.06068 78.42732 curveto
121.66185 76.02887 120.31421 72.7757 120.31421 69.38304 curveto
120.31421 80.0562 lineto
120.31421 76.66354 121.66185 73.41037 124.06068 71.01192 curveto
126.45952 68.61308 129.71231 67.26544 133.10497 67.26544 curveto
165.77351 67.26544 lineto
169.16617 67.26544 172.41896 68.61308 174.8178 71.01192 curveto
177.21625 73.41037 178.56427 76.66354 178.56427 80.0562 curveto
 closepath fill
 0 0 0 setrgbcolor 0 1.24533 dtransform truncate idtransform setlinewidth pop
newpath 273.97194 24.90654 moveto
273.97156 28.27638 273.75836 31.64244 273.33347 34.98529 curveto
272.90591 38.34717 272.26479 41.67825 271.42184 44.96068 curveto
270.5698 48.27846 269.51251 51.54037 268.26178 54.72932 curveto
266.99168 57.96843 265.5247 61.1266 263.87988 64.19241 curveto
262.2035 67.31712 260.3451 70.34038 258.32364 73.25417 curveto
256.25925 76.22992 254.02876 79.08632 251.65198 81.81883 curveto
249.22122 84.61292 246.6411 87.27322 243.9314 89.79823 curveto
241.15822 92.38252 238.25354 94.82202 235.236 97.11635 curveto
232.15346 99.46046 228.95691 101.65065 225.6646 103.68959 curveto
222.30463 105.77032 218.84889 107.69069 215.31221 109.45409 curveto
211.71014 111.25017 208.02829 112.8817 204.28143 114.3521 curveto
200.47644 115.84528 196.60721 117.17087 192.6882 118.33191 curveto
188.72093 119.50739 184.70576 120.51335 180.65413 121.3525 curveto
176.56409 122.19962 172.441 122.87534 168.2951 123.38345 curveto
164.12755 123.89423 159.94136 124.23474 155.74606 124.405 curveto
151.54317 124.57564 147.33531 124.57564 143.13242 124.405 curveto
138.93712 124.23474 134.75093 123.89423 130.58337 123.38345 curveto
126.43823 122.87534 122.31552 122.19923 118.22626 121.3525 curveto
114.17422 120.51335 110.15793 119.50739 106.19028 118.33191 curveto
102.27164 117.17087 98.40356 115.8449 94.59894 114.3521 curveto
90.8521 112.8817 87.17023 111.25017 83.56818 109.45409 curveto
80.03111 107.69069 76.57423 105.77032 73.21388 103.68959 curveto
69.92157 101.65103 66.72464 99.46198 63.64249 97.11787 curveto
60.62494 94.82317 57.72064 92.3829 54.94708 89.79823 curveto
52.23776 87.27322 49.65764 84.61292 47.2265 81.81883 curveto
44.84972 79.08708 42.61885 76.23105 40.55484 73.25569 curveto
38.53339 70.34227 36.67497 67.31865 34.9986 64.19392 curveto
33.35378 61.12811 31.8868 57.96996 30.6167 54.73085 curveto
29.36597 51.5419 28.30869 48.27998 27.45663 44.9622 curveto
26.6137 41.67938 25.97256 38.34755 25.54501 34.98529 curveto
25.12012 31.64244 24.90692 28.27638 24.90654 24.90654 curveto stroke
showpage
%%EOF
