%!PS
%%BoundingBox: -1 -1 120 90 
%%HiResBoundingBox: -0.24907 -0.24907 119.80046 89.91261 
%%Creator: MetaPost 1.9991
%%CreationDate: 2017.08.15:0950
%%Pages: 1
%%BeginProlog
%%EndProlog
%%Page: 1 1
 0 0 0 setrgbcolor 0 0.49814 dtransform truncate idtransform setlinewidth pop
 [] 0 setdash 1 setlinecap 1 setlinejoin 10 setmiterlimit
newpath 0 14.94392 moveto
119.55139 14.94392 lineto stroke
newpath 114.57008 17.43459 moveto
115.74602 15.86667 117.5915 14.94392 119.55139 14.94392 curveto
117.5915 14.94392 115.74602 14.02118 114.57008 12.45326 curveto stroke
 0.49814 0 dtransform exch truncate exch idtransform pop setlinewidth
newpath 59.7757 0 moveto
59.7757 89.66354 lineto stroke
 0 0.49814 dtransform truncate idtransform setlinewidth pop
newpath 57.28503 84.68224 moveto
58.85295 85.85817 59.7757 87.70366 59.7757 89.66354 curveto
59.7757 87.70366 60.69844 85.85817 62.26636 84.68224 curveto stroke
 0.49814 0 dtransform exch truncate exch idtransform pop setlinewidth
newpath 14.94392 12.9514 moveto
14.94392 16.93645 lineto stroke
newpath 29.88785 12.9514 moveto
29.88785 16.93645 lineto stroke
newpath 44.83177 12.9514 moveto
44.83177 16.93645 lineto stroke
newpath 59.7757 12.9514 moveto
59.7757 16.93645 lineto stroke
newpath 74.71962 12.9514 moveto
74.71962 16.93645 lineto stroke
newpath 89.66354 12.9514 moveto
89.66354 16.93645 lineto stroke
newpath 104.60747 12.9514 moveto
104.60747 16.93645 lineto stroke
 0 0.49814 dtransform truncate idtransform setlinewidth pop
newpath 61.76822 14.94392 moveto
57.78317 14.94392 lineto stroke
newpath 61.76822 29.88785 moveto
57.78317 29.88785 lineto stroke
newpath 61.76822 44.83177 moveto
57.78317 44.83177 lineto stroke
newpath 61.76822 59.7757 moveto
57.78317 59.7757 lineto stroke
newpath 61.76822 74.71962 moveto
57.78317 74.71962 lineto stroke
 0 1.24533 dtransform truncate idtransform setlinewidth pop
newpath 29.88785 14.94392 moveto
30.1722 21.1802 30.67044 27.40465 31.38188 33.60672 curveto
31.66873 36.10771 32.3056 38.54942 32.87682 41.00024 curveto
33.30322 42.82947 33.82335 44.63521 34.37085 46.43205 curveto
34.82028 47.90762 35.32878 49.36447 35.86578 50.8104 curveto
36.32571 52.04926 36.82965 53.27148 37.3598 54.48184 curveto
37.82613 55.5465 38.32777 56.59518 38.85384 57.63156 curveto
39.3247 58.55917 39.82545 59.47105 40.34877 60.3697 curveto
40.82239 61.18285 41.32199 61.98048 41.8428 62.7642 curveto
42.31892 63.48067 42.8183 64.1814 43.33774 64.86707 curveto
43.81546 65.49802 44.31438 66.11232 44.83177 66.7111 curveto
45.31131 67.2659 45.80977 67.80382 46.3258 68.32486 curveto
46.80716 68.81078 47.30586 69.27914 47.82074 69.72949 curveto
48.30324 70.15134 48.80171 70.55472 49.31477 70.93872 curveto
49.79909 71.30128 50.29779 71.644 50.80971 71.96643 curveto
51.2954 72.27245 51.79387 72.55771 52.30373 72.82153 curveto
52.79126 73.07373 53.28972 73.30403 53.79776 73.51176 curveto
54.28757 73.71198 54.78625 73.8896 55.2927 74.04329 curveto
55.78433 74.19266 56.28302 74.31853 56.78673 74.42 curveto
57.28108 74.51941 57.78001 74.59467 58.28166 74.64482 curveto
58.77808 74.69453 59.27678 74.71962 59.7757 74.71962 curveto
60.27461 74.71962 60.77332 74.69453 61.26973 74.64482 curveto
61.77138 74.59467 62.27031 74.51941 62.76466 74.42 curveto
63.26837 74.31853 63.76706 74.19266 64.2587 74.04329 curveto
64.76514 73.8896 65.26382 73.71198 65.75363 73.51176 curveto
66.26167 73.30403 66.76013 73.07373 67.24767 72.82153 curveto
67.75752 72.55771 68.256 72.27245 68.74168 71.96643 curveto
69.2536 71.644 69.7523 71.30128 70.23662 70.93872 curveto
70.74968 70.55472 71.24815 70.15134 71.73065 69.72949 curveto
72.24553 69.27914 72.74423 68.81078 73.22559 68.32486 curveto
73.74162 67.80382 74.24008 67.2659 74.71962 66.7111 curveto
75.23701 66.11232 75.73593 65.49802 76.21365 64.86707 curveto
76.7331 64.1814 77.23247 63.48067 77.70859 62.7642 curveto
78.2294 61.98048 78.729 61.18285 79.20262 60.3697 curveto
79.72594 59.47105 80.22668 58.55917 80.69756 57.63156 curveto
81.22362 56.59518 81.72527 55.5465 82.19159 54.48184 curveto
82.72174 53.27148 83.22568 52.04926 83.68561 50.8104 curveto
84.22261 49.36447 84.73111 47.90762 85.18054 46.43205 curveto
85.72804 44.63521 86.24817 42.82947 86.67458 41.00024 curveto
87.24579 38.54942 87.88266 36.10771 88.16951 33.60672 curveto
88.88095 27.40465 89.3792 21.1802 89.66354 14.94392 curveto stroke
newpath 29.88785 16.93645 moveto
29.35938 16.93645 28.85262 16.72649 28.47894 16.35283 curveto
28.10529 15.97916 27.89532 15.4724 27.89532 14.94392 curveto
27.89532 14.41545 28.10529 13.90869 28.47894 13.53502 curveto
28.85262 13.16136 29.35938 12.9514 29.88785 12.9514 curveto
30.41632 12.9514 30.92308 13.16136 31.29675 13.53502 curveto
31.67041 13.90869 31.88037 14.41545 31.88037 14.94392 curveto
31.88037 15.4724 31.67041 15.97916 31.29675 16.35283 curveto
30.92308 16.72649 30.41632 16.93645 29.88785 16.93645 curveto closepath fill
newpath 59.7757 76.71214 moveto
59.24722 76.71214 58.74046 76.50218 58.36679 76.12852 curveto
57.99313 75.75485 57.78317 75.2481 57.78317 74.71962 curveto
57.78317 74.19115 57.99313 73.68439 58.36679 73.31071 curveto
58.74046 72.93706 59.24722 72.7271 59.7757 72.7271 curveto
60.30417 72.7271 60.81093 72.93706 61.1846 73.31071 curveto
61.55826 73.68439 61.76822 74.19115 61.76822 74.71962 curveto
61.76822 75.2481 61.55826 75.75485 61.1846 76.12852 curveto
60.81093 76.50218 60.30417 76.71214 59.7757 76.71214 curveto closepath fill
newpath 89.66354 16.93645 moveto
89.13507 16.93645 88.62831 16.72649 88.25464 16.35283 curveto
87.88098 15.97916 87.67102 15.4724 87.67102 14.94392 curveto
87.67102 14.41545 87.88098 13.90869 88.25464 13.53502 curveto
88.62831 13.16136 89.13507 12.9514 89.66354 12.9514 curveto
90.19202 12.9514 90.69878 13.16136 91.07245 13.53502 curveto
91.4461 13.90869 91.65607 14.41545 91.65607 14.94392 curveto
91.65607 15.4724 91.4461 15.97916 91.07245 16.35283 curveto
90.69878 16.72649 90.19202 16.93645 89.66354 16.93645 curveto closepath fill
showpage
%%EOF
