%!PS
%%BoundingBox: -1 -1 130 91 
%%HiResBoundingBox: -0.24907 -0.24907 129.76308 90.90887 
%%Creator: MetaPost 1.9991
%%CreationDate: 2017.08.15:0950
%%Pages: 1
%%BeginProlog
%%EndProlog
%%Page: 1 1
 0 0 0 setrgbcolor 0 0.49814 dtransform truncate idtransform setlinewidth pop
 [] 0 setdash 1 setlinecap 1 setlinejoin 10 setmiterlimit
newpath 0 12.9514 moveto
129.514 12.9514 lineto stroke
newpath 124.5327 15.44206 moveto
125.70863 13.87415 127.55412 12.9514 129.514 12.9514 curveto
127.55412 12.9514 125.70863 12.02866 124.5327 10.46074 curveto stroke
 0.49814 0 dtransform exch truncate exch idtransform pop setlinewidth
newpath 64.757 0 moveto
64.757 90.6598 lineto stroke
 0 0.49814 dtransform truncate idtransform setlinewidth pop
newpath 62.26634 85.6785 moveto
63.83426 86.85443 64.757 88.69992 64.757 90.6598 curveto
64.757 88.69992 65.67975 86.85443 67.24767 85.6785 curveto stroke
 0.49814 0 dtransform exch truncate exch idtransform pop setlinewidth
newpath 12.9514 10.95888 moveto
12.9514 14.94392 lineto stroke
newpath 25.9028 10.95888 moveto
25.9028 14.94392 lineto stroke
newpath 38.8542 10.95888 moveto
38.8542 14.94392 lineto stroke
newpath 51.8056 10.95888 moveto
51.8056 14.94392 lineto stroke
newpath 77.7084 10.95888 moveto
77.7084 14.94392 lineto stroke
newpath 90.6598 10.95888 moveto
90.6598 14.94392 lineto stroke
newpath 103.6112 10.95888 moveto
103.6112 14.94392 lineto stroke
newpath 116.5626 10.95888 moveto
116.5626 14.94392 lineto stroke
 0 0.49814 dtransform truncate idtransform setlinewidth pop
newpath 66.74953 25.9028 moveto
62.76448 25.9028 lineto stroke
newpath 66.74953 38.8542 moveto
62.76448 38.8542 lineto stroke
newpath 66.74953 51.8056 moveto
62.76448 51.8056 lineto stroke
newpath 66.74953 64.757 moveto
62.76448 64.757 lineto stroke
newpath 66.74953 77.7084 moveto
62.76448 77.7084 lineto stroke
 0 1.24533 dtransform truncate idtransform setlinewidth pop
newpath 12.9514 51.8056 moveto
13.20573 48.9043 13.63814 46.02138 14.24623 43.17305 curveto
14.5067 41.95293 15.05588 40.82272 15.54105 39.67473 curveto
15.92226 38.77278 16.37285 37.90285 16.83745 37.04102 curveto
17.23764 36.29874 17.67775 35.5792 18.13228 34.86894 curveto
18.54175 34.22943 18.9779 33.60751 19.4271 32.99529 curveto
19.84172 32.42989 20.27649 31.8797 20.72192 31.33821 curveto
21.14009 30.83012 21.57368 30.33488 22.01675 29.84834 curveto
22.43788 29.3859 22.87146 28.93512 23.31316 28.49245 curveto
23.73547 28.06914 24.16827 27.65631 24.60797 27.25098 curveto
25.03168 26.86047 25.46408 26.47966 25.9028 26.10596 curveto
26.3277 25.74411 26.75989 25.39096 27.19763 25.04492 curveto
27.6233 24.70837 28.05551 24.38011 28.49245 24.0586 curveto
28.91931 23.74437 29.35191 23.43785 29.78885 23.13786 curveto
30.21571 22.84459 30.64772 22.55843 31.08368 22.2786 curveto
31.51114 22.0041 31.94315 21.73672 32.3785 21.47507 curveto
32.80635 21.21796 33.23836 20.96718 33.67332 20.72232 curveto
34.10158 20.48122 34.53358 20.24644 34.96815 20.0172 curveto
35.39719 19.79092 35.82959 19.57057 36.26456 19.35556 curveto
36.69339 19.14351 37.1252 18.93759 37.55937 18.7366 curveto
37.98842 18.538 38.42023 18.34492 38.8542 18.15698 curveto
39.28363 17.97083 39.71524 17.79019 40.14903 17.6145 curveto
40.57866 17.4404 41.01027 17.27202 41.44385 17.108 curveto
41.87427 16.94536 42.30627 16.78766 42.74025 16.63469 curveto
43.17029 16.48311 43.60188 16.33687 44.03508 16.19498 curveto
44.4651 16.05408 44.89691 15.9181 45.3299 15.7867 curveto
45.76013 15.65607 46.19174 15.53038 46.62473 15.40904 curveto
47.05515 15.28848 47.48676 15.17249 47.91956 15.06082 curveto
48.35057 14.94977 48.78276 14.84305 49.21596 14.74088 curveto
49.64658 14.6393 50.07819 14.54227 50.51077 14.44939 curveto
50.94159 14.35689 51.3732 14.26895 51.8056 14.18517 curveto
52.23642 14.10176 52.66803 14.02252 53.10043 13.94762 curveto
53.53125 13.87291 53.96304 13.80276 54.39525 13.73656 curveto
54.82686 13.67055 55.25887 13.60869 55.69165 13.551 curveto
56.12267 13.49348 56.55428 13.44012 56.98648 13.39091 curveto
57.4177 13.3419 57.8493 13.29704 58.2813 13.25613 curveto
58.71251 13.21542 59.14412 13.17867 59.57613 13.14606 curveto
60.00754 13.11345 60.43915 13.08519 60.87096 13.06088 curveto
61.30295 13.03658 61.73495 13.01622 62.16736 13.00002 curveto
62.59877 12.98381 63.03038 12.97156 63.46217 12.96346 curveto
63.89378 12.95535 64.3254 12.9514 64.757 12.9514 curveto
65.18861 12.9514 65.62022 12.95535 66.05183 12.96346 curveto
66.48363 12.97156 66.91524 12.98381 67.34665 13.00002 curveto
67.77905 13.01622 68.21106 13.03658 68.64305 13.06088 curveto
69.07486 13.08519 69.50647 13.11345 69.93788 13.14606 curveto
70.36989 13.17867 70.8015 13.21542 71.23271 13.25613 curveto
71.6647 13.29704 72.09631 13.3419 72.52753 13.39091 curveto
72.95973 13.44012 73.39134 13.49348 73.82236 13.551 curveto
74.25514 13.60869 74.68715 13.67055 75.11876 13.73656 curveto
75.55096 13.80276 75.98276 13.87291 76.41357 13.94762 curveto
76.84598 14.02252 77.27759 14.10176 77.7084 14.18517 curveto
78.14081 14.26895 78.57242 14.35689 79.00323 14.44939 curveto
79.43582 14.54227 79.86743 14.6393 80.29805 14.74088 curveto
80.73125 14.84305 81.16344 14.94977 81.59445 15.06082 curveto
82.02725 15.17249 82.45886 15.28848 82.88928 15.40904 curveto
83.32227 15.53038 83.75388 15.65607 84.18411 15.7867 curveto
84.6171 15.9181 85.0489 16.05408 85.47893 16.19498 curveto
85.91212 16.33687 86.34372 16.48311 86.77376 16.63469 curveto
87.20773 16.78766 87.63974 16.94536 88.07016 17.108 curveto
88.50374 17.27202 88.93535 17.4404 89.36497 17.6145 curveto
89.79877 17.79019 90.23038 17.97083 90.6598 18.15698 curveto
91.09378 18.34492 91.52559 18.538 91.95464 18.7366 curveto
92.38881 18.93759 92.82062 19.14351 93.24945 19.35556 curveto
93.68442 19.57057 94.11682 19.79092 94.54585 20.0172 curveto
94.98042 20.24644 95.41243 20.48122 95.84068 20.72232 curveto
96.27565 20.96718 96.70766 21.21796 97.13551 21.47507 curveto
97.57086 21.73672 98.00287 22.0041 98.43033 22.2786 curveto
98.86629 22.55843 99.2983 22.84459 99.72516 23.13786 curveto
100.1621 23.43785 100.5947 23.74437 101.02156 24.0586 curveto
101.4585 24.38011 101.8907 24.70837 102.31638 25.04492 curveto
102.75412 25.39096 103.18631 25.74411 103.6112 26.10596 curveto
104.04993 26.47966 104.48233 26.86047 104.90604 27.25098 curveto
105.34573 27.65631 105.77853 28.06914 106.20085 28.49245 curveto
106.64255 28.93512 107.07613 29.3859 107.49725 29.84834 curveto
107.94032 30.33488 108.37392 30.83012 108.79208 31.33821 curveto
109.23752 31.8797 109.67229 32.42989 110.08691 32.99529 curveto
110.5361 33.60751 110.97226 34.22943 111.38173 34.86894 curveto
111.83626 35.5792 112.27637 36.29874 112.67656 37.04102 curveto
113.14116 37.90285 113.59175 38.77278 113.97296 39.67473 curveto
114.45813 40.82272 115.00731 41.95293 115.26778 43.17305 curveto
115.87587 46.02138 116.30827 48.9043 116.5626 51.8056 curveto stroke
newpath 12.9514 53.79813 moveto
12.42293 53.79813 11.91617 53.58817 11.5425 53.21451 curveto
11.16884 52.84084 10.95888 52.33408 10.95888 51.8056 curveto
10.95888 51.27713 11.16884 50.77037 11.5425 50.3967 curveto
11.91617 50.02304 12.42293 49.81308 12.9514 49.81308 curveto
13.47987 49.81308 13.98663 50.02304 14.3603 50.3967 curveto
14.73396 50.77037 14.94392 51.27713 14.94392 51.8056 curveto
14.94392 52.33408 14.73396 52.84084 14.3603 53.21451 curveto
13.98663 53.58817 13.47987 53.79813 12.9514 53.79813 curveto closepath fill
newpath 64.757 14.94392 moveto
64.22853 14.94392 63.72177 14.73396 63.3481 14.3603 curveto
62.97444 13.98663 62.76448 13.47987 62.76448 12.9514 curveto
62.76448 12.42293 62.97444 11.91617 63.3481 11.5425 curveto
63.72177 11.16884 64.22853 10.95888 64.757 10.95888 curveto
65.28548 10.95888 65.79224 11.16884 66.16591 11.5425 curveto
66.53957 11.91617 66.74953 12.42293 66.74953 12.9514 curveto
66.74953 13.47987 66.53957 13.98663 66.16591 14.3603 curveto
65.79224 14.73396 65.28548 14.94392 64.757 14.94392 curveto closepath fill
newpath 116.5626 53.79813 moveto
116.03413 53.79813 115.52737 53.58817 115.1537 53.21451 curveto
114.78004 52.84084 114.57008 52.33408 114.57008 51.8056 curveto
114.57008 51.27713 114.78004 50.77037 115.1537 50.3967 curveto
115.52737 50.02304 116.03413 49.81308 116.5626 49.81308 curveto
117.09108 49.81308 117.59784 50.02304 117.97151 50.3967 curveto
118.34517 50.77037 118.55513 51.27713 118.55513 51.8056 curveto
118.55513 52.33408 118.34517 52.84084 117.97151 53.21451 curveto
117.59784 53.58817 117.09108 53.79813 116.5626 53.79813 curveto closepath fill
showpage
%%EOF
