%!PS
%%BoundingBox: -1 -1 151 136 
%%HiResBoundingBox: -0.89998 -0.24907 150.33922 135.11798 
%%Creator: MetaPost 1.9991
%%CreationDate: 2017.08.15:1326
%%Pages: 1
%%BeginProlog
%%EndProlog
%%Page: 1 1
 0 0 0 setrgbcolor 0 0.49814 dtransform truncate idtransform setlinewidth pop
 [] 0 setdash 1 setlinecap 1 setlinejoin 10 setmiterlimit
newpath 0 44.83177 moveto
149.43924 44.83177 lineto stroke
newpath 144.45793 47.32243 moveto
145.63387 45.75452 147.47935 44.83177 149.43924 44.83177 curveto
147.47935 44.83177 145.63387 43.90903 144.45793 42.34111 curveto stroke
 0.49814 0 dtransform exch truncate exch idtransform pop setlinewidth
newpath 74.71962 0 moveto
74.71962 119.55139 lineto stroke
 0 0.49814 dtransform truncate idtransform setlinewidth pop
newpath 72.22896 114.57008 moveto
73.79688 115.74602 74.71962 117.5915 74.71962 119.55139 curveto
74.71962 117.5915 75.64236 115.74602 77.21028 114.57008 curveto stroke
 0.49814 0 dtransform exch truncate exch idtransform pop setlinewidth
newpath 14.94392 42.83925 moveto
14.94392 46.8243 lineto stroke
newpath 29.88785 42.83925 moveto
29.88785 46.8243 lineto stroke
newpath 44.83177 42.83925 moveto
44.83177 46.8243 lineto stroke
newpath 59.7757 42.83925 moveto
59.7757 46.8243 lineto stroke
newpath 74.71962 42.83925 moveto
74.71962 46.8243 lineto stroke
newpath 89.66354 42.83925 moveto
89.66354 46.8243 lineto stroke
newpath 104.60747 42.83925 moveto
104.60747 46.8243 lineto stroke
newpath 119.55139 42.83925 moveto
119.55139 46.8243 lineto stroke
newpath 134.49532 42.83925 moveto
134.49532 46.8243 lineto stroke
 0 0.49814 dtransform truncate idtransform setlinewidth pop
newpath 76.71214 14.94392 moveto
72.7271 14.94392 lineto stroke
newpath 76.71214 29.88785 moveto
72.7271 29.88785 lineto stroke
newpath 76.71214 44.83177 moveto
72.7271 44.83177 lineto stroke
newpath 76.71214 59.7757 moveto
72.7271 59.7757 lineto stroke
newpath 76.71214 74.71962 moveto
72.7271 74.71962 lineto stroke
newpath 76.71214 89.66354 moveto
72.7271 89.66354 lineto stroke
newpath 76.71214 104.60747 moveto
72.7271 104.60747 lineto stroke
 0 1.24533 dtransform truncate idtransform setlinewidth pop
newpath 0 134.49532 moveto
0.50075 133.24368 0.99898 131.99113 1.49448 130.73744 curveto
1.99522 129.4703 2.4937 128.20226 2.98897 126.93306 curveto
3.48994 125.64949 3.98817 124.36479 4.483 123.07896 curveto
4.98442 121.77602 5.4829 120.47194 5.97748 119.16649 curveto
6.47914 117.84256 6.9776 116.51727 7.47195 115.19061 curveto
7.97408 113.84299 8.47253 112.4942 8.96645 111.14362 curveto
9.46901 109.76907 9.96771 108.39316 10.46092 107.01543 curveto
10.96373 105.61078 11.46242 104.20477 11.95496 102.79648 curveto
12.45866 101.35628 12.95758 99.91423 13.44945 98.46991 curveto
13.95383 96.98866 14.45299 95.50557 14.94392 94.01976 curveto
15.44923 92.49016 15.94861 90.95851 16.4384 89.42366 curveto
16.94508 87.83614 17.44469 86.24657 17.93289 84.65335 curveto
18.44093 82.9956 18.94077 81.33534 19.42693 79.67097 curveto
19.93701 77.9243 20.43799 76.17465 20.9214 74.42046 curveto
21.43423 72.5593 21.93634 70.69519 22.41588 68.82515 curveto
22.93282 66.80939 23.43698 64.79045 23.91037 62.7642 curveto
24.43346 60.52568 24.94196 58.28372 25.40485 56.03197 curveto
25.9382 53.43703 26.45879 50.83913 26.89888 48.22662 curveto
27.45549 44.92162 28.0935 41.6264 28.39337 38.28787 curveto
29.0909 30.52061 29.58913 22.73672 29.88785 14.94392 curveto stroke
newpath -0.27731 131.16528 moveto
0.33406 132.1698 0.4368 133.40352 0 134.49532 curveto
0.4368 133.40352 1.36214 132.58109 2.49765 132.27545 curveto stroke
newpath 119.55139 14.94392 moveto
119.85011 22.73672 120.34834 30.52061 121.04587 38.28787 curveto
121.34573 41.6264 121.98375 44.92162 122.54036 48.22662 curveto
122.98045 50.83913 123.50104 53.43703 124.0344 56.03197 curveto
124.49728 58.28372 125.00578 60.52568 125.52887 62.7642 curveto
126.00226 64.79045 126.50642 66.80939 127.02336 68.82515 curveto
127.5029 70.69519 128.005 72.5593 128.51784 74.42046 curveto
129.00125 76.17465 129.50223 77.9243 130.01231 79.67097 curveto
130.49847 81.33534 130.9983 82.9956 131.50635 84.65335 curveto
131.99455 86.24657 132.49416 87.83614 133.00084 89.42366 curveto
133.49063 90.95851 133.99 92.49016 134.49532 94.01976 curveto
134.98625 95.50557 135.48541 96.98866 135.98979 98.46991 curveto
136.48166 99.91423 136.98058 101.35628 137.48428 102.79648 curveto
137.97682 104.20477 138.47551 105.61078 138.97832 107.01543 curveto
139.47153 108.39316 139.97023 109.76907 140.4728 111.14362 curveto
140.9667 112.4942 141.46516 113.84299 141.96729 115.19061 curveto
142.46164 116.51727 142.9601 117.84256 143.46176 119.16649 curveto
143.95634 120.47194 144.45482 121.77602 144.95624 123.07896 curveto
145.45107 124.36479 145.9493 125.64949 146.45027 126.93306 curveto
146.94554 128.20226 147.44402 129.4703 147.94476 130.73744 curveto
148.44026 131.99113 148.93849 133.24368 149.43924 134.49532 curveto stroke
newpath 146.94159 132.27545 moveto
148.0771 132.58109 149.00244 133.40352 149.43924 134.49532 curveto
149.00244 133.40352 149.10518 132.1698 149.71655 131.16528 curveto stroke
newpath 29.88785 16.93645 moveto
29.35938 16.93645 28.85262 16.72649 28.47894 16.35283 curveto
28.10529 15.97916 27.89532 15.4724 27.89532 14.94392 curveto
27.89532 14.41545 28.10529 13.90869 28.47894 13.53502 curveto
28.85262 13.16136 29.35938 12.9514 29.88785 12.9514 curveto
30.41632 12.9514 30.92308 13.16136 31.29675 13.53502 curveto
31.67041 13.90869 31.88037 14.41545 31.88037 14.94392 curveto
31.88037 15.4724 31.67041 15.97916 31.29675 16.35283 curveto
30.92308 16.72649 30.41632 16.93645 29.88785 16.93645 curveto closepath fill
newpath 119.55139 16.93645 moveto
119.02292 16.93645 118.51616 16.72649 118.14249 16.35283 curveto
117.76883 15.97916 117.55887 15.4724 117.55887 14.94392 curveto
117.55887 14.41545 117.76883 13.90869 118.14249 13.53502 curveto
118.51616 13.16136 119.02292 12.9514 119.55139 12.9514 curveto
120.07986 12.9514 120.58662 13.16136 120.9603 13.53502 curveto
121.33395 13.90869 121.54391 14.41545 121.54391 14.94392 curveto
121.54391 15.4724 121.33395 15.97916 120.9603 16.35283 curveto
120.58662 16.72649 120.07986 16.93645 119.55139 16.93645 curveto closepath fill
showpage
%%EOF
