%!PS
%%BoundingBox: -2 -2 173 102 
%%HiResBoundingBox: -1.99252 -1.99252 172.3209 101.61868 
%%Creator: MetaPost 1.9991
%%CreationDate: 2017.08.15:1326
%%Pages: 1
%%BeginProlog
%%EndProlog
%%Page: 1 1
 0 0 0 setrgbcolor 0 0.49814 dtransform truncate idtransform setlinewidth pop
 [] 0 setdash 1 setlinecap 1 setlinejoin 10 setmiterlimit
newpath 119.55139 0 moveto
104.43082 16.89948 94.11066 37.53949 89.66354 59.7757 curveto
86.8424 73.88109 90.49904 88.5079 99.62616 99.62616 curveto stroke
newpath 0 0 moveto
15.12057 16.89948 25.44073 37.53949 29.88785 59.7757 curveto
32.70898 73.88109 29.05235 88.5079 19.92523 99.62616 curveto stroke
newpath 119.55139 1.99252 moveto
119.02292 1.99252 118.51616 1.78256 118.14249 1.4089 curveto
117.76883 1.03523 117.55887 0.52847 117.55887 0 curveto
117.55887 -0.52847 117.76883 -1.03523 118.14249 -1.4089 curveto
118.51616 -1.78256 119.02292 -1.99252 119.55139 -1.99252 curveto
120.07986 -1.99252 120.58662 -1.78256 120.9603 -1.4089 curveto
121.33395 -1.03523 121.54391 -0.52847 121.54391 0 curveto
121.54391 0.52847 121.33395 1.03523 120.9603 1.4089 curveto
120.58662 1.78256 120.07986 1.99252 119.55139 1.99252 curveto closepath fill
newpath 89.66354 61.76822 moveto
89.13507 61.76822 88.62831 61.55826 88.25464 61.1846 curveto
87.88098 60.81093 87.67102 60.30417 87.67102 59.7757 curveto
87.67102 59.24722 87.88098 58.74046 88.25464 58.36679 curveto
88.62831 57.99313 89.13507 57.78317 89.66354 57.78317 curveto
90.19202 57.78317 90.69878 57.99313 91.07245 58.36679 curveto
91.4461 58.74046 91.65607 59.24722 91.65607 59.7757 curveto
91.65607 60.30417 91.4461 60.81093 91.07245 61.1846 curveto
90.69878 61.55826 90.19202 61.76822 89.66354 61.76822 curveto closepath fill
newpath 99.62616 101.61868 moveto
99.09769 101.61868 98.59093 101.40872 98.21725 101.03506 curveto
97.8436 100.66139 97.63364 100.15463 97.63364 99.62616 curveto
97.63364 99.09769 97.8436 98.59093 98.21725 98.21725 curveto
98.59093 97.8436 99.09769 97.63364 99.62616 97.63364 curveto
100.15463 97.63364 100.66139 97.8436 101.03506 98.21725 curveto
101.40872 98.59093 101.61868 99.09769 101.61868 99.62616 curveto
101.61868 100.15463 101.40872 100.66139 101.03506 101.03506 curveto
100.66139 101.40872 100.15463 101.61868 99.62616 101.61868 curveto closepath fill
newpath 0 1.99252 moveto
-0.52847 1.99252 -1.03523 1.78256 -1.4089 1.4089 curveto
-1.78256 1.03523 -1.99252 0.52847 -1.99252 0 curveto
-1.99252 -0.52847 -1.78256 -1.03523 -1.4089 -1.4089 curveto
-1.03523 -1.78256 -0.52847 -1.99252 0 -1.99252 curveto
0.52847 -1.99252 1.03523 -1.78256 1.4089 -1.4089 curveto
1.78256 -1.03523 1.99252 -0.52847 1.99252 0 curveto
1.99252 0.52847 1.78256 1.03523 1.4089 1.4089 curveto
1.03523 1.78256 0.52847 1.99252 0 1.99252 curveto closepath fill
newpath 29.88785 61.76822 moveto
29.35938 61.76822 28.85262 61.55826 28.47894 61.1846 curveto
28.10529 60.81093 27.89532 60.30417 27.89532 59.7757 curveto
27.89532 59.24722 28.10529 58.74046 28.47894 58.36679 curveto
28.85262 57.99313 29.35938 57.78317 29.88785 57.78317 curveto
30.41632 57.78317 30.92308 57.99313 31.29675 58.36679 curveto
31.67041 58.74046 31.88037 59.24722 31.88037 59.7757 curveto
31.88037 60.30417 31.67041 60.81093 31.29675 61.1846 curveto
30.92308 61.55826 30.41632 61.76822 29.88785 61.76822 curveto closepath fill
newpath 19.92523 101.61868 moveto
19.39676 101.61868 18.89 101.40872 18.51633 101.03506 curveto
18.14267 100.66139 17.93271 100.15463 17.93271 99.62616 curveto
17.93271 99.09769 18.14267 98.59093 18.51633 98.21725 curveto
18.89 97.8436 19.39676 97.63364 19.92523 97.63364 curveto
20.4537 97.63364 20.96046 97.8436 21.33414 98.21725 curveto
21.7078 98.59093 21.91776 99.09769 21.91776 99.62616 curveto
21.91776 100.15463 21.7078 100.66139 21.33414 101.03506 curveto
20.96046 101.40872 20.4537 101.61868 19.92523 101.61868 curveto closepath fill
newpath 4.98131 0 moveto
114.57008 0 lineto stroke
newpath 111.5813 1.4944 moveto
112.28685 0.55365 113.39415 0 114.57008 0 curveto
113.39415 0 112.28685 -0.55365 111.5813 -1.4944 curveto stroke
newpath 7.9701 -1.4944 moveto
7.26454 -0.55365 6.15724 0 4.98131 0 curveto
6.15724 0 7.26454 0.55365 7.9701 1.4944 curveto stroke
newpath 34.86916 59.7757 moveto
84.68224 59.7757 lineto stroke
newpath 81.69345 61.2701 moveto
82.399 60.32935 83.5063 59.7757 84.68224 59.7757 curveto
83.5063 59.7757 82.399 59.22205 81.69345 58.2813 curveto stroke
newpath 37.85794 58.2813 moveto
37.15239 59.22205 36.04509 59.7757 34.86916 59.7757 curveto
36.04509 59.7757 37.15239 60.32935 37.85794 61.2701 curveto stroke
newpath 24.90654 99.62616 moveto
94.64485 99.62616 lineto stroke
newpath 91.65607 101.12056 moveto
92.36162 100.17981 93.46892 99.62616 94.64485 99.62616 curveto
93.46892 99.62616 92.36162 99.07251 91.65607 98.13176 curveto stroke
newpath 27.89532 98.13176 moveto
27.18977 99.07251 26.08247 99.62616 24.90654 99.62616 curveto
26.08247 99.62616 27.18977 100.17981 27.89532 101.12056 curveto stroke
 0.49814 0 dtransform exch truncate exch idtransform pop setlinewidth
newpath 159.40186 4.98131 moveto
159.40186 54.79439 lineto stroke
 0 0.49814 dtransform truncate idtransform setlinewidth pop
newpath 157.90746 51.8056 moveto
158.8482 52.51115 159.40186 53.61845 159.40186 54.79439 curveto
159.40186 53.61845 159.9555 52.51115 160.89626 51.8056 curveto stroke
newpath 160.89626 7.9701 moveto
159.9555 7.26454 159.40186 6.15724 159.40186 4.98131 curveto
159.40186 6.15724 158.8482 7.26454 157.90746 7.9701 curveto stroke
newpath 89.91261 59.7757 moveto
89.91261 59.84175 89.88637 59.9051 89.83966 59.95181 curveto
89.79295 59.99852 89.7296 60.02477 89.66354 60.02477 curveto
89.59749 60.02477 89.53413 59.99852 89.48743 59.95181 curveto
89.44072 59.9051 89.41447 59.84175 89.41447 59.7757 curveto
89.41447 59.70964 89.44072 59.64629 89.48743 59.59958 curveto
89.53413 59.55287 89.59749 59.52663 89.66354 59.52663 curveto
89.7296 59.52663 89.79295 59.55287 89.83966 59.59958 curveto
89.88637 59.64629 89.91261 59.70964 89.91261 59.7757 curveto closepath fill
newpath 92.94429 59.7757 moveto
92.94429 59.84175 92.91805 59.9051 92.87134 59.95181 curveto
92.82463 59.99852 92.76128 60.02477 92.69522 60.02477 curveto
92.62917 60.02477 92.56581 59.99852 92.5191 59.95181 curveto
92.4724 59.9051 92.44615 59.84175 92.44615 59.7757 curveto
92.44615 59.70964 92.4724 59.64629 92.5191 59.59958 curveto
92.56581 59.55287 92.62917 59.52663 92.69522 59.52663 curveto
92.76128 59.52663 92.82463 59.55287 92.87134 59.59958 curveto
92.91805 59.64629 92.94429 59.70964 92.94429 59.7757 curveto closepath fill
newpath 95.97707 59.7757 moveto
95.97707 59.84175 95.95082 59.9051 95.90411 59.95181 curveto
95.8574 59.99852 95.79405 60.02477 95.728 60.02477 curveto
95.66194 60.02477 95.59859 59.99852 95.55188 59.95181 curveto
95.50517 59.9051 95.47893 59.84175 95.47893 59.7757 curveto
95.47893 59.70964 95.50517 59.64629 95.55188 59.59958 curveto
95.59859 59.55287 95.66194 59.52663 95.728 59.52663 curveto
95.79405 59.52663 95.8574 59.55287 95.90411 59.59958 curveto
95.95082 59.64629 95.97707 59.70964 95.97707 59.7757 curveto closepath fill
newpath 99.00876 59.7757 moveto
99.00876 59.84175 98.98251 59.9051 98.9358 59.95181 curveto
98.8891 59.99852 98.82574 60.02477 98.75969 60.02477 curveto
98.69363 60.02477 98.63028 59.99852 98.58357 59.95181 curveto
98.53687 59.9051 98.51062 59.84175 98.51062 59.7757 curveto
98.51062 59.70964 98.53687 59.64629 98.58357 59.59958 curveto
98.63028 59.55287 98.69363 59.52663 98.75969 59.52663 curveto
98.82574 59.52663 98.8891 59.55287 98.9358 59.59958 curveto
98.98251 59.64629 99.00876 59.70964 99.00876 59.7757 curveto closepath fill
newpath 102.0415 59.7757 moveto
102.0415 59.84175 102.01526 59.9051 101.96855 59.95181 curveto
101.92184 59.99852 101.85849 60.02477 101.79243 60.02477 curveto
101.72638 60.02477 101.66302 59.99852 101.61632 59.95181 curveto
101.56961 59.9051 101.54337 59.84175 101.54337 59.7757 curveto
101.54337 59.70964 101.56961 59.64629 101.61632 59.59958 curveto
101.66302 59.55287 101.72638 59.52663 101.79243 59.52663 curveto
101.85849 59.52663 101.92184 59.55287 101.96855 59.59958 curveto
102.01526 59.64629 102.0415 59.70964 102.0415 59.7757 curveto closepath fill
newpath 105.0732 59.7757 moveto
105.0732 59.84175 105.04695 59.9051 105.00024 59.95181 curveto
104.95354 59.99852 104.89018 60.02477 104.82413 60.02477 curveto
104.75807 60.02477 104.69472 59.99852 104.64801 59.95181 curveto
104.6013 59.9051 104.57506 59.84175 104.57506 59.7757 curveto
104.57506 59.70964 104.6013 59.64629 104.64801 59.59958 curveto
104.69472 59.55287 104.75807 59.52663 104.82413 59.52663 curveto
104.89018 59.52663 104.95354 59.55287 105.00024 59.59958 curveto
105.04695 59.64629 105.0732 59.70964 105.0732 59.7757 curveto closepath fill
newpath 108.10487 59.7757 moveto
108.10487 59.84175 108.07863 59.9051 108.03192 59.95181 curveto
107.98521 59.99852 107.92186 60.02477 107.8558 60.02477 curveto
107.78975 60.02477 107.7264 59.99852 107.67969 59.95181 curveto
107.63298 59.9051 107.60674 59.84175 107.60674 59.7757 curveto
107.60674 59.70964 107.63298 59.64629 107.67969 59.59958 curveto
107.7264 59.55287 107.78975 59.52663 107.8558 59.52663 curveto
107.92186 59.52663 107.98521 59.55287 108.03192 59.59958 curveto
108.07863 59.64629 108.10487 59.70964 108.10487 59.7757 curveto closepath fill
newpath 111.13762 59.7757 moveto
111.13762 59.84175 111.11137 59.9051 111.06467 59.95181 curveto
111.01796 59.99852 110.9546 60.02477 110.88855 60.02477 curveto
110.8225 60.02477 110.75914 59.99852 110.71243 59.95181 curveto
110.66573 59.9051 110.63948 59.84175 110.63948 59.7757 curveto
110.63948 59.70964 110.66573 59.64629 110.71243 59.59958 curveto
110.75914 59.55287 110.8225 59.52663 110.88855 59.52663 curveto
110.9546 59.52663 111.01796 59.55287 111.06467 59.59958 curveto
111.11137 59.64629 111.13762 59.70964 111.13762 59.7757 curveto closepath fill
newpath 114.1693 59.7757 moveto
114.1693 59.84175 114.14305 59.9051 114.09634 59.95181 curveto
114.04964 59.99852 113.98628 60.02477 113.92023 60.02477 curveto
113.85417 60.02477 113.79082 59.99852 113.74411 59.95181 curveto
113.6974 59.9051 113.67116 59.84175 113.67116 59.7757 curveto
113.67116 59.70964 113.6974 59.64629 113.74411 59.59958 curveto
113.79082 59.55287 113.85417 59.52663 113.92023 59.52663 curveto
113.98628 59.52663 114.04964 59.55287 114.09634 59.59958 curveto
114.14305 59.64629 114.1693 59.70964 114.1693 59.7757 curveto closepath fill
newpath 117.20097 59.7757 moveto
117.20097 59.84175 117.17473 59.9051 117.12802 59.95181 curveto
117.08131 59.99852 117.01796 60.02477 116.9519 60.02477 curveto
116.88585 60.02477 116.8225 59.99852 116.77579 59.95181 curveto
116.72908 59.9051 116.70284 59.84175 116.70284 59.7757 curveto
116.70284 59.70964 116.72908 59.64629 116.77579 59.59958 curveto
116.8225 59.55287 116.88585 59.52663 116.9519 59.52663 curveto
117.01796 59.52663 117.08131 59.55287 117.12802 59.59958 curveto
117.17473 59.64629 117.20097 59.70964 117.20097 59.7757 curveto closepath fill
newpath 120.23372 59.7757 moveto
120.23372 59.84175 120.20747 59.9051 120.16077 59.95181 curveto
120.11406 59.99852 120.0507 60.02477 119.98465 60.02477 curveto
119.9186 60.02477 119.85524 59.99852 119.80853 59.95181 curveto
119.76183 59.9051 119.73558 59.84175 119.73558 59.7757 curveto
119.73558 59.70964 119.76183 59.64629 119.80853 59.59958 curveto
119.85524 59.55287 119.9186 59.52663 119.98465 59.52663 curveto
120.0507 59.52663 120.11406 59.55287 120.16077 59.59958 curveto
120.20747 59.64629 120.23372 59.70964 120.23372 59.7757 curveto closepath fill
newpath 123.2654 59.7757 moveto
123.2654 59.84175 123.23915 59.9051 123.19244 59.95181 curveto
123.14574 59.99852 123.08238 60.02477 123.01633 60.02477 curveto
122.95027 60.02477 122.88692 59.99852 122.84021 59.95181 curveto
122.7935 59.9051 122.76726 59.84175 122.76726 59.7757 curveto
122.76726 59.70964 122.7935 59.64629 122.84021 59.59958 curveto
122.88692 59.55287 122.95027 59.52663 123.01633 59.52663 curveto
123.08238 59.52663 123.14574 59.55287 123.19244 59.59958 curveto
123.23915 59.64629 123.2654 59.70964 123.2654 59.7757 curveto closepath fill
newpath 126.29707 59.7757 moveto
126.29707 59.84175 126.27083 59.9051 126.22412 59.95181 curveto
126.17741 59.99852 126.11406 60.02477 126.048 60.02477 curveto
125.98195 60.02477 125.9186 59.99852 125.87189 59.95181 curveto
125.82518 59.9051 125.79893 59.84175 125.79893 59.7757 curveto
125.79893 59.70964 125.82518 59.64629 125.87189 59.59958 curveto
125.9186 59.55287 125.98195 59.52663 126.048 59.52663 curveto
126.11406 59.52663 126.17741 59.55287 126.22412 59.59958 curveto
126.27083 59.64629 126.29707 59.70964 126.29707 59.7757 curveto closepath fill
newpath 129.32982 59.7757 moveto
129.32982 59.84175 129.30357 59.9051 129.25687 59.95181 curveto
129.21016 59.99852 129.1468 60.02477 129.08075 60.02477 curveto
129.0147 60.02477 128.95134 59.99852 128.90463 59.95181 curveto
128.85793 59.9051 128.83168 59.84175 128.83168 59.7757 curveto
128.83168 59.70964 128.85793 59.64629 128.90463 59.59958 curveto
128.95134 59.55287 129.0147 59.52663 129.08075 59.52663 curveto
129.1468 59.52663 129.21016 59.55287 129.25687 59.59958 curveto
129.30357 59.64629 129.32982 59.70964 129.32982 59.7757 curveto closepath fill
newpath 132.3615 59.7757 moveto
132.3615 59.84175 132.33525 59.9051 132.28854 59.95181 curveto
132.24184 59.99852 132.17848 60.02477 132.11243 60.02477 curveto
132.04637 60.02477 131.98302 59.99852 131.93631 59.95181 curveto
131.8896 59.9051 131.86336 59.84175 131.86336 59.7757 curveto
131.86336 59.70964 131.8896 59.64629 131.93631 59.59958 curveto
131.98302 59.55287 132.04637 59.52663 132.11243 59.52663 curveto
132.17848 59.52663 132.24184 59.55287 132.28854 59.59958 curveto
132.33525 59.64629 132.3615 59.70964 132.3615 59.7757 curveto closepath fill
newpath 135.39424 59.7757 moveto
135.39424 59.84175 135.368 59.9051 135.32129 59.95181 curveto
135.27458 59.99852 135.21123 60.02477 135.14517 60.02477 curveto
135.07912 60.02477 135.01576 59.99852 134.96906 59.95181 curveto
134.92235 59.9051 134.8961 59.84175 134.8961 59.7757 curveto
134.8961 59.70964 134.92235 59.64629 134.96906 59.59958 curveto
135.01576 59.55287 135.07912 59.52663 135.14517 59.52663 curveto
135.21123 59.52663 135.27458 59.55287 135.32129 59.59958 curveto
135.368 59.64629 135.39424 59.70964 135.39424 59.7757 curveto closepath fill
newpath 138.42592 59.7757 moveto
138.42592 59.84175 138.39967 59.9051 138.35297 59.95181 curveto
138.30626 59.99852 138.2429 60.02477 138.17685 60.02477 curveto
138.1108 60.02477 138.04744 59.99852 138.00073 59.95181 curveto
137.95403 59.9051 137.92778 59.84175 137.92778 59.7757 curveto
137.92778 59.70964 137.95403 59.64629 138.00073 59.59958 curveto
138.04744 59.55287 138.1108 59.52663 138.17685 59.52663 curveto
138.2429 59.52663 138.30626 59.55287 138.35297 59.59958 curveto
138.39967 59.64629 138.42592 59.70964 138.42592 59.7757 curveto closepath fill
newpath 141.45761 59.7757 moveto
141.45761 59.84175 141.43137 59.9051 141.38466 59.95181 curveto
141.33795 59.99852 141.2746 60.02477 141.20854 60.02477 curveto
141.14249 60.02477 141.07913 59.99852 141.03242 59.95181 curveto
140.98572 59.9051 140.95947 59.84175 140.95947 59.7757 curveto
140.95947 59.70964 140.98572 59.64629 141.03242 59.59958 curveto
141.07913 59.55287 141.14249 59.52663 141.20854 59.52663 curveto
141.2746 59.52663 141.33795 59.55287 141.38466 59.59958 curveto
141.43137 59.64629 141.45761 59.70964 141.45761 59.7757 curveto closepath fill
newpath 144.49034 59.7757 moveto
144.49034 59.84175 144.4641 59.9051 144.41739 59.95181 curveto
144.37068 59.99852 144.30733 60.02477 144.24127 60.02477 curveto
144.17522 60.02477 144.11186 59.99852 144.06516 59.95181 curveto
144.01845 59.9051 143.9922 59.84175 143.9922 59.7757 curveto
143.9922 59.70964 144.01845 59.64629 144.06516 59.59958 curveto
144.11186 59.55287 144.17522 59.52663 144.24127 59.52663 curveto
144.30733 59.52663 144.37068 59.55287 144.41739 59.59958 curveto
144.4641 59.64629 144.49034 59.70964 144.49034 59.7757 curveto closepath fill
newpath 147.52203 59.7757 moveto
147.52203 59.84175 147.49579 59.9051 147.44908 59.95181 curveto
147.40237 59.99852 147.33902 60.02477 147.27296 60.02477 curveto
147.20691 60.02477 147.14355 59.99852 147.09685 59.95181 curveto
147.05014 59.9051 147.0239 59.84175 147.0239 59.7757 curveto
147.0239 59.70964 147.05014 59.64629 147.09685 59.59958 curveto
147.14355 59.55287 147.20691 59.52663 147.27296 59.52663 curveto
147.33902 59.52663 147.40237 59.55287 147.44908 59.59958 curveto
147.49579 59.64629 147.52203 59.70964 147.52203 59.7757 curveto closepath fill
newpath 150.55373 59.7757 moveto
150.55373 59.84175 150.52748 59.9051 150.48077 59.95181 curveto
150.43407 59.99852 150.37071 60.02477 150.30466 60.02477 curveto
150.2386 60.02477 150.17525 59.99852 150.12854 59.95181 curveto
150.08183 59.9051 150.05559 59.84175 150.05559 59.7757 curveto
150.05559 59.70964 150.08183 59.64629 150.12854 59.59958 curveto
150.17525 59.55287 150.2386 59.52663 150.30466 59.52663 curveto
150.37071 59.52663 150.43407 59.55287 150.48077 59.59958 curveto
150.52748 59.64629 150.55373 59.70964 150.55373 59.7757 curveto closepath fill
newpath 153.58647 59.7757 moveto
153.58647 59.84175 153.56023 59.9051 153.51352 59.95181 curveto
153.46681 59.99852 153.40346 60.02477 153.3374 60.02477 curveto
153.27135 60.02477 153.208 59.99852 153.16129 59.95181 curveto
153.11458 59.9051 153.08833 59.84175 153.08833 59.7757 curveto
153.08833 59.70964 153.11458 59.64629 153.16129 59.59958 curveto
153.208 59.55287 153.27135 59.52663 153.3374 59.52663 curveto
153.40346 59.52663 153.46681 59.55287 153.51352 59.59958 curveto
153.56023 59.64629 153.58647 59.70964 153.58647 59.7757 curveto closepath fill
newpath 156.61815 59.7757 moveto
156.61815 59.84175 156.5919 59.9051 156.5452 59.95181 curveto
156.49849 59.99852 156.43513 60.02477 156.36908 60.02477 curveto
156.30302 60.02477 156.23967 59.99852 156.19296 59.95181 curveto
156.14626 59.9051 156.12001 59.84175 156.12001 59.7757 curveto
156.12001 59.70964 156.14626 59.64629 156.19296 59.59958 curveto
156.23967 59.55287 156.30302 59.52663 156.36908 59.52663 curveto
156.43513 59.52663 156.49849 59.55287 156.5452 59.59958 curveto
156.5919 59.64629 156.61815 59.70964 156.61815 59.7757 curveto closepath fill
newpath 159.65092 59.7757 moveto
159.65092 59.84175 159.62468 59.9051 159.57797 59.95181 curveto
159.53127 59.99852 159.46791 60.02477 159.40186 60.02477 curveto
159.3358 60.02477 159.27245 59.99852 159.22574 59.95181 curveto
159.17903 59.9051 159.15279 59.84175 159.15279 59.7757 curveto
159.15279 59.70964 159.17903 59.64629 159.22574 59.59958 curveto
159.27245 59.55287 159.3358 59.52663 159.40186 59.52663 curveto
159.46791 59.52663 159.53127 59.55287 159.57797 59.59958 curveto
159.62468 59.64629 159.65092 59.70964 159.65092 59.7757 curveto closepath fill
 1 1 1 setrgbcolor
newpath 172.3209 23.58125 moveto
172.3209 26.97398 170.97281 30.22745 168.57397 32.6263 curveto
166.17514 35.02513 162.92197 36.37291 159.52925 36.37291 curveto
159.27446 36.37291 lineto
155.88174 36.37291 152.62857 35.02513 150.22974 32.6263 curveto
147.8306 30.22745 146.4828 26.97398 146.4828 23.58125 curveto
146.4828 36.19444 lineto
146.4828 32.80171 147.8306 29.54825 150.22974 27.1494 curveto
152.62857 24.75056 155.88174 23.40279 159.27446 23.40279 curveto
159.52925 23.40279 lineto
162.92197 23.40279 166.17514 24.75056 168.57397 27.1494 curveto
170.97281 29.54825 172.3209 32.80171 172.3209 36.19444 curveto
 closepath fill
showpage
%%EOF
