%!PS
%%BoundingBox: 52 -8 202 142 
%%HiResBoundingBox: 52.54202 -7.23367 201.75877 141.98308 
%%Creator: MetaPost 1.9991
%%CreationDate: 2017.08.13:1230
%%Pages: 1
%%BeginProlog
%%EndProlog
%%Page: 1 1
 0 0 0 setrgbcolor 0 0.49814 dtransform truncate idtransform setlinewidth pop
 [] 0 setdash 1 setlinecap 1 setlinejoin 10 setmiterlimit
newpath 60.27415 132.57146 moveto
60.07738 131.67464 59.88354 130.77711 59.69337 129.87892 curveto
59.50504 128.98894 59.31964 128.09827 59.13791 127.20714 curveto
58.95845 126.32765 58.78241 125.4477 58.6098 124.56706 curveto
58.43924 123.69646 58.2721 122.8254 58.10837 121.95341 curveto
57.94647 121.09148 57.788 120.22908 57.63293 119.36624 curveto
57.4797 118.5116 57.32967 117.6565 57.18327 116.8007 curveto
57.03893 115.95656 56.89824 115.1115 56.76096 114.2662 curveto
56.62529 113.43094 56.49348 112.59477 56.36488 111.75815 curveto
56.23787 110.92995 56.1145 110.1013 55.99457 109.27174 curveto
55.87645 108.45381 55.76198 107.63542 55.65138 106.81659 curveto
55.54216 106.00755 55.43636 105.19783 55.33466 104.38765 curveto
55.2341 103.58728 55.13719 102.78668 55.04416 101.9854 curveto
54.95226 101.19232 54.86401 100.39879 54.77988 99.60503 curveto
54.69687 98.82222 54.61751 98.03917 54.54227 97.25545 curveto
54.46793 96.4813 54.39748 95.70692 54.33089 94.93208 curveto
54.26521 94.16547 54.20341 93.39816 54.14574 92.63062 curveto
54.08894 91.87425 54.03604 91.11743 53.98747 90.3604 curveto
53.93936 89.6127 53.89513 88.86453 53.85545 88.11638 curveto
53.81601 87.37735 53.78065 86.63809 53.74988 85.89883 curveto
53.71909 85.1671 53.69264 84.4356 53.67052 83.70363 curveto
53.64864 82.98192 53.63107 82.26045 53.61761 81.53874 curveto
53.60463 80.82593 53.59573 80.11313 53.5914 79.40031 curveto
53.58707 78.69502 53.58707 77.98952 53.5914 77.28423 curveto
53.59573 76.58875 53.6044 75.89372 53.61761 75.19847 curveto
53.63084 74.51189 53.6484 73.82553 53.67052 73.1394 curveto
53.69241 72.46147 53.71864 71.78378 53.74965 71.10655 curveto
53.7802 70.43614 53.81532 69.76598 53.85545 69.09627 curveto
53.89467 68.4359 53.93867 67.776 53.98747 67.11632 curveto
54.03537 66.46461 54.08827 65.8136 54.14574 65.16258 curveto
54.20273 64.51865 54.26453 63.87492 54.33089 63.23166 curveto
54.39656 62.59752 54.4668 61.96407 54.54227 61.33084 curveto
54.61661 60.70558 54.69572 60.0808 54.77988 59.45647 curveto
54.8631 58.83873 54.95111 58.22147 55.04416 57.60512 curveto
55.13605 56.9972 55.23296 56.38997 55.33488 55.78365 curveto
55.43544 55.18439 55.54102 54.58582 55.65161 53.98839 curveto
55.76083 53.39758 55.87508 52.80812 55.99457 52.21936 curveto
56.11292 51.63654 56.2365 51.05438 56.36488 50.4736 curveto
56.4919 49.90034 56.62392 49.32845 56.76118 48.7577 curveto
56.89664 48.19333 57.03755 47.62988 57.18349 47.06802 curveto
57.3283 46.51118 57.4781 45.95572 57.63316 45.40184 curveto
57.78639 44.85457 57.94464 44.30914 58.10837 43.76506 curveto
58.27026 43.2267 58.43741 42.68993 58.61003 42.15474 curveto
58.78082 41.62482 58.95662 41.09671 59.13791 40.57042 curveto
59.31783 40.04846 59.50298 39.5281 59.69337 39.00981 curveto
59.88173 38.49744 60.07532 37.98734 60.27438 37.47884 curveto
60.4714 36.9749 60.67389 36.47346 60.8814 35.97386 curveto
61.08775 35.4779 61.29913 34.98424 61.51622 34.49284 curveto
61.73079 34.00623 61.95107 33.52235 62.17613 33.04077 curveto
62.39983 32.56305 62.62852 32.08784 62.86249 31.61514 curveto
63.09485 31.1461 63.33267 30.67978 63.57553 30.21597 curveto
63.81723 29.75468 64.06395 29.29613 64.31615 28.84053 curveto
64.56607 28.38881 64.82146 27.93982 65.08186 27.49403 curveto
65.34067 27.05098 65.6045 26.61089 65.8738 26.17398 curveto
66.14172 25.7389 66.41513 25.30681 66.69356 24.87811 curveto
66.97015 24.4524 67.25175 24.02986 67.53839 23.61098 curveto
67.82388 23.19368 68.11415 22.78004 68.40945 22.37006 curveto
68.70383 21.96165 69.00323 21.55669 69.30719 21.15558 curveto
69.61092 20.75517 69.91943 20.35818 70.23297 19.96529 curveto
70.54492 19.57422 70.86188 19.18704 71.18362 18.80373 curveto
71.50446 18.42133 71.83008 18.0428 72.16025 17.66838 curveto
72.49066 17.29396 72.82564 16.92365 73.16539 16.55766 curveto
73.50378 16.1926 73.8472 15.83186 74.19493 15.47522 curveto
74.54268 15.11905 74.89474 14.76698 75.25092 14.41924 curveto
75.60756 14.0715 75.96829 13.72809 76.33336 13.3897 curveto
76.69934 13.04994 77.06966 12.71474 77.4443 12.38432 curveto
77.81873 12.05415 78.19725 11.72853 78.57965 11.4077 curveto
78.96274 11.08595 79.35014 10.76945 79.74121 10.45728 curveto
80.1341 10.14374 80.53087 9.83522 80.93127 9.5315 curveto
81.33238 9.22754 81.73735 8.92813 82.14575 8.63376 curveto
82.55574 8.33846 82.96938 8.04819 83.38667 7.7627 curveto
83.80556 7.47606 84.22809 7.19446 84.65381 6.91786 curveto
85.08273 6.63943 85.5146 6.36603 85.9499 6.09787 curveto
86.38681 5.82858 86.8269 5.56476 87.26996 5.30594 curveto
87.71574 5.04553 88.1645 4.79015 88.61623 4.54022 curveto
89.07204 4.28802 89.53038 4.04153 89.99167 3.79984 curveto
90.45547 3.55698 90.9218 3.31915 91.39084 3.08679 curveto
91.86354 2.85283 92.33875 2.62413 92.81647 2.40044 curveto
93.29805 2.17537 93.78192 1.9551 94.26854 1.74052 curveto
94.75993 1.52344 95.2536 1.31183 95.74979 1.10547 curveto
96.24916 0.89796 96.75082 0.69548 97.25453 0.49846 curveto
97.76303 0.2994 98.27359 0.10603 98.78596 -0.08232 curveto
99.30403 -0.27295 99.82416 -0.45787 100.34612 -0.63779 curveto
100.8724 -0.81908 101.40051 -0.99487 101.93044 -1.16566 curveto
102.46562 -1.33829 103.0024 -1.50543 103.54076 -1.66733 curveto
104.08484 -1.83105 104.63026 -1.9893 105.17754 -2.14253 curveto
105.73141 -2.29759 106.28711 -2.44763 106.84395 -2.59242 curveto
107.40604 -2.73837 107.96902 -2.87929 108.53362 -3.01474 curveto
109.10437 -3.15201 109.67648 -3.2838 110.24953 -3.41081 curveto
110.8303 -3.53943 111.41223 -3.66278 111.99506 -3.78113 curveto
112.58382 -3.90062 113.17328 -4.01486 113.76408 -4.12408 curveto
114.36151 -4.23468 114.96008 -4.34026 115.55934 -4.44081 curveto
116.16566 -4.54274 116.77289 -4.63965 117.38081 -4.73154 curveto
117.99716 -4.82458 118.61465 -4.9126 119.2326 -4.99582 curveto
119.85672 -5.07997 120.4815 -5.15909 121.10698 -5.23343 curveto
121.73999 -5.3089 122.37367 -5.37914 123.00781 -5.44481 curveto
123.65085 -5.5114 124.29434 -5.57297 124.93828 -5.62996 curveto
125.5893 -5.68742 126.24031 -5.74033 126.89201 -5.78822 curveto
127.5517 -5.83702 128.2116 -5.88103 128.87196 -5.92024 curveto
129.5419 -5.96014 130.21207 -5.9955 130.88246 -6.02605 curveto
131.55994 -6.05705 132.23763 -6.08328 132.91533 -6.10518 curveto
133.60168 -6.12729 134.28804 -6.14485 134.9744 -6.15808 curveto
135.66965 -6.1713 136.3649 -6.17996 137.06015 -6.1843 curveto
137.76544 -6.18886 138.47072 -6.18863 139.17601 -6.1843 curveto
139.88882 -6.17996 140.60162 -6.17107 141.31444 -6.15808 curveto
142.03615 -6.14462 142.75761 -6.12706 143.47932 -6.10518 curveto
144.21129 -6.08305 144.94302 -6.05661 145.67476 -6.02582 curveto
146.41402 -5.99504 147.15327 -5.95969 147.8923 -5.92024 curveto
148.64069 -5.88057 149.38861 -5.83633 150.13632 -5.78822 curveto
150.89359 -5.73965 151.65018 -5.68675 152.40677 -5.62996 curveto
153.17409 -5.57228 153.94116 -5.51048 154.70778 -5.44481 curveto
155.48262 -5.37822 156.25699 -5.30777 157.03114 -5.23343 curveto
157.81487 -5.15819 158.59792 -5.07883 159.38072 -4.99582 curveto
160.17471 -4.91145 160.96825 -4.82344 161.76132 -4.73154 curveto
162.5626 -4.6385 163.36343 -4.5416 164.1638 -4.44104 curveto
164.97398 -4.33911 165.7837 -4.23354 166.59274 -4.12408 curveto
167.41158 -4.01326 168.22997 -3.89925 169.04767 -3.78113 curveto
169.877 -3.66142 170.70564 -3.53806 171.53384 -3.41081 curveto
172.37047 -3.28221 173.20663 -3.1504 174.0419 -3.01474 curveto
174.88719 -2.87746 175.73225 -2.73677 176.5764 -2.59242 curveto
177.43242 -2.44603 178.28752 -2.29599 179.14238 -2.14253 curveto
180.00546 -1.9877 180.86763 -1.82922 181.72957 -1.66733 curveto
182.60132 -1.5036 183.47261 -1.33623 184.3432 -1.16566 curveto
185.22385 -0.99329 186.10379 -0.81725 186.98306 -0.63779 curveto
187.87442 -0.45605 188.76463 -0.27066 189.65462 -0.08232 curveto
190.55281 0.10785 191.45033 0.30168 192.34715 0.49846 curveto stroke
newpath 189.10754 1.31757 moveto
189.9983 0.5499 191.19855 0.24643 192.34715 0.49846 curveto
191.19855 0.24643 190.23564 -0.53168 189.74811 -1.60178 curveto stroke
newpath 58.17392 129.97241 moveto
59.24402 130.45995 60.02213 131.42285 60.27415 132.57146 curveto
60.02213 131.42285 60.32559 130.22261 61.09326 129.33185 curveto stroke
 0.49814 0 dtransform exch truncate exch idtransform pop setlinewidth
newpath 95.85126 36.07556 moveto
96.13301 34.10342 lineto stroke
 0 0.49814 dtransform truncate idtransform setlinewidth pop
newpath 96.69656 30.15855 moveto
97.26 26.2145 lineto stroke
newpath 97.82358 22.26942 moveto
98.38702 18.32527 lineto stroke
newpath 98.95058 14.3803 moveto
99.51404 10.43611 lineto stroke
newpath 100.0775 6.49174 moveto
100.64107 2.54688 lineto stroke
newpath 101.48619 -0.55278 moveto
104.30386 2.2649 lineto stroke
newpath 107.12135 5.0823 moveto
109.93935 7.90027 lineto stroke
newpath 112.75648 10.71739 moveto
115.57416 13.53505 lineto stroke
newpath 118.39163 16.35251 moveto
121.2094 19.17026 lineto stroke
newpath 124.02676 21.9876 moveto
126.84389 24.8047 lineto stroke
newpath 129.6619 27.62273 moveto
132.47879 30.43962 lineto stroke
newpath 135.29703 33.25783 moveto
138.1142 36.075 lineto stroke
newpath 140.93213 38.89294 moveto
143.7493 41.71011 lineto stroke
newpath 146.56725 44.52805 moveto
149.38435 47.34515 lineto stroke
newpath 152.20235 50.16313 moveto
155.01938 52.98018 lineto stroke
newpath 157.83742 55.79822 moveto
159.24641 57.20721 lineto stroke
newpath 95.85126 36.07556 moveto
93.87912 36.35732 lineto stroke
newpath 89.93425 36.92087 moveto
85.99019 37.4843 lineto stroke
newpath 82.04512 38.04788 moveto
78.10097 38.61133 lineto stroke
newpath 74.15599 39.17488 moveto
70.2118 39.73834 lineto stroke
newpath 66.26744 40.3018 moveto
62.32257 40.86537 lineto stroke
newpath 59.22292 41.7105 moveto
62.04059 44.52817 lineto stroke
newpath 64.858 47.34566 moveto
67.67596 50.16365 lineto stroke
newpath 70.49309 52.98079 moveto
73.31075 55.79846 lineto stroke
newpath 76.1282 58.61594 moveto
78.94595 61.4337 lineto stroke
newpath 81.76329 64.25107 moveto
84.5804 67.06819 lineto stroke
newpath 87.39842 69.8862 moveto
90.21532 72.7031 lineto stroke
newpath 93.03352 75.52133 moveto
95.8507 78.3385 lineto stroke
newpath 98.66864 81.15643 moveto
101.48581 83.9736 lineto stroke
newpath 104.30374 86.79155 moveto
107.12085 89.60866 lineto stroke
newpath 109.93883 92.42665 moveto
112.75587 95.24368 lineto stroke
newpath 115.57391 98.06172 moveto
116.98291 99.47072 lineto stroke
newpath 95.85126 36.07556 moveto
97.26035 34.66647 lineto stroke
newpath 100.07788 31.84898 moveto
102.89514 29.03177 lineto stroke
newpath 105.71295 26.21399 moveto
108.53062 23.39633 lineto stroke
newpath 111.34804 20.57895 moveto
114.16539 17.7616 lineto stroke
newpath 116.98311 14.94392 moveto
119.80064 12.1264 lineto stroke
newpath 122.61815 9.3089 moveto
125.43558 6.49149 lineto stroke
newpath 128.25319 3.67386 moveto
131.07071 0.85635 lineto stroke
newpath 133.8882 -1.96114 moveto
136.70569 -4.77863 lineto stroke
newpath 139.52321 -4.77928 moveto
142.34093 -1.96156 lineto stroke
newpath 145.1582 0.85571 moveto
147.97586 3.67337 lineto stroke
newpath 150.79323 6.49074 moveto
153.6106 9.3081 lineto stroke
newpath 156.42825 12.12576 moveto
159.24657 14.94408 lineto stroke
newpath 162.06393 17.76144 moveto
164.88138 20.57889 lineto stroke
newpath 167.69896 23.39647 moveto
170.51645 26.21396 lineto stroke
newpath 173.33398 29.0315 moveto
176.15147 31.84898 lineto stroke
newpath 178.96962 34.66713 moveto
180.37807 36.07556 lineto stroke
newpath 95.85126 36.07556 moveto
94.44217 37.48465 lineto stroke
newpath 91.62468 40.30219 moveto
88.80746 43.11945 lineto stroke
newpath 85.98969 45.93726 moveto
83.17203 48.75493 lineto stroke
newpath 80.35464 51.57234 moveto
77.5373 54.3897 lineto stroke
newpath 74.71962 57.20741 moveto
71.9021 60.02495 lineto stroke
newpath 69.0846 62.84245 moveto
66.26718 65.65988 lineto stroke
newpath 63.44955 68.4775 moveto
60.63205 71.29501 lineto stroke
newpath 57.81456 74.1125 moveto
54.99707 76.93 lineto stroke
newpath 54.99641 79.74751 moveto
57.81413 82.56523 lineto stroke
newpath 60.63141 85.3825 moveto
63.44907 88.20016 lineto stroke
newpath 66.26643 91.01753 moveto
69.0838 93.8349 lineto stroke
newpath 71.90146 96.65256 moveto
74.71977 99.47087 lineto stroke
newpath 77.53714 102.28824 moveto
80.35458 105.10568 lineto stroke
newpath 83.17216 107.92326 moveto
85.98965 110.74075 lineto stroke
newpath 88.80719 113.55829 moveto
91.62468 116.37578 lineto stroke
newpath 94.44283 119.19392 moveto
95.85126 120.60237 lineto stroke
newpath 95.85126 36.07556 moveto
97.69307 35.31718 lineto stroke
newpath 101.37802 33.79984 moveto
105.06256 32.28267 lineto stroke
newpath 108.74664 30.76572 moveto
112.43182 29.24829 lineto stroke
newpath 116.1166 27.73103 moveto
119.7999 26.21437 lineto stroke
newpath 123.48517 24.69693 moveto
127.17003 23.17963 lineto stroke
newpath 130.85378 21.66283 moveto
134.5385 20.14561 lineto stroke
newpath 138.22235 18.62872 moveto
141.9075 17.11133 lineto stroke
newpath 145.59229 15.59406 moveto
149.27596 14.07726 lineto stroke
newpath 152.96086 12.55995 moveto
156.64572 11.04265 lineto stroke
newpath 160.32942 9.52585 moveto
164.01419 8.00859 lineto stroke
newpath 167.69936 6.49118 moveto
171.38289 4.97443 lineto stroke
newpath 175.0679 3.45706 moveto
178.7529 1.93971 lineto stroke
newpath 182.43648 0.42294 moveto
185.66096 -0.9048 lineto
186.01285 -0.55292 lineto stroke
newpath 188.83043 2.26466 moveto
191.64792 5.08215 lineto stroke
newpath 194.46536 7.89958 moveto
197.28294 10.71716 lineto stroke
newpath 200.10103 13.53525 moveto
201.5097 14.94392 lineto stroke
newpath 95.85126 36.07556 moveto
95.09288 37.91737 lineto stroke
newpath 93.57553 41.60233 moveto
92.05836 45.28687 lineto stroke
newpath 90.54141 48.97095 moveto
89.02399 52.65613 lineto stroke
newpath 87.50673 56.3409 moveto
85.99007 60.0242 lineto stroke
newpath 84.47263 63.70947 moveto
82.95532 67.39433 lineto stroke
newpath 81.43852 71.07808 moveto
79.92131 74.7628 lineto stroke
newpath 78.40442 78.44666 moveto
76.88702 82.1318 lineto stroke
newpath 75.36975 85.81659 moveto
73.85295 89.50026 lineto stroke
newpath 72.33565 93.18517 moveto
70.81834 96.87003 lineto stroke
newpath 69.30154 100.55373 moveto
67.78429 104.2385 lineto stroke
newpath 66.26688 107.92366 moveto
64.75012 111.6072 lineto stroke
newpath 63.23276 115.2922 moveto
61.71541 118.9772 lineto stroke
newpath 60.19864 122.66078 moveto
58.8709 125.88527 lineto
59.22278 126.23715 lineto stroke
newpath 62.04036 129.05473 moveto
64.85785 131.87222 lineto stroke
newpath 67.67528 134.68967 moveto
70.49286 137.50725 lineto stroke
newpath 73.31094 140.32533 moveto
74.71962 141.73401 lineto stroke
newpath 95.85036 36.07466 moveto
95.85036 37.86795 lineto
95.85036 34.28137 lineto
95.85036 36.07466 lineto
97.4034 36.9713 lineto
94.29732 35.17802 lineto
95.85036 36.07466 lineto
97.4034 35.17802 lineto
94.29732 36.9713 lineto stroke
newpath 101.87389 -1.64453 moveto
102.07022 -1.44843 102.18036 -1.18231 102.18036 -0.9048 curveto
102.18036 -0.6273 102.07022 -0.36142 101.87389 -0.16508 curveto
101.67778 0.031 101.41168 0.14137 101.13417 0.14114 curveto
100.85666 0.14137 100.59079 0.031 100.39445 -0.16508 curveto
100.19835 -0.36142 100.08798 -0.6273 100.08821 -0.9048 curveto
100.08798 -1.18231 100.19835 -1.44843 100.39445 -1.64453 curveto
100.59079 -1.84085 100.85666 -1.95099 101.13417 -1.95076 curveto
101.41168 -1.95099 101.67778 -1.84085 101.87389 -1.64453 curveto closepath fill
newpath 59.61061 40.61876 moveto
59.8067 40.8151 59.91707 41.08096 59.91684 41.35847 curveto
59.91707 41.63599 59.8067 41.90208 59.61061 42.09819 curveto
59.41428 42.29453 59.14839 42.40466 58.8709 42.40466 curveto
58.59338 42.40466 58.32727 42.29453 58.13116 42.09819 curveto
57.93484 41.90208 57.8247 41.63599 57.82494 41.35847 curveto
57.8247 41.08096 57.93484 40.8151 58.13116 40.61876 curveto
58.32727 40.42265 58.59338 40.31229 58.8709 40.31252 curveto
59.14839 40.31229 59.41428 40.42265 59.61061 40.61876 curveto closepath fill
newpath 138.85449 -6.92743 moveto
139.0506 -6.73134 139.16096 -6.46523 139.16074 -6.18771 curveto
139.16096 -5.91022 139.0506 -5.64433 138.85449 -5.448 curveto
138.65816 -5.25189 138.39229 -5.14154 138.11478 -5.14177 curveto
137.83727 -5.14154 137.57117 -5.25189 137.37506 -5.448 curveto
137.17873 -5.64433 137.06859 -5.91022 137.06882 -6.18771 curveto
137.06859 -6.46523 137.17873 -6.73134 137.37506 -6.92743 curveto
137.57117 -7.12376 137.83727 -7.2339 138.11478 -7.23367 curveto
138.39229 -7.2339 138.65816 -7.12376 138.85449 -6.92743 curveto closepath fill
newpath 54.3277 77.59937 moveto
54.5238 77.79547 54.63416 78.06157 54.63393 78.33908 curveto
54.63416 78.6166 54.5238 78.88246 54.3277 79.0788 curveto
54.13136 79.2749 53.86548 79.38527 53.58798 79.38504 curveto
53.31047 79.38527 53.04436 79.2749 52.84827 79.0788 curveto
52.65193 78.88246 52.5418 78.6166 52.54202 78.33908 curveto
52.5418 78.06157 52.65193 77.79547 52.84827 77.59937 curveto
53.04436 77.40303 53.31047 77.2929 53.58798 77.29312 curveto
53.86548 77.2929 54.13136 77.40303 54.3277 77.59937 curveto closepath fill
newpath 186.40068 -1.64453 moveto
186.59702 -1.44843 186.70715 -1.18231 186.70715 -0.9048 curveto
186.70715 -0.6273 186.59702 -0.36142 186.40068 -0.16508 curveto
186.20459 0.031 185.93848 0.14137 185.66096 0.14114 curveto
185.38347 0.14137 185.11758 0.031 184.92125 -0.16508 curveto
184.72516 -0.36142 184.61479 -0.6273 184.61502 -0.9048 curveto
184.61479 -1.18231 184.72516 -1.44843 184.92125 -1.64453 curveto
185.11758 -1.84062 185.3837 -1.95099 185.66096 -1.95076 curveto
185.93848 -1.95099 186.20459 -1.84085 186.40068 -1.64453 curveto closepath fill
newpath 59.61061 125.14555 moveto
59.8067 125.34189 59.91707 125.60777 59.91684 125.88527 curveto
59.91707 126.16278 59.8067 126.4289 59.61061 126.62498 curveto
59.41428 126.82132 59.14839 126.93146 58.8709 126.93146 curveto
58.59338 126.93146 58.32727 126.82132 58.13116 126.62498 curveto
57.93484 126.4289 57.8247 126.16278 57.82494 125.88527 curveto
57.8247 125.608 57.93507 125.34189 58.13116 125.14555 curveto
58.32727 124.94946 58.59338 124.8391 58.8709 124.83932 curveto
59.14839 124.8391 59.41428 124.94946 59.61061 125.14555 curveto closepath fill
showpage
%%EOF
