%!PS
%%BoundingBox: -16 -1 136 91 
%%HiResBoundingBox: -15.193 -0.24907 135.11832 90.28621 
%%Creator: MetaPost 1.9991
%%CreationDate: 2017.08.13:1230
%%Pages: 1
%%BeginProlog
%%EndProlog
%%Page: 1 1
 0 0 0 setrgbcolor 0 0.49814 dtransform truncate idtransform setlinewidth pop
 [] 0 setdash 1 setlinecap 1 setlinejoin 10 setmiterlimit
newpath 0 74.71962 moveto
134.49532 74.71962 lineto stroke
newpath 129.514 77.21028 moveto
130.68994 75.64236 132.53543 74.71962 134.49532 74.71962 curveto
132.53543 74.71962 130.68994 73.79688 129.514 72.22896 curveto stroke
 0.49814 0 dtransform exch truncate exch idtransform pop setlinewidth
newpath 59.7757 0 moveto
59.7757 89.66354 lineto stroke
 0 0.49814 dtransform truncate idtransform setlinewidth pop
newpath 57.28503 84.68224 moveto
58.85295 85.85817 59.7757 87.70366 59.7757 89.66354 curveto
59.7757 87.70366 60.69844 85.85817 62.26636 84.68224 curveto stroke
 0.49814 0 dtransform exch truncate exch idtransform pop setlinewidth
newpath 14.94392 72.7271 moveto
14.94392 76.71214 lineto stroke
newpath 29.88785 72.7271 moveto
29.88785 76.71214 lineto stroke
newpath 44.83177 72.7271 moveto
44.83177 76.71214 lineto stroke
newpath 59.7757 72.7271 moveto
59.7757 76.71214 lineto stroke
newpath 74.71962 72.7271 moveto
74.71962 76.71214 lineto stroke
newpath 89.66354 72.7271 moveto
89.66354 76.71214 lineto stroke
newpath 104.60747 72.7271 moveto
104.60747 76.71214 lineto stroke
newpath 119.55139 72.7271 moveto
119.55139 76.71214 lineto stroke
 0 0.49814 dtransform truncate idtransform setlinewidth pop
newpath 61.76822 14.94392 moveto
57.78317 14.94392 lineto stroke
newpath 61.76822 29.88785 moveto
57.78317 29.88785 lineto stroke
newpath 61.76822 44.83177 moveto
57.78317 44.83177 lineto stroke
newpath 61.76822 59.7757 moveto
57.78317 59.7757 lineto stroke
newpath 61.76822 74.71962 moveto
57.78317 74.71962 lineto stroke
newpath -14.94392 14.94392 moveto
134.49532 14.94392 lineto stroke
newpath 131.50653 16.43832 moveto
132.21208 15.49757 133.31938 14.94392 134.49532 14.94392 curveto
133.31938 14.94392 132.21208 14.39027 131.50653 13.44952 curveto stroke
newpath -11.95514 13.44952 moveto
-12.66069 14.39027 -13.76799 14.94392 -14.94392 14.94392 curveto
-13.76799 14.94392 -12.66069 15.49757 -11.95514 16.43832 curveto stroke
newpath 74.71962 44.83177 moveto
74.71962 47.22282 lineto
74.71962 42.44072 lineto
74.71962 44.83177 lineto
76.79034 46.0273 lineto
72.6489 43.63625 lineto
74.71962 44.83177 lineto
76.79034 43.63625 lineto
72.6489 46.0273 lineto stroke
newpath 104.60747 46.8243 moveto
104.079 46.8243 103.57224 46.61433 103.19856 46.24068 curveto
102.8249 45.867 102.61494 45.36024 102.61494 44.83177 curveto
102.61494 44.3033 102.8249 43.79654 103.19856 43.42287 curveto
103.57224 43.04921 104.079 42.83925 104.60747 42.83925 curveto
105.13594 42.83925 105.6427 43.04921 106.01637 43.42287 curveto
106.39003 43.79654 106.59999 44.3033 106.59999 44.83177 curveto
106.59999 45.36024 106.39003 45.867 106.01637 46.24068 curveto
105.6427 46.61433 105.13594 46.8243 104.60747 46.8243 curveto closepath fill
newpath 74.71962 31.88037 moveto
74.19115 31.88037 73.68439 31.67041 73.31071 31.29675 curveto
72.93706 30.92308 72.7271 30.41632 72.7271 29.88785 curveto
72.7271 29.35938 72.93706 28.85262 73.31071 28.47894 curveto
73.68439 28.10529 74.19115 27.89532 74.71962 27.89532 curveto
75.2481 27.89532 75.75485 28.10529 76.12852 28.47894 curveto
76.50218 28.85262 76.71214 29.35938 76.71214 29.88785 curveto
76.71214 30.41632 76.50218 30.92308 76.12852 31.29675 curveto
75.75485 31.67041 75.2481 31.88037 74.71962 31.88037 curveto closepath fill
newpath 44.83177 46.8243 moveto
44.3033 46.8243 43.79654 46.61433 43.42287 46.24068 curveto
43.04921 45.867 42.83925 45.36024 42.83925 44.83177 curveto
42.83925 44.3033 43.04921 43.79654 43.42287 43.42287 curveto
43.79654 43.04921 44.3033 42.83925 44.83177 42.83925 curveto
45.36024 42.83925 45.867 43.04921 46.24068 43.42287 curveto
46.61433 43.79654 46.8243 44.3033 46.8243 44.83177 curveto
46.8243 45.36024 46.61433 45.867 46.24068 46.24068 curveto
45.867 46.61433 45.36024 46.8243 44.83177 46.8243 curveto closepath fill
 0 1.24533 dtransform truncate idtransform setlinewidth pop
newpath 14.94392 89.66354 moveto
15.43692 88.67734 15.93492 87.69385 16.43796 86.71289 curveto
16.93094 85.75153 17.42873 84.79291 17.93198 83.83679 curveto
18.42543 82.89914 18.92389 81.96423 19.42783 81.03207 curveto
19.9206 80.12042 20.41861 79.2115 20.92186 78.30556 curveto
21.41463 77.41853 21.9124 76.53448 22.41588 75.65361 curveto
22.90865 74.79144 23.40643 73.93225 23.90991 73.07646 curveto
24.40245 72.23915 24.90045 71.4048 25.40395 70.57388 curveto
25.89716 69.76028 26.39563 68.94987 26.8998 68.14311 curveto
27.39233 67.35529 27.8901 66.57088 28.39381 65.79012 curveto
28.88612 65.02692 29.38414 64.26735 29.88785 63.51167 curveto
30.38016 62.77333 30.87794 62.03864 31.38188 61.30803 curveto
31.87419 60.59431 32.37196 59.88446 32.8759 59.17896 curveto
33.36867 58.48917 33.86713 57.8035 34.37175 57.12216 curveto
34.86383 56.45792 35.36162 55.798 35.86578 55.14265 curveto
36.35786 54.50305 36.85564 53.868 37.3598 53.23773 curveto
37.85188 52.62274 38.34967 52.01254 38.85384 51.4076 curveto
39.34569 50.81723 39.8437 50.23189 40.34787 49.65202 curveto
40.84041 49.0856 41.33887 48.52466 41.84372 47.96918 curveto
42.33557 47.42809 42.83334 46.89267 43.33774 46.36319 curveto
43.82959 45.84671 44.3276 45.33594 44.83177 44.83177 curveto
45.32362 44.33992 45.82164 43.85422 46.3258 43.37514 curveto
46.81766 42.90791 47.31566 42.44684 47.81982 41.99307 curveto
48.31236 41.54979 48.81082 41.11334 49.31567 40.6842 curveto
49.80753 40.26624 50.30554 39.8551 50.80971 39.45172 curveto
51.30179 39.05815 51.79979 38.67188 52.30373 38.29381 curveto
52.7958 37.92487 53.29382 37.56343 53.79776 37.21068 curveto
54.29007 36.86613 54.78809 36.52957 55.2918 36.20212 curveto
55.78477 35.88174 56.28325 35.56981 56.78764 35.26721 curveto
57.28041 34.9717 57.77818 34.68506 58.28166 34.40823 curveto
58.77466 34.13712 59.27245 33.87534 59.7757 33.62383 curveto
60.26892 33.37733 60.76692 33.14041 61.26973 32.91422 curveto
61.7634 32.69211 62.26118 32.48006 62.76375 32.27916 curveto
63.25835 32.08147 63.75703 31.89403 64.2596 31.71822 curveto
64.75397 31.54536 65.25197 31.38324 65.75363 31.23274 curveto
66.24844 31.0843 66.74646 30.94725 67.24767 30.82184 curveto
67.74294 30.69803 68.24117 30.58583 68.74168 30.48573 curveto
69.23741 30.38654 69.73566 30.29921 70.23572 30.22418 curveto
70.7328 30.14963 71.2315 30.08714 71.73157 30.0372 curveto
72.22867 29.98749 72.72667 29.9501 73.22559 29.92525 curveto
73.72314 29.90039 74.22139 29.88785 74.71962 29.88785 curveto
75.21785 29.88785 75.7161 29.90039 76.21365 29.92525 curveto
76.71257 29.9501 77.21057 29.98749 77.70767 30.0372 curveto
78.20773 30.08714 78.70644 30.14963 79.20352 30.22418 curveto
79.70358 30.29921 80.20183 30.38654 80.69756 30.48573 curveto
81.19807 30.58583 81.6963 30.69803 82.19159 30.82184 curveto
82.69278 30.94725 83.1908 31.0843 83.68561 31.23274 curveto
84.18727 31.38324 84.68527 31.54536 85.17964 31.71822 curveto
85.6822 31.89403 86.1809 32.08147 86.67549 32.27916 curveto
87.17805 32.48006 87.67584 32.69211 88.16951 32.91422 curveto
88.67232 33.14041 89.17032 33.37733 89.66354 33.62383 curveto
90.1668 33.87534 90.66458 34.13712 91.15758 34.40823 curveto
91.66106 34.68506 92.15883 34.9717 92.6516 35.26721 curveto
93.15599 35.56981 93.65446 35.88174 94.14745 36.20212 curveto
94.65115 36.52957 95.14917 36.86613 95.64148 37.21068 curveto
96.14542 37.56343 96.64343 37.92487 97.13551 38.29381 curveto
97.63945 38.67188 98.13745 39.05815 98.62953 39.45172 curveto
99.1337 39.8551 99.63171 40.26624 100.12357 40.6842 curveto
100.62842 41.11334 101.12688 41.54979 101.61942 41.99307 curveto
102.12358 42.44684 102.62158 42.90791 103.11343 43.37514 curveto
103.6176 43.85422 104.11562 44.33992 104.60747 44.83177 curveto
105.11163 45.33594 105.60965 45.84671 106.1015 46.36319 curveto
106.6059 46.89267 107.10367 47.42809 107.59552 47.96918 curveto
108.10037 48.52466 108.59883 49.0856 109.09137 49.65202 curveto
109.59554 50.23189 110.09355 50.81723 110.5854 51.4076 curveto
111.08957 52.01254 111.58736 52.62274 112.07944 53.23773 curveto
112.5836 53.868 113.08138 54.50305 113.57346 55.14265 curveto
114.07762 55.798 114.57541 56.45792 115.06749 57.12216 curveto
115.57211 57.8035 116.07057 58.48917 116.56334 59.17896 curveto
117.06728 59.88446 117.56505 60.59431 118.05736 61.30803 curveto
118.5613 62.03864 119.05908 62.77333 119.55139 63.51167 curveto
120.0551 64.26735 120.55312 65.02692 121.04543 65.79012 curveto
121.54913 66.57088 122.0469 67.35529 122.53944 68.14311 curveto
123.04361 68.94987 123.54208 69.76028 124.0353 70.57388 curveto
124.53879 71.4048 125.03679 72.23915 125.52933 73.07646 curveto
126.0328 73.93225 126.5306 74.79144 127.02336 75.65361 curveto
127.52684 76.53448 128.02461 77.41853 128.51738 78.30556 curveto
129.02063 79.2115 129.51865 80.12042 130.01141 81.03207 curveto
130.51535 81.96423 131.01381 82.89914 131.50726 83.83679 curveto
132.01051 84.79291 132.5083 85.75153 133.00128 86.71289 curveto
133.50432 87.69385 134.00232 88.67734 134.49532 89.66354 curveto stroke
newpath 131.82225 87.65834 moveto
132.97919 87.86882 133.96953 88.61171 134.49532 89.66354 curveto
133.96953 88.61171 133.96964 87.3737 134.49565 86.32198 curveto stroke
newpath 14.94359 86.32198 moveto
15.4696 87.3737 15.46971 88.61171 14.94392 89.66354 curveto
15.46971 88.61171 16.46005 87.86882 17.61699 87.65834 curveto stroke
showpage
%%EOF
