%!PS
%%BoundingBox: -1 -1 130 130 
%%HiResBoundingBox: -0.24907 -0.24907 129.76308 129.76308 
%%Creator: MetaPost 1.9991
%%CreationDate: 2017.08.13:1230
%%Pages: 1
%%BeginProlog
%%EndProlog
%%Page: 1 1
 0 0 0 setrgbcolor 0 0.49814 dtransform truncate idtransform setlinewidth pop
 [] 0 setdash 1 setlinecap 1 setlinejoin 10 setmiterlimit
newpath 0 64.757 moveto
129.514 64.757 lineto stroke
newpath 124.5327 67.24767 moveto
125.70863 65.67975 127.55412 64.757 129.514 64.757 curveto
127.55412 64.757 125.70863 63.83426 124.5327 62.26634 curveto stroke
 0.49814 0 dtransform exch truncate exch idtransform pop setlinewidth
newpath 64.757 0 moveto
64.757 129.514 lineto stroke
 0 0.49814 dtransform truncate idtransform setlinewidth pop
newpath 62.26634 124.5327 moveto
63.83426 125.70863 64.757 127.55412 64.757 129.514 curveto
64.757 127.55412 65.67975 125.70863 67.24767 124.5327 curveto stroke
 0.49814 0 dtransform exch truncate exch idtransform pop setlinewidth
newpath 12.9514 62.76448 moveto
12.9514 66.74953 lineto stroke
newpath 25.9028 62.76448 moveto
25.9028 66.74953 lineto stroke
newpath 38.8542 62.76448 moveto
38.8542 66.74953 lineto stroke
newpath 51.8056 62.76448 moveto
51.8056 66.74953 lineto stroke
newpath 77.7084 62.76448 moveto
77.7084 66.74953 lineto stroke
newpath 90.6598 62.76448 moveto
90.6598 66.74953 lineto stroke
newpath 103.6112 62.76448 moveto
103.6112 66.74953 lineto stroke
newpath 116.5626 62.76448 moveto
116.5626 66.74953 lineto stroke
 0 0.49814 dtransform truncate idtransform setlinewidth pop
newpath 66.74953 12.9514 moveto
62.76448 12.9514 lineto stroke
newpath 66.74953 25.9028 moveto
62.76448 25.9028 lineto stroke
newpath 66.74953 38.8542 moveto
62.76448 38.8542 lineto stroke
newpath 66.74953 51.8056 moveto
62.76448 51.8056 lineto stroke
newpath 66.74953 77.7084 moveto
62.76448 77.7084 lineto stroke
newpath 66.74953 90.6598 moveto
62.76448 90.6598 lineto stroke
newpath 66.74953 103.6112 moveto
62.76448 103.6112 lineto stroke
newpath 66.74953 116.5626 moveto
62.76448 116.5626 lineto stroke
 0 1.24533 dtransform truncate idtransform setlinewidth pop
newpath 2.59024 127.44194 moveto
3.01414 125.06671 3.44576 122.69286 3.88507 120.3204 curveto
4.30936 118.02936 4.74097 115.7397 5.18108 113.45163 curveto
5.60478 111.24893 6.036 109.0476 6.47589 106.84807 curveto
6.8992 104.73152 7.33041 102.61658 7.77072 100.50339 curveto
8.19363 98.47302 8.62505 96.44441 9.06555 94.4178 curveto
9.48846 92.472 9.92006 90.52818 10.36136 88.58655 curveto
10.78368 86.7285 11.21489 84.87242 11.65619 83.01872 curveto
12.07811 81.24684 12.50932 79.47713 12.951 77.70999 curveto
13.37292 76.02269 13.80434 74.33755 14.24701 72.6556 curveto
14.66795 71.05583 15.09917 69.45865 15.54184 67.86482 curveto
15.96239 66.35103 16.3934 64.84021 16.83667 63.33293 curveto
17.2566 61.9051 17.68762 60.48045 18.13148 59.05994 curveto
18.55124 57.71709 18.98245 56.37761 19.42729 55.04286 curveto
19.84605 53.78658 20.27689 52.53444 20.72232 51.28723 curveto
21.14029 50.11691 21.5711 48.95114 22.01715 47.79129 curveto
22.43472 46.70575 22.86574 45.62535 23.31296 44.55186 curveto
23.72934 43.55269 24.15977 42.55923 24.60777 41.57368 curveto
25.02318 40.65968 25.4536 39.7526 25.9026 38.8546 curveto
26.31721 38.02577 26.74724 37.20465 27.19743 36.3944 curveto
27.61125 35.64935 28.04167 34.9138 28.49344 34.1911 curveto
28.90587 33.53104 29.3359 32.88225 29.78825 32.24886 curveto
30.1999 31.67259 30.62975 31.10977 31.08308 30.5657 curveto
31.49434 30.07225 31.92456 29.59459 32.37889 29.14026 curveto
32.78975 28.7292 33.21999 28.3379 33.67372 27.97487 curveto
34.08557 27.64543 34.51619 27.33992 34.96855 27.06857 curveto
35.38297 26.81996 35.81458 26.6006 36.26337 26.42117 curveto
36.68292 26.25339 37.1161 26.12097 37.55937 26.03224 curveto
37.98586 25.94687 38.41943 25.9028 38.8542 25.9028 curveto
39.28897 25.9028 39.72255 25.94687 40.14903 26.03224 curveto
40.5923 26.12097 41.02548 26.25339 41.44504 26.42117 curveto
41.89383 26.6006 42.32544 26.81996 42.73985 27.06857 curveto
43.19221 27.33992 43.62283 27.64543 44.03468 27.97487 curveto
44.48842 28.3379 44.91866 28.7292 45.32951 29.14026 curveto
45.78384 29.59459 46.21407 30.07225 46.62532 30.5657 curveto
47.07866 31.10977 47.5085 31.67259 47.92015 32.24886 curveto
48.3725 32.88225 48.80254 33.53104 49.21497 34.1911 curveto
49.66673 34.9138 50.09715 35.64935 50.51097 36.3944 curveto
50.96117 37.20465 51.39119 38.02577 51.8058 38.8546 curveto
52.2548 39.7526 52.68523 40.65968 53.10063 41.57368 curveto
53.54863 42.55923 53.97906 43.55269 54.39545 44.55186 curveto
54.84267 45.62535 55.27388 46.70575 55.69125 47.79129 curveto
56.1375 48.95134 56.56831 50.11731 56.98628 51.28783 curveto
57.43152 52.53484 57.86235 53.78677 58.28111 55.04286 curveto
58.72595 56.37761 59.15717 57.71709 59.57692 59.05994 curveto
60.02078 60.48045 60.4518 61.9051 60.87173 63.33293 curveto
61.315 64.84021 61.74602 66.35103 62.16656 67.86482 curveto
62.60924 69.45865 63.04045 71.05583 63.4614 72.6556 curveto
63.90407 74.33755 64.33548 76.02269 64.7574 77.70999 curveto
65.19908 79.47713 65.6303 81.24684 66.05222 83.01872 curveto
66.49352 84.87242 66.92473 86.7285 67.34705 88.58655 curveto
67.78835 90.52818 68.21994 92.472 68.64285 94.4178 curveto
69.08336 96.44441 69.51477 98.47302 69.93768 100.50339 curveto
70.37799 102.61658 70.8092 104.73152 71.23251 106.84807 curveto
71.67241 109.0476 72.10362 111.24893 72.52733 113.45163 curveto
72.96744 115.7397 73.39905 118.02936 73.82333 120.3204 curveto
74.26265 122.69286 74.69426 125.06671 75.11816 127.44194 curveto stroke
newpath 73.1219 124.76219 moveto
74.17198 125.29149 74.91156 126.28429 75.11816 127.44194 curveto
74.91156 126.28429 75.26207 125.09694 76.06422 124.23708 curveto stroke
newpath 1.64418 124.23708 moveto
2.44633 125.09694 2.79684 126.28429 2.59024 127.44194 curveto
2.79684 126.28429 3.53642 125.29149 4.5865 124.76219 curveto stroke
newpath 38.8542 27.89532 moveto
38.32573 27.89532 37.81897 27.68536 37.4453 27.3117 curveto
37.07164 26.93803 36.86168 26.43127 36.86168 25.9028 curveto
36.86168 25.37433 37.07164 24.86757 37.4453 24.4939 curveto
37.81897 24.12024 38.32573 23.91028 38.8542 23.91028 curveto
39.38268 23.91028 39.88943 24.12024 40.2631 24.4939 curveto
40.63676 24.86757 40.84673 25.37433 40.84673 25.9028 curveto
40.84673 26.43127 40.63676 26.93803 40.2631 27.3117 curveto
39.88943 27.68536 39.38268 27.89532 38.8542 27.89532 curveto closepath fill
newpath 64.757 79.70093 moveto
64.22853 79.70093 63.72177 79.49097 63.3481 79.11731 curveto
62.97444 78.74364 62.76448 78.23688 62.76448 77.7084 curveto
62.76448 77.17993 62.97444 76.67317 63.3481 76.2995 curveto
63.72177 75.92584 64.22853 75.71588 64.757 75.71588 curveto
65.28548 75.71588 65.79224 75.92584 66.16591 76.2995 curveto
66.53957 76.67317 66.74953 77.17993 66.74953 77.7084 curveto
66.74953 78.23688 66.53957 78.74364 66.16591 79.11731 curveto
65.79224 79.49097 65.28548 79.70093 64.757 79.70093 curveto closepath fill
showpage
%%EOF
