%!PS
%%BoundingBox: -1 -1 130 130 
%%HiResBoundingBox: -0.24907 -0.62267 129.76308 129.76308 
%%Creator: MetaPost 1.9991
%%CreationDate: 2017.08.13:1230
%%Pages: 1
%%BeginProlog
%%EndProlog
%%Page: 1 1
 0 0 0 setrgbcolor 0 0.49814 dtransform truncate idtransform setlinewidth pop
 [] 0 setdash 1 setlinecap 1 setlinejoin 10 setmiterlimit
newpath 0 64.757 moveto
129.514 64.757 lineto stroke
newpath 124.5327 67.24767 moveto
125.70863 65.67975 127.55412 64.757 129.514 64.757 curveto
127.55412 64.757 125.70863 63.83426 124.5327 62.26634 curveto stroke
 0.49814 0 dtransform exch truncate exch idtransform pop setlinewidth
newpath 64.757 0 moveto
64.757 129.514 lineto stroke
 0 0.49814 dtransform truncate idtransform setlinewidth pop
newpath 62.26634 124.5327 moveto
63.83426 125.70863 64.757 127.55412 64.757 129.514 curveto
64.757 127.55412 65.67975 125.70863 67.24767 124.5327 curveto stroke
 0.49814 0 dtransform exch truncate exch idtransform pop setlinewidth
newpath 25.9028 62.76448 moveto
25.9028 66.74953 lineto stroke
newpath 51.8056 62.76448 moveto
51.8056 66.74953 lineto stroke
newpath 77.7084 62.76448 moveto
77.7084 66.74953 lineto stroke
newpath 103.6112 62.76448 moveto
103.6112 66.74953 lineto stroke
 0 0.49814 dtransform truncate idtransform setlinewidth pop
newpath 66.74953 12.9514 moveto
62.76448 12.9514 lineto stroke
newpath 66.74953 25.9028 moveto
62.76448 25.9028 lineto stroke
newpath 66.74953 38.8542 moveto
62.76448 38.8542 lineto stroke
newpath 66.74953 51.8056 moveto
62.76448 51.8056 lineto stroke
newpath 66.74953 77.7084 moveto
62.76448 77.7084 lineto stroke
newpath 66.74953 90.6598 moveto
62.76448 90.6598 lineto stroke
newpath 66.74953 103.6112 moveto
62.76448 103.6112 lineto stroke
newpath 66.74953 116.5626 moveto
62.76448 116.5626 lineto stroke
 0 1.24533 dtransform truncate idtransform setlinewidth pop
newpath 25.9028 0 moveto
26.3271 2.54774 26.75871 5.09431 27.19763 7.6395 curveto
27.62231 10.10306 28.05412 12.56564 28.49364 15.02664 curveto
28.91774 17.40187 29.34914 19.77571 29.78845 22.14816 curveto
30.21236 24.43723 30.64357 26.72472 31.08328 29.01082 curveto
31.50699 31.21352 31.9382 33.41484 32.37811 35.61438 curveto
32.8018 37.7329 33.23341 39.84982 33.67412 41.96478 curveto
34.09703 43.99516 34.52844 46.02376 34.96893 48.05037 curveto
35.39166 49.99458 35.82286 51.93683 36.26376 53.87709 curveto
36.68608 55.73514 37.1173 57.5912 37.5586 59.4449 curveto
37.98091 61.21857 38.41252 62.98987 38.8546 64.75859 curveto
39.27612 66.4445 39.70714 68.12785 40.14941 69.80844 curveto
40.57036 71.40819 41.00157 73.00539 41.44424 74.59921 curveto
41.86479 76.11299 42.2958 77.62383 42.73907 79.13109 curveto
43.15941 80.5603 43.59082 81.98615 44.03508 83.40804 curveto
44.45444 84.7499 44.88525 86.0882 45.3299 87.42195 curveto
45.74867 88.67804 46.17929 89.92998 46.62473 91.17699 curveto
47.04309 92.3485 47.4743 93.51506 47.92073 94.67609 curveto
48.33792 95.76085 48.76854 96.84045 49.21556 97.91315 curveto
49.63196 98.91234 50.06238 99.90578 50.51039 100.89133 curveto
50.92578 101.80533 51.35622 102.71242 51.8052 103.61041 curveto
52.22021 104.44003 52.65063 105.26195 53.10121 106.0728 curveto
53.51465 106.81705 53.94487 107.552 54.39604 108.27391 curveto
54.80849 108.93398 55.23851 109.58276 55.69087 110.21616 curveto
56.10251 110.79242 56.53235 111.35545 56.98569 111.8995 curveto
57.39694 112.39316 57.82736 112.87082 58.2817 113.32515 curveto
58.69255 113.7362 59.12279 114.1275 59.57652 114.49054 curveto
59.98837 114.81998 60.41899 115.12549 60.87135 115.39684 curveto
61.28577 115.64545 61.71738 115.8648 62.16617 116.04424 curveto
62.58572 116.21202 63.0189 116.34444 63.46217 116.43317 curveto
63.88866 116.51854 64.32224 116.5626 64.757 116.5626 curveto
65.19177 116.5626 65.62535 116.51854 66.05183 116.43317 curveto
66.4951 116.34444 66.92828 116.21202 67.34784 116.04424 curveto
67.79663 115.8648 68.22824 115.64545 68.64265 115.39684 curveto
69.09502 115.12549 69.52563 114.81998 69.93748 114.49054 curveto
70.39122 114.1275 70.82146 113.7362 71.23232 113.32515 curveto
71.68665 112.87082 72.11707 112.39316 72.52832 111.8995 curveto
72.98166 111.35545 73.4115 110.79242 73.82314 110.21616 curveto
74.2755 109.58276 74.70552 108.93398 75.11797 108.27391 curveto
75.56914 107.552 75.99936 106.81705 76.4128 106.0728 curveto
76.86337 105.26195 77.2938 104.44003 77.7088 103.61041 curveto
78.15779 102.71242 78.58823 101.80533 79.00362 100.89133 curveto
79.45163 99.90578 79.88205 98.91234 80.29845 97.91315 curveto
80.74547 96.84045 81.17609 95.76085 81.59328 94.67609 curveto
82.0397 93.51506 82.47092 92.3485 82.88928 91.17699 curveto
83.33472 89.92998 83.76534 88.67804 84.18411 87.42195 curveto
84.62875 86.0882 85.05957 84.7499 85.47893 83.40804 curveto
85.92319 81.98615 86.3546 80.5603 86.77493 79.13109 curveto
87.2182 77.62383 87.64922 76.11299 88.06976 74.59921 curveto
88.51244 73.00539 88.94365 71.40819 89.3646 69.80844 curveto
89.80687 68.12785 90.23788 66.4445 90.65941 64.75859 curveto
91.10149 62.98987 91.5331 61.21857 91.95541 59.4449 curveto
92.39671 57.5912 92.82793 55.73514 93.25024 53.87709 curveto
93.69115 51.93683 94.12234 49.99458 94.54507 48.05037 curveto
94.98557 46.02376 95.41698 43.99516 95.83989 41.96478 curveto
96.2806 39.84982 96.7122 37.7329 97.1359 35.61438 curveto
97.5758 33.41484 98.00702 31.21352 98.43073 29.01082 curveto
98.87044 26.72472 99.30165 24.43723 99.72556 22.14816 curveto
100.16487 19.77571 100.59627 17.40187 101.02037 15.02664 curveto
101.45988 12.56564 101.8917 10.10306 102.31638 7.6395 curveto
102.7553 5.09431 103.1869 2.54774 103.6112 0 curveto stroke
newpath 104.59433 3.1937 moveto
103.78226 2.34319 103.41803 1.15996 103.6112 0 curveto
103.41803 1.15996 102.69 2.16127 101.64612 2.7027 curveto stroke
newpath 27.86789 2.7027 moveto
26.824 2.16127 26.09598 1.15996 25.9028 0 curveto
26.09598 1.15996 25.73175 2.34319 24.91968 3.1937 curveto stroke
newpath 64.757 118.55513 moveto
64.22853 118.55513 63.72177 118.34517 63.3481 117.97151 curveto
62.97444 117.59784 62.76448 117.09108 62.76448 116.5626 curveto
62.76448 116.03413 62.97444 115.52737 63.3481 115.1537 curveto
63.72177 114.78004 64.22853 114.57008 64.757 114.57008 curveto
65.28548 114.57008 65.79224 114.78004 66.16591 115.1537 curveto
66.53957 115.52737 66.74953 116.03413 66.74953 116.5626 curveto
66.74953 117.09108 66.53957 117.59784 66.16591 117.97151 curveto
65.79224 118.34517 65.28548 118.55513 64.757 118.55513 curveto closepath fill
newpath 38.8542 66.74953 moveto
38.32573 66.74953 37.81897 66.53957 37.4453 66.16591 curveto
37.07164 65.79224 36.86168 65.28548 36.86168 64.757 curveto
36.86168 64.22853 37.07164 63.72177 37.4453 63.3481 curveto
37.81897 62.97444 38.32573 62.76448 38.8542 62.76448 curveto
39.38268 62.76448 39.88943 62.97444 40.2631 63.3481 curveto
40.63676 63.72177 40.84673 64.22853 40.84673 64.757 curveto
40.84673 65.28548 40.63676 65.79224 40.2631 66.16591 curveto
39.88943 66.53957 39.38268 66.74953 38.8542 66.74953 curveto closepath fill
newpath 90.6598 66.74953 moveto
90.13133 66.74953 89.62457 66.53957 89.2509 66.16591 curveto
88.87724 65.79224 88.66728 65.28548 88.66728 64.757 curveto
88.66728 64.22853 88.87724 63.72177 89.2509 63.3481 curveto
89.62457 62.97444 90.13133 62.76448 90.6598 62.76448 curveto
91.18828 62.76448 91.69504 62.97444 92.06871 63.3481 curveto
92.44237 63.72177 92.65233 64.22853 92.65233 64.757 curveto
92.65233 65.28548 92.44237 65.79224 92.06871 66.16591 curveto
91.69504 66.53957 91.18828 66.74953 90.6598 66.74953 curveto closepath fill
showpage
%%EOF
