%!PS
%%BoundingBox: -1 -1 105 140 
%%HiResBoundingBox: -0.24907 -0.24907 104.85654 139.7257 
%%Creator: MetaPost 1.9991
%%CreationDate: 2017.08.13:1230
%%Pages: 1
%%BeginProlog
%%EndProlog
%%Page: 1 1
 0 0 0 setrgbcolor 0 0.49814 dtransform truncate idtransform setlinewidth pop
 [] 0 setdash 1 setlinecap 1 setlinejoin 10 setmiterlimit
newpath 0 79.70093 moveto
104.60747 79.70093 lineto stroke
newpath 99.62616 82.19159 moveto
100.8021 80.62367 102.64758 79.70093 104.60747 79.70093 curveto
102.64758 79.70093 100.8021 78.77818 99.62616 77.21027 curveto stroke
 0.49814 0 dtransform exch truncate exch idtransform pop setlinewidth
newpath 89.66354 0 moveto
89.66354 139.47662 lineto stroke
 0 0.49814 dtransform truncate idtransform setlinewidth pop
newpath 87.17288 134.49532 moveto
88.7408 135.67125 89.66354 137.51674 89.66354 139.47662 curveto
89.66354 137.51674 90.58629 135.67125 92.1542 134.49532 curveto stroke
 0.49814 0 dtransform exch truncate exch idtransform pop setlinewidth
newpath 14.94392 77.7084 moveto
14.94392 81.69345 lineto stroke
newpath 29.88785 77.7084 moveto
29.88785 81.69345 lineto stroke
newpath 44.83177 77.7084 moveto
44.83177 81.69345 lineto stroke
newpath 59.7757 77.7084 moveto
59.7757 81.69345 lineto stroke
newpath 74.71962 77.7084 moveto
74.71962 81.69345 lineto stroke
newpath 89.66354 77.7084 moveto
89.66354 81.69345 lineto stroke
 0 0.49814 dtransform truncate idtransform setlinewidth pop
newpath 91.65607 19.92523 moveto
87.67102 19.92523 lineto stroke
newpath 91.65607 39.85046 moveto
87.67102 39.85046 lineto stroke
newpath 91.65607 59.7757 moveto
87.67102 59.7757 lineto stroke
newpath 91.65607 79.70093 moveto
87.67102 79.70093 lineto stroke
newpath 91.65607 99.62616 moveto
87.67102 99.62616 lineto stroke
newpath 91.65607 119.55139 moveto
87.67102 119.55139 lineto stroke
newpath 14.94392 19.92523 moveto
104.60747 19.92523 lineto stroke
newpath 101.61868 21.41963 moveto
102.32423 20.47888 103.43153 19.92523 104.60747 19.92523 curveto
103.43153 19.92523 102.32423 19.37158 101.61868 18.43083 curveto stroke
newpath 17.93271 18.43083 moveto
17.22716 19.37158 16.11986 19.92523 14.94392 19.92523 curveto
16.11986 19.92523 17.22716 20.47888 17.93271 21.41963 curveto stroke
newpath 54.79948 39.85046 moveto
54.79948 42.24152 lineto
54.79948 37.45941 lineto
54.79948 39.85046 lineto
56.87021 41.04599 lineto
52.72876 38.65494 lineto
54.79948 39.85046 lineto
56.87021 38.65494 lineto
52.72876 41.04599 lineto stroke
newpath 54.79948 31.88037 moveto
54.27101 31.88037 53.76425 31.67041 53.39058 31.29675 curveto
53.01692 30.92308 52.80696 30.41632 52.80696 29.88785 curveto
52.80696 29.35938 53.01692 28.85262 53.39058 28.47894 curveto
53.76425 28.10529 54.27101 27.89532 54.79948 27.89532 curveto
55.32796 27.89532 55.83472 28.10529 56.20839 28.47894 curveto
56.58205 28.85262 56.792 29.35938 56.792 29.88785 curveto
56.792 30.41632 56.58205 30.92308 56.20839 31.29675 curveto
55.83472 31.67041 55.32796 31.88037 54.79948 31.88037 curveto closepath fill
newpath 39.85556 41.84299 moveto
39.32709 41.84299 38.82033 41.63303 38.44666 41.25937 curveto
38.073 40.8857 37.86304 40.37894 37.86304 39.85046 curveto
37.86304 39.32199 38.073 38.81523 38.44666 38.44156 curveto
38.82033 38.0679 39.32709 37.85794 39.85556 37.85794 curveto
40.38403 37.85794 40.8908 38.0679 41.26447 38.44156 curveto
41.63812 38.81523 41.84808 39.32199 41.84808 39.85046 curveto
41.84808 40.37894 41.63812 40.8857 41.26447 41.25937 curveto
40.8908 41.63303 40.38403 41.84299 39.85556 41.84299 curveto closepath fill
newpath 69.74341 41.84299 moveto
69.21494 41.84299 68.70818 41.63303 68.3345 41.25937 curveto
67.96085 40.8857 67.75089 40.37894 67.75089 39.85046 curveto
67.75089 39.32199 67.96085 38.81523 68.3345 38.44156 curveto
68.70818 38.0679 69.21494 37.85794 69.74341 37.85794 curveto
70.27188 37.85794 70.77864 38.0679 71.15231 38.44156 curveto
71.52597 38.81523 71.73593 39.32199 71.73593 39.85046 curveto
71.73593 40.37894 71.52597 40.8857 71.15231 41.25937 curveto
70.77864 41.63303 70.27188 41.84299 69.74341 41.84299 curveto closepath fill
 0 1.24533 dtransform truncate idtransform setlinewidth pop
newpath 7.47195 129.79129 moveto
7.96268 127.71869 8.46068 125.64911 8.96599 123.5826 curveto
9.45715 121.57443 9.9554 119.56934 10.46138 117.56787 curveto
10.95187 115.62782 11.44965 113.69081 11.95541 111.75777 curveto
12.44566 109.88368 12.94345 108.01326 13.44945 106.14679 curveto
13.93947 104.339 14.43726 102.53487 14.94347 100.73497 curveto
15.43373 98.99164 15.93219 97.25226 16.43909 95.51712 curveto
16.92867 93.8416 17.42645 92.17032 17.93312 90.50389 curveto
18.42247 88.89433 18.92024 87.28964 19.42714 85.6898 curveto
19.91626 84.14622 20.41405 82.6078 20.92117 81.07486 curveto
21.41052 79.59634 21.90852 78.12238 22.41656 76.6551 curveto
22.90523 75.24377 23.40279 73.83792 23.9106 72.43875 curveto
24.3988 71.0934 24.89658 69.75381 25.40463 68.42154 curveto
25.89261 67.14186 26.39015 65.86887 26.89865 64.60347 curveto
27.38686 63.38855 27.88487 62.18062 28.39404 60.9812 curveto
28.88135 59.83316 29.37912 58.69272 29.88808 57.56142 curveto
30.37514 56.47905 30.8727 55.4052 31.38211 54.34106 curveto
31.86894 53.32408 32.36649 52.3165 32.87613 51.31987 curveto
33.36319 50.36734 33.8612 49.42513 34.37175 48.49478 curveto
34.85814 47.60852 35.35545 46.7335 35.86578 45.87187 curveto
36.35193 45.05098 36.84926 44.24255 37.3598 43.44841 curveto
37.84573 42.69258 38.34329 41.95013 38.85384 41.22379 curveto
39.34 40.53241 39.838 39.85564 40.34923 39.1968 curveto
40.83516 38.57048 41.3327 37.96089 41.84326 37.37076 curveto
42.32918 36.8092 42.82697 36.2656 43.3373 35.74387 curveto
43.82367 35.24677 44.32144 34.76944 44.83131 34.31612 curveto
45.31883 33.88287 45.81708 33.47151 46.3267 33.0866 curveto
46.81445 32.71811 47.31247 32.37364 47.82074 32.05743 curveto
48.30986 31.7531 48.80809 31.47522 49.31477 31.22743 curveto
49.80548 30.98755 50.30371 30.77625 50.80879 30.59656 curveto
51.30202 30.42113 51.8007 30.2764 52.30418 30.16452 curveto
52.79901 30.05446 53.2977 29.97662 53.79822 29.93224 curveto
54.29555 29.88815 54.79424 29.8769 55.29248 29.8991 curveto
55.79231 29.9213 56.29077 29.97693 56.7865 30.0651 curveto
57.28908 30.15448 57.78822 30.27701 58.28189 30.43056 curveto
58.78629 30.58743 59.28476 30.77654 59.77592 30.99484 curveto
60.28214 31.21982 60.78038 31.47552 61.26996 31.75858 curveto
61.77777 32.05197 62.27577 32.37425 62.76398 32.72145 curveto
63.27339 33.08356 63.77162 33.47272 64.25937 33.88438 curveto
64.76901 34.31459 65.2668 34.76973 65.7534 35.24554 curveto
66.26372 35.74448 66.76128 36.2659 67.24744 36.80617 curveto
67.75798 37.37349 68.25554 37.96089 68.74146 38.56561 curveto
69.25269 39.20166 69.7507 39.85655 70.23685 40.52634 curveto
70.7474 41.22987 71.24495 41.95013 71.73088 42.68437 curveto
72.24142 43.4557 72.73898 44.24255 73.22491 45.04155 curveto
73.73523 45.88069 74.23279 46.7335 74.71893 47.59789 curveto
75.22949 48.50574 75.72772 49.42574 76.21455 50.35638 curveto
76.72443 51.33083 77.22198 52.3162 77.70859 53.31131 curveto
78.218 54.35294 78.71577 55.40489 79.20262 56.46536 curveto
79.71179 57.57417 80.20935 58.69241 80.69664 59.81856 curveto
81.20605 60.99548 81.70406 62.18121 82.19203 63.37425 curveto
82.70053 64.61714 83.19809 65.86826 83.68607 67.12604 curveto
84.19434 68.43613 84.6919 69.75351 85.1801 71.07698 curveto
85.68791 72.45395 86.18568 73.83762 86.67412 75.22675 curveto
87.18216 76.67183 87.6804 78.1236 88.16951 79.58023 curveto
88.67688 81.09067 89.17442 82.6072 89.66354 84.12859 curveto
90.17067 85.70622 90.66823 87.28903 91.15758 88.8764 curveto
91.66425 90.52061 92.16203 92.16971 92.6516 93.82304 curveto
93.15872 95.53598 93.65697 97.25317 94.14722 98.97461 curveto
94.65344 100.7523 95.15121 102.53426 95.64125 104.31985 curveto
96.14725 106.16412 96.64502 108.01266 97.13528 109.86453 curveto
97.64104 111.77539 98.13882 113.6899 98.6293 115.60806 curveto
99.1353 117.58733 99.63353 119.57024 100.1247 121.5565 curveto
100.63023 123.60052 101.12825 125.6479 101.61873 127.69861 curveto stroke
newpath 99.47008 125.13945 moveto
100.54913 125.6068 101.34518 126.55493 101.61873 127.69861 curveto
101.34518 126.55493 101.62607 125.34923 102.37688 124.4442 curveto stroke
newpath 6.70636 126.5386 moveto
7.45924 127.44191 7.74287 128.64699 7.47195 129.79129 curveto
7.74287 128.64699 8.53676 127.69704 9.61475 127.2272 curveto stroke
showpage
%%EOF
