%!PS
%%BoundingBox: -1 -1 150 151 
%%HiResBoundingBox: -0.24907 -0.75916 149.68831 150.1984 
%%Creator: MetaPost 1.9991
%%CreationDate: 2017.08.13:1230
%%Pages: 1
%%BeginProlog
%%EndProlog
%%Page: 1 1
 0 0 0 setrgbcolor 0 0.49814 dtransform truncate idtransform setlinewidth pop
 [] 0 setdash 1 setlinecap 1 setlinejoin 10 setmiterlimit
newpath 0 29.88785 moveto
149.43924 29.88785 lineto stroke
newpath 144.45793 32.37851 moveto
145.63387 30.8106 147.47935 29.88785 149.43924 29.88785 curveto
147.47935 29.88785 145.63387 28.9651 144.45793 27.39719 curveto stroke
 0.49814 0 dtransform exch truncate exch idtransform pop setlinewidth
newpath 74.71962 0 moveto
74.71962 149.43924 lineto stroke
 0 0.49814 dtransform truncate idtransform setlinewidth pop
newpath 72.22896 144.45793 moveto
73.79688 145.63387 74.71962 147.47935 74.71962 149.43924 curveto
74.71962 147.47935 75.64236 145.63387 77.21028 144.45793 curveto stroke
 0.49814 0 dtransform exch truncate exch idtransform pop setlinewidth
newpath 14.94392 27.89532 moveto
14.94392 31.88037 lineto stroke
newpath 29.88785 27.89532 moveto
29.88785 31.88037 lineto stroke
newpath 44.83177 27.89532 moveto
44.83177 31.88037 lineto stroke
newpath 59.7757 27.89532 moveto
59.7757 31.88037 lineto stroke
newpath 74.71962 27.89532 moveto
74.71962 31.88037 lineto stroke
newpath 89.66354 27.89532 moveto
89.66354 31.88037 lineto stroke
newpath 104.60747 27.89532 moveto
104.60747 31.88037 lineto stroke
newpath 119.55139 27.89532 moveto
119.55139 31.88037 lineto stroke
newpath 134.49532 27.89532 moveto
134.49532 31.88037 lineto stroke
 0 0.49814 dtransform truncate idtransform setlinewidth pop
newpath 76.71214 14.94392 moveto
72.7271 14.94392 lineto stroke
newpath 76.71214 29.88785 moveto
72.7271 29.88785 lineto stroke
newpath 76.71214 44.83177 moveto
72.7271 44.83177 lineto stroke
newpath 76.71214 59.7757 moveto
72.7271 59.7757 lineto stroke
newpath 76.71214 74.71962 moveto
72.7271 74.71962 lineto stroke
newpath 76.71214 89.66354 moveto
72.7271 89.66354 lineto stroke
newpath 76.71214 104.60747 moveto
72.7271 104.60747 lineto stroke
newpath 76.71214 119.55139 moveto
72.7271 119.55139 lineto stroke
newpath 76.71214 134.49532 moveto
72.7271 134.49532 lineto stroke
 0 1.24533 dtransform truncate idtransform setlinewidth pop
newpath 127.85359 0 moveto
126.75633 0.49368 125.66112 0.99146 124.56773 1.49358 curveto
123.491 1.98793 122.41609 2.48662 121.34322 2.98943 curveto
120.29019 3.4831 119.23923 3.98088 118.1903 4.483 curveto
117.1594 4.97667 116.13031 5.47423 115.10352 5.97656 curveto
114.09312 6.47093 113.08456 6.96939 112.07852 7.47241 curveto
111.09161 7.96587 110.10701 8.46365 109.12466 8.96599 curveto
108.1583 9.46013 107.1942 9.95859 106.2326 10.46184 curveto
105.28972 10.95506 104.34933 11.45285 103.41147 11.95541 curveto
102.4907 12.44864 101.57243 12.94641 100.6567 13.44899 curveto
99.75667 13.94289 98.85893 14.44159 97.96416 14.94484 curveto
97.08739 15.43805 96.21336 15.93584 95.34209 16.4384 curveto
94.48744 16.9314 93.6353 17.42918 92.78636 17.93198 curveto
91.95247 18.42566 91.12132 18.92435 90.29335 19.42783 curveto
89.48271 19.92082 88.67482 20.41861 87.87035 20.9214 curveto
87.08183 21.4144 86.29628 21.91217 85.51392 22.41498 curveto
84.74615 22.90865 83.98135 23.40712 83.22021 23.91083 curveto
82.47548 24.4036 81.73416 24.90137 80.99649 25.4044 curveto
80.27388 25.89716 79.55469 26.39494 78.83914 26.89796 curveto
78.13728 27.39142 77.43929 27.88988 76.74495 28.39381 curveto
76.06612 28.88635 75.39116 29.38414 74.7203 29.88739 curveto
74.06245 30.38084 73.40869 30.8793 72.75905 31.38324 curveto
72.12422 31.87578 71.4935 32.37357 70.86711 32.87682 curveto
70.25418 33.36935 69.64581 33.86713 69.04176 34.37039 curveto
68.45004 34.8636 67.86264 35.36208 67.28004 35.86624 curveto
66.71089 36.35878 66.14651 36.85632 65.58717 37.35982 curveto
65.04013 37.85211 64.4979 38.3499 63.96089 38.85338 curveto
63.43483 39.3466 62.91379 39.84506 62.39845 40.34923 curveto
61.8952 40.84154 61.39719 41.33932 60.90488 41.8428 curveto
60.42352 42.33511 59.94763 42.8329 59.47766 43.33638 curveto
59.01729 43.82959 58.56282 44.32806 58.11475 44.83223 curveto
57.67717 45.32454 57.24551 45.82254 56.82048 46.3258 curveto
56.40387 46.81902 55.99388 47.31772 55.5905 47.82166 curveto
55.19647 48.3142 54.80928 48.81197 54.42894 49.31522 curveto
54.0568 49.80775 53.69127 50.30577 53.3335 50.80879 curveto
52.98257 51.30225 52.63893 51.80093 52.30305 52.30464 curveto
51.97446 52.79741 51.6534 53.29543 51.34055 53.79822 curveto
51.03386 54.29121 50.73491 54.78899 50.44441 55.2918 curveto
50.15915 55.78569 49.88187 56.2844 49.61348 56.78764 curveto
49.35034 57.28108 49.09563 57.77887 48.85005 58.28122 curveto
48.6088 58.77489 48.37598 59.27267 48.15297 59.77478 curveto
47.93315 60.26938 47.72269 60.76807 47.52158 61.27063 curveto
47.32387 61.76477 47.13551 62.26254 46.9572 62.7642 curveto
46.7814 63.25879 46.61539 63.75658 46.45943 64.25778 curveto
46.30528 64.75351 46.16093 65.25197 46.02708 65.75363 curveto
45.89507 66.2489 45.77328 66.74669 45.66202 67.24721 curveto
45.55165 67.74362 45.45178 68.24231 45.36284 68.74306 curveto
45.2746 69.23924 45.1973 69.73724 45.1307 70.23662 curveto
45.06459 70.73326 45.00917 71.23128 44.9647 71.7302 curveto
44.92047 72.22798 44.88718 72.72667 44.86507 73.22604 curveto
44.84294 73.7236 44.83177 74.2216 44.83177 74.71962 curveto
44.83177 75.21764 44.84294 75.71564 44.86507 76.2132 curveto
44.88718 76.71257 44.92047 77.21126 44.9647 77.70905 curveto
45.00917 78.20796 45.06459 78.70598 45.1307 79.20262 curveto
45.1973 79.702 45.2746 80.2 45.36284 80.69618 curveto
45.45178 81.19693 45.55165 81.69562 45.66202 82.19203 curveto
45.77328 82.69255 45.89507 83.19034 46.02708 83.68561 curveto
46.16093 84.18727 46.30528 84.68573 46.45943 85.18146 curveto
46.61539 85.68266 46.7814 86.18045 46.9572 86.67503 curveto
47.13551 87.1767 47.32387 87.67447 47.52158 88.16861 curveto
47.72269 88.67117 47.93315 89.16986 48.15297 89.66446 curveto
48.37598 90.16656 48.6088 90.66435 48.85005 91.15802 curveto
49.09563 91.66037 49.35034 92.15816 49.61348 92.6516 curveto
49.88187 93.15485 50.15915 93.65355 50.44441 94.14745 curveto
50.73491 94.65025 51.03386 95.14803 51.34055 95.64102 curveto
51.6534 96.14381 51.97446 96.64183 52.30305 97.1346 curveto
52.63893 97.6383 52.98257 98.137 53.3335 98.63045 curveto
53.69127 99.13347 54.0568 99.63148 54.42894 100.12402 curveto
54.80928 100.62727 55.19647 101.12505 55.5905 101.61758 curveto
55.99388 102.12152 56.40387 102.62022 56.82048 103.11343 curveto
57.24551 103.6167 57.67717 104.1147 58.11475 104.60701 curveto
58.56282 105.11118 59.01729 105.60965 59.47766 106.10286 curveto
59.94763 106.60634 60.42352 107.10413 60.90488 107.59644 curveto
61.39719 108.09991 61.8952 108.5977 62.39845 109.09001 curveto
62.91379 109.59418 63.43483 110.09264 63.96089 110.58586 curveto
64.4979 111.08934 65.04013 111.58713 65.58717 112.07944 curveto
66.14651 112.58292 66.71089 113.08046 67.28004 113.573 curveto
67.86264 114.07716 68.45004 114.57564 69.04176 115.06885 curveto
69.64581 115.57211 70.25418 116.06989 70.86711 116.56242 curveto
71.4935 117.06567 72.12422 117.56346 72.75905 118.056 curveto
73.40869 118.55994 74.06245 119.0584 74.7203 119.55185 curveto
75.39116 120.0551 76.06612 120.55289 76.74495 121.04543 curveto
77.43929 121.54936 78.13728 122.04782 78.83914 122.54128 curveto
79.55469 123.0443 80.27388 123.54208 80.99649 124.03484 curveto
81.73416 124.53787 82.47548 125.03564 83.22021 125.52841 curveto
83.98135 126.03212 84.74615 126.5306 85.51392 127.02426 curveto
86.29628 127.52707 87.08183 128.02484 87.87035 128.51784 curveto
88.67482 129.02063 89.48271 129.51842 90.29335 130.01141 curveto
91.12132 130.5149 91.95247 131.01358 92.78636 131.50726 curveto
93.6353 132.01006 94.48744 132.50784 95.34209 133.00084 curveto
96.21336 133.5034 97.08739 134.00119 97.96416 134.4944 curveto
98.85893 134.99765 99.75667 135.49635 100.6567 135.99025 curveto
101.57243 136.49283 102.4907 136.9906 103.41147 137.48383 curveto
104.34933 137.98639 105.28972 138.48418 106.2326 138.9774 curveto
107.1942 139.48065 108.1583 139.97911 109.12466 140.47325 curveto
110.10701 140.97559 111.09161 141.47337 112.07852 141.96683 curveto
113.08456 142.46985 114.09312 142.9683 115.10352 143.46268 curveto
116.13031 143.96501 117.1594 144.46257 118.1903 144.95624 curveto
119.23923 145.45836 120.29019 145.95615 121.34322 146.44981 curveto
122.41609 146.95262 123.491 147.45131 124.56773 147.94566 curveto
125.66112 148.44778 126.75633 148.94556 127.85359 149.43924 curveto stroke
newpath 124.51483 149.57573 moveto
125.54425 149.00731 126.7812 148.95674 127.85359 149.43924 curveto
126.7812 148.95674 125.9986 147.99751 125.74115 146.85011 curveto stroke
newpath 125.74115 2.58913 moveto
125.9986 1.44173 126.7812 0.4825 127.85359 0 curveto
126.7812 0.4825 125.54425 0.43193 124.51483 -0.13649 curveto stroke
newpath 74.71962 31.88037 moveto
74.19115 31.88037 73.68439 31.67041 73.31071 31.29675 curveto
72.93706 30.92308 72.7271 30.41632 72.7271 29.88785 curveto
72.7271 29.35938 72.93706 28.85262 73.31071 28.47894 curveto
73.68439 28.10529 74.19115 27.89532 74.71962 27.89532 curveto
75.2481 27.89532 75.75485 28.10529 76.12852 28.47894 curveto
76.50218 28.85262 76.71214 29.35938 76.71214 29.88785 curveto
76.71214 30.41632 76.50218 30.92308 76.12852 31.29675 curveto
75.75485 31.67041 75.2481 31.88037 74.71962 31.88037 curveto closepath fill
newpath 44.83177 76.71214 moveto
44.3033 76.71214 43.79654 76.50218 43.42287 76.12852 curveto
43.04921 75.75485 42.83925 75.2481 42.83925 74.71962 curveto
42.83925 74.19115 43.04921 73.68439 43.42287 73.31071 curveto
43.79654 72.93706 44.3033 72.7271 44.83177 72.7271 curveto
45.36024 72.7271 45.867 72.93706 46.24068 73.31071 curveto
46.61433 73.68439 46.8243 74.19115 46.8243 74.71962 curveto
46.8243 75.2481 46.61433 75.75485 46.24068 76.12852 curveto
45.867 76.50218 45.36024 76.71214 44.83177 76.71214 curveto closepath fill
newpath 74.71962 121.54391 moveto
74.19115 121.54391 73.68439 121.33395 73.31071 120.9603 curveto
72.93706 120.58662 72.7271 120.07986 72.7271 119.55139 curveto
72.7271 119.02292 72.93706 118.51616 73.31071 118.14249 curveto
73.68439 117.76883 74.19115 117.55887 74.71962 117.55887 curveto
75.2481 117.55887 75.75485 117.76883 76.12852 118.14249 curveto
76.50218 118.51616 76.71214 119.02292 76.71214 119.55139 curveto
76.71214 120.07986 76.50218 120.58662 76.12852 120.9603 curveto
75.75485 121.33395 75.2481 121.54391 74.71962 121.54391 curveto closepath fill
showpage
%%EOF
