%!PS
%%BoundingBox: 28 6 129 112 
%%HiResBoundingBox: 28.224 6.8493 128.62459 111.30121 
%%Creator: MetaPost 2.000
%%CreationDate: 2017.07.18:1022
%%Pages: 1
%%BeginProlog
%%EndProlog
%%Page: 1 1
 0 0 0 setrgbcolor 0 1.24533 dtransform truncate idtransform setlinewidth pop [] 0 setdash 1 setlinecap
 1 setlinejoin 10 setmiterlimit
newpath 29.88785 7.47197 moveto
30.3667 10.71097 30.86472 13.94917 31.38188 17.18669 curveto
31.86073 20.18445 32.35783 23.1815 32.8759 26.17766 curveto
33.35431 28.9442 33.85185 31.70981 34.37152 34.4744 curveto
34.84833 37.01154 35.3452 39.54788 35.86555 42.08284 curveto
36.34122 44.40085 36.83809 46.71782 37.35959 49.03343 curveto
37.8341 51.14029 38.33052 53.24588 38.8536 55.34988 curveto
39.327 57.25435 39.82387 59.15735 40.349 61.05841 curveto
40.82033 62.76472 41.31651 64.46935 41.84303 66.17168 curveto
42.31255 67.6893 42.80827 69.20476 43.33707 70.71748 curveto
43.80429 72.05383 44.29956 73.38768 44.83109 74.71799 curveto
45.29604 75.88184 45.79153 77.04271 46.3267 78.19904 curveto
46.78824 79.19574 47.28214 80.18867 47.82074 81.17569 curveto
48.27861 82.0146 48.77138 82.8485 49.31477 83.67451 curveto
49.76808 84.36351 50.2597 85.04633 50.80879 85.71776 curveto
51.25732 86.26616 51.7478 86.80602 52.30418 87.3291 curveto
52.74701 87.74536 53.23567 88.14943 53.79822 88.52783 curveto
54.23831 88.8238 54.72742 89.10144 55.29225 89.3387 curveto
55.73918 89.52647 56.23764 89.68314 56.78627 89.78323 curveto
57.26422 89.87045 57.77454 89.90443 58.28189 89.88425 curveto
58.8043 89.86339 59.30641 89.78015 59.77592 89.66397 curveto
60.32205 89.52887 60.81276 89.34589 61.26996 89.14465 curveto
61.81721 88.90385 62.30542 88.63216 62.76398 88.34895 curveto
63.30531 88.01466 63.79512 87.66064 64.25937 87.29866 curveto
64.79318 86.8824 65.28412 86.45291 65.7534 86.01761 curveto
66.28082 85.52838 66.77313 85.0298 67.24744 84.52711 curveto
67.7696 83.97357 68.26306 83.41354 68.74146 82.8502 curveto
69.25977 82.23978 69.75458 81.62433 70.23708 81.0066 curveto
70.75128 80.34853 71.24586 79.6869 71.73111 79.02335 curveto
72.24211 78.32468 72.73717 77.62305 73.22514 76.92026 curveto
73.73318 76.18864 74.22868 75.45497 74.71916 74.72038 curveto
75.22516 73.96265 75.72112 73.20343 76.21455 72.44365 curveto
76.71782 71.66882 77.21355 70.89273 77.70859 70.11664 curveto
78.20956 69.33144 78.70529 68.54553 79.20262 67.75977 curveto
79.70131 66.97182 80.19727 66.1833 80.69664 65.39546 curveto
81.19374 64.61118 81.69016 63.82677 82.19226 63.04326 curveto
82.68663 62.27196 83.18236 61.50089 83.6863 60.73119 curveto
84.17838 59.97949 84.67387 59.22838 85.18033 58.47897 curveto
85.67012 57.7542 86.16539 57.03043 86.67435 56.30907 curveto
87.16187 55.61792 87.65736 54.92815 88.16974 54.24156 curveto
88.65384 53.59271 89.14844 52.9459 89.66377 52.3031 curveto
90.14468 51.70328 90.63858 51.10596 91.1578 50.51411 curveto
91.63506 49.97017 92.12782 49.42975 92.65182 48.89673 curveto
93.12498 48.41536 93.61752 47.9388 94.14745 47.47247 curveto
94.6149 47.06111 95.1054 46.65604 95.64148 46.2661 curveto
96.10345 45.93 96.59235 45.603 97.13551 45.29881 curveto
97.59293 45.04263 98.08113 44.79967 98.62953 44.59273 curveto
99.089 44.41931 99.58292 44.26791 100.12492 44.17043 curveto
100.60402 44.08423 101.11069 44.03828 101.61896 44.05482 curveto
102.14136 44.07181 102.6485 44.14694 103.11299 44.26768 curveto
103.67006 44.41248 104.16418 44.60915 104.60701 44.83159 curveto
105.17274 45.11583 105.66187 45.43495 106.10263 45.76991 curveto
106.66335 46.1961 107.15201 46.6444 107.59666 47.10353 curveto
108.15031 47.67519 108.6408 48.26144 109.09068 48.85535 curveto
109.63773 49.5775 110.1298 50.30981 110.58472 51.04782 curveto
111.12697 51.92755 111.62064 52.81456 112.08011 53.70592 curveto
112.61734 54.74823 113.11171 55.796 113.57414 56.84732 curveto
114.10773 58.06009 114.60277 59.27684 115.06818 60.49655 curveto
115.59879 61.88672 116.09428 63.28029 116.5622 64.67616 curveto
117.09076 66.25285 117.58717 67.83228 118.05782 69.41364 curveto
118.58388 71.18095 119.07983 72.95033 119.55185 74.7214 curveto
120.07585 76.68825 120.57227 78.6567 121.04587 80.62672 curveto
121.56828 82.80026 122.06493 84.97552 122.5399 87.15181 curveto
123.0614 89.54198 123.55873 91.93352 124.0353 94.3261 curveto
124.55519 96.93597 125.05206 99.54698 125.52933 102.1588 curveto
126.04808 104.99785 126.5461 107.83768 127.02336 110.67854 curveto stroke
newpath 125.05444 107.97867 moveto
126.09909 108.51862 126.82854 109.51886 127.02336 110.67854 curveto
126.82854 109.51886 127.19107 108.33514 128.00192 107.48349 curveto stroke
newpath 31.8033 10.21004 moveto
30.76949 9.64966 30.05983 8.63525 29.88785 7.47197 curveto
30.05983 8.63525 29.67409 9.81161 28.84666 10.64717 curveto stroke
showpage
%%EOF
