%!PS
%%BoundingBox: -1 -1 51 26 
%%HiResBoundingBox: -0.24945 -0.24907 50.06253 25.15561 
%%Creator: MetaPost 2.000
%%CreationDate: 2017.07.18:1022
%%Pages: 1
%%BeginProlog
%%EndProlog
%%Page: 1 1
 0 0 0 setrgbcolor 0 0.49814 dtransform truncate idtransform setlinewidth pop [] 0 setdash 1 setlinecap
 1 setlinejoin 10 setmiterlimit
newpath 0 0 moveto
0.49815 0.98636 lineto
0.99632 1.95282 lineto
1.49434 2.89897 lineto
1.9925 3.82559 lineto
2.49065 4.73222 lineto
2.98882 5.61894 lineto
3.48697 6.48575 lineto
3.98499 7.33241 lineto
4.48315 8.1593 lineto
4.98131 8.96637 lineto
5.47946 9.75343 lineto
5.97763 10.5206 lineto
6.47565 11.26761 lineto
6.9738 11.99493 lineto
7.47195 12.70235 lineto
7.97012 13.38977 lineto
8.46828 14.05736 lineto
8.9663 14.70473 lineto
9.46446 15.3324 lineto
9.96262 15.94017 lineto stroke
newpath 2.67302 2.00522 moveto
1.51608 1.79474 0.52577 1.05183 0 0 curveto
0.52577 1.05183 0.52563 2.28983 -0.00038 3.34155 curveto stroke
newpath 10.21169 15.94017 moveto
10.21169 16.00623 10.18544 16.06958 10.13873 16.11629 curveto
10.09203 16.163 10.02867 16.18924 9.96262 16.18924 curveto
9.89656 16.18924 9.8332 16.163 9.7865 16.11629 curveto
9.73979 16.06958 9.71355 16.00623 9.71355 15.94017 curveto
9.71355 15.87411 9.73979 15.81076 9.7865 15.76405 curveto
9.8332 15.71735 9.89656 15.6911 9.96262 15.6911 curveto
10.02867 15.6911 10.09203 15.71735 10.13873 15.76405 curveto
10.18544 15.81076 10.21169 15.87411 10.21169 15.94017 curveto closepath fill
newpath 12.20953 18.17732 moveto
12.20953 18.24338 12.18329 18.30673 12.13658 18.35344 curveto
12.08987 18.40015 12.02652 18.42639 11.96046 18.42639 curveto
11.89441 18.42639 11.83105 18.40015 11.78435 18.35344 curveto
11.73764 18.30673 11.7114 18.24338 11.7114 18.17732 curveto
11.7114 18.11127 11.73764 18.04791 11.78435 18.0012 curveto
11.83105 17.9545 11.89441 17.92825 11.96046 17.92825 curveto
12.02652 17.92825 12.08987 17.9545 12.13658 18.0012 curveto
12.18329 18.04791 12.20953 18.11127 12.20953 18.17732 curveto closepath fill
newpath 14.38129 20.24564 moveto
14.38129 20.31169 14.35504 20.37505 14.30833 20.42175 curveto
14.26163 20.46846 14.19827 20.4947 14.13222 20.4947 curveto
14.06616 20.4947 14.0028 20.46846 13.9561 20.42175 curveto
13.9094 20.37505 13.88315 20.31169 13.88315 20.24564 curveto
13.88315 20.17958 13.9094 20.11623 13.9561 20.06952 curveto
14.0028 20.02281 14.06616 19.99657 14.13222 19.99657 curveto
14.19827 19.99657 14.26163 20.02281 14.30833 20.06952 curveto
14.35504 20.11623 14.38129 20.17958 14.38129 20.24564 curveto closepath fill
newpath 16.75671 22.07428 moveto
16.75671 22.14034 16.73047 22.20369 16.68376 22.2504 curveto
16.63705 22.2971 16.5737 22.32335 16.50764 22.32335 curveto
16.44159 22.32335 16.37823 22.2971 16.33153 22.2504 curveto
16.28482 22.20369 16.25858 22.14034 16.25858 22.07428 curveto
16.25858 22.00822 16.28482 21.94487 16.33153 21.89816 curveto
16.37823 21.85146 16.44159 21.82521 16.50764 21.82521 curveto
16.5737 21.82521 16.63705 21.85146 16.68376 21.89816 curveto
16.73047 21.94487 16.75671 22.00822 16.75671 22.07428 curveto closepath fill
newpath 19.3598 23.55783 moveto
19.3598 23.62389 19.33356 23.68724 19.28685 23.73395 curveto
19.24014 23.78065 19.17679 23.8069 19.11073 23.8069 curveto
19.04468 23.8069 18.98132 23.78065 18.93462 23.73395 curveto
18.88791 23.68724 18.86166 23.62389 18.86166 23.55783 curveto
18.86166 23.49178 18.88791 23.42842 18.93462 23.38171 curveto
18.98132 23.335 19.04468 23.30876 19.11073 23.30876 curveto
19.17679 23.30876 19.24014 23.335 19.28685 23.38171 curveto
19.33356 23.42842 19.3598 23.49178 19.3598 23.55783 curveto closepath fill
newpath 22.18385 24.55197 moveto
22.18385 24.61803 22.15761 24.68138 22.1109 24.72809 curveto
22.0642 24.7748 22.00084 24.80104 21.93478 24.80104 curveto
21.86873 24.80104 21.80537 24.7748 21.75867 24.72809 curveto
21.71196 24.68138 21.68571 24.61803 21.68571 24.55197 curveto
21.68571 24.48592 21.71196 24.42256 21.75867 24.37585 curveto
21.80537 24.32915 21.86873 24.3029 21.93478 24.3029 curveto
22.00084 24.3029 22.0642 24.32915 22.1109 24.37585 curveto
22.15761 24.42256 22.18385 24.48592 22.18385 24.55197 curveto closepath fill
newpath 25.15515 24.90654 moveto
25.15515 24.9726 25.1289 25.03595 25.0822 25.08266 curveto
25.03549 25.12936 24.97214 25.15561 24.90608 25.15561 curveto
24.84003 25.15561 24.77667 25.12936 24.72997 25.08266 curveto
24.68326 25.03595 24.65701 24.9726 24.65701 24.90654 curveto
24.65701 24.84048 24.68326 24.77713 24.72997 24.73042 curveto
24.77667 24.68372 24.84003 24.65747 24.90608 24.65747 curveto
24.97214 24.65747 25.03549 24.68372 25.0822 24.73042 curveto
25.1289 24.77713 25.15515 24.84048 25.15515 24.90654 curveto closepath fill
newpath 28.12663 24.55215 moveto
28.12663 24.61821 28.10039 24.68156 28.05368 24.72827 curveto
28.00697 24.77498 27.94362 24.80122 27.87756 24.80122 curveto
27.81151 24.80122 27.74815 24.77498 27.70145 24.72827 curveto
27.65474 24.68156 27.6285 24.61821 27.6285 24.55215 curveto
27.6285 24.4861 27.65474 24.42274 27.70145 24.37604 curveto
27.74815 24.32933 27.81151 24.30309 27.87756 24.30309 curveto
27.94362 24.30309 28.00697 24.32933 28.05368 24.37604 curveto
28.10039 24.42274 28.12663 24.4861 28.12663 24.55215 curveto closepath fill
newpath 30.9512 23.55792 moveto
30.9512 23.62398 30.92496 23.68733 30.87825 23.73404 curveto
30.83154 23.78075 30.76819 23.80699 30.70213 23.80699 curveto
30.63608 23.80699 30.57272 23.78075 30.52602 23.73404 curveto
30.47931 23.68733 30.45306 23.62398 30.45306 23.55792 curveto
30.45306 23.49187 30.47931 23.42851 30.52602 23.3818 curveto
30.57272 23.3351 30.63608 23.30885 30.70213 23.30885 curveto
30.76819 23.30885 30.83154 23.3351 30.87825 23.3818 curveto
30.92496 23.42851 30.9512 23.49187 30.9512 23.55792 curveto closepath fill
newpath 33.55429 22.07442 moveto
33.55429 22.14047 33.52805 22.20383 33.48134 22.25053 curveto
33.43463 22.29724 33.37128 22.32349 33.30522 22.32349 curveto
33.23917 22.32349 33.17581 22.29724 33.1291 22.25053 curveto
33.0824 22.20383 33.05615 22.14047 33.05615 22.07442 curveto
33.05615 22.00836 33.0824 21.945 33.1291 21.8983 curveto
33.17581 21.8516 33.23917 21.82535 33.30522 21.82535 curveto
33.37128 21.82535 33.43463 21.8516 33.48134 21.8983 curveto
33.52805 21.945 33.55429 22.00836 33.55429 22.07442 curveto closepath fill
newpath 35.92984 20.2457 moveto
35.92984 20.31175 35.9036 20.3751 35.85689 20.42181 curveto
35.81018 20.46852 35.74683 20.49477 35.68077 20.49477 curveto
35.61472 20.49477 35.55136 20.46852 35.50465 20.42181 curveto
35.45795 20.3751 35.4317 20.31175 35.4317 20.2457 curveto
35.4317 20.17964 35.45795 20.11629 35.50465 20.06958 curveto
35.55136 20.02287 35.61472 19.99663 35.68077 19.99663 curveto
35.74683 19.99663 35.81018 20.02287 35.85689 20.06958 curveto
35.9036 20.11629 35.92984 20.17964 35.92984 20.2457 curveto closepath fill
newpath 38.10164 18.17741 moveto
38.10164 18.24347 38.0754 18.30682 38.02869 18.35353 curveto
37.98198 18.40024 37.91862 18.42648 37.85257 18.42648 curveto
37.78651 18.42648 37.72316 18.40024 37.67645 18.35353 curveto
37.62975 18.30682 37.6035 18.24347 37.6035 18.17741 curveto
37.6035 18.11136 37.62975 18.048 37.67645 18.0013 curveto
37.72316 17.95459 37.78651 17.92834 37.85257 17.92834 curveto
37.91862 17.92834 37.98198 17.95459 38.02869 18.0013 curveto
38.0754 18.048 38.10164 18.11136 38.10164 18.17741 curveto closepath fill
newpath 40.09953 15.94017 moveto
40.09953 16.00623 40.07329 16.06958 40.02658 16.11629 curveto
39.97987 16.163 39.91652 16.18924 39.85046 16.18924 curveto
39.78441 16.18924 39.72105 16.163 39.67435 16.11629 curveto
39.62764 16.06958 39.6014 16.00623 39.6014 15.94017 curveto
39.6014 15.87411 39.62764 15.81076 39.67435 15.76405 curveto
39.72105 15.71735 39.78441 15.6911 39.85046 15.6911 curveto
39.91652 15.6911 39.97987 15.71735 40.02658 15.76405 curveto
40.07329 15.81076 40.09953 15.87411 40.09953 15.94017 curveto closepath fill
newpath 39.85046 15.94017 moveto
40.34862 15.3324 lineto
40.84679 14.70473 lineto
41.3448 14.05736 lineto
41.84296 13.38977 lineto
42.34113 12.70235 lineto
42.83928 11.99493 lineto
43.33743 11.26761 lineto
43.83545 10.5206 lineto
44.33362 9.75343 lineto
44.83177 8.96637 lineto
45.32993 8.1593 lineto
45.8281 7.33241 lineto
46.32611 6.48575 lineto
46.82426 5.61894 lineto
47.32243 4.73222 lineto
47.82059 3.82559 lineto
48.31874 2.89897 lineto
48.81676 1.95282 lineto
49.31493 0.98636 lineto
49.81308 0 lineto stroke
newpath 49.81346 3.34155 moveto
49.28745 2.28983 49.28731 1.05183 49.81308 0 curveto
49.28731 1.05183 48.297 1.79474 47.14006 2.00522 curveto stroke
showpage
%%EOF
