%!PS
%%BoundingBox: -1 -1 150 150 
%%HiResBoundingBox: -0.24907 -0.24907 149.68831 149.68831 
%%Creator: MetaPost 2.000
%%CreationDate: 2017.07.18:1022
%%Pages: 1
%%BeginProlog
%%EndProlog
%%Page: 1 1
 0 0 0 setrgbcolor 0 0.49814 dtransform truncate idtransform setlinewidth pop [] 0 setdash 1 setlinecap
 1 setlinejoin 10 setmiterlimit
newpath 0 74.71962 moveto
149.43924 74.71962 lineto stroke
newpath 144.45793 77.21028 moveto
145.63387 75.64236 147.47935 74.71962 149.43924 74.71962 curveto
147.47935 74.71962 145.63387 73.79688 144.45793 72.22896 curveto stroke
 0.49814 0 dtransform exch truncate exch idtransform pop setlinewidth
newpath 74.71962 0 moveto
74.71962 149.43924 lineto stroke
 0 0.49814 dtransform truncate idtransform setlinewidth pop
newpath 72.22896 144.45793 moveto
73.79688 145.63387 74.71962 147.47935 74.71962 149.43924 curveto
74.71962 147.47935 75.64236 145.63387 77.21028 144.45793 curveto stroke
 0.49814 0 dtransform exch truncate exch idtransform pop setlinewidth
newpath 14.94392 72.7271 moveto
14.94392 76.71214 lineto stroke
newpath 29.88785 72.7271 moveto
29.88785 76.71214 lineto stroke
newpath 44.83177 72.7271 moveto
44.83177 76.71214 lineto stroke
newpath 59.7757 72.7271 moveto
59.7757 76.71214 lineto stroke
newpath 89.66354 72.7271 moveto
89.66354 76.71214 lineto stroke
newpath 104.60747 72.7271 moveto
104.60747 76.71214 lineto stroke
newpath 119.55139 72.7271 moveto
119.55139 76.71214 lineto stroke
newpath 134.49532 72.7271 moveto
134.49532 76.71214 lineto stroke
 0 0.49814 dtransform truncate idtransform setlinewidth pop
newpath 76.71214 14.94392 moveto
72.7271 14.94392 lineto stroke
newpath 76.71214 29.88785 moveto
72.7271 29.88785 lineto stroke
newpath 76.71214 44.83177 moveto
72.7271 44.83177 lineto stroke
newpath 76.71214 59.7757 moveto
72.7271 59.7757 lineto stroke
newpath 76.71214 89.66354 moveto
72.7271 89.66354 lineto stroke
newpath 76.71214 104.60747 moveto
72.7271 104.60747 lineto stroke
newpath 76.71214 119.55139 moveto
72.7271 119.55139 lineto stroke
newpath 76.71214 134.49532 moveto
72.7271 134.49532 lineto stroke
 0 1.24533 dtransform truncate idtransform setlinewidth pop
newpath 37.3598 20.72644 moveto
37.82727 25.3182 38.3255 29.90654 38.85452 34.4917 curveto
39.32175 38.5419 39.81839 42.58846 40.3481 46.6309 curveto
40.8144 50.1897 41.31128 53.74463 41.8428 57.29431 curveto
42.30798 60.40094 42.80463 63.50255 43.33751 66.59824 curveto
43.80132 69.29305 44.29819 71.98193 44.83223 74.66353 curveto
45.2942 76.98346 45.79062 79.29633 46.3258 81.60054 curveto
46.7871 83.58597 47.28351 85.56294 47.82051 87.52922 curveto
48.28044 89.2132 48.77708 90.8869 49.31522 92.54762 curveto
49.77356 93.96275 50.2702 95.36511 50.80879 96.75151 curveto
51.26689 97.93109 51.76422 99.09494 52.30351 100.23962 curveto
52.76161 101.21193 53.25938 102.16531 53.79822 103.09543 curveto
54.25746 103.88828 54.75615 104.65787 55.29292 105.40054 curveto
55.75446 106.03902 56.25383 106.64922 56.7865 107.22954 curveto
57.25258 107.73735 57.75356 108.21188 58.28122 108.6554 curveto
58.75322 109.05193 59.25488 109.41153 59.77592 109.74103 curveto
60.25478 110.04361 60.75644 110.30789 61.27063 110.54527 curveto
61.75542 110.76942 62.2564 110.95618 62.7642 111.12149 curveto
63.25468 111.28111 63.75497 111.40767 64.25891 111.51804 curveto
64.75305 111.62634 65.25266 111.70683 65.75363 111.77638 curveto
66.24959 111.84525 66.74828 111.89267 67.24721 111.93326 curveto
67.74475 111.97363 68.24323 111.99825 68.74191 112.01945 curveto
69.23993 112.04066 69.73816 112.05115 70.23662 112.0605 curveto
70.73486 112.06985 71.2331 112.07259 71.73134 112.07578 curveto
72.22911 112.07898 72.72713 112.07852 73.22491 112.07921 curveto
74.71962 112.07944 lineto
76.21432 112.07921 lineto
76.71211 112.07852 77.21013 112.07898 77.7079 112.07578 curveto
78.20615 112.07259 78.70438 112.06985 79.20262 112.0605 curveto
79.70108 112.05115 80.19931 112.0409 80.69733 112.01968 curveto
81.19601 111.99847 81.69449 111.97385 82.19203 111.93326 curveto
82.69096 111.89267 83.18965 111.84525 83.68561 111.77638 curveto
84.18658 111.70683 84.68619 111.62634 85.18033 111.51804 curveto
85.68427 111.40767 86.18456 111.28111 86.67503 111.12149 curveto
87.18285 110.95618 87.68382 110.76942 88.16861 110.54527 curveto
88.6828 110.30789 89.18446 110.04361 89.66331 109.74103 curveto
90.18436 109.41153 90.68602 109.05193 91.15802 108.6554 curveto
91.68568 108.21188 92.18666 107.73735 92.65274 107.22954 curveto
93.18541 106.64922 93.68478 106.03902 94.14632 105.40054 curveto
94.68309 104.65787 95.18178 103.88828 95.64102 103.09543 curveto
96.17986 102.16531 96.67763 101.21193 97.13573 100.23962 curveto
97.67502 99.09494 98.17235 97.93109 98.63045 96.75151 curveto
99.16904 95.36511 99.66568 93.96275 100.12402 92.54762 curveto
100.66216 90.8869 101.1588 89.2132 101.61873 87.52922 curveto
102.15573 85.56294 102.65215 83.58597 103.11343 81.60054 curveto
103.64862 79.29633 104.14503 76.98346 104.60701 74.66353 curveto
105.14105 71.98193 105.63792 69.29305 106.10173 66.59824 curveto
106.63461 63.50255 107.13126 60.40094 107.59644 57.29431 curveto
108.12796 53.74463 108.62483 50.1897 109.09114 46.6309 curveto
109.62085 42.58868 110.1175 38.5419 110.58472 34.49193 curveto
111.11374 29.90677 111.61197 25.3182 112.07944 20.72644 curveto stroke
newpath 113.26341 23.85123 moveto
112.39897 23.05402 111.96033 21.89633 112.07944 20.72644 curveto
111.96033 21.89633 111.29738 22.94186 110.29 23.5485 curveto stroke
newpath 39.14925 23.5485 moveto
38.14186 22.94186 37.47891 21.89633 37.3598 20.72644 curveto
37.47891 21.89633 37.04027 23.05402 36.17583 23.85123 curveto stroke
newpath 44.83177 76.71214 moveto
44.3033 76.71214 43.79654 76.50218 43.42287 76.12852 curveto
43.04921 75.75485 42.83925 75.2481 42.83925 74.71962 curveto
42.83925 74.19115 43.04921 73.68439 43.42287 73.31071 curveto
43.79654 72.93706 44.3033 72.7271 44.83177 72.7271 curveto
45.36024 72.7271 45.867 72.93706 46.24068 73.31071 curveto
46.61433 73.68439 46.8243 74.19115 46.8243 74.71962 curveto
46.8243 75.2481 46.61433 75.75485 46.24068 76.12852 curveto
45.867 76.50218 45.36024 76.71214 44.83177 76.71214 curveto closepath fill
newpath 104.60747 76.71214 moveto
104.079 76.71214 103.57224 76.50218 103.19856 76.12852 curveto
102.8249 75.75485 102.61494 75.2481 102.61494 74.71962 curveto
102.61494 74.19115 102.8249 73.68439 103.19856 73.31071 curveto
103.57224 72.93706 104.079 72.7271 104.60747 72.7271 curveto
105.13594 72.7271 105.6427 72.93706 106.01637 73.31071 curveto
106.39003 73.68439 106.59999 74.19115 106.59999 74.71962 curveto
106.59999 75.2481 106.39003 75.75485 106.01637 76.12852 curveto
105.6427 76.50218 105.13594 76.71214 104.60747 76.71214 curveto closepath fill
newpath 74.71962 114.07196 moveto
74.19115 114.07196 73.68439 113.862 73.31071 113.48834 curveto
72.93706 113.11467 72.7271 112.60791 72.7271 112.07944 curveto
72.7271 111.55096 72.93706 111.0442 73.31071 110.67053 curveto
73.68439 110.29688 74.19115 110.08691 74.71962 110.08691 curveto
75.2481 110.08691 75.75485 110.29688 76.12852 110.67053 curveto
76.50218 111.0442 76.71214 111.55096 76.71214 112.07944 curveto
76.71214 112.60791 76.50218 113.11467 76.12852 113.48834 curveto
75.75485 113.862 75.2481 114.07196 74.71962 114.07196 curveto closepath fill
showpage
%%EOF
