%!PS
%%BoundingBox: -1 -1 90 90 
%%HiResBoundingBox: -0.24907 -0.24907 89.91261 89.91261 
%%Creator: MetaPost 2.000
%%CreationDate: 2017.07.18:1022
%%Pages: 1
%%BeginProlog
%%EndProlog
%%Page: 1 1
 0 0 0 setrgbcolor 0 0.49814 dtransform truncate idtransform setlinewidth pop [] 0 setdash 1 setlinecap
 1 setlinejoin 10 setmiterlimit
newpath 0 74.71962 moveto
89.66354 74.71962 lineto stroke
newpath 84.68224 77.21028 moveto
85.85817 75.64236 87.70366 74.71962 89.66354 74.71962 curveto
87.70366 74.71962 85.85817 73.79688 84.68224 72.22896 curveto stroke
 0.49814 0 dtransform exch truncate exch idtransform pop setlinewidth
newpath 44.83177 0 moveto
44.83177 89.66354 lineto stroke
 0 0.49814 dtransform truncate idtransform setlinewidth pop
newpath 42.34111 84.68224 moveto
43.90903 85.85817 44.83177 87.70366 44.83177 89.66354 curveto
44.83177 87.70366 45.75452 85.85817 47.32243 84.68224 curveto stroke
 0 1.24533 dtransform truncate idtransform setlinewidth pop
newpath 11.20795 1.75124 moveto
11.64188 8.65314 12.1399 15.55093 12.7022 22.44371 curveto
13.13637 27.76584 13.62889 33.08295 14.19691 38.39232 curveto
14.62514 42.39485 15.11632 46.39056 15.69093 50.37463 curveto
16.113 53.3018 16.6035 56.21895 17.18565 59.11853 curveto
17.60066 61.18604 18.09045 63.23827 18.6799 65.26292 curveto
19.08899 66.66779 19.58015 68.04803 20.17462 69.38518 curveto
20.58188 70.30093 21.0792 71.17404 21.66864 71.98468 curveto
22.0873 72.56044 22.59808 73.06165 23.16336 73.4942 curveto
23.6121 73.83739 24.12836 74.075 24.65761 74.27132 curveto
25.1376 74.4494 25.64542 74.52945 26.15164 74.60287 curveto
26.64622 74.6747 27.14697 74.68497 27.64635 74.70457 curveto
28.14413 74.72395 28.64236 74.71712 29.14061 74.71962 curveto
29.63884 74.72212 30.13708 74.72212 30.63531 74.71962 curveto
31.13333 74.71712 31.63156 74.72395 32.12935 74.70457 curveto
32.62872 74.68497 33.12947 74.6747 33.62405 74.60287 curveto
34.13028 74.52945 34.63832 74.4494 35.11832 74.27132 curveto
35.64734 74.075 36.16382 73.83739 36.61234 73.4942 curveto
37.17761 73.06165 37.6884 72.56044 38.10706 71.98468 curveto
38.69673 71.17404 39.19405 70.30048 39.6013 69.38472 curveto
40.19577 68.04758 40.68694 66.66733 41.09602 65.26247 curveto
41.68547 63.23805 42.17503 61.18626 42.59004 59.11897 curveto
43.1722 56.21918 43.66269 53.30203 44.08476 50.37463 curveto
44.65938 46.38988 45.15079 42.3935 45.57901 38.39049 curveto
46.14703 33.08067 46.63956 27.76332 47.07373 22.44096 curveto
47.6358 15.5491 48.13382 8.65222 48.56775 1.75124 curveto stroke
newpath 49.87163 4.82791 moveto
48.97702 4.06471 48.49394 2.92485 48.56775 1.75124 curveto
48.49394 2.92485 47.87189 3.99522 46.88872 4.64035 curveto stroke
newpath 12.88693 4.64037 moveto
11.90378 3.99522 11.28172 2.92485 11.20795 1.75124 curveto
11.28172 2.92485 10.79865 4.06471 9.90402 4.8279 curveto stroke
newpath 14.94392 46.8243 moveto
14.41545 46.8243 13.90869 46.61433 13.53502 46.24068 curveto
13.16136 45.867 12.9514 45.36024 12.9514 44.83177 curveto
12.9514 44.3033 13.16136 43.79654 13.53502 43.42287 curveto
13.90869 43.04921 14.41545 42.83925 14.94392 42.83925 curveto
15.4724 42.83925 15.97916 43.04921 16.35283 43.42287 curveto
16.72649 43.79654 16.93645 44.3033 16.93645 44.83177 curveto
16.93645 45.36024 16.72649 45.867 16.35283 46.24068 curveto
15.97916 46.61433 15.4724 46.8243 14.94392 46.8243 curveto closepath fill
newpath 29.88785 76.71214 moveto
29.35938 76.71214 28.85262 76.50218 28.47894 76.12852 curveto
28.10529 75.75485 27.89532 75.2481 27.89532 74.71962 curveto
27.89532 74.19115 28.10529 73.68439 28.47894 73.31071 curveto
28.85262 72.93706 29.35938 72.7271 29.88785 72.7271 curveto
30.41632 72.7271 30.92308 72.93706 31.29675 73.31071 curveto
31.67041 73.68439 31.88037 74.19115 31.88037 74.71962 curveto
31.88037 75.2481 31.67041 75.75485 31.29675 76.12852 curveto
30.92308 76.50218 30.41632 76.71214 29.88785 76.71214 curveto closepath fill
newpath 44.83177 46.8243 moveto
44.3033 46.8243 43.79654 46.61433 43.42287 46.24068 curveto
43.04921 45.867 42.83925 45.36024 42.83925 44.83177 curveto
42.83925 44.3033 43.04921 43.79654 43.42287 43.42287 curveto
43.79654 43.04921 44.3033 42.83925 44.83177 42.83925 curveto
45.36024 42.83925 45.867 43.04921 46.24068 43.42287 curveto
46.61433 43.79654 46.8243 44.3033 46.8243 44.83177 curveto
46.8243 45.36024 46.61433 45.867 46.24068 46.24068 curveto
45.867 46.61433 45.36024 46.8243 44.83177 46.8243 curveto closepath fill
showpage
%%EOF
