%!PS
%%BoundingBox: -1 -1 100 80 
%%HiResBoundingBox: -0.24907 -0.24907 99.87523 79.95 
%%Creator: MetaPost 2.000
%%CreationDate: 2017.07.18:1022
%%Pages: 1
%%BeginProlog
%%EndProlog
%%Page: 1 1
 0 0 0 setrgbcolor 0 0.49814 dtransform truncate idtransform setlinewidth pop [] 0 setdash 1 setlinecap
 1 setlinejoin 10 setmiterlimit
newpath 0 39.85046 moveto
99.62616 39.85046 lineto stroke
newpath 94.64485 42.34113 moveto
95.82079 40.77321 97.66628 39.85046 99.62616 39.85046 curveto
97.66628 39.85046 95.82079 38.92772 94.64485 37.3598 curveto stroke
 0.49814 0 dtransform exch truncate exch idtransform pop setlinewidth
newpath 19.92523 0 moveto
19.92523 79.70093 lineto stroke
 0 0.49814 dtransform truncate idtransform setlinewidth pop
newpath 17.43457 74.71962 moveto
19.00249 75.89555 19.92523 77.74104 19.92523 79.70093 curveto
19.92523 77.74104 20.84798 75.89555 22.4159 74.71962 curveto stroke
newpath 79.70093 41.84299 moveto
79.17245 41.84299 78.6657 41.63303 78.29202 41.25937 curveto
77.91837 40.8857 77.7084 40.37894 77.7084 39.85046 curveto
77.7084 39.32199 77.91837 38.81523 78.29202 38.44156 curveto
78.6657 38.0679 79.17245 37.85794 79.70093 37.85794 curveto
80.2294 37.85794 80.73616 38.0679 81.10983 38.44156 curveto
81.48349 38.81523 81.69345 39.32199 81.69345 39.85046 curveto
81.69345 40.37894 81.48349 40.8857 81.10983 41.25937 curveto
80.73616 41.63303 80.2294 41.84299 79.70093 41.84299 curveto closepath fill
 0.49814 0 dtransform exch truncate exch idtransform pop setlinewidth
newpath 39.85046 37.85794 moveto
39.85046 41.84299 lineto stroke
newpath 59.7757 37.85794 moveto
59.7757 41.84299 lineto stroke
newpath 79.70093 37.85794 moveto
79.70093 41.84299 lineto stroke
 0 1.24533 dtransform truncate idtransform setlinewidth pop
newpath 4.98131 69.03781 moveto
5.60367 67.91 6.2762 66.78947 6.99828 65.67656 curveto
7.62186 64.71535 8.29042 63.76144 9.01646 62.81833 curveto
9.63638 62.0134 10.30374 61.21773 11.03343 60.43607 curveto
11.65031 59.77509 12.31798 59.12613 13.0516 58.49571 curveto
13.66576 57.96806 14.33311 57.45605 15.06857 56.96869 curveto
15.68242 56.56174 16.3513 56.17577 17.08554 55.82217 curveto
17.70456 55.52423 18.37679 55.255 19.10342 55.0256 curveto
19.7346 54.82631 20.41168 54.66563 21.12039 54.54842 curveto
21.77316 54.44064 22.45238 54.37953 23.13858 54.35886 curveto
23.81354 54.33849 24.49 54.36691 25.15555 54.4265 curveto
25.84662 54.48837 26.51823 54.59297 27.17252 54.7199 curveto
27.87057 54.8552 28.53915 55.02438 29.19069 55.20863 curveto
29.88815 55.4058 30.5552 55.62836 31.20766 55.86095 curveto
31.90239 56.10843 32.56944 56.3743 33.22585 56.64658 curveto
33.9154 56.93236 34.58185 57.23154 35.24281 57.53374 curveto
35.9269 57.84659 36.59395 58.16872 37.25978 58.49146 curveto
37.9393 58.82088 38.60666 59.15622 39.27797 59.48975 curveto
39.9517 59.8245 40.61906 60.16258 41.29494 60.49611 curveto
41.96411 60.8263 42.63147 61.15738 43.31311 61.48103 curveto
43.97682 61.79616 44.64357 62.10947 45.33008 62.41199 curveto
45.98863 62.70218 46.65538 62.98813 47.34676 63.25856 curveto
48.00163 63.51472 48.66869 63.76326 49.36493 63.99052 curveto
50.01648 64.2032 50.68384 64.40387 51.3819 64.5758 curveto
52.03406 64.73633 52.70415 64.87923 53.40009 64.98412 curveto
54.05801 65.08324 54.73175 65.15651 55.41705 65.18372 curveto
56.09048 65.21046 56.7685 65.20181 57.43402 65.14404 curveto
58.13026 65.0837 58.80948 64.98077 59.45221 64.83392 curveto
60.16972 64.67004 60.84468 64.46346 61.46918 64.22266 curveto
62.20038 63.94083 62.87108 63.6222 63.48735 63.27834 curveto
64.22281 62.86789 64.89078 62.42886 65.50432 61.97113 curveto
66.23918 61.42311 66.90622 60.8535 67.52129 60.26976 curveto
68.2534 59.57487 68.92107 58.86359 69.53947 58.14166 curveto
70.26764 57.29173 70.935 56.42918 71.55644 55.55827 curveto
72.28065 54.5431 72.94952 53.51836 73.57433 52.48676 curveto
74.29488 51.29723 74.96346 50.10008 75.5913 48.89748 curveto
76.3085 47.52354 76.97769 46.14352 77.60826 44.75896 curveto
78.32304 43.18953 78.99313 41.61508 79.62643 40.03699 curveto
80.33818 38.2634 81.00798 36.4857 81.6434 34.70482 curveto
82.35303 32.71568 83.02373 30.72319 83.66159 28.72795 curveto
84.36908 26.51488 85.0413 24.29922 85.67856 22.081 curveto stroke
newpath 86.28963 25.3662 moveto
85.58026 24.42831 85.35387 23.21121 85.67856 22.081 curveto
85.35387 23.21121 84.51602 24.12259 83.41704 24.54097 curveto stroke
newpath 5.11696 65.699 moveto
5.59972 66.77126 5.54947 68.00824 4.98131 69.03781 curveto
5.54947 68.00824 6.5692 67.30626 7.73375 67.14307 curveto stroke
showpage
%%EOF
