%!PS
%%BoundingBox: -1 -1 80 81 
%%HiResBoundingBox: -0.24907 -0.40315 79.95 80.20746 
%%Creator: MetaPost 2.000
%%CreationDate: 2017.07.18:1022
%%Pages: 1
%%BeginProlog
%%EndProlog
%%Page: 1 1
 0 0 0 setrgbcolor 0 0.49814 dtransform truncate idtransform setlinewidth pop [] 0 setdash 1 setlinecap
 1 setlinejoin 10 setmiterlimit
newpath 0 29.88785 moveto
79.70093 29.88785 lineto stroke
newpath 74.71962 32.37851 moveto
75.89555 30.8106 77.74104 29.88785 79.70093 29.88785 curveto
77.74104 29.88785 75.89555 28.9651 74.71962 27.39719 curveto stroke
 0.49814 0 dtransform exch truncate exch idtransform pop setlinewidth
newpath 59.7757 0 moveto
59.7757 79.70093 lineto stroke
 0 0.49814 dtransform truncate idtransform setlinewidth pop
newpath 57.28503 74.71962 moveto
58.85295 75.89555 59.7757 77.74104 59.7757 79.70093 curveto
59.7757 77.74104 60.69844 75.89555 62.26636 74.71962 curveto stroke
newpath 19.92523 31.88037 moveto
19.39676 31.88037 18.89 31.67041 18.51633 31.29675 curveto
18.14267 30.92308 17.93271 30.41632 17.93271 29.88785 curveto
17.93271 29.35938 18.14267 28.85262 18.51633 28.47894 curveto
18.89 28.10529 19.39676 27.89532 19.92523 27.89532 curveto
20.4537 27.89532 20.96046 28.10529 21.33414 28.47894 curveto
21.7078 28.85262 21.91776 29.35938 21.91776 29.88785 curveto
21.91776 30.41632 21.7078 30.92308 21.33414 31.29675 curveto
20.96046 31.67041 20.4537 31.88037 19.92523 31.88037 curveto closepath fill
newpath 59.7757 31.88037 moveto
59.24722 31.88037 58.74046 31.67041 58.36679 31.29675 curveto
57.99313 30.92308 57.78317 30.41632 57.78317 29.88785 curveto
57.78317 29.35938 57.99313 28.85262 58.36679 28.47894 curveto
58.74046 28.10529 59.24722 27.89532 59.7757 27.89532 curveto
60.30417 27.89532 60.81093 28.10529 61.1846 28.47894 curveto
61.55826 28.85262 61.76822 29.35938 61.76822 29.88785 curveto
61.76822 30.41632 61.55826 30.92308 61.1846 31.29675 curveto
60.81093 31.67041 60.30417 31.88037 59.7757 31.88037 curveto closepath fill
 0.49814 0 dtransform exch truncate exch idtransform pop setlinewidth
newpath 19.92523 27.89532 moveto
19.92523 31.88037 lineto stroke
newpath 39.85046 27.89532 moveto
39.85046 31.88037 lineto stroke
 0 1.24533 dtransform truncate idtransform setlinewidth pop
newpath 10.95894 0.21951 moveto
11.47427 4.83476 12.1386 9.44545 12.95158 14.04991 curveto
13.46753 16.97305 14.09415 19.89163 14.94423 22.79547 curveto
15.4243 24.43529 16.01413 26.06871 16.93657 27.66095 curveto
17.35948 28.39093 17.86569 29.12807 18.92921 29.67305 curveto
19.44029 29.93481 20.27 29.90001 20.92186 29.70299 curveto
21.8443 29.42404 22.34079 28.92194 22.9145 28.46815 curveto
23.68523 27.85841 24.27232 27.1976 24.90715 26.55016 curveto
25.60156 25.84236 26.22058 25.11678 26.89949 24.40518 curveto
27.5486 23.72491 28.17735 23.0393 28.89122 22.37544 curveto
29.5072 21.8028 30.13747 21.23288 30.88387 20.70021 curveto
31.47339 20.27959 32.10579 19.87172 32.87651 19.53181 curveto
33.46208 19.27353 34.12001 19.05356 34.86885 18.94244 curveto
35.51796 18.8462 36.20782 18.85245 36.8615 18.94046 curveto
37.59848 19.03973 38.24973 19.24709 38.85414 19.47922 curveto
39.59964 19.76546 40.23447 20.11433 40.84679 20.47052 curveto
41.56827 20.89009 42.20552 21.34325 42.83943 21.79657 curveto
43.53506 22.29411 44.17596 22.80977 44.83177 23.3207 curveto
45.50461 23.845 46.14793 24.37859 46.82442 24.90167 curveto
47.47658 25.40607 48.12143 25.9132 48.81706 26.403 curveto
49.45097 26.84917 50.09705 27.29169 50.80971 27.707 curveto
51.42903 28.0679 52.07936 28.41602 52.80235 28.72522 curveto
53.41681 28.98805 54.07869 29.22293 54.7947 29.41112 curveto
55.42282 29.57622 56.09718 29.69113 56.78734 29.77292 curveto
57.4392 29.85014 58.11171 29.86307 58.77998 29.88329 curveto
59.44339 29.9032 60.10922 29.86641 60.77171 29.89302 curveto
61.44514 29.92007 62.13379 29.91946 62.76405 30.04321 curveto
63.5059 30.18884 64.2216 30.37932 64.7567 30.67514 curveto
65.59431 31.1382 66.25864 31.67207 66.74934 32.2461 curveto
67.60185 33.24348 68.24246 34.2819 68.74199 35.33722 curveto
69.57474 37.09666 70.21655 38.87694 70.73463 40.66634 curveto
71.5461 43.46848 72.19218 46.28171 72.72697 49.10027 curveto
73.52081 53.28577 74.17114 57.47765 74.71962 61.67287 curveto
75.49977 67.64017 76.1641 73.61111 76.71227 79.5848 curveto stroke
newpath 74.95097 76.74507 moveto
75.95229 77.36171 76.6048 78.41377 76.71227 79.5848 curveto
76.6048 78.41377 77.05495 77.26051 77.92729 76.47194 curveto stroke
newpath 12.77574 3.02402 moveto
11.76253 2.4272 11.08942 1.38818 10.95894 0.21951 curveto
11.08942 1.38818 10.66206 2.55006 9.8054 3.35565 curveto stroke
showpage
%%EOF
