%!PS
%%BoundingBox: -1 -21 51 31 
%%HiResBoundingBox: -0.24945 -20.1743 50.06253 30.13692 
%%Creator: MetaPost 2.000
%%CreationDate: 2017.07.18:1022
%%Pages: 1
%%BeginProlog
%%EndProlog
%%Page: 1 1
 0 0 0 setrgbcolor 0 0.49814 dtransform truncate idtransform setlinewidth pop [] 0 setdash 1 setlinecap
 1 setlinejoin 10 setmiterlimit
newpath 0 -19.92523 moveto
0.49815 -18.93887 lineto
0.99632 -17.97241 lineto
1.49434 -17.02626 lineto
1.9925 -16.09964 lineto
2.49065 -15.19301 lineto
2.98882 -14.30629 lineto
3.48697 -13.43948 lineto
3.98499 -12.59282 lineto
4.48315 -11.76593 lineto
4.98131 -10.95886 lineto
5.47946 -10.1718 lineto
5.97763 -9.40463 lineto
6.47565 -8.65762 lineto
6.9738 -7.9303 lineto
7.47195 -7.22289 lineto
7.97012 -6.53546 lineto
8.46828 -5.86787 lineto
8.9663 -5.2205 lineto
9.46446 -4.59283 lineto
9.96262 -3.98506 lineto stroke
newpath 2.67302 -17.92001 moveto
1.51608 -18.1305 0.52577 -18.8734 0 -19.92523 curveto
0.52577 -18.8734 0.52563 -17.6354 -0.00038 -16.58368 curveto stroke
newpath 10.21169 -3.98506 moveto
10.21169 -3.919 10.18544 -3.85565 10.13873 -3.80894 curveto
10.09203 -3.76224 10.02867 -3.736 9.96262 -3.736 curveto
9.89656 -3.736 9.8332 -3.76224 9.7865 -3.80894 curveto
9.73979 -3.85565 9.71355 -3.919 9.71355 -3.98506 curveto
9.71355 -4.05112 9.73979 -4.11447 9.7865 -4.16118 curveto
9.8332 -4.20789 9.89656 -4.23413 9.96262 -4.23413 curveto
10.02867 -4.23413 10.09203 -4.20789 10.13873 -4.16118 curveto
10.18544 -4.11447 10.21169 -4.05112 10.21169 -3.98506 curveto closepath fill
newpath 12.20921 -1.74823 moveto
12.20921 -1.68217 12.18297 -1.61882 12.13626 -1.57211 curveto
12.08955 -1.5254 12.0262 -1.49916 11.96014 -1.49916 curveto
11.89409 -1.49916 11.83073 -1.5254 11.78403 -1.57211 curveto
11.73732 -1.61882 11.71107 -1.68217 11.71107 -1.74823 curveto
11.71107 -1.81429 11.73732 -1.87764 11.78403 -1.92435 curveto
11.83073 -1.97105 11.89409 -1.9973 11.96014 -1.9973 curveto
12.0262 -1.9973 12.08955 -1.97105 12.13626 -1.92435 curveto
12.18297 -1.87764 12.20921 -1.81429 12.20921 -1.74823 curveto closepath fill
newpath 14.38097 0.32013 moveto
14.38097 0.38618 14.35472 0.44954 14.30801 0.49625 curveto
14.2613 0.54295 14.19795 0.5692 14.1319 0.5692 curveto
14.06584 0.5692 14.00249 0.54295 13.95578 0.49625 curveto
13.90907 0.44954 13.88283 0.38618 13.88283 0.32013 curveto
13.88283 0.25407 13.90907 0.19072 13.95578 0.14401 curveto
14.00249 0.0973 14.06584 0.07106 14.1319 0.07106 curveto
14.19795 0.07106 14.2613 0.0973 14.30801 0.14401 curveto
14.35472 0.19072 14.38097 0.25407 14.38097 0.32013 curveto closepath fill
newpath 16.75615 2.1487 moveto
16.75615 2.21475 16.7299 2.2781 16.6832 2.32481 curveto
16.63649 2.37152 16.57314 2.39777 16.50708 2.39777 curveto
16.44102 2.39777 16.37767 2.37152 16.33096 2.32481 curveto
16.28426 2.2781 16.25801 2.21475 16.25801 2.1487 curveto
16.25801 2.08264 16.28426 2.01929 16.33096 1.97258 curveto
16.37767 1.92587 16.44102 1.89963 16.50708 1.89963 curveto
16.57314 1.89963 16.63649 1.92587 16.6832 1.97258 curveto
16.7299 2.01929 16.75615 2.08264 16.75615 2.1487 curveto closepath fill
newpath 19.35951 3.63246 moveto
19.35951 3.69852 19.33327 3.76187 19.28656 3.80858 curveto
19.23985 3.85529 19.1765 3.88153 19.11044 3.88153 curveto
19.04439 3.88153 18.98103 3.85529 18.93433 3.80858 curveto
18.88762 3.76187 18.86137 3.69852 18.86137 3.63246 curveto
18.86137 3.5664 18.88762 3.50305 18.93433 3.45634 curveto
18.98103 3.40964 19.04439 3.38339 19.11044 3.38339 curveto
19.1765 3.38339 19.23985 3.40964 19.28656 3.45634 curveto
19.33327 3.50305 19.35951 3.5664 19.35951 3.63246 curveto closepath fill
newpath 22.18408 4.62682 moveto
22.18408 4.69287 22.15784 4.75623 22.11113 4.80293 curveto
22.06442 4.84964 22.00107 4.87589 21.93501 4.87589 curveto
21.86896 4.87589 21.8056 4.84964 21.7589 4.80293 curveto
21.71219 4.75623 21.68594 4.69287 21.68594 4.62682 curveto
21.68594 4.56076 21.71219 4.4974 21.7589 4.4507 curveto
21.8056 4.40399 21.86896 4.37775 21.93501 4.37775 curveto
22.00107 4.37775 22.06442 4.40399 22.11113 4.4507 curveto
22.15784 4.4974 22.18408 4.56076 22.18408 4.62682 curveto closepath fill
newpath 25.15561 4.98131 moveto
25.15561 5.04736 25.12936 5.11072 25.08266 5.15742 curveto
25.03595 5.20413 24.9726 5.23038 24.90654 5.23038 curveto
24.84048 5.23038 24.77713 5.20413 24.73042 5.15742 curveto
24.68372 5.11072 24.65747 5.04736 24.65747 4.98131 curveto
24.65747 4.91525 24.68372 4.8519 24.73042 4.80519 curveto
24.77713 4.75848 24.84048 4.73224 24.90654 4.73224 curveto
24.9726 4.73224 25.03595 4.75848 25.08266 4.80519 curveto
25.12936 4.8519 25.15561 4.91525 25.15561 4.98131 curveto closepath fill
newpath 25.15561 4.98131 moveto
25.15561 5.04736 25.12936 5.11072 25.08266 5.15742 curveto
25.03595 5.20413 24.9726 5.23038 24.90654 5.23038 curveto
24.84048 5.23038 24.77713 5.20413 24.73042 5.15742 curveto
24.68372 5.11072 24.65747 5.04736 24.65747 4.98131 curveto
24.65747 4.91525 24.68372 4.8519 24.73042 4.80519 curveto
24.77713 4.75848 24.84048 4.73224 24.90654 4.73224 curveto
24.9726 4.73224 25.03595 4.75848 25.08266 4.80519 curveto
25.12936 4.8519 25.15561 4.91525 25.15561 4.98131 curveto closepath fill
newpath 28.12755 5.3359 moveto
28.12755 5.40196 28.1013 5.46532 28.0546 5.51202 curveto
28.00789 5.55873 27.94453 5.58498 27.87848 5.58498 curveto
27.81242 5.58498 27.74907 5.55873 27.70236 5.51202 curveto
27.65565 5.46532 27.62941 5.40196 27.62941 5.3359 curveto
27.62941 5.26985 27.65565 5.2065 27.70236 5.15979 curveto
27.74907 5.11308 27.81242 5.08684 27.87848 5.08684 curveto
27.94453 5.08684 28.00789 5.11308 28.0546 5.15979 curveto
28.1013 5.2065 28.12755 5.26985 28.12755 5.3359 curveto closepath fill
newpath 30.9521 6.33034 moveto
30.9521 6.3964 30.92586 6.45975 30.87915 6.50645 curveto
30.83244 6.55316 30.76909 6.5794 30.70303 6.5794 curveto
30.63698 6.5794 30.57362 6.55316 30.52692 6.50645 curveto
30.48021 6.45975 30.45396 6.3964 30.45396 6.33034 curveto
30.45396 6.26428 30.48021 6.20093 30.52692 6.15422 curveto
30.57362 6.10751 30.63698 6.08127 30.70303 6.08127 curveto
30.76909 6.08127 30.83244 6.10751 30.87915 6.15422 curveto
30.92586 6.20093 30.9521 6.26428 30.9521 6.33034 curveto closepath fill
newpath 33.55544 7.81418 moveto
33.55544 7.88023 33.52919 7.94359 33.48248 7.9903 curveto
33.43578 8.037 33.37242 8.06325 33.30637 8.06325 curveto
33.24031 8.06325 33.17696 8.037 33.13025 7.9903 curveto
33.08354 7.94359 33.0573 7.88023 33.0573 7.81418 curveto
33.0573 7.74812 33.08354 7.68477 33.13025 7.63806 curveto
33.17696 7.59135 33.24031 7.56511 33.30637 7.56511 curveto
33.37242 7.56511 33.43578 7.59135 33.48248 7.63806 curveto
33.52919 7.68477 33.55544 7.74812 33.55544 7.81418 curveto closepath fill
newpath 35.93066 9.64285 moveto
35.93066 9.70891 35.90442 9.77226 35.85771 9.81897 curveto
35.811 9.86568 35.74765 9.89192 35.6816 9.89192 curveto
35.61554 9.89192 35.55219 9.86568 35.50548 9.81897 curveto
35.45877 9.77226 35.43253 9.70891 35.43253 9.64285 curveto
35.43253 9.5768 35.45877 9.51344 35.50548 9.46674 curveto
35.55219 9.42003 35.61554 9.39378 35.6816 9.39378 curveto
35.74765 9.39378 35.811 9.42003 35.85771 9.46674 curveto
35.90442 9.51344 35.93066 9.5768 35.93066 9.64285 curveto closepath fill
newpath 38.10219 11.71098 moveto
38.10219 11.77704 38.07594 11.8404 38.02924 11.8871 curveto
37.98253 11.9338 37.91917 11.96005 37.85312 11.96005 curveto
37.78706 11.96005 37.72371 11.9338 37.677 11.8871 curveto
37.6303 11.8404 37.60405 11.77704 37.60405 11.71098 curveto
37.60405 11.64493 37.6303 11.58157 37.677 11.53487 curveto
37.72371 11.48816 37.78706 11.46191 37.85312 11.46191 curveto
37.91917 11.46191 37.98253 11.48816 38.02924 11.53487 curveto
38.07594 11.58157 38.10219 11.64493 38.10219 11.71098 curveto closepath fill
newpath 40.09953 13.94768 moveto
40.09953 14.01373 40.07329 14.07709 40.02658 14.1238 curveto
39.97987 14.1705 39.91652 14.19675 39.85046 14.19675 curveto
39.78441 14.19675 39.72105 14.1705 39.67435 14.1238 curveto
39.62764 14.07709 39.6014 14.01373 39.6014 13.94768 curveto
39.6014 13.88162 39.62764 13.81827 39.67435 13.77156 curveto
39.72105 13.72485 39.78441 13.69861 39.85046 13.69861 curveto
39.91652 13.69861 39.97987 13.72485 40.02658 13.77156 curveto
40.07329 13.81827 40.09953 13.88162 40.09953 13.94768 curveto closepath fill
newpath 39.85046 13.94768 moveto
40.34862 14.55545 lineto
40.84679 15.18312 lineto
41.3448 15.83049 lineto
41.84296 16.49808 lineto
42.34113 17.1855 lineto
42.83928 17.89291 lineto
43.33743 18.62024 lineto
43.83545 19.36725 lineto
44.33362 20.13441 lineto
44.83177 20.92148 lineto
45.32993 21.72855 lineto
45.8281 22.55544 lineto
46.32611 23.4021 lineto
46.82426 24.2689 lineto
47.32243 25.15562 lineto
47.82059 26.06226 lineto
48.31874 26.98888 lineto
48.81676 27.93503 lineto
49.31493 28.90149 lineto
49.81308 29.88785 lineto stroke
newpath 47.14006 27.88263 moveto
48.297 28.09311 49.28731 28.83601 49.81308 29.88785 curveto
49.28731 28.83601 49.28745 27.59802 49.81346 26.5463 curveto stroke
showpage
%%EOF
