%!PS
%%BoundingBox: -1 4 51 31 
%%HiResBoundingBox: -0.24945 4.73224 50.06253 30.13692 
%%Creator: MetaPost 2.000
%%CreationDate: 2017.07.18:1022
%%Pages: 1
%%BeginProlog
%%EndProlog
%%Page: 1 1
 0 0 0 setrgbcolor 0 0.49814 dtransform truncate idtransform setlinewidth pop [] 0 setdash 1 setlinecap
 1 setlinejoin 10 setmiterlimit
newpath 0 29.88785 moveto
0.49815 28.90149 lineto
0.99632 27.93503 lineto
1.49434 26.98888 lineto
1.9925 26.06226 lineto
2.49065 25.15562 lineto
2.98882 24.2689 lineto
3.48697 23.4021 lineto
3.98499 22.55544 lineto
4.48315 21.72855 lineto
4.98131 20.92148 lineto
5.47946 20.13441 lineto
5.97763 19.36725 lineto
6.47565 18.62024 lineto
6.9738 17.89291 lineto
7.47195 17.1855 lineto
7.97012 16.49808 lineto
8.46828 15.83049 lineto
8.9663 15.18312 lineto
9.46446 14.55545 lineto
9.96262 13.94768 lineto stroke
newpath -0.00038 26.5463 moveto
0.52563 27.59802 0.52577 28.83601 0 29.88785 curveto
0.52577 28.83601 1.51608 28.09311 2.67302 27.88263 curveto stroke
newpath 10.21169 13.94768 moveto
10.21169 14.01373 10.18544 14.07709 10.13873 14.1238 curveto
10.09203 14.1705 10.02867 14.19675 9.96262 14.19675 curveto
9.89656 14.19675 9.8332 14.1705 9.7865 14.1238 curveto
9.73979 14.07709 9.71355 14.01373 9.71355 13.94768 curveto
9.71355 13.88162 9.73979 13.81827 9.7865 13.77156 curveto
9.8332 13.72485 9.89656 13.69861 9.96262 13.69861 curveto
10.02867 13.69861 10.09203 13.72485 10.13873 13.77156 curveto
10.18544 13.81827 10.21169 13.88162 10.21169 13.94768 curveto closepath fill
newpath 12.20953 11.71053 moveto
12.20953 11.77658 12.18329 11.83994 12.13658 11.88664 curveto
12.08987 11.93335 12.02652 11.9596 11.96046 11.9596 curveto
11.89441 11.9596 11.83105 11.93335 11.78435 11.88664 curveto
11.73764 11.83994 11.7114 11.77658 11.7114 11.71053 curveto
11.7114 11.64447 11.73764 11.58112 11.78435 11.53441 curveto
11.83105 11.4877 11.89441 11.46146 11.96046 11.46146 curveto
12.02652 11.46146 12.08987 11.4877 12.13658 11.53441 curveto
12.18329 11.58112 12.20953 11.64447 12.20953 11.71053 curveto closepath fill
newpath 14.38129 9.64221 moveto
14.38129 9.70827 14.35504 9.77162 14.30833 9.81833 curveto
14.26163 9.86504 14.19827 9.89128 14.13222 9.89128 curveto
14.06616 9.89128 14.0028 9.86504 13.9561 9.81833 curveto
13.9094 9.77162 13.88315 9.70827 13.88315 9.64221 curveto
13.88315 9.57616 13.9094 9.5128 13.9561 9.4661 curveto
14.0028 9.41939 14.06616 9.39314 14.13222 9.39314 curveto
14.19827 9.39314 14.26163 9.41939 14.30833 9.4661 curveto
14.35504 9.5128 14.38129 9.57616 14.38129 9.64221 curveto closepath fill
newpath 16.75671 7.81357 moveto
16.75671 7.87962 16.73047 7.94298 16.68376 7.98969 curveto
16.63705 8.03639 16.5737 8.06264 16.50764 8.06264 curveto
16.44159 8.06264 16.37823 8.03639 16.33153 7.98969 curveto
16.28482 7.94298 16.25858 7.87962 16.25858 7.81357 curveto
16.25858 7.74751 16.28482 7.68416 16.33153 7.63745 curveto
16.37823 7.59074 16.44159 7.5645 16.50764 7.5645 curveto
16.5737 7.5645 16.63705 7.59074 16.68376 7.63745 curveto
16.73047 7.68416 16.75671 7.74751 16.75671 7.81357 curveto closepath fill
newpath 19.3598 6.33002 moveto
19.3598 6.39607 19.33356 6.45943 19.28685 6.50613 curveto
19.24014 6.55284 19.17679 6.57909 19.11073 6.57909 curveto
19.04468 6.57909 18.98132 6.55284 18.93462 6.50613 curveto
18.88791 6.45943 18.86166 6.39607 18.86166 6.33002 curveto
18.86166 6.26396 18.88791 6.2006 18.93462 6.1539 curveto
18.98132 6.1072 19.04468 6.08095 19.11073 6.08095 curveto
19.17679 6.08095 19.24014 6.1072 19.28685 6.1539 curveto
19.33356 6.2006 19.3598 6.26396 19.3598 6.33002 curveto closepath fill
newpath 22.18385 5.33588 moveto
22.18385 5.40193 22.15761 5.46529 22.1109 5.512 curveto
22.0642 5.5587 22.00084 5.58495 21.93478 5.58495 curveto
21.86873 5.58495 21.80537 5.5587 21.75867 5.512 curveto
21.71196 5.46529 21.68571 5.40193 21.68571 5.33588 curveto
21.68571 5.26982 21.71196 5.20647 21.75867 5.15976 curveto
21.80537 5.11305 21.86873 5.0868 21.93478 5.0868 curveto
22.00084 5.0868 22.0642 5.11305 22.1109 5.15976 curveto
22.15761 5.20647 22.18385 5.26982 22.18385 5.33588 curveto closepath fill
newpath 25.15515 4.98131 moveto
25.15515 5.04736 25.1289 5.11072 25.0822 5.15742 curveto
25.03549 5.20413 24.97214 5.23038 24.90608 5.23038 curveto
24.84003 5.23038 24.77667 5.20413 24.72997 5.15742 curveto
24.68326 5.11072 24.65701 5.04736 24.65701 4.98131 curveto
24.65701 4.91525 24.68326 4.8519 24.72997 4.80519 curveto
24.77667 4.75848 24.84003 4.73224 24.90608 4.73224 curveto
24.97214 4.73224 25.03549 4.75848 25.0822 4.80519 curveto
25.1289 4.8519 25.15515 4.91525 25.15515 4.98131 curveto closepath fill
newpath 28.12663 5.3357 moveto
28.12663 5.40175 28.10039 5.4651 28.05368 5.51181 curveto
28.00697 5.55852 27.94362 5.58476 27.87756 5.58476 curveto
27.81151 5.58476 27.74815 5.55852 27.70145 5.51181 curveto
27.65474 5.4651 27.6285 5.40175 27.6285 5.3357 curveto
27.6285 5.26964 27.65474 5.20628 27.70145 5.15958 curveto
27.74815 5.11287 27.81151 5.08662 27.87756 5.08662 curveto
27.94362 5.08662 28.00697 5.11287 28.05368 5.15958 curveto
28.10039 5.20628 28.12663 5.26964 28.12663 5.3357 curveto closepath fill
newpath 30.9512 6.32993 moveto
30.9512 6.39598 30.92496 6.45934 30.87825 6.50604 curveto
30.83154 6.55275 30.76819 6.579 30.70213 6.579 curveto
30.63608 6.579 30.57272 6.55275 30.52602 6.50604 curveto
30.47931 6.45934 30.45306 6.39598 30.45306 6.32993 curveto
30.45306 6.26387 30.47931 6.20052 30.52602 6.15381 curveto
30.57272 6.1071 30.63608 6.08086 30.70213 6.08086 curveto
30.76819 6.08086 30.83154 6.1071 30.87825 6.15381 curveto
30.92496 6.20052 30.9512 6.26387 30.9512 6.32993 curveto closepath fill
newpath 33.55429 7.81343 moveto
33.55429 7.87949 33.52805 7.94284 33.48134 7.98955 curveto
33.43463 8.03625 33.37128 8.0625 33.30522 8.0625 curveto
33.23917 8.0625 33.17581 8.03625 33.1291 7.98955 curveto
33.0824 7.94284 33.05615 7.87949 33.05615 7.81343 curveto
33.05615 7.74738 33.0824 7.68402 33.1291 7.63731 curveto
33.17581 7.5906 33.23917 7.56436 33.30522 7.56436 curveto
33.37128 7.56436 33.43463 7.5906 33.48134 7.63731 curveto
33.52805 7.68402 33.55429 7.74738 33.55429 7.81343 curveto closepath fill
newpath 35.92984 9.64215 moveto
35.92984 9.7082 35.9036 9.77156 35.85689 9.81827 curveto
35.81018 9.86497 35.74683 9.89122 35.68077 9.89122 curveto
35.61472 9.89122 35.55136 9.86497 35.50465 9.81827 curveto
35.45795 9.77156 35.4317 9.7082 35.4317 9.64215 curveto
35.4317 9.5761 35.45795 9.51274 35.50465 9.46603 curveto
35.55136 9.41933 35.61472 9.39308 35.68077 9.39308 curveto
35.74683 9.39308 35.81018 9.41933 35.85689 9.46603 curveto
35.9036 9.51274 35.92984 9.5761 35.92984 9.64215 curveto closepath fill
newpath 38.10164 11.71043 moveto
38.10164 11.77649 38.0754 11.83984 38.02869 11.88655 curveto
37.98198 11.93326 37.91862 11.9595 37.85257 11.9595 curveto
37.78651 11.9595 37.72316 11.93326 37.67645 11.88655 curveto
37.62975 11.83984 37.6035 11.77649 37.6035 11.71043 curveto
37.6035 11.64438 37.62975 11.58102 37.67645 11.53432 curveto
37.72316 11.48761 37.78651 11.46136 37.85257 11.46136 curveto
37.91862 11.46136 37.98198 11.48761 38.02869 11.53432 curveto
38.0754 11.58102 38.10164 11.64438 38.10164 11.71043 curveto closepath fill
newpath 40.09953 13.94768 moveto
40.09953 14.01373 40.07329 14.07709 40.02658 14.1238 curveto
39.97987 14.1705 39.91652 14.19675 39.85046 14.19675 curveto
39.78441 14.19675 39.72105 14.1705 39.67435 14.1238 curveto
39.62764 14.07709 39.6014 14.01373 39.6014 13.94768 curveto
39.6014 13.88162 39.62764 13.81827 39.67435 13.77156 curveto
39.72105 13.72485 39.78441 13.69861 39.85046 13.69861 curveto
39.91652 13.69861 39.97987 13.72485 40.02658 13.77156 curveto
40.07329 13.81827 40.09953 13.88162 40.09953 13.94768 curveto closepath fill
newpath 39.85046 13.94768 moveto
40.34862 14.55545 lineto
40.84679 15.18312 lineto
41.3448 15.83049 lineto
41.84296 16.49808 lineto
42.34113 17.1855 lineto
42.83928 17.89291 lineto
43.33743 18.62024 lineto
43.83545 19.36725 lineto
44.33362 20.13441 lineto
44.83177 20.92148 lineto
45.32993 21.72855 lineto
45.8281 22.55544 lineto
46.32611 23.4021 lineto
46.82426 24.2689 lineto
47.32243 25.15562 lineto
47.82059 26.06226 lineto
48.31874 26.98888 lineto
48.81676 27.93503 lineto
49.31493 28.90149 lineto
49.81308 29.88785 lineto stroke
newpath 47.14006 27.88263 moveto
48.297 28.09311 49.28731 28.83601 49.81308 29.88785 curveto
49.28731 28.83601 49.28745 27.59802 49.81346 26.5463 curveto stroke
showpage
%%EOF
