%!PS
%%BoundingBox: -2 -1 142 120 
%%HiResBoundingBox: -1.53171 -0.24907 141.00833 119.80046 
%%Creator: MetaPost 2.000
%%CreationDate: 2017.07.18:1022
%%Pages: 1
%%BeginProlog
%%EndProlog
%%Page: 1 1
 0 0 0 setrgbcolor 0 0.49814 dtransform truncate idtransform setlinewidth pop [] 0 setdash 1 setlinecap
 1 setlinejoin 10 setmiterlimit
newpath 0 59.7757 moveto
139.47662 59.7757 lineto stroke
newpath 134.49532 62.26636 moveto
135.67125 60.69844 137.51674 59.7757 139.47662 59.7757 curveto
137.51674 59.7757 135.67125 58.85295 134.49532 57.28503 curveto stroke
 0.49814 0 dtransform exch truncate exch idtransform pop setlinewidth
newpath 69.73831 0 moveto
69.73831 119.55139 lineto stroke
 0 0.49814 dtransform truncate idtransform setlinewidth pop
newpath 67.24765 114.57008 moveto
68.81557 115.74602 69.73831 117.5915 69.73831 119.55139 curveto
69.73831 117.5915 70.66106 115.74602 72.22897 114.57008 curveto stroke
newpath 5.17361 61.76822 moveto
4.64514 61.76822 4.13838 61.55826 3.76471 61.1846 curveto
3.39105 60.81093 3.18109 60.30417 3.18109 59.7757 curveto
3.18109 59.24722 3.39105 58.74046 3.76471 58.36679 curveto
4.13838 57.99313 4.64514 57.78317 5.17361 57.78317 curveto
5.70209 57.78317 6.20885 57.99313 6.58252 58.36679 curveto
6.95618 58.74046 7.16614 59.24722 7.16614 59.7757 curveto
7.16614 60.30417 6.95618 60.81093 6.58252 61.1846 curveto
6.20885 61.55826 5.70209 61.76822 5.17361 61.76822 curveto closepath fill
newpath 69.73831 61.76822 moveto
69.20984 61.76822 68.70308 61.55826 68.3294 61.1846 curveto
67.95575 60.81093 67.74579 60.30417 67.74579 59.7757 curveto
67.74579 59.24722 67.95575 58.74046 68.3294 58.36679 curveto
68.70308 57.99313 69.20984 57.78317 69.73831 57.78317 curveto
70.26678 57.78317 70.77354 57.99313 71.14722 58.36679 curveto
71.52087 58.74046 71.73083 59.24722 71.73083 59.7757 curveto
71.73083 60.30417 71.52087 60.81093 71.14722 61.1846 curveto
70.77354 61.55826 70.26678 61.76822 69.73831 61.76822 curveto closepath fill
newpath 134.30301 61.76822 moveto
133.77454 61.76822 133.26778 61.55826 132.8941 61.1846 curveto
132.52045 60.81093 132.31049 60.30417 132.31049 59.7757 curveto
132.31049 59.24722 132.52045 58.74046 132.8941 58.36679 curveto
133.26778 57.99313 133.77454 57.78317 134.30301 57.78317 curveto
134.83148 57.78317 135.33824 57.99313 135.71191 58.36679 curveto
136.08557 58.74046 136.29553 59.24722 136.29553 59.7757 curveto
136.29553 60.30417 136.08557 60.81093 135.71191 61.1846 curveto
135.33824 61.55826 134.83148 61.76822 134.30301 61.76822 curveto closepath fill
 0.49814 0 dtransform exch truncate exch idtransform pop setlinewidth
newpath 9.96262 57.78317 moveto
9.96262 61.76822 lineto stroke
newpath 19.92523 57.78317 moveto
19.92523 61.76822 lineto stroke
newpath 29.88785 57.78317 moveto
29.88785 61.76822 lineto stroke
newpath 39.85046 57.78317 moveto
39.85046 61.76822 lineto stroke
newpath 49.81308 57.78317 moveto
49.81308 61.76822 lineto stroke
newpath 59.7757 57.78317 moveto
59.7757 61.76822 lineto stroke
newpath 69.73831 57.78317 moveto
69.73831 61.76822 lineto stroke
newpath 79.70093 57.78317 moveto
79.70093 61.76822 lineto stroke
newpath 89.66354 57.78317 moveto
89.66354 61.76822 lineto stroke
newpath 99.62616 57.78317 moveto
99.62616 61.76822 lineto stroke
newpath 109.58878 57.78317 moveto
109.58878 61.76822 lineto stroke
newpath 119.55139 57.78317 moveto
119.55139 61.76822 lineto stroke
newpath 129.514 57.78317 moveto
129.514 61.76822 lineto stroke
 0 1.24533 dtransform truncate idtransform setlinewidth pop
newpath 0 84.18408 moveto
0.32547 82.47449 0.65747 80.76611 0.99602 79.05911 curveto
1.32149 77.41808 1.65334 75.77843 1.99203 74.14014 curveto
2.31735 72.56674 2.64922 70.99489 2.98805 69.4244 curveto
3.31322 67.9176 3.64493 66.41232 3.98407 64.90872 curveto
4.3097 63.46455 4.6423 62.02206 4.98222 60.58124 curveto
5.30693 59.20486 5.63878 57.83032 5.97824 56.45746 curveto
6.3028 55.14464 6.63464 53.83379 6.97426 52.52477 curveto
7.29866 51.27458 7.63037 50.02637 7.97028 48.78027 curveto
8.29453 47.59164 8.62624 46.405 8.9663 45.22093 curveto
9.29024 44.09297 9.62195 42.96713 9.96231 41.84402 curveto
10.2861 40.7755 10.61781 39.7094 10.95833 38.64618 curveto
11.28183 37.63632 11.61353 36.6289 11.95435 35.62468 curveto
12.27754 34.67229 12.60924 33.72249 12.95036 32.77634 curveto
13.27402 31.87851 13.60648 30.98373 13.94852 30.09277 curveto
14.27124 29.25226 14.60295 28.4154 14.94453 27.5825 curveto
15.26697 26.79642 15.59866 26.01414 15.94055 25.23642 curveto
16.26268 24.5037 16.59438 23.77538 16.93657 23.05177 curveto
17.25839 22.37134 17.59009 21.69563 17.93259 21.02538 curveto
18.2541 20.39618 18.5858 19.77216 18.9286 19.15436 curveto
19.24997 18.57532 19.58153 18.00206 19.92462 17.43564 curveto
20.24568 16.90572 20.57724 16.382 20.92064 15.86621 curveto
21.24216 15.38326 21.57446 14.90744 21.9188 14.44044 curveto
22.23955 14.00537 22.57109 13.57835 22.91481 13.16106 curveto
23.23557 12.77174 23.56711 12.39156 23.91083 12.0223 curveto
24.23174 11.67752 24.56328 11.34294 24.90685 11.02081 curveto
25.2279 10.71967 25.55975 10.42992 25.90286 10.15385 curveto
26.22453 9.89497 26.55653 9.649 26.89888 9.41824 curveto
27.22147 9.20085 27.55347 8.99776 27.8949 8.81123 curveto
28.21869 8.6343 28.55101 8.47299 28.89091 8.3295 curveto
29.21638 8.19206 29.54869 8.07198 29.88693 7.97043 curveto
30.215 7.87177 30.54822 7.79181 30.88509 7.7304 curveto
31.21451 7.67035 31.54697 7.62961 31.8811 7.6074 curveto
32.21265 7.58537 32.54526 7.58278 32.87712 7.59799 curveto
33.2108 7.61334 33.5431 7.64769 33.87314 7.69908 curveto
34.20848 7.75122 34.5408 7.82175 34.86916 7.90779 curveto
35.20602 7.99612 35.53804 8.10162 35.86517 8.2211 curveto
36.20311 8.34454 36.53511 8.4838 36.86119 8.6358 curveto
37.19989 8.7936 37.53174 8.96568 37.85721 9.14917 curveto
38.19637 9.34026 38.52806 9.54427 38.85323 9.7583 curveto
39.1933 9.98207 39.5256 10.21724 39.85138 10.46138 curveto
40.19067 10.71571 40.52238 10.98038 40.8474 11.25279 curveto
41.18669 11.53706 41.51825 11.83046 41.84341 12.13084 curveto
42.18242 12.444 42.51396 12.76506 42.83943 13.0925 curveto
43.17828 13.43347 43.50983 13.7813 43.83545 14.13489 curveto
44.174 14.50247 44.50554 14.87628 44.83147 15.25496 curveto
45.16971 15.64792 45.50125 16.04666 45.82748 16.44966 curveto
46.16527 16.8671 46.49696 17.28955 46.8235 17.71596 curveto
47.16098 18.15681 47.49269 18.60222 47.81952 19.05113 curveto
48.15746 19.51524 48.48976 19.98361 48.81767 20.45502 curveto
49.1547 20.9395 49.48624 21.42763 49.81369 21.91864 curveto
50.15025 22.4235 50.48196 22.93153 50.80971 23.44215 curveto
51.14597 23.96616 51.47768 24.49306 51.80573 25.02238 curveto
52.14168 25.56462 52.47354 26.1093 52.80174 26.65627 curveto
53.13754 27.21568 53.46925 27.77739 53.79776 28.34106 curveto
54.13327 28.91661 54.46497 29.49428 54.79378 30.07361 curveto
55.12898 30.6642 55.46068 31.25691 55.7898 31.851 curveto
56.12546 32.45709 56.45792 33.06487 56.78795 33.674 curveto
57.12268 34.29195 57.45439 34.91142 57.78397 35.5321 curveto
58.11841 36.16206 58.45026 36.79355 58.77998 37.42609 curveto
59.11427 38.06715 59.44597 38.70958 59.776 39.3529 curveto
60.10999 40.00415 60.44183 40.65646 60.77202 41.30952 curveto
61.10585 41.9699 61.43755 42.63116 61.76804 43.2932 curveto
62.76405 45.3006 lineto
63.76007 47.32896 lineto
64.75609 49.37527 lineto
65.75424 51.44104 lineto
66.75026 53.51425 lineto
67.74628 55.59644 lineto
68.7423 57.68454 lineto
69.73831 59.7757 lineto
70.73433 61.86685 lineto
71.73035 63.95496 lineto
72.72636 66.03714 lineto
73.72238 68.11035 lineto
74.72054 70.17612 lineto
75.71655 72.22243 lineto
76.71257 74.2508 lineto
77.70859 76.2582 lineto
78.03908 76.92023 78.37077 77.5815 78.7046 78.24171 curveto
79.03479 78.89493 79.36664 79.54724 79.70062 80.19849 curveto
80.03065 80.84181 80.36235 81.48424 80.69664 82.1253 curveto
81.02637 82.75784 81.35822 83.38933 81.69266 84.01929 curveto
82.02223 84.63997 82.35394 85.25945 82.68867 85.8774 curveto
83.0187 86.48653 83.35117 87.0943 83.68683 87.7004 curveto
84.01595 88.29448 84.34764 88.88719 84.68285 89.47778 curveto
85.01166 90.05711 85.34335 90.63478 85.67886 91.21033 curveto
86.00737 91.774 86.33908 92.33571 86.67488 92.89513 curveto
87.00323 93.4421 87.3348 93.98692 87.6709 94.52916 curveto
87.99895 95.05833 88.33066 95.58524 88.66692 96.10924 curveto
88.99466 96.61986 89.32637 97.1279 89.66293 97.63275 curveto
89.99039 98.12376 90.32193 98.6119 90.65895 99.09637 curveto
90.98686 99.56778 91.31917 100.03615 91.6571 100.50026 curveto
91.98393 100.94917 92.31564 101.39458 92.65312 101.83543 curveto
92.97966 102.26184 93.31136 102.6843 93.64914 103.10173 curveto
93.97537 103.50473 94.30692 103.90347 94.64516 104.29643 curveto
94.97108 104.67511 95.30263 105.04892 95.64117 105.4165 curveto
95.9668 105.7701 96.29834 106.11792 96.63719 106.4589 curveto
96.96266 106.78633 97.2942 107.10739 97.63321 107.42055 curveto
97.95837 107.72093 98.28993 108.01433 98.62923 108.2986 curveto
98.95424 108.57101 99.28595 108.83568 99.62524 109.09001 curveto
99.95102 109.33415 100.28333 109.56932 100.6234 109.79309 curveto
100.94856 110.00697 101.28026 110.21098 101.61942 110.40207 curveto
101.94489 110.58556 102.27673 110.7578 102.61543 110.91559 curveto
102.94151 111.0676 103.27351 111.20685 103.61145 111.33029 curveto
103.93858 111.44977 104.2706 111.55527 104.60747 111.6436 curveto
104.93582 111.72964 105.26814 111.80017 105.60349 111.85231 curveto
105.93352 111.9037 106.26582 111.93805 106.5995 111.9534 curveto
106.93137 111.96861 107.26398 111.96602 107.59552 111.94398 curveto
107.92966 111.92178 108.26212 111.8812 108.59154 111.82115 curveto
108.92856 111.75974 109.26163 111.67963 109.58969 111.58096 curveto
109.92793 111.47926 110.26024 111.35933 110.58571 111.2219 curveto
110.92561 111.0784 111.25793 110.9171 111.58173 110.74016 curveto
111.92316 110.55363 112.25516 110.35054 112.57774 110.13315 curveto
112.92009 109.90239 113.25209 109.65642 113.57376 109.39754 curveto
113.91687 109.12148 114.24872 108.83173 114.56978 108.53058 curveto
114.91335 108.20845 115.24489 107.87387 115.5658 107.5291 curveto
115.90952 107.15984 116.24106 106.7795 116.56181 106.39018 curveto
116.90553 105.97289 117.23708 105.54602 117.55783 105.11095 curveto
117.90216 104.64395 118.23447 104.16814 118.55598 103.68518 curveto
118.89938 103.16939 119.23094 102.64568 119.552 102.11575 curveto
119.8951 101.54933 120.22665 100.97607 120.54802 100.39703 curveto
120.89082 99.77924 121.22252 99.15521 121.54404 98.52602 curveto
121.88654 97.85576 122.21823 97.18005 122.54005 96.49962 curveto
122.88225 95.77602 123.21394 95.0477 123.53607 94.31497 curveto
123.87796 93.53725 124.20966 92.75497 124.53209 91.96889 curveto
124.87383 91.13599 125.20538 90.29898 125.5281 89.45847 curveto
125.87015 88.5675 126.2026 87.67288 126.52626 86.77505 curveto
126.86739 85.8289 127.19908 84.8791 127.52228 83.92671 curveto
127.8631 82.92249 128.1948 81.91507 128.5183 80.90521 curveto
128.85881 79.842 129.19052 78.7759 129.51431 77.70737 curveto
129.85468 76.5841 130.18639 75.45827 130.51033 74.3303 curveto
130.85039 73.14624 131.1821 71.9596 131.50635 70.77112 curveto
131.84625 69.52502 132.17796 68.27681 132.50237 67.02663 curveto
132.84198 65.7176 133.17383 64.40675 133.49838 63.09393 curveto
133.83784 61.72107 134.1697 60.34653 134.4944 58.97015 curveto
134.83432 57.52933 135.16693 56.08684 135.49255 54.64267 curveto
135.8317 53.13907 136.1634 51.63379 136.48857 50.127 curveto
136.82741 48.5565 137.15927 46.98465 137.48459 45.41125 curveto
137.82329 43.77296 138.15514 42.13332 138.4806 40.49228 curveto
138.81915 38.78528 139.15115 37.0769 139.47662 35.36731 curveto stroke
newpath 140.38567 38.58287 moveto
139.59348 37.71382 139.2567 36.5225 139.47662 35.36731 curveto
139.2567 36.5225 138.5057 37.50673 137.4496 38.02388 curveto stroke
newpath -0.90904 80.96852 moveto
-0.11685 81.83757 0.21992 83.02888 0 84.18408 curveto
0.21992 83.02888 0.97092 82.04466 2.02702 81.52751 curveto stroke
showpage
%%EOF
