%!PS
%%BoundingBox: -1 -1 150 150 
%%HiResBoundingBox: -0.24907 -0.24907 149.68831 149.68831 
%%Creator: MetaPost 2.000
%%CreationDate: 2017.07.18:1022
%%Pages: 1
%%BeginProlog
%%EndProlog
%%Page: 1 1
 0 0 0 setrgbcolor 0 0.49814 dtransform truncate idtransform setlinewidth pop [] 0 setdash 1 setlinecap
 1 setlinejoin 10 setmiterlimit
newpath 0 74.71962 moveto
149.43924 74.71962 lineto stroke
newpath 144.45793 77.21028 moveto
145.63387 75.64236 147.47935 74.71962 149.43924 74.71962 curveto
147.47935 74.71962 145.63387 73.79688 144.45793 72.22896 curveto stroke
 0.49814 0 dtransform exch truncate exch idtransform pop setlinewidth
newpath 74.71962 0 moveto
74.71962 149.43924 lineto stroke
 0 0.49814 dtransform truncate idtransform setlinewidth pop
newpath 72.22896 144.45793 moveto
73.79688 145.63387 74.71962 147.47935 74.71962 149.43924 curveto
74.71962 147.47935 75.64236 145.63387 77.21028 144.45793 curveto stroke
 0.49814 0 dtransform exch truncate exch idtransform pop setlinewidth
newpath 14.94392 72.7271 moveto
14.94392 76.71214 lineto stroke
newpath 29.88785 72.7271 moveto
29.88785 76.71214 lineto stroke
newpath 44.83177 72.7271 moveto
44.83177 76.71214 lineto stroke
newpath 59.7757 72.7271 moveto
59.7757 76.71214 lineto stroke
newpath 89.66354 72.7271 moveto
89.66354 76.71214 lineto stroke
newpath 104.60747 72.7271 moveto
104.60747 76.71214 lineto stroke
newpath 119.55139 72.7271 moveto
119.55139 76.71214 lineto stroke
newpath 134.49532 72.7271 moveto
134.49532 76.71214 lineto stroke
 0 0.49814 dtransform truncate idtransform setlinewidth pop
newpath 76.71214 14.94392 moveto
72.7271 14.94392 lineto stroke
newpath 76.71214 29.88785 moveto
72.7271 29.88785 lineto stroke
newpath 76.71214 44.83177 moveto
72.7271 44.83177 lineto stroke
newpath 76.71214 59.7757 moveto
72.7271 59.7757 lineto stroke
newpath 76.71214 89.66354 moveto
72.7271 89.66354 lineto stroke
newpath 76.71214 104.60747 moveto
72.7271 104.60747 lineto stroke
newpath 76.71214 119.55139 moveto
72.7271 119.55139 lineto stroke
newpath 76.71214 134.49532 moveto
72.7271 134.49532 lineto stroke
 0 1.24533 dtransform truncate idtransform setlinewidth pop
newpath 22.41588 144.76926 moveto
22.88174 143.1879 23.37975 141.61635 23.90991 140.05551 curveto
24.37645 138.6812 24.87332 137.31737 25.40485 135.967 curveto
25.87003 134.78537 26.36644 133.61627 26.89888 132.46338 curveto
27.36337 131.45755 27.86024 130.46701 28.39381 129.49606 curveto
28.85785 128.65169 29.35472 127.82578 29.88785 127.02336 curveto
30.35234 126.32445 30.84988 125.6479 31.38188 124.99893 curveto
31.84842 124.42978 32.34734 123.888 32.87682 123.37698 curveto
33.34654 122.92368 33.84616 122.5025 34.37085 122.11441 curveto
34.84583 121.76279 35.3468 121.44789 35.86578 121.16513 curveto
36.3467 120.90314 36.84766 120.67989 37.3598 120.48538 curveto
37.84688 120.30023 38.34763 120.15384 38.85384 120.02979 curveto
39.34637 119.90916 39.84666 119.82365 40.34877 119.75319 curveto
40.84451 119.68387 41.34343 119.64351 41.8428 119.61113 curveto
42.34036 119.57875 42.83928 119.56895 43.33774 119.55891 curveto
43.83575 119.54889 44.33376 119.5539 44.83177 119.55139 curveto
45.32979 119.54889 45.82779 119.5539 46.3258 119.54387 curveto
46.82426 119.53383 47.32318 119.52403 47.82074 119.49165 curveto
48.32011 119.45927 48.81903 119.41891 49.31477 119.3496 curveto
49.81688 119.27913 50.31717 119.19362 50.80971 119.073 curveto
51.31592 118.94894 51.81667 118.80255 52.30373 118.6174 curveto
52.81589 118.4229 53.31685 118.19965 53.79776 117.93765 curveto
54.31674 117.65489 54.81772 117.34 55.2927 116.98837 curveto
55.81738 116.60028 56.317 116.17911 56.78673 115.7258 curveto
57.31621 115.21478 57.81512 114.673 58.28166 114.10385 curveto
58.81366 113.45488 59.3112 112.77834 59.7757 112.07944 curveto
60.30882 111.27701 60.80592 110.45132 61.26973 109.60695 curveto
61.8033 108.63577 62.30017 107.64523 62.76466 106.6394 curveto
63.2971 105.48674 63.79352 104.31764 64.2587 103.13602 curveto
64.79045 101.78542 65.2871 100.42159 65.75363 99.04727 curveto
66.2838 97.48643 66.77998 95.9142 67.24765 94.33353 curveto
67.77623 92.5467 68.27263 90.75078 68.74168 88.94754 curveto
69.2691 86.91925 69.76598 84.88298 70.23662 82.84077 curveto
70.76245 80.55869 71.2591 78.26976 71.73065 75.97581 curveto
72.25557 73.42215 72.75267 70.86278 73.22559 68.29909 curveto
73.74892 65.46245 74.24579 62.621 74.71962 59.7757 curveto
75.2418 56.63965 75.73889 53.4995 76.21365 50.35594 curveto
76.73514 46.90361 77.23247 43.44742 77.70859 39.9885 curveto
78.22871 36.20918 78.72581 32.42647 79.20262 28.64146 curveto
79.72229 24.51555 80.2196 20.38669 80.69756 16.25575 curveto
81.21608 11.77345 81.7141 7.28886 82.19159 2.80199 curveto stroke
newpath 83.36133 5.93213 moveto
82.50052 5.131 82.06715 3.97131 82.19159 2.80199 curveto
82.06715 3.97131 81.39944 5.01381 80.38931 5.61584 curveto stroke
newpath 21.827 141.47998 moveto
22.53001 142.42262 22.74818 143.64125 22.41588 144.76926 curveto
22.74818 143.64125 23.59218 142.73555 24.69397 142.32458 curveto stroke
newpath 44.83177 121.54391 moveto
44.3033 121.54391 43.79654 121.33395 43.42287 120.9603 curveto
43.04921 120.58662 42.83925 120.07986 42.83925 119.55139 curveto
42.83925 119.02292 43.04921 118.51616 43.42287 118.14249 curveto
43.79654 117.76883 44.3033 117.55887 44.83177 117.55887 curveto
45.36024 117.55887 45.867 117.76883 46.24068 118.14249 curveto
46.61433 118.51616 46.8243 119.02292 46.8243 119.55139 curveto
46.8243 120.07986 46.61433 120.58662 46.24068 120.9603 curveto
45.867 121.33395 45.36024 121.54391 44.83177 121.54391 curveto closepath fill
newpath 74.71962 61.76822 moveto
74.19115 61.76822 73.68439 61.55826 73.31071 61.1846 curveto
72.93706 60.81093 72.7271 60.30417 72.7271 59.7757 curveto
72.7271 59.24722 72.93706 58.74046 73.31071 58.36679 curveto
73.68439 57.99313 74.19115 57.78317 74.71962 57.78317 curveto
75.2481 57.78317 75.75485 57.99313 76.12852 58.36679 curveto
76.50218 58.74046 76.71214 59.24722 76.71214 59.7757 curveto
76.71214 60.30417 76.50218 60.81093 76.12852 61.1846 curveto
75.75485 61.55826 75.2481 61.76822 74.71962 61.76822 curveto closepath fill
showpage
%%EOF
