%!PS
%%BoundingBox: -1 -1 90 150 
%%HiResBoundingBox: -0.24907 -0.24907 89.91261 149.68831 
%%Creator: MetaPost 2.000
%%CreationDate: 2017.07.18:1022
%%Pages: 1
%%BeginProlog
%%EndProlog
%%Page: 1 1
 0 0 0 setrgbcolor 0 0.49814 dtransform truncate idtransform setlinewidth pop [] 0 setdash 1 setlinecap
 1 setlinejoin 10 setmiterlimit
newpath 0 74.71962 moveto
89.66354 74.71962 lineto stroke
newpath 84.68224 77.21028 moveto
85.85817 75.64236 87.70366 74.71962 89.66354 74.71962 curveto
87.70366 74.71962 85.85817 73.79688 84.68224 72.22896 curveto stroke
 0.49814 0 dtransform exch truncate exch idtransform pop setlinewidth
newpath 44.83177 0 moveto
44.83177 149.43924 lineto stroke
 0 0.49814 dtransform truncate idtransform setlinewidth pop
newpath 42.34111 144.45793 moveto
43.90903 145.63387 44.83177 147.47935 44.83177 149.43924 curveto
44.83177 147.47935 45.75452 145.63387 47.32243 144.45793 curveto stroke
 0 1.24533 dtransform truncate idtransform setlinewidth pop
newpath 26.89911 1.30066 moveto
27.36679 5.3748 27.86502 9.44553 28.39381 13.51215 curveto
28.86127 17.10698 29.35745 20.69794 29.88785 24.28387 curveto
30.3537 27.4327 30.84966 30.57716 31.38255 33.71527 curveto
31.84613 36.44565 32.34164 39.17033 32.87659 41.88773 curveto
33.33812 44.23206 33.83362 46.56956 34.37129 48.8977 curveto
34.8301 50.8845 35.32513 52.86285 35.86533 54.82912 curveto
36.32184 56.49052 36.81688 58.1412 37.36003 59.77638 curveto
37.81381 61.14203 38.3084 62.49377 38.85406 63.82521 curveto
39.30579 64.92726 39.80083 66.01108 40.34877 67.06866 curveto
40.79913 67.93767 41.29486 68.7825 41.8428 69.5936 curveto
42.2943 70.26193 42.79231 70.89767 43.33751 71.49191 curveto
43.79356 71.98901 44.29431 72.44324 44.83154 72.8514 curveto
45.2974 73.20529 45.80089 73.50583 46.32625 73.76328 curveto
46.8042 73.99747 47.3079 74.17259 47.82028 74.31601 curveto
48.3094 74.45306 48.81151 74.53468 49.31499 74.60013 curveto
49.81027 74.66467 50.30988 74.68451 50.80902 74.70457 curveto
51.30704 74.72441 51.8055 74.7146 52.30374 74.71962 curveto
52.80197 74.72464 53.30043 74.7146 53.79845 74.73444 curveto
54.29759 74.7545 54.7972 74.77457 55.29248 74.83911 curveto
55.79596 74.90456 56.29807 74.98596 56.78719 75.123 curveto
57.29956 75.26643 57.80327 75.44177 58.28122 75.67596 curveto
58.80658 75.93341 59.31007 76.23395 59.77592 76.58784 curveto
60.31316 76.996 60.8139 77.45023 61.26996 77.94733 curveto
61.81516 78.54156 62.31317 79.1773 62.76466 79.84564 curveto
63.3126 80.65674 63.80833 81.50157 64.2587 82.37057 curveto
64.80664 83.42816 65.30168 84.51198 65.7534 85.61403 curveto
66.29907 86.94547 66.79388 88.29721 67.24744 89.66286 curveto
67.79059 91.29803 68.28563 92.94872 68.74214 94.61034 curveto
69.28233 96.57661 69.77737 98.55473 70.23618 100.54153 curveto
70.77385 102.86967 71.26935 105.20718 71.73088 107.55151 curveto
72.26582 110.26868 72.76134 112.99336 73.22491 115.72374 curveto
73.75781 118.86208 74.25377 122.00632 74.71962 125.15536 curveto
75.25002 128.7413 75.7462 132.33226 76.21365 135.9271 curveto
76.74245 139.99394 77.24068 144.06467 77.70836 148.13881 curveto stroke
newpath 75.88287 145.33997 moveto
76.89793 145.93362 77.57425 146.97055 77.70836 148.13881 curveto
77.57425 146.97055 77.998 145.80734 78.85214 144.99911 curveto stroke
newpath 28.7246 4.0995 moveto
27.70953 3.50584 27.03322 2.46892 26.89911 1.30066 curveto
27.03322 2.46892 26.60947 3.63213 25.75533 4.44035 curveto stroke
newpath 37.3598 61.76822 moveto
36.83133 61.76822 36.32457 61.55826 35.9509 61.1846 curveto
35.57724 60.81093 35.36728 60.30417 35.36728 59.7757 curveto
35.36728 59.24722 35.57724 58.74046 35.9509 58.36679 curveto
36.32457 57.99313 36.83133 57.78317 37.3598 57.78317 curveto
37.88828 57.78317 38.39503 57.99313 38.7687 58.36679 curveto
39.14236 58.74046 39.35233 59.24722 39.35233 59.7757 curveto
39.35233 60.30417 39.14236 60.81093 38.7687 61.1846 curveto
38.39503 61.55826 37.88828 61.76822 37.3598 61.76822 curveto closepath fill
newpath 52.30374 76.71214 moveto
51.77527 76.71214 51.26851 76.50218 50.89484 76.12852 curveto
50.52118 75.75485 50.31122 75.2481 50.31122 74.71962 curveto
50.31122 74.19115 50.52118 73.68439 50.89484 73.31071 curveto
51.26851 72.93706 51.77527 72.7271 52.30374 72.7271 curveto
52.83221 72.7271 53.33897 72.93706 53.71265 73.31071 curveto
54.0863 73.68439 54.29626 74.19115 54.29626 74.71962 curveto
54.29626 75.2481 54.0863 75.75485 53.71265 76.12852 curveto
53.33897 76.50218 52.83221 76.71214 52.30374 76.71214 curveto closepath fill
newpath 67.24767 91.65607 moveto
66.7192 91.65607 66.21243 91.4461 65.83876 91.07245 curveto
65.4651 90.69878 65.25514 90.19202 65.25514 89.66354 curveto
65.25514 89.13507 65.4651 88.62831 65.83876 88.25464 curveto
66.21243 87.88098 66.7192 87.67102 67.24767 87.67102 curveto
67.77614 87.67102 68.2829 87.88098 68.65657 88.25464 curveto
69.03023 88.62831 69.24019 89.13507 69.24019 89.66354 curveto
69.24019 90.19202 69.03023 90.69878 68.65657 91.07245 curveto
68.2829 91.4461 67.77614 91.65607 67.24767 91.65607 curveto closepath fill
showpage
%%EOF
