%!PS
%%BoundingBox: -1 -1 90 150 
%%HiResBoundingBox: -0.24907 -0.31642 89.91261 149.75566 
%%Creator: MetaPost 2.000
%%CreationDate: 2017.07.18:1022
%%Pages: 1
%%BeginProlog
%%EndProlog
%%Page: 1 1
 0 0 0 setrgbcolor 0 0.49814 dtransform truncate idtransform setlinewidth pop [] 0 setdash 1 setlinecap
 1 setlinejoin 10 setmiterlimit
newpath 0 74.71962 moveto
89.66354 74.71962 lineto stroke
newpath 84.68224 77.21028 moveto
85.85817 75.64236 87.70366 74.71962 89.66354 74.71962 curveto
87.70366 74.71962 85.85817 73.79688 84.68224 72.22896 curveto stroke
 0.49814 0 dtransform exch truncate exch idtransform pop setlinewidth
newpath 44.83177 0 moveto
44.83177 149.43924 lineto stroke
 0 0.49814 dtransform truncate idtransform setlinewidth pop
newpath 42.34111 144.45793 moveto
43.90903 145.63387 44.83177 147.47935 44.83177 149.43924 curveto
44.83177 147.47935 45.75452 145.63387 47.32243 144.45793 curveto stroke
 0 1.24533 dtransform truncate idtransform setlinewidth pop
newpath 30.4855 0.30624 moveto
30.95045 5.09639 31.4521 9.88289 31.99025 14.66528 curveto
32.4552 18.79688 32.95389 22.9246 33.495 27.0471 curveto
33.95743 30.56987 34.45567 34.08786 34.99997 37.59901 curveto
35.45898 40.56038 35.95654 43.51561 36.50403 46.4617 curveto
36.95985 48.9139 37.45695 51.35834 38.00877 53.7907 curveto
38.4605 55.7825 38.95737 57.76382 39.51352 59.72894 curveto
39.96114 61.31032 40.45755 62.87753 41.0185 64.42218 curveto
41.46223 65.64372 41.95842 66.84587 42.52324 68.01633 curveto
42.96423 68.93027 43.46202 69.81615 44.02798 70.65848 curveto
44.47035 71.31702 44.97223 71.93405 45.53273 72.49545 curveto
45.98422 72.94786 46.49203 73.33937 47.03702 73.67297 curveto
47.50652 73.96053 48.01753 74.1703 48.54176 74.33836 curveto
49.02997 74.49478 49.53801 74.57323 50.04651 74.63707 curveto
50.54543 74.69978 51.0489 74.70229 51.55125 74.71666 curveto
52.05267 74.73079 52.5548 74.70845 53.05621 74.72258 curveto
53.55856 74.73672 54.06204 74.739 54.56096 74.80171 curveto
55.06946 74.86555 55.5775 74.94446 56.0657 75.10088 curveto
56.5897 75.26894 57.10118 75.47849 57.57045 75.76604 curveto
58.11543 76.09987 58.62325 76.49138 59.07474 76.94379 curveto
59.63524 77.50519 60.13712 78.122 60.57948 78.7803 curveto
61.14545 79.62263 61.64323 80.50851 62.08423 81.42245 curveto
62.64905 82.59314 63.14523 83.79529 63.58897 85.01706 curveto
64.14992 86.5617 64.64633 88.12892 65.09395 89.7103 curveto
65.6501 91.67519 66.14697 93.65651 66.5987 95.64809 curveto
67.15051 98.08067 67.64761 100.52512 68.10344 102.97754 curveto
68.65092 105.92363 69.14848 108.87886 69.6075 111.84023 curveto
70.1518 115.35161 70.65004 118.8696 71.11247 122.3926 curveto
71.65358 126.51486 72.15227 130.64236 72.61722 134.77396 curveto
73.15536 139.55635 73.65701 144.34285 74.12196 149.133 curveto stroke
newpath 72.34584 146.30258 moveto
73.35034 146.91394 74.00836 147.96257 74.12196 149.133 curveto
74.00836 147.96257 74.45245 146.80698 75.32063 146.01385 curveto stroke
newpath 32.26163 3.13666 moveto
31.25713 2.5253 30.5991 1.47667 30.4855 0.30624 curveto
30.5991 1.47667 30.15501 2.63226 29.28683 3.42538 curveto stroke
newpath 37.3598 52.80177 moveto
36.83133 52.80177 36.32457 52.59181 35.9509 52.21815 curveto
35.57724 51.84448 35.36728 51.33772 35.36728 50.80925 curveto
35.36728 50.28078 35.57724 49.77402 35.9509 49.40034 curveto
36.32457 49.02669 36.83133 48.81673 37.3598 48.81673 curveto
37.88828 48.81673 38.39503 49.02669 38.7687 49.40034 curveto
39.14236 49.77402 39.35233 50.28078 39.35233 50.80925 curveto
39.35233 51.33772 39.14236 51.84448 38.7687 52.21815 curveto
38.39503 52.59181 37.88828 52.80177 37.3598 52.80177 curveto closepath fill
newpath 52.30374 76.71214 moveto
51.77527 76.71214 51.26851 76.50218 50.89484 76.12852 curveto
50.52118 75.75485 50.31122 75.2481 50.31122 74.71962 curveto
50.31122 74.19115 50.52118 73.68439 50.89484 73.31071 curveto
51.26851 72.93706 51.77527 72.7271 52.30374 72.7271 curveto
52.83221 72.7271 53.33897 72.93706 53.71265 73.31071 curveto
54.0863 73.68439 54.29626 74.19115 54.29626 74.71962 curveto
54.29626 75.2481 54.0863 75.75485 53.71265 76.12852 curveto
53.33897 76.50218 52.83221 76.71214 52.30374 76.71214 curveto closepath fill
newpath 67.24767 100.62251 moveto
66.7192 100.62251 66.21243 100.41255 65.83876 100.0389 curveto
65.4651 99.66522 65.25514 99.15846 65.25514 98.62999 curveto
65.25514 98.10152 65.4651 97.59476 65.83876 97.22108 curveto
66.21243 96.84743 66.7192 96.63747 67.24767 96.63747 curveto
67.77614 96.63747 68.2829 96.84743 68.65657 97.22108 curveto
69.03023 97.59476 69.24019 98.10152 69.24019 98.62999 curveto
69.24019 99.15846 69.03023 99.66522 68.65657 100.0389 curveto
68.2829 100.41255 67.77614 100.62251 67.24767 100.62251 curveto closepath fill
showpage
%%EOF
