%!PS
%%BoundingBox: -1 -21 51 31 
%%HiResBoundingBox: -0.24945 -20.1743 50.06253 30.13692 
%%Creator: MetaPost 2.000
%%CreationDate: 2017.07.18:1022
%%Pages: 1
%%BeginProlog
%%EndProlog
%%Page: 1 1
 0 0 0 setrgbcolor 0 0.49814 dtransform truncate idtransform setlinewidth pop [] 0 setdash 1 setlinecap
 1 setlinejoin 10 setmiterlimit
newpath 0 29.88785 moveto
0.49815 28.90149 lineto
0.99632 27.93503 lineto
1.49434 26.98888 lineto
1.9925 26.06226 lineto
2.49065 25.15562 lineto
2.98882 24.2689 lineto
3.48697 23.4021 lineto
3.98499 22.55544 lineto
4.48315 21.72855 lineto
4.98131 20.92148 lineto
5.47946 20.13441 lineto
5.97763 19.36725 lineto
6.47565 18.62024 lineto
6.9738 17.89291 lineto
7.47195 17.1855 lineto
7.97012 16.49808 lineto
8.46828 15.83049 lineto
8.9663 15.18312 lineto
9.46446 14.55545 lineto
9.96262 13.94768 lineto stroke
newpath -0.00038 26.5463 moveto
0.52563 27.59802 0.52577 28.83601 0 29.88785 curveto
0.52577 28.83601 1.51608 28.09311 2.67302 27.88263 curveto stroke
newpath 10.21169 13.94768 moveto
10.21169 14.01373 10.18544 14.07709 10.13873 14.1238 curveto
10.09203 14.1705 10.02867 14.19675 9.96262 14.19675 curveto
9.89656 14.19675 9.8332 14.1705 9.7865 14.1238 curveto
9.73979 14.07709 9.71355 14.01373 9.71355 13.94768 curveto
9.71355 13.88162 9.73979 13.81827 9.7865 13.77156 curveto
9.8332 13.72485 9.89656 13.69861 9.96262 13.69861 curveto
10.02867 13.69861 10.09203 13.72485 10.13873 13.77156 curveto
10.18544 13.81827 10.21169 13.88162 10.21169 13.94768 curveto closepath fill
newpath 12.20921 11.71085 moveto
12.20921 11.7769 12.18297 11.84026 12.13626 11.88696 curveto
12.08955 11.93367 12.0262 11.95992 11.96014 11.95992 curveto
11.89409 11.95992 11.83073 11.93367 11.78403 11.88696 curveto
11.73732 11.84026 11.71107 11.7769 11.71107 11.71085 curveto
11.71107 11.64479 11.73732 11.58144 11.78403 11.53473 curveto
11.83073 11.48802 11.89409 11.46178 11.96014 11.46178 curveto
12.0262 11.46178 12.08955 11.48802 12.13626 11.53473 curveto
12.18297 11.58144 12.20921 11.64479 12.20921 11.71085 curveto closepath fill
newpath 14.38097 9.64249 moveto
14.38097 9.70854 14.35472 9.7719 14.30801 9.8186 curveto
14.2613 9.86531 14.19795 9.89156 14.1319 9.89156 curveto
14.06584 9.89156 14.00249 9.86531 13.95578 9.8186 curveto
13.90907 9.7719 13.88283 9.70854 13.88283 9.64249 curveto
13.88283 9.57643 13.90907 9.51308 13.95578 9.46637 curveto
14.00249 9.41966 14.06584 9.39342 14.1319 9.39342 curveto
14.19795 9.39342 14.2613 9.41966 14.30801 9.46637 curveto
14.35472 9.51308 14.38097 9.57643 14.38097 9.64249 curveto closepath fill
newpath 16.75615 7.81392 moveto
16.75615 7.87997 16.7299 7.94333 16.6832 7.99004 curveto
16.63649 8.03674 16.57314 8.06299 16.50708 8.06299 curveto
16.44102 8.06299 16.37767 8.03674 16.33096 7.99004 curveto
16.28426 7.94333 16.25801 7.87997 16.25801 7.81392 curveto
16.25801 7.74786 16.28426 7.68451 16.33096 7.6378 curveto
16.37767 7.5911 16.44102 7.56485 16.50708 7.56485 curveto
16.57314 7.56485 16.63649 7.5911 16.6832 7.6378 curveto
16.7299 7.68451 16.75615 7.74786 16.75615 7.81392 curveto closepath fill
newpath 19.35951 6.33015 moveto
19.35951 6.39621 19.33327 6.45956 19.28656 6.50627 curveto
19.23985 6.55298 19.1765 6.57922 19.11044 6.57922 curveto
19.04439 6.57922 18.98103 6.55298 18.93433 6.50627 curveto
18.88762 6.45956 18.86137 6.39621 18.86137 6.33015 curveto
18.86137 6.2641 18.88762 6.20074 18.93433 6.15404 curveto
18.98103 6.10733 19.04439 6.08109 19.11044 6.08109 curveto
19.1765 6.08109 19.23985 6.10733 19.28656 6.15404 curveto
19.33327 6.20074 19.35951 6.2641 19.35951 6.33015 curveto closepath fill
newpath 22.18408 5.3358 moveto
22.18408 5.40186 22.15784 5.46521 22.11113 5.51192 curveto
22.06442 5.55862 22.00107 5.58487 21.93501 5.58487 curveto
21.86896 5.58487 21.8056 5.55862 21.7589 5.51192 curveto
21.71219 5.46521 21.68594 5.40186 21.68594 5.3358 curveto
21.68594 5.26974 21.71219 5.20639 21.7589 5.15968 curveto
21.8056 5.11298 21.86896 5.08673 21.93501 5.08673 curveto
22.00107 5.08673 22.06442 5.11298 22.11113 5.15968 curveto
22.15784 5.20639 22.18408 5.26974 22.18408 5.3358 curveto closepath fill
newpath 25.15561 4.98131 moveto
25.15561 5.04736 25.12936 5.11072 25.08266 5.15742 curveto
25.03595 5.20413 24.9726 5.23038 24.90654 5.23038 curveto
24.84048 5.23038 24.77713 5.20413 24.73042 5.15742 curveto
24.68372 5.11072 24.65747 5.04736 24.65747 4.98131 curveto
24.65747 4.91525 24.68372 4.8519 24.73042 4.80519 curveto
24.77713 4.75848 24.84048 4.73224 24.90654 4.73224 curveto
24.9726 4.73224 25.03595 4.75848 25.08266 4.80519 curveto
25.12936 4.8519 25.15561 4.91525 25.15561 4.98131 curveto closepath fill
newpath 25.15561 4.98131 moveto
25.15561 5.04736 25.12936 5.11072 25.08266 5.15742 curveto
25.03595 5.20413 24.9726 5.23038 24.90654 5.23038 curveto
24.84048 5.23038 24.77713 5.20413 24.73042 5.15742 curveto
24.68372 5.11072 24.65747 5.04736 24.65747 4.98131 curveto
24.65747 4.91525 24.68372 4.8519 24.73042 4.80519 curveto
24.77713 4.75848 24.84048 4.73224 24.90654 4.73224 curveto
24.9726 4.73224 25.03595 4.75848 25.08266 4.80519 curveto
25.12936 4.8519 25.15561 4.91525 25.15561 4.98131 curveto closepath fill
newpath 28.12755 4.62671 moveto
28.12755 4.69276 28.1013 4.75612 28.0546 4.80283 curveto
28.00789 4.84953 27.94453 4.87578 27.87848 4.87578 curveto
27.81242 4.87578 27.74907 4.84953 27.70236 4.80283 curveto
27.65565 4.75612 27.62941 4.69276 27.62941 4.62671 curveto
27.62941 4.56065 27.65565 4.4973 27.70236 4.45059 curveto
27.74907 4.40388 27.81242 4.37764 27.87848 4.37764 curveto
27.94453 4.37764 28.00789 4.40388 28.0546 4.45059 curveto
28.1013 4.4973 28.12755 4.56065 28.12755 4.62671 curveto closepath fill
newpath 30.9521 3.63228 moveto
30.9521 3.69833 30.92586 3.76169 30.87915 3.8084 curveto
30.83244 3.8551 30.76909 3.88135 30.70303 3.88135 curveto
30.63698 3.88135 30.57362 3.8551 30.52692 3.8084 curveto
30.48021 3.76169 30.45396 3.69833 30.45396 3.63228 curveto
30.45396 3.56622 30.48021 3.50287 30.52692 3.45616 curveto
30.57362 3.40945 30.63698 3.38321 30.70303 3.38321 curveto
30.76909 3.38321 30.83244 3.40945 30.87915 3.45616 curveto
30.92586 3.50287 30.9521 3.56622 30.9521 3.63228 curveto closepath fill
newpath 33.55544 2.14844 moveto
33.55544 2.2145 33.52919 2.27785 33.48248 2.32455 curveto
33.43578 2.37126 33.37242 2.3975 33.30637 2.3975 curveto
33.24031 2.3975 33.17696 2.37126 33.13025 2.32455 curveto
33.08354 2.27785 33.0573 2.2145 33.0573 2.14844 curveto
33.0573 2.08238 33.08354 2.01903 33.13025 1.97232 curveto
33.17696 1.92561 33.24031 1.89937 33.30637 1.89937 curveto
33.37242 1.89937 33.43578 1.92561 33.48248 1.97232 curveto
33.52919 2.01903 33.55544 2.08238 33.55544 2.14844 curveto closepath fill
newpath 35.93066 0.31976 moveto
35.93066 0.38582 35.90442 0.44917 35.85771 0.49588 curveto
35.811 0.54259 35.74765 0.56883 35.6816 0.56883 curveto
35.61554 0.56883 35.55219 0.54259 35.50548 0.49588 curveto
35.45877 0.44917 35.43253 0.38582 35.43253 0.31976 curveto
35.43253 0.25371 35.45877 0.19035 35.50548 0.14365 curveto
35.55219 0.09694 35.61554 0.0707 35.6816 0.0707 curveto
35.74765 0.0707 35.811 0.09694 35.85771 0.14365 curveto
35.90442 0.19035 35.93066 0.25371 35.93066 0.31976 curveto closepath fill
newpath 38.10219 -1.74837 moveto
38.10219 -1.68231 38.07594 -1.61896 38.02924 -1.57225 curveto
37.98253 -1.52554 37.91917 -1.4993 37.85312 -1.4993 curveto
37.78706 -1.4993 37.72371 -1.52554 37.677 -1.57225 curveto
37.6303 -1.61896 37.60405 -1.68231 37.60405 -1.74837 curveto
37.60405 -1.81442 37.6303 -1.87778 37.677 -1.92448 curveto
37.72371 -1.97119 37.78706 -1.99744 37.85312 -1.99744 curveto
37.91917 -1.99744 37.98253 -1.97119 38.02924 -1.92448 curveto
38.07594 -1.87778 38.10219 -1.81442 38.10219 -1.74837 curveto closepath fill
newpath 40.09953 -3.98506 moveto
40.09953 -3.919 40.07329 -3.85565 40.02658 -3.80894 curveto
39.97987 -3.76224 39.91652 -3.736 39.85046 -3.736 curveto
39.78441 -3.736 39.72105 -3.76224 39.67435 -3.80894 curveto
39.62764 -3.85565 39.6014 -3.919 39.6014 -3.98506 curveto
39.6014 -4.05112 39.62764 -4.11447 39.67435 -4.16118 curveto
39.72105 -4.20789 39.78441 -4.23413 39.85046 -4.23413 curveto
39.91652 -4.23413 39.97987 -4.20789 40.02658 -4.16118 curveto
40.07329 -4.11447 40.09953 -4.05112 40.09953 -3.98506 curveto closepath fill
newpath 39.85046 -3.98506 moveto
40.34862 -4.59283 lineto
40.84679 -5.2205 lineto
41.3448 -5.86787 lineto
41.84296 -6.53546 lineto
42.34113 -7.22289 lineto
42.83928 -7.9303 lineto
43.33743 -8.65762 lineto
43.83545 -9.40463 lineto
44.33362 -10.1718 lineto
44.83177 -10.95886 lineto
45.32993 -11.76593 lineto
45.8281 -12.59282 lineto
46.32611 -13.43948 lineto
46.82426 -14.30629 lineto
47.32243 -15.19301 lineto
47.82059 -16.09964 lineto
48.31874 -17.02626 lineto
48.81676 -17.97241 lineto
49.31493 -18.93887 lineto
49.81308 -19.92523 lineto stroke
newpath 49.81346 -16.58368 moveto
49.28745 -17.6354 49.28731 -18.8734 49.81308 -19.92523 curveto
49.28731 -18.8734 48.297 -18.1305 47.14006 -17.92001 curveto stroke
showpage
%%EOF
