%!PS
%%BoundingBox: -1 -1 120 61 
%%HiResBoundingBox: -0.24907 -0.24907 119.80046 60.02477 
%%Creator: MetaPost 2.000
%%CreationDate: 2017.07.18:1022
%%Pages: 1
%%BeginProlog
%%EndProlog
%%Page: 1 1
 0 0 0 setrgbcolor 0 0.49814 dtransform truncate idtransform setlinewidth pop [] 0 setdash 1 setlinecap
 1 setlinejoin 10 setmiterlimit
newpath 0 9.96262 moveto
119.55139 9.96262 lineto stroke
newpath 114.57008 12.45328 moveto
115.74602 10.88536 117.5915 9.96262 119.55139 9.96262 curveto
117.5915 9.96262 115.74602 9.03987 114.57008 7.47195 curveto stroke
 0.49814 0 dtransform exch truncate exch idtransform pop setlinewidth
newpath 59.7757 0 moveto
59.7757 59.7757 lineto stroke
 0 0.49814 dtransform truncate idtransform setlinewidth pop
newpath 57.28503 54.79439 moveto
58.85295 55.97032 59.7757 57.81581 59.7757 59.7757 curveto
59.7757 57.81581 60.69844 55.97032 62.26636 54.79439 curveto stroke
newpath 19.92523 11.95514 moveto
19.39676 11.95514 18.89 11.74518 18.51633 11.37152 curveto
18.14267 10.99785 17.93271 10.49109 17.93271 9.96262 curveto
17.93271 9.43414 18.14267 8.92738 18.51633 8.55371 curveto
18.89 8.18005 19.39676 7.9701 19.92523 7.9701 curveto
20.4537 7.9701 20.96046 8.18005 21.33414 8.55371 curveto
21.7078 8.92738 21.91776 9.43414 21.91776 9.96262 curveto
21.91776 10.49109 21.7078 10.99785 21.33414 11.37152 curveto
20.96046 11.74518 20.4537 11.95514 19.92523 11.95514 curveto closepath fill
newpath 59.7757 11.95514 moveto
59.24722 11.95514 58.74046 11.74518 58.36679 11.37152 curveto
57.99313 10.99785 57.78317 10.49109 57.78317 9.96262 curveto
57.78317 9.43414 57.99313 8.92738 58.36679 8.55371 curveto
58.74046 8.18005 59.24722 7.9701 59.7757 7.9701 curveto
60.30417 7.9701 60.81093 8.18005 61.1846 8.55371 curveto
61.55826 8.92738 61.76822 9.43414 61.76822 9.96262 curveto
61.76822 10.49109 61.55826 10.99785 61.1846 11.37152 curveto
60.81093 11.74518 60.30417 11.95514 59.7757 11.95514 curveto closepath fill
newpath 99.62616 11.95514 moveto
99.09769 11.95514 98.59093 11.74518 98.21725 11.37152 curveto
97.8436 10.99785 97.63364 10.49109 97.63364 9.96262 curveto
97.63364 9.43414 97.8436 8.92738 98.21725 8.55371 curveto
98.59093 8.18005 99.09769 7.9701 99.62616 7.9701 curveto
100.15463 7.9701 100.66139 8.18005 101.03506 8.55371 curveto
101.40872 8.92738 101.61868 9.43414 101.61868 9.96262 curveto
101.61868 10.49109 101.40872 10.99785 101.03506 11.37152 curveto
100.66139 11.74518 100.15463 11.95514 99.62616 11.95514 curveto closepath fill
 0.49814 0 dtransform exch truncate exch idtransform pop setlinewidth
newpath 19.92523 7.9701 moveto
19.92523 11.95514 lineto stroke
newpath 39.85046 7.9701 moveto
39.85046 11.95514 lineto stroke
newpath 59.7757 7.9701 moveto
59.7757 11.95514 lineto stroke
newpath 79.70093 7.9701 moveto
79.70093 11.95514 lineto stroke
newpath 99.62616 7.9701 moveto
99.62616 11.95514 lineto stroke
 0 1.24533 dtransform truncate idtransform setlinewidth pop
newpath 10.95894 57.922 moveto
11.47185 50.43681 12.13586 42.95451 12.95067 35.47601 curveto
13.46419 30.76225 14.08989 26.05122 14.94392 21.3498 curveto
15.41913 18.73265 16.00258 16.11917 16.93596 13.5329 curveto
17.33911 12.41557 17.74652 11.27803 18.92921 10.30632 curveto
19.33905 9.96945 20.31044 9.96262 20.92094 10.25844 curveto
22.00027 10.78154 22.36664 11.54132 22.9142 12.23756 curveto
23.7062 13.24483 24.2787 14.29025 24.90623 15.32594 curveto
25.60765 16.48386 26.22392 17.65424 26.89949 18.81612 curveto
27.55225 19.93861 28.17917 21.06491 28.89122 22.17828 curveto
29.5081 23.14253 30.13503 24.10587 30.88448 25.04655 curveto
31.4664 25.77669 32.0839 26.50136 32.87651 27.18042 curveto
33.4256 27.65076 34.03458 28.1097 34.86977 28.46025 curveto
35.43527 28.69771 36.1239 28.86356 36.8615 28.85336 curveto
37.61064 28.84303 38.27586 28.64343 38.85475 28.40553 curveto
39.65892 28.07504 40.26881 27.64787 40.84679 27.21568 curveto
41.60687 26.6473 42.23166 26.03801 42.84004 25.42583 curveto
43.56181 24.6995 44.19756 23.95308 44.83177 23.20668 curveto
45.52588 22.38959 46.1668 21.5617 46.8235 20.737 curveto
47.49512 19.89377 48.13968 19.0452 48.81706 18.20317 curveto
49.4683 17.39384 50.11134 16.58267 50.80879 15.78291 curveto
51.44028 15.0587 52.08179 14.33646 52.80205 13.63322 curveto
53.41194 13.03778 54.04677 12.44795 54.79378 11.89278 curveto
55.38208 11.45558 56.01448 11.03099 56.78734 10.67223 curveto
57.36987 10.4018 58.02051 10.16298 58.77907 10.04303 curveto
59.42758 9.94057 60.12381 9.93997 60.77232 10.04242 curveto
61.53119 10.16237 62.18152 10.4018 62.76405 10.67238 curveto
63.5366 11.03114 64.16931 11.45573 64.75761 11.89278 curveto
65.50462 12.4478 66.13945 13.03763 66.74934 13.63292 curveto
67.4696 14.33615 68.11142 15.0584 68.7426 15.78261 curveto
69.44005 16.58252 70.08308 17.39398 70.73433 18.20363 curveto
71.41142 19.0455 72.05627 19.89362 72.72789 20.73654 curveto
73.3849 21.56125 74.02551 22.38928 74.71962 23.20638 curveto
75.35384 23.95308 75.98927 24.6998 76.71135 25.42628 curveto
77.31973 26.03847 77.94452 26.6479 78.7046 27.2163 curveto
79.28258 27.64833 79.89278 28.0752 80.69664 28.40553 curveto
81.27583 28.64343 81.94075 28.84364 82.6899 28.85382 curveto
83.42778 28.86386 84.11612 28.6974 84.68163 28.4598 curveto
85.51651 28.10909 86.12549 27.65015 86.67488 27.17981 curveto
87.4675 26.5012 88.0853 25.77715 88.66692 25.0473 curveto
89.41667 24.10632 90.04298 23.14253 90.66017 22.17783 curveto
91.37192 21.06476 91.99945 19.93892 92.6519 18.81688 curveto
93.32777 17.65485 93.94344 16.48431 94.64516 15.32625 curveto
95.27238 14.29071 95.84518 13.24559 96.63719 12.23846 curveto
97.18475 11.54208 97.55112 10.78229 98.63045 10.25905 curveto
99.24065 9.96323 100.21234 9.96991 100.62218 10.30678 curveto
101.80487 11.27863 102.21228 12.41649 102.61543 13.53381 curveto
103.54881 16.11978 104.13226 18.7328 104.60747 21.34949 curveto
105.4615 26.05078 106.0872 30.76149 106.60072 35.4751 curveto
107.41553 42.95421 108.07954 50.43727 108.59245 57.92307 curveto stroke
newpath 106.89723 55.04341 moveto
107.88402 55.683 108.51207 56.74988 108.59245 57.92307 curveto
108.51207 56.74988 108.98872 55.60732 109.87904 54.8391 curveto stroke
newpath 9.67235 54.83803 moveto
10.56267 55.60625 11.03932 56.74881 10.95894 57.922 curveto
11.03932 56.74881 11.66737 55.68193 12.65416 55.04234 curveto stroke
showpage
%%EOF
