%!PS
%%BoundingBox: -1 -1 106 111 
%%HiResBoundingBox: -0.74721 -0.24907 105.35469 110.3369 
%%Creator: MetaPost 2.000
%%CreationDate: 2017.07.18:1022
%%Pages: 1
%%BeginProlog
%%EndProlog
%%Page: 1 1
 0 0 0 setrgbcolor 0 0.49814 dtransform truncate idtransform setlinewidth pop [] 0 setdash 1 setlinecap
 1 setlinejoin 10 setmiterlimit
newpath 0 9.96262 moveto
104.60748 9.96262 lineto stroke
newpath 99.62617 12.45328 moveto
100.80211 10.88536 102.6476 9.96262 104.60748 9.96262 curveto
102.6476 9.96262 100.80211 9.03987 99.62617 7.47195 curveto stroke
 0.49814 0 dtransform exch truncate exch idtransform pop setlinewidth
newpath 52.30374 0 moveto
52.30374 109.58878 lineto stroke
 0 0.49814 dtransform truncate idtransform setlinewidth pop
newpath 49.81308 104.60747 moveto
51.381 105.7834 52.30374 107.62889 52.30374 109.58878 curveto
52.30374 107.62889 53.22649 105.7834 54.7944 104.60747 curveto stroke
newpath 5.04668 109.58969 moveto
5.53876 107.51419 6.03859 105.43945 6.54665 103.36563 curveto
7.03894 101.35551 7.53902 99.34615 8.04773 97.33784 curveto
8.53958 95.39612 9.0392 93.45532 9.5477 91.51543 curveto
10.0391 89.6406 10.53893 87.76666 11.04765 85.89381 curveto
11.53882 84.08603 12.03842 82.2793 12.54738 80.47363 curveto
13.03877 78.73091 13.53883 76.98924 14.0487 75.2488 curveto
14.53918 73.57448 15.03879 71.90121 15.54866 70.22948 curveto
16.03868 68.6222 16.53828 67.01628 17.04839 65.41174 curveto
17.5382 63.87105 18.0378 62.33171 18.54834 60.79391 curveto
19.03815 59.31857 19.53821 57.84477 20.04967 56.37279 curveto
20.53856 54.96587 21.03793 53.56061 21.5494 52.1572 curveto
22.03783 50.81685 22.53743 49.47833 23.04935 48.1418 curveto
23.53732 46.86835 24.03647 45.59673 24.54907 44.32753 curveto
25.03682 43.1196 25.53667 41.91365 26.0504 40.71043 curveto
26.53723 39.57014 27.03639 38.43214 27.55035 37.29718 curveto
28.03651 36.22379 28.53543 35.15282 29.0501 34.08536 curveto
29.53555 33.07823 30.03447 32.07416 30.55005 31.07373 curveto
31.03505 30.1323 31.53467 29.1942 32.05136 28.26035 curveto
32.53502 27.38625 33.03394 26.5161 33.5511 25.65067 curveto
34.03383 24.84285 34.53275 24.03928 35.05106 23.24135 curveto
35.53287 22.4998 36.03134 21.76297 36.55101 21.03284 curveto
37.03215 20.35681 37.53084 19.68626 38.05211 19.02362 curveto
38.53165 18.41388 39.02988 17.81067 39.55206 17.21658 curveto
40.03046 16.67236 40.5287 16.1359 41.05202 15.61052 curveto
41.52928 15.13152 42.02705 14.66177 42.55174 14.20528 curveto
43.02855 13.79042 43.52701 13.38681 44.05307 12.99947 curveto
44.52896 12.64922 45.02696 12.3125 45.55302 11.9957 curveto
46.02914 11.70885 46.5276 11.4387 47.05275 11.19273 curveto
47.53093 10.96867 48.0303 10.76512 48.5527 10.5903 curveto
49.03568 10.4287 49.53664 10.29219 50.05403 10.18835 curveto
50.54338 10.09016 51.04526 10.02174 51.55376 9.9877 curveto
52.05246 9.95425 52.55502 9.95425 53.05373 9.9877 curveto
53.56223 10.02174 54.0641 10.09016 54.55345 10.18835 curveto
55.07085 10.29219 55.57181 10.4287 56.05478 10.5903 curveto
56.57718 10.76512 57.07655 10.96867 57.55473 11.19273 curveto
58.07988 11.4387 58.57834 11.70885 59.05446 11.9957 curveto
59.58052 12.3125 60.07852 12.64922 60.55441 12.99947 curveto
61.08047 13.38681 61.57893 13.79042 62.05574 14.20528 curveto
62.58043 14.66177 63.0782 15.13152 63.55547 15.61052 curveto
64.07878 16.1359 64.57703 16.67236 65.05542 17.21658 curveto
65.5776 17.81067 66.07584 18.41388 66.55537 19.02362 curveto
67.07664 19.68626 67.57533 20.35681 68.05647 21.03284 curveto
68.57614 21.76297 69.07462 22.4998 69.55643 23.24135 curveto
70.07474 24.03928 70.57365 24.84285 71.05638 25.65067 curveto
71.57355 26.5161 72.07246 27.38625 72.55612 28.26035 curveto
73.07281 29.1942 73.57243 30.1323 74.05743 31.07373 curveto
74.57301 32.07416 75.07193 33.07823 75.55739 34.08536 curveto
76.07205 35.15282 76.57097 36.22379 77.05713 37.29718 curveto
77.57109 38.43214 78.07025 39.57014 78.55708 40.71043 curveto
79.07082 41.91365 79.57066 43.1196 80.05841 44.32753 curveto
80.57101 45.59673 81.07016 46.86835 81.55814 48.1418 curveto
82.07005 49.47833 82.56966 50.81685 83.05809 52.1572 curveto
83.56955 53.56061 84.06892 54.96587 84.55782 56.37279 curveto
85.06927 57.84477 85.56934 59.31857 86.05914 60.79391 curveto
86.56969 62.33171 87.06929 63.87105 87.5591 65.41174 curveto
88.0692 67.01628 88.5688 68.6222 89.05882 70.22948 curveto
89.5687 71.90121 90.0683 73.57448 90.55878 75.2488 curveto
91.06865 76.98924 91.56871 78.73091 92.0601 80.47363 curveto
92.56906 82.2793 93.06866 84.08603 93.55983 85.89381 curveto
94.06856 87.76666 94.56839 89.6406 95.05978 91.51543 curveto
95.56828 93.45532 96.0679 95.39612 96.55975 97.33784 curveto
97.06847 99.34615 97.56854 101.35551 98.06084 103.36563 curveto
98.5689 105.43945 99.06873 107.51419 99.5608 109.58969 curveto stroke
 0 1.4944 dtransform truncate idtransform setlinewidth pop
newpath 5.04668 109.58969 moveto
5.52167 107.58595 6.00417 105.58296 6.49397 103.58089 curveto
6.96918 101.63887 7.45145 99.69745 7.9417 97.75711 curveto
8.41646 95.87787 8.89873 93.99939 9.38899 92.12196 curveto
9.86351 90.30505 10.34578 88.48906 10.83627 86.67397 curveto
11.31079 84.91862 11.79306 83.16434 12.28401 81.41096 curveto
12.75807 79.71857 13.24013 78.02707 13.7313 76.33678 curveto
14.2049 74.70639 14.68718 73.07722 15.17857 71.44926 curveto
15.65218 69.88075 16.13446 68.31345 16.62631 66.74738 curveto
17.09946 65.24149 17.58151 63.73682 18.0736 62.23367 curveto
18.5463 60.78996 19.02834 59.34776 19.52087 57.9071 curveto
19.99335 56.5251 20.47539 55.14479 20.96861 53.76599 curveto
21.4404 52.44662 21.9229 51.12894 22.4159 49.81308 curveto stroke
newpath 4.28198 106.33678 moveto
5.03462 107.2403 5.31793 108.44547 5.04668 109.58969 curveto
5.31793 108.44547 6.11208 107.49573 7.19019 107.0262 curveto stroke
newpath 82.19159 49.81308 moveto
82.68459 51.12894 83.16708 52.44662 83.63887 53.76599 curveto
84.1321 55.14479 84.61414 56.5251 85.08661 57.9071 curveto
85.57915 59.34776 86.06119 60.78996 86.53389 62.23367 curveto
87.02597 63.73682 87.50803 65.24149 87.98117 66.74738 curveto
88.47302 68.31345 88.9553 69.88075 89.42891 71.44926 curveto
89.9203 73.07722 90.40259 74.70639 90.87619 76.33678 curveto
91.36736 78.02707 91.84941 79.71857 92.32347 81.41096 curveto
92.81442 83.16434 93.29669 84.91862 93.77121 86.67397 curveto
94.2617 88.48906 94.74397 90.30505 95.21849 92.12196 curveto
95.70876 93.99939 96.19102 95.87787 96.66579 97.75711 curveto
97.15604 99.69745 97.6383 101.63887 98.11351 103.58089 curveto
98.60332 105.58296 99.08582 107.58595 99.5608 109.58969 curveto stroke
newpath 97.4173 107.0262 moveto
98.4954 107.49573 99.28955 108.44547 99.5608 109.58969 curveto
99.28955 108.44547 99.57286 107.2403 100.3255 106.33678 curveto stroke
newpath 22.4159 9.96262 moveto
0 9.96262 lineto stroke
newpath 2.98878 8.46822 moveto
2.28323 9.40897 1.17593 9.96262 0 9.96262 curveto
1.17593 9.96262 2.28323 10.51627 2.98878 11.45702 curveto stroke
newpath 82.19159 9.96262 moveto
104.60748 9.96262 lineto stroke
newpath 101.6187 11.45702 moveto
102.32425 10.51627 103.43155 9.96262 104.60748 9.96262 curveto
103.43155 9.96262 102.32425 9.40897 101.6187 8.46822 curveto stroke
showpage
%%EOF
