%!PS
%%BoundingBox: -3 -1 100 61 
%%HiResBoundingBox: -2.73973 -0.6165 99.87523 60.02477 
%%Creator: MetaPost 2.000
%%CreationDate: 2017.07.18:1022
%%Pages: 1
%%BeginProlog
%%EndProlog
%%Page: 1 1
 0 0 0 setrgbcolor 0 0.49814 dtransform truncate idtransform setlinewidth pop [] 0 setdash 1 setlinecap
 1 setlinejoin 10 setmiterlimit
newpath 0 9.96262 moveto
99.62616 9.96262 lineto stroke
newpath 94.64485 12.45328 moveto
95.82079 10.88536 97.66628 9.96262 99.62616 9.96262 curveto
97.66628 9.96262 95.82079 9.03987 94.64485 7.47195 curveto stroke
 0.49814 0 dtransform exch truncate exch idtransform pop setlinewidth
newpath 0 0 moveto
0 59.7757 lineto stroke
 0 0.49814 dtransform truncate idtransform setlinewidth pop
newpath -2.49066 54.79439 moveto
-0.92274 55.97032 0 57.81581 0 59.7757 curveto
0 57.81581 0.92274 55.97032 2.49066 54.79439 curveto stroke
newpath 19.92523 11.95514 moveto
19.39676 11.95514 18.89 11.74518 18.51633 11.37152 curveto
18.14267 10.99785 17.93271 10.49109 17.93271 9.96262 curveto
17.93271 9.43414 18.14267 8.92738 18.51633 8.55371 curveto
18.89 8.18005 19.39676 7.9701 19.92523 7.9701 curveto
20.4537 7.9701 20.96046 8.18005 21.33414 8.55371 curveto
21.7078 8.92738 21.91776 9.43414 21.91776 9.96262 curveto
21.91776 10.49109 21.7078 10.99785 21.33414 11.37152 curveto
20.96046 11.74518 20.4537 11.95514 19.92523 11.95514 curveto closepath fill
newpath 39.85046 11.95514 moveto
39.32199 11.95514 38.81523 11.74518 38.44156 11.37152 curveto
38.0679 10.99785 37.85794 10.49109 37.85794 9.96262 curveto
37.85794 9.43414 38.0679 8.92738 38.44156 8.55371 curveto
38.81523 8.18005 39.32199 7.9701 39.85046 7.9701 curveto
40.37894 7.9701 40.8857 8.18005 41.25937 8.55371 curveto
41.63303 8.92738 41.84299 9.43414 41.84299 9.96262 curveto
41.84299 10.49109 41.63303 10.99785 41.25937 11.37152 curveto
40.8857 11.74518 40.37894 11.95514 39.85046 11.95514 curveto closepath fill
newpath 59.7757 11.95514 moveto
59.24722 11.95514 58.74046 11.74518 58.36679 11.37152 curveto
57.99313 10.99785 57.78317 10.49109 57.78317 9.96262 curveto
57.78317 9.43414 57.99313 8.92738 58.36679 8.55371 curveto
58.74046 8.18005 59.24722 7.9701 59.7757 7.9701 curveto
60.30417 7.9701 60.81093 8.18005 61.1846 8.55371 curveto
61.55826 8.92738 61.76822 9.43414 61.76822 9.96262 curveto
61.76822 10.49109 61.55826 10.99785 61.1846 11.37152 curveto
60.81093 11.74518 60.30417 11.95514 59.7757 11.95514 curveto closepath fill
newpath 79.70093 11.95514 moveto
79.17245 11.95514 78.6657 11.74518 78.29202 11.37152 curveto
77.91837 10.99785 77.7084 10.49109 77.7084 9.96262 curveto
77.7084 9.43414 77.91837 8.92738 78.29202 8.55371 curveto
78.6657 8.18005 79.17245 7.9701 79.70093 7.9701 curveto
80.2294 7.9701 80.73616 8.18005 81.10983 8.55371 curveto
81.48349 8.92738 81.69345 9.43414 81.69345 9.96262 curveto
81.69345 10.49109 81.48349 10.99785 81.10983 11.37152 curveto
80.73616 11.74518 80.2294 11.95514 79.70093 11.95514 curveto closepath fill
 0.49814 0 dtransform exch truncate exch idtransform pop setlinewidth
newpath 19.92523 7.9701 moveto
19.92523 11.95514 lineto stroke
newpath 39.85046 7.9701 moveto
39.85046 11.95514 lineto stroke
newpath 59.7757 7.9701 moveto
59.7757 11.95514 lineto stroke
newpath 79.70093 7.9701 moveto
79.70093 11.95514 lineto stroke
 0 1.24533 dtransform truncate idtransform setlinewidth pop
newpath 11.95526 55.48592 moveto
12.54175 50.13794 13.20605 44.79195 13.94821 39.44884 curveto
14.5344 35.22868 15.18867 31.0108 15.93994 26.79703 curveto
16.517 23.55905 17.16855 20.32428 17.93289 17.09604 curveto
18.49779 14.71088 19.14386 12.3306 19.92584 9.96078 curveto
20.4728 8.30334 21.10854 6.6529 21.91757 5.02235 curveto
22.44022 3.96918 23.05771 2.92664 23.91052 1.9285 curveto
24.40215 1.35326 24.99866 0.79338 25.90225 0.35968 curveto
26.43584 0.10353 27.16278 -0.03253 27.8952 0.01581 curveto
28.68813 0.0681 29.3117 0.346 29.88815 0.62267 curveto
30.68138 1.00331 31.28429 1.46696 31.88019 1.92834 curveto
32.6184 2.49977 33.245 3.10435 33.87314 3.70755 curveto
34.57454 4.381 35.21301 5.06993 35.86609 5.75539 curveto
36.54166 6.46454 37.1856 7.18115 37.85782 7.89107 curveto
38.51363 8.58382 39.1597 9.27884 39.85077 9.96292 curveto
40.48833 10.59425 41.13379 11.2239 41.8425 11.83607 curveto
42.46364 12.3727 43.10759 12.9034 43.83545 13.4055 curveto
44.44109 13.82341 45.08382 14.22884 45.8284 14.58638 curveto
46.42613 14.87338 47.07585 15.13547 47.82013 15.3185 curveto
48.44249 15.47157 49.11928 15.56659 49.81308 15.56659 curveto
50.50688 15.56659 51.18367 15.47157 51.80603 15.3185 curveto
52.55 15.13547 53.20003 14.87354 53.79776 14.58653 curveto
54.54234 14.22899 55.18507 13.82356 55.79071 13.40565 curveto
56.51857 12.9034 57.16252 12.37285 57.78366 11.83607 curveto
58.49237 11.2239 59.13753 10.59425 59.77539 9.96292 curveto
60.46646 9.27884 61.11253 8.58382 61.76834 7.89122 curveto
62.44087 7.18115 63.0845 6.46439 63.76007 5.75508 curveto
64.41284 5.06963 65.05162 4.38069 65.75302 3.70724 curveto
66.38116 3.1042 67.00807 2.49992 67.74597 1.92865 curveto
68.34187 1.46727 68.94478 1.00346 69.738 0.62282 curveto
70.31445 0.34615 70.93803 0.06825 71.73096 0.01596 curveto
72.46338 -0.03238 73.19002 0.10368 73.7239 0.35983 curveto
74.6275 0.79353 75.22401 1.35326 75.71564 1.9285 curveto
76.56876 2.92664 77.18594 3.96933 77.70859 5.0225 curveto
78.51732 6.65305 79.15337 8.30334 79.70032 9.96078 curveto
80.4823 12.3306 81.12837 14.71088 81.69327 17.09604 curveto
82.45761 20.32428 83.10916 23.5589 83.68622 26.79688 curveto
84.43748 31.01065 85.09177 35.22868 85.67795 39.44899 curveto
86.4201 44.7924 87.08441 50.1384 87.6709 55.48668 curveto stroke
newpath 85.8596 52.67863 moveto
86.87166 53.27742 87.54271 54.31776 87.6709 55.48668 curveto
87.54271 54.31776 87.97237 53.15672 88.83058 52.35283 curveto stroke
newpath 10.79558 52.35207 moveto
11.6538 53.15596 12.08345 54.317 11.95526 55.48592 curveto
12.08345 54.317 12.7545 53.27666 13.76656 52.67787 curveto stroke
showpage
%%EOF
