%!PS
%%BoundingBox: -1 -1 120 80 
%%HiResBoundingBox: -0.89948 -0.24907 119.80046 79.95 
%%Creator: MetaPost 2.000
%%CreationDate: 2017.07.18:1022
%%Pages: 1
%%BeginProlog
%%EndProlog
%%Page: 1 1
 0 0 0 setrgbcolor 0 0.49814 dtransform truncate idtransform setlinewidth pop [] 0 setdash 1 setlinecap
 1 setlinejoin 10 setmiterlimit
newpath 0 19.92523 moveto
119.55139 19.92523 lineto stroke
newpath 114.57008 22.4159 moveto
115.74602 20.84798 117.5915 19.92523 119.55139 19.92523 curveto
117.5915 19.92523 115.74602 19.00249 114.57008 17.43457 curveto stroke
 0.49814 0 dtransform exch truncate exch idtransform pop setlinewidth
newpath 59.7757 0 moveto
59.7757 79.70093 lineto stroke
 0 0.49814 dtransform truncate idtransform setlinewidth pop
newpath 57.28503 74.71962 moveto
58.85295 75.89555 59.7757 77.74104 59.7757 79.70093 curveto
59.7757 77.74104 60.69844 75.89555 62.26636 74.71962 curveto stroke
newpath 9.96262 21.91776 moveto
9.43414 21.91776 8.92738 21.7078 8.55371 21.33414 curveto
8.18005 20.96046 7.9701 20.4537 7.9701 19.92523 curveto
7.9701 19.39676 8.18005 18.89 8.55371 18.51633 curveto
8.92738 18.14267 9.43414 17.93271 9.96262 17.93271 curveto
10.49109 17.93271 10.99785 18.14267 11.37152 18.51633 curveto
11.74518 18.89 11.95514 19.39676 11.95514 19.92523 curveto
11.95514 20.4537 11.74518 20.96046 11.37152 21.33414 curveto
10.99785 21.7078 10.49109 21.91776 9.96262 21.91776 curveto closepath fill
newpath 89.66354 21.91776 moveto
89.13507 21.91776 88.62831 21.7078 88.25464 21.33414 curveto
87.88098 20.96046 87.67102 20.4537 87.67102 19.92523 curveto
87.67102 19.39676 87.88098 18.89 88.25464 18.51633 curveto
88.62831 18.14267 89.13507 17.93271 89.66354 17.93271 curveto
90.19202 17.93271 90.69878 18.14267 91.07245 18.51633 curveto
91.4461 18.89 91.65607 19.39676 91.65607 19.92523 curveto
91.65607 20.4537 91.4461 20.96046 91.07245 21.33414 curveto
90.69878 21.7078 90.19202 21.91776 89.66354 21.91776 curveto closepath fill
 0.49814 0 dtransform exch truncate exch idtransform pop setlinewidth
newpath 9.96262 17.93271 moveto
9.96262 21.91776 lineto stroke
newpath 19.92523 17.93271 moveto
19.92523 21.91776 lineto stroke
newpath 29.88785 17.93271 moveto
29.88785 21.91776 lineto stroke
newpath 39.85046 17.93271 moveto
39.85046 21.91776 lineto stroke
newpath 49.81308 17.93271 moveto
49.81308 21.91776 lineto stroke
newpath 59.7757 17.93271 moveto
59.7757 21.91776 lineto stroke
newpath 69.73831 17.93271 moveto
69.73831 21.91776 lineto stroke
newpath 79.70093 17.93271 moveto
79.70093 21.91776 lineto stroke
newpath 89.66354 17.93271 moveto
89.66354 21.91776 lineto stroke
newpath 99.62616 17.93271 moveto
99.62616 21.91776 lineto stroke
newpath 109.58878 17.93271 moveto
109.58878 21.91776 lineto stroke
 0 1.24533 dtransform truncate idtransform setlinewidth pop
newpath 0.99632 70.55525 moveto
1.29823 66.4137 1.63039 62.28125 1.9928 58.15915 curveto
2.29486 54.72385 2.62413 51.2983 2.98927 47.88763 curveto
3.28874 45.0893 3.61755 42.30373 3.98575 39.53822 curveto
4.28233 37.31177 4.61023 35.10205 4.98222 32.9212 curveto
5.27486 31.20584 5.60124 29.51358 5.97702 27.8642 curveto
6.26677 26.5924 6.59285 25.35378 6.9735 24.18172 curveto
7.26141 23.29515 7.58856 22.45967 7.96997 21.72725 curveto
8.26291 21.16447 8.59613 20.68866 8.96645 20.35393 curveto
9.27945 20.07086 9.6195 19.93222 9.96292 19.92523 curveto
10.3042 19.91824 10.6394 20.07695 10.9594 20.31378 curveto
11.31572 20.5777 11.64378 20.96808 11.95587 21.40102 curveto
12.31326 21.8969 12.63934 22.47517 12.95235 23.07898 curveto
13.30502 23.75941 13.63126 24.49214 13.94699 25.2416 curveto
14.29572 26.06947 14.62347 26.93141 14.94347 27.8046 curveto
15.28824 28.74498 15.61661 29.70877 15.93994 30.67924 curveto
16.28122 31.70384 16.61034 32.74396 16.93642 33.78801 curveto
17.27481 34.87128 17.60439 35.9655 17.93289 37.06094 curveto
18.26869 38.18071 18.59872 39.30746 18.92937 40.4333 curveto
19.26305 41.56947 19.59338 42.70992 19.92584 43.84761 curveto
20.25769 44.98288 20.58818 46.11996 20.92232 47.2525 curveto
21.25189 48.36983 21.58192 49.48654 21.91711 50.59718 curveto
22.24577 51.68654 22.57657 52.77316 22.91359 53.85219 curveto
23.24089 54.89958 23.57167 55.94273 23.91006 56.97614 curveto
24.23615 57.97186 24.56708 58.96149 24.90654 59.93896 curveto
25.2314 60.87479 25.56235 61.8021 25.90302 62.7151 curveto
26.22696 63.58344 26.55806 64.44142 26.89949 65.28238 curveto
27.22252 66.07803 27.55362 66.86032 27.89597 67.62314 curveto
28.21825 68.34157 28.54964 69.0439 28.89244 69.72342 curveto
29.2138 70.36067 29.54459 70.97847 29.88708 71.57013 curveto
30.20891 72.1262 30.5406 72.65948 30.88356 73.16235 curveto
31.20584 73.63483 31.53754 74.08023 31.88004 74.4919 curveto
32.20308 74.88016 32.53523 75.2377 32.87651 75.55754 curveto
33.20107 75.86157 33.53352 76.13095 33.87299 76.3602 curveto
34.19952 76.58061 34.53214 76.76213 34.86946 76.9029 curveto
35.19827 77.04001 35.53119 77.13579 35.86594 77.19112 curveto
36.19733 77.24585 36.5301 77.2577 36.86241 77.23155 curveto
37.19563 77.20541 37.52779 77.1373 37.85721 77.03424 curveto
38.19302 76.92905 38.52533 76.78432 38.85368 76.60829 curveto
39.19101 76.42738 39.52303 76.20999 39.85016 75.96526 curveto
40.1884 75.7123 40.52025 75.4265 40.84663 75.1179 curveto
41.18533 74.79776 41.51703 74.44873 41.84311 74.08023 curveto
42.18181 73.69745 42.51335 73.28975 42.83958 72.86592 curveto
43.17798 72.42598 43.50952 71.96506 43.83606 71.49046 curveto
44.17415 70.99884 44.50554 70.48958 44.83253 69.96877 curveto
45.17017 69.43153 45.5014 68.8788 45.82901 68.31725 curveto
46.16527 67.7408 46.49622 67.15128 46.82365 66.55476 curveto
47.15991 65.94243 47.49132 65.31947 47.82013 64.69102 curveto
48.15579 64.04951 48.48718 63.39919 48.8166 62.7449 curveto
49.1515 62.07967 49.48305 61.40715 49.81308 60.7322 curveto
50.14737 60.04842 50.47891 59.35916 50.80956 58.6684 curveto
51.14323 57.97125 51.47478 57.27045 51.80603 56.56874 curveto
52.1391 55.86337 52.47064 55.15497 52.8025 54.44748 curveto
53.79898 52.31924 lineto
54.13037 51.61266 54.46147 50.90547 54.79378 50.20073 curveto
55.12518 49.4981 55.45673 48.79578 55.79025 48.0971 curveto
56.12105 47.4039 56.4529 46.71223 56.78673 46.02481 curveto
57.11722 45.34468 57.44891 44.66669 57.7832 43.99416 curveto
58.11324 43.33014 58.44493 42.66978 58.77968 42.0155 curveto
59.10925 41.37125 59.4411 40.73155 59.77615 40.09856 curveto
60.10542 39.4768 60.43727 38.86023 60.77263 38.25154 curveto
61.1016 37.65442 61.43344 37.06367 61.7691 36.48175 curveto
62.0973 35.9129 62.42856 35.35104 62.76375 34.79892 curveto
63.09225 34.25743 63.42427 33.72417 63.76022 33.20152 curveto
64.08858 32.69044 64.4206 32.18848 64.7567 31.69777 curveto
65.08505 31.2183 65.41722 30.74857 65.75317 30.291 curveto
66.08153 29.84377 66.41354 29.40717 66.74965 28.98305 curveto
67.07816 28.56863 67.41017 28.1655 67.74612 27.77571 curveto
68.07478 27.39415 68.40678 27.02505 68.7426 26.66933 curveto
69.07141 26.3209 69.40356 25.98495 69.73907 25.66298 curveto
70.06758 25.3477 70.39928 25.04549 70.73387 24.75696 curveto
71.0633 24.47299 71.39545 24.2027 71.73035 23.94579 curveto
72.06007 23.69283 72.39223 23.45386 72.72682 23.22797 curveto
73.05685 23.00511 73.38916 22.79593 73.7233 22.59952 curveto
74.05363 22.40524 74.38594 22.22495 74.71977 22.05621 curveto
75.05042 21.88899 75.38272 21.73515 75.71625 21.59225 curveto
76.0472 21.45058 76.3795 21.32167 76.71272 21.20248 curveto
77.04396 21.08421 77.37628 20.9775 77.7092 20.8802 curveto
78.04059 20.78322 78.37291 20.69748 78.70567 20.61934 curveto
79.03676 20.54181 79.36832 20.47432 79.70032 20.41351 curveto
80.03218 20.3527 80.36433 20.30103 80.6968 20.2548 curveto
81.0288 20.20859 81.36096 20.1706 81.69327 20.13684 curveto
82.02527 20.10309 82.35744 20.07603 82.68974 20.05263 curveto
83.0219 20.0292 83.35406 20.01158 83.68622 19.99608 curveto
84.01837 19.98056 84.35054 19.96962 84.6827 19.96019 curveto
85.01485 19.95078 85.34702 19.94499 85.67917 19.93982 curveto
86.01132 19.93497 86.34348 19.93253 86.67564 19.9301 curveto
87.67044 19.92615 lineto
88.66692 19.92523 lineto
89.66339 19.92523 lineto
90.65987 19.92523 lineto
91.65634 19.92615 lineto
92.65282 19.93071 lineto
92.98497 19.93344 93.31714 19.93648 93.64929 19.94318 curveto
93.98145 19.94986 94.3136 19.95715 94.64577 19.97023 curveto
94.97731 19.983 95.30887 19.9982 95.64041 20.0207 curveto
95.97272 20.0435 96.30489 20.06935 96.63689 20.10614 curveto
96.9692 20.14291 97.30167 20.18518 97.63336 20.24112 curveto
97.96613 20.29736 98.29845 20.36122 98.62984 20.44301 curveto
98.9629 20.52509 99.29552 20.61752 99.62631 20.73215 curveto
99.9603 20.84767 100.29291 20.9775 100.62279 21.13316 curveto
100.95784 21.29156 101.29091 21.4673 101.61926 21.67404 curveto
101.95598 21.88596 102.2892 22.11914 102.61574 22.38701 curveto
102.95398 22.66428 103.2869 22.9668 103.61053 23.30641 curveto
103.95181 23.66455 104.28549 24.05098 104.60701 24.47633 curveto
104.95117 24.93147 105.28485 25.41792 105.60349 25.94208 curveto
105.9504 26.51276 106.28392 27.11536 106.59996 27.75414 curveto
106.9496 28.46071 107.28267 29.1989 107.59644 29.96994 curveto
107.94804 30.834 108.28098 31.72816 108.59291 32.65152 curveto
108.9462 33.6968 109.27866 34.76973 109.58939 35.8676 curveto
109.94359 37.11932 110.27574 38.39566 110.58586 39.69359 curveto
110.94006 41.17606 111.27145 42.67981 111.5805 44.20212 curveto
111.93547 45.95032 112.26732 47.71706 112.57698 49.49931 curveto
112.93195 51.54243 113.26364 53.60135 113.57346 55.67366 curveto
113.92812 58.04604 114.25981 60.43211 114.56993 62.82942 curveto
114.92429 65.56847 115.25644 68.31908 115.5664 71.07971 curveto stroke
newpath 113.74786 68.2763 moveto
114.76146 68.8725 115.43521 69.91112 115.5664 71.07971 curveto
115.43521 69.91112 115.86186 68.74896 116.71802 67.94284 curveto stroke
newpath -0.27681 67.4657 moveto
0.61015 68.2378 1.08182 69.38242 0.99632 70.55525 curveto
1.08182 69.38242 1.71452 68.3183 2.70409 67.68301 curveto stroke
showpage
%%EOF
