%!PS
%%BoundingBox: -1 -1 160 120 
%%HiResBoundingBox: -0.24907 -0.24907 159.65092 119.80046 
%%Creator: MetaPost 2.000
%%CreationDate: 2017.07.18:1022
%%Pages: 1
%%BeginProlog
%%EndProlog
%%Page: 1 1
 0 0 0 setrgbcolor 0 0.49814 dtransform truncate idtransform setlinewidth pop [] 0 setdash 1 setlinecap
 1 setlinejoin 10 setmiterlimit
newpath 0 79.70093 moveto
159.40186 79.70093 lineto stroke
newpath 154.42055 82.19159 moveto
155.59648 80.62367 157.44197 79.70093 159.40186 79.70093 curveto
157.44197 79.70093 155.59648 78.77818 154.42055 77.21027 curveto stroke
 0.49814 0 dtransform exch truncate exch idtransform pop setlinewidth
newpath 79.70093 0 moveto
79.70093 119.55139 lineto stroke
 0 0.49814 dtransform truncate idtransform setlinewidth pop
newpath 77.21027 114.57008 moveto
78.77818 115.74602 79.70093 117.5915 79.70093 119.55139 curveto
79.70093 117.5915 80.62367 115.74602 82.19159 114.57008 curveto stroke
 0 1.24533 dtransform truncate idtransform setlinewidth pop
newpath 25.90256 19.79602 moveto
26.80919 31.5643 28.16458 43.32285 29.9669 55.06528 curveto
30.87596 60.98788 32.05865 66.90227 34.03246 72.76012 curveto
34.78706 75.00085 35.60857 77.28445 38.09618 79.19167 curveto
38.92924 79.83014 40.83432 79.60971 42.16174 78.99252 curveto
44.2012 78.04424 45.01663 76.65875 46.22607 75.4113 curveto
47.74321 73.84674 48.92287 72.20738 50.29163 70.60907 curveto
51.63303 69.04268 52.89235 67.45775 54.35597 65.91872 curveto
55.60495 64.60498 56.89223 63.29794 58.42152 62.06021 curveto
59.61456 61.09491 60.91765 60.16121 62.48526 59.34001 curveto
63.66734 58.721 65.00935 58.17738 66.54959 57.80312 curveto
67.81438 57.49574 69.20929 57.34737 70.61514 57.3647 curveto
72.03256 57.38203 73.40193 57.59637 74.67888 57.90344 curveto
76.17595 58.26343 77.51248 58.76448 78.74504 59.32056 curveto
80.2494 59.99947 81.5829 60.76593 82.80878 61.57254 curveto
84.30463 62.5567 85.64116 63.59802 86.87433 64.66914 curveto
88.3568 65.95703 89.6897 67.28566 90.93866 68.63376 curveto
92.40169 70.2126 93.72363 71.82277 95.0024 73.44084 curveto
96.4344 75.25198 97.73506 77.08775 99.06795 78.91774 curveto
100.44524 80.80884 101.70029 82.72212 103.1323 84.60318 curveto
104.41228 86.2845 105.52504 88.0032 107.19785 89.59665 curveto
108.33008 90.67537 108.86334 92.09886 111.26218 92.34848 curveto
113.25726 92.55614 114.60414 91.51147 115.32774 90.44247 curveto
117.53746 87.17563 118.55902 83.7522 119.39146 80.33058 curveto
121.27466 72.58803 122.5054 64.81082 123.45703 57.026 curveto
125.21617 42.633 126.57156 28.22812 127.52136 13.81595 curveto stroke
newpath 128.81596 16.89655 moveto
127.92365 16.13065 127.44403 14.98933 127.52136 13.81595 curveto
127.44403 14.98933 126.81876 16.05783 125.83363 16.69998 curveto stroke
newpath 27.62212 22.66116 moveto
26.62996 22.02997 25.99289 20.96848 25.90256 19.79602 curveto
25.99289 20.96848 25.52592 22.11502 24.64217 22.89075 curveto stroke
newpath 39.85046 81.69345 moveto
39.32199 81.69345 38.81523 81.48349 38.44156 81.10983 curveto
38.0679 80.73616 37.85794 80.2294 37.85794 79.70093 curveto
37.85794 79.17245 38.0679 78.6657 38.44156 78.29202 curveto
38.81523 77.91837 39.32199 77.7084 39.85046 77.7084 curveto
40.37894 77.7084 40.8857 77.91837 41.25937 78.29202 curveto
41.63303 78.6657 41.84299 79.17245 41.84299 79.70093 curveto
41.84299 80.2294 41.63303 80.73616 41.25937 81.10983 curveto
40.8857 81.48349 40.37894 81.69345 39.85046 81.69345 curveto closepath fill
newpath 99.62616 81.69345 moveto
99.09769 81.69345 98.59093 81.48349 98.21725 81.10983 curveto
97.8436 80.73616 97.63364 80.2294 97.63364 79.70093 curveto
97.63364 79.17245 97.8436 78.6657 98.21725 78.29202 curveto
98.59093 77.91837 99.09769 77.7084 99.62616 77.7084 curveto
100.15463 77.7084 100.66139 77.91837 101.03506 78.29202 curveto
101.40872 78.6657 101.61868 79.17245 101.61868 79.70093 curveto
101.61868 80.2294 101.40872 80.73616 101.03506 81.10983 curveto
100.66139 81.48349 100.15463 81.69345 99.62616 81.69345 curveto closepath fill
newpath 119.55139 81.69345 moveto
119.02292 81.69345 118.51616 81.48349 118.14249 81.10983 curveto
117.76883 80.73616 117.55887 80.2294 117.55887 79.70093 curveto
117.55887 79.17245 117.76883 78.6657 118.14249 78.29202 curveto
118.51616 77.91837 119.02292 77.7084 119.55139 77.7084 curveto
120.07986 77.7084 120.58662 77.91837 120.9603 78.29202 curveto
121.33395 78.6657 121.54391 79.17245 121.54391 79.70093 curveto
121.54391 80.2294 121.33395 80.73616 120.9603 81.10983 curveto
120.58662 81.48349 120.07986 81.69345 119.55139 81.69345 curveto closepath fill
newpath 79.70093 61.76822 moveto
79.17245 61.76822 78.6657 61.55826 78.29202 61.1846 curveto
77.91837 60.81093 77.7084 60.30417 77.7084 59.7757 curveto
77.7084 59.24722 77.91837 58.74046 78.29202 58.36679 curveto
78.6657 57.99313 79.17245 57.78317 79.70093 57.78317 curveto
80.2294 57.78317 80.73616 57.99313 81.10983 58.36679 curveto
81.48349 58.74046 81.69345 59.24722 81.69345 59.7757 curveto
81.69345 60.30417 81.48349 60.81093 81.10983 61.1846 curveto
80.73616 61.55826 80.2294 61.76822 79.70093 61.76822 curveto closepath fill
showpage
%%EOF
