%!PS
%%BoundingBox: -2 -1 80 80 
%%HiResBoundingBox: -1.2456 -0.62267 79.95 79.95 
%%Creator: MetaPost 2.000
%%CreationDate: 2017.07.18:1022
%%Pages: 1
%%BeginProlog
%%EndProlog
%%Page: 1 1
 0 0 0 setrgbcolor 0 0.49814 dtransform truncate idtransform setlinewidth pop [] 0 setdash 1 setlinecap
 1 setlinejoin 10 setmiterlimit
newpath 0 29.88785 moveto
79.70093 29.88785 lineto stroke
newpath 74.71962 32.37851 moveto
75.89555 30.8106 77.74104 29.88785 79.70093 29.88785 curveto
77.74104 29.88785 75.89555 28.9651 74.71962 27.39719 curveto stroke
 0.49814 0 dtransform exch truncate exch idtransform pop setlinewidth
newpath 59.7757 0 moveto
59.7757 79.70093 lineto stroke
 0 0.49814 dtransform truncate idtransform setlinewidth pop
newpath 57.28503 74.71962 moveto
58.85295 75.89555 59.7757 77.74104 59.7757 79.70093 curveto
59.7757 77.74104 60.69844 75.89555 62.26636 74.71962 curveto stroke
newpath 19.92523 31.88037 moveto
19.39676 31.88037 18.89 31.67041 18.51633 31.29675 curveto
18.14267 30.92308 17.93271 30.41632 17.93271 29.88785 curveto
17.93271 29.35938 18.14267 28.85262 18.51633 28.47894 curveto
18.89 28.10529 19.39676 27.89532 19.92523 27.89532 curveto
20.4537 27.89532 20.96046 28.10529 21.33414 28.47894 curveto
21.7078 28.85262 21.91776 29.35938 21.91776 29.88785 curveto
21.91776 30.41632 21.7078 30.92308 21.33414 31.29675 curveto
20.96046 31.67041 20.4537 31.88037 19.92523 31.88037 curveto closepath fill
newpath 59.7757 31.88037 moveto
59.24722 31.88037 58.74046 31.67041 58.36679 31.29675 curveto
57.99313 30.92308 57.78317 30.41632 57.78317 29.88785 curveto
57.78317 29.35938 57.99313 28.85262 58.36679 28.47894 curveto
58.74046 28.10529 59.24722 27.89532 59.7757 27.89532 curveto
60.30417 27.89532 60.81093 28.10529 61.1846 28.47894 curveto
61.55826 28.85262 61.76822 29.35938 61.76822 29.88785 curveto
61.76822 30.41632 61.55826 30.92308 61.1846 31.29675 curveto
60.81093 31.67041 60.30417 31.88037 59.7757 31.88037 curveto closepath fill
 0.49814 0 dtransform exch truncate exch idtransform pop setlinewidth
newpath 19.92523 27.89532 moveto
19.92523 31.88037 lineto stroke
newpath 39.85046 27.89532 moveto
39.85046 31.88037 lineto stroke
 0 1.24533 dtransform truncate idtransform setlinewidth pop
newpath 0 0 moveto
0.62144 2.19316 1.29459 4.3825 2.0197 6.56761 curveto
2.64145 8.44183 3.31033 10.31226 4.04062 12.17676 curveto
4.65752 13.7515 5.32457 15.32123 6.06033 16.88321 curveto
6.67204 18.1816 7.33788 19.47359 8.08095 20.75479 curveto
8.68567 21.79718 9.34969 22.83104 10.10065 23.84941 curveto
10.69807 24.65967 11.36057 25.4579 12.12157 26.2332 curveto
12.7114 26.83397 13.37207 27.41756 14.14127 27.96529 curveto
14.72836 28.38333 15.39207 28.77432 16.16219 29.11028 curveto
16.76144 29.37175 17.43913 29.58624 18.1819 29.72853 curveto
18.82463 29.85167 19.51387 29.89925 20.2013 29.8839 curveto
20.89935 29.86824 21.57645 29.77095 22.22221 29.63823 curveto
22.9443 29.48987 23.60739 29.28084 24.24191 29.05388 curveto
24.96278 28.79605 25.62285 28.49918 26.26283 28.1927 curveto
26.97307 27.85234 27.63373 27.48749 28.28255 27.11778 curveto
28.98183 26.71935 29.64401 26.3054 30.30316 25.8904 curveto
30.9912 25.4573 31.65399 25.01431 32.32286 24.57378 curveto
33.00085 24.12715 33.66457 23.6752 34.34378 23.22917 curveto
35.01144 22.79076 35.67424 22.35052 36.3635 21.92046 curveto
37.02112 21.51016 37.683 21.1014 38.3832 20.70903 curveto
39.03108 20.34587 39.69206 19.98817 40.40411 19.65631 curveto
41.04259 19.35881 41.70235 19.07196 42.42381 18.82614 curveto
43.05894 18.60982 43.72327 18.41312 44.44443 18.27995 curveto
45.09325 18.16016 45.77216 18.07867 46.46414 18.08035 curveto
47.15916 18.08202 47.84871 18.14952 48.48506 18.28952 curveto
49.23329 18.45416 49.90855 18.6901 50.50476 18.96965 curveto
51.27548 19.331 51.93889 19.74463 52.52568 20.1838 curveto
53.29428 20.7589 53.95465 21.36772 54.54538 21.99298 curveto
55.30486 22.79669 55.96675 23.62215 56.56479 24.45915 curveto
57.31514 25.50945 57.97977 26.57448 58.58571 27.64787 curveto
59.32755 28.96191 59.99338 30.28629 60.60541 31.61705 curveto
61.34087 33.21597 62.00853 34.82248 62.62633 36.43387 curveto
63.35541 38.33575 64.02397 40.24342 64.64603 42.15489 curveto
65.37085 44.38211 66.04033 46.61357 66.66664 48.84822 curveto
67.3872 51.41899 68.05699 53.99326 68.68636 56.56995 curveto
69.40387 59.50769 70.07457 62.44832 70.70728 65.39091 curveto
71.42145 68.7128 72.09488 72.03682 72.72697 75.36281 curveto stroke
newpath 70.70082 72.70557 moveto
71.75676 73.22307 72.50742 74.20755 72.72697 75.36281 curveto
72.50742 74.20755 72.84459 73.01634 73.63707 72.14755 curveto stroke
newpath 2.25261 2.46814 moveto
1.15515 2.04579 0.32059 1.13138 0 0 curveto
0.32059 1.13138 0.08981 2.34767 -0.62294 3.28296 curveto stroke
showpage
%%EOF
