%!PS
%%BoundingBox: -1 -1 90 150 
%%HiResBoundingBox: -0.24907 -0.24907 89.91261 149.68831 
%%Creator: MetaPost 2.000
%%CreationDate: 2017.07.18:1022
%%Pages: 1
%%BeginProlog
%%EndProlog
%%Page: 1 1
 0 0 0 setrgbcolor 0 0.49814 dtransform truncate idtransform setlinewidth pop [] 0 setdash 1 setlinecap
 1 setlinejoin 10 setmiterlimit
newpath 0 74.71962 moveto
89.66354 74.71962 lineto stroke
newpath 84.68224 77.21028 moveto
85.85817 75.64236 87.70366 74.71962 89.66354 74.71962 curveto
87.70366 74.71962 85.85817 73.79688 84.68224 72.22896 curveto stroke
 0.49814 0 dtransform exch truncate exch idtransform pop setlinewidth
newpath 44.83177 0 moveto
44.83177 149.43924 lineto stroke
 0 0.49814 dtransform truncate idtransform setlinewidth pop
newpath 42.34111 144.45793 moveto
43.90903 145.63387 44.83177 147.47935 44.83177 149.43924 curveto
44.83177 147.47935 45.75452 145.63387 47.32243 144.45793 curveto stroke
 0 1.24533 dtransform truncate idtransform setlinewidth pop
newpath 19.42714 1.30066 moveto
19.89482 5.3748 20.39307 9.44553 20.92186 13.51215 curveto
21.38931 17.10698 21.8855 20.69794 22.41588 24.28387 curveto
22.88174 27.4327 23.3777 30.57716 23.9106 33.71527 curveto
24.37418 36.44565 24.86967 39.17033 25.40463 41.88773 curveto
25.86615 44.23206 26.36165 46.56956 26.89934 48.8977 curveto
27.35812 50.8845 27.85316 52.86285 28.39337 54.82912 curveto
28.84987 56.49052 29.34492 58.1412 29.88808 59.77638 curveto
30.34184 61.14203 30.83644 62.49377 31.38211 63.82521 curveto
31.83382 64.92726 32.32887 66.01108 32.87682 67.06866 curveto
33.32716 67.93767 33.82289 68.7825 34.37085 69.5936 curveto
34.82234 70.26193 35.32034 70.89767 35.86555 71.49191 curveto
36.32161 71.98901 36.82236 72.44324 37.35959 72.8514 curveto
37.82544 73.20529 38.32892 73.50583 38.8543 73.76328 curveto
39.33223 73.99747 39.83595 74.17259 40.34833 74.31601 curveto
40.83743 74.45306 41.33955 74.53468 41.84303 74.60013 curveto
42.3383 74.66467 42.8379 74.68451 43.33707 74.70457 curveto
43.83507 74.72441 44.33354 74.7146 44.83177 74.71962 curveto
45.33 74.72464 45.82848 74.7146 46.32648 74.73444 curveto
46.82564 74.7545 47.32524 74.77457 47.82051 74.83911 curveto
48.32399 74.90456 48.82611 74.98596 49.31522 75.123 curveto
49.82759 75.26643 50.33131 75.44177 50.80925 75.67596 curveto
51.33463 75.93341 51.8381 76.23395 52.30396 76.58784 curveto
52.84119 76.996 53.34193 77.45023 53.79799 77.94733 curveto
54.3432 78.54156 54.8412 79.1773 55.2927 79.84564 curveto
55.84065 80.65674 56.33638 81.50157 56.78673 82.37057 curveto
57.33467 83.42816 57.82973 84.51198 58.28143 85.61403 curveto
58.8271 86.94547 59.32193 88.29721 59.77547 89.66286 curveto
60.31862 91.29803 60.81367 92.94872 61.27017 94.61034 curveto
61.81038 96.57661 62.30542 98.55473 62.7642 100.54153 curveto
63.3019 102.86967 63.7974 105.20718 64.25891 107.55151 curveto
64.79387 110.26868 65.28937 112.99336 65.75294 115.72374 curveto
66.28584 118.86208 66.7818 122.00632 67.24767 125.15536 curveto
67.77805 128.7413 68.27423 132.33226 68.74168 135.9271 curveto
69.27048 139.99394 69.76872 144.06467 70.2364 148.13881 curveto stroke
newpath 68.41092 145.33997 moveto
69.42598 145.93362 70.1023 146.97055 70.2364 148.13881 curveto
70.1023 146.97055 70.52605 145.80734 71.38019 144.99911 curveto stroke
newpath 21.25262 4.0995 moveto
20.23756 3.50584 19.56125 2.46892 19.42714 1.30066 curveto
19.56125 2.46892 19.1375 3.63213 18.28336 4.44035 curveto stroke
newpath 29.88785 61.76822 moveto
29.35938 61.76822 28.85262 61.55826 28.47894 61.1846 curveto
28.10529 60.81093 27.89532 60.30417 27.89532 59.7757 curveto
27.89532 59.24722 28.10529 58.74046 28.47894 58.36679 curveto
28.85262 57.99313 29.35938 57.78317 29.88785 57.78317 curveto
30.41632 57.78317 30.92308 57.99313 31.29675 58.36679 curveto
31.67041 58.74046 31.88037 59.24722 31.88037 59.7757 curveto
31.88037 60.30417 31.67041 60.81093 31.29675 61.1846 curveto
30.92308 61.55826 30.41632 61.76822 29.88785 61.76822 curveto closepath fill
newpath 44.83177 76.71214 moveto
44.3033 76.71214 43.79654 76.50218 43.42287 76.12852 curveto
43.04921 75.75485 42.83925 75.2481 42.83925 74.71962 curveto
42.83925 74.19115 43.04921 73.68439 43.42287 73.31071 curveto
43.79654 72.93706 44.3033 72.7271 44.83177 72.7271 curveto
45.36024 72.7271 45.867 72.93706 46.24068 73.31071 curveto
46.61433 73.68439 46.8243 74.19115 46.8243 74.71962 curveto
46.8243 75.2481 46.61433 75.75485 46.24068 76.12852 curveto
45.867 76.50218 45.36024 76.71214 44.83177 76.71214 curveto closepath fill
newpath 59.7757 91.65607 moveto
59.24722 91.65607 58.74046 91.4461 58.36679 91.07245 curveto
57.99313 90.69878 57.78317 90.19202 57.78317 89.66354 curveto
57.78317 89.13507 57.99313 88.62831 58.36679 88.25464 curveto
58.74046 87.88098 59.24722 87.67102 59.7757 87.67102 curveto
60.30417 87.67102 60.81093 87.88098 61.1846 88.25464 curveto
61.55826 88.62831 61.76822 89.13507 61.76822 89.66354 curveto
61.76822 90.19202 61.55826 90.69878 61.1846 91.07245 curveto
60.81093 91.4461 60.30417 91.65607 59.7757 91.65607 curveto closepath fill
showpage
%%EOF
