%!PS
%%BoundingBox: 20 20 128 75 
%%HiResBoundingBox: 20.67241 20.67241 127.27243 74.96869 
%%Creator: MetaPost 2.000
%%CreationDate: 2017.07.18:1022
%%Pages: 1
%%BeginProlog
%%EndProlog
%%Page: 1 1
 0 0 0 setrgbcolor 0.49814 0 dtransform exch truncate exch idtransform pop setlinewidth [] 0 setdash
 1 setlinecap 1 setlinejoin 10 setmiterlimit
newpath 29.88785 44.83177 moveto
29.88785 42.96379 lineto stroke
newpath 29.88785 39.22781 moveto
29.88785 35.49185 lineto stroke
newpath 29.88785 31.75581 moveto
29.88785 29.88785 lineto stroke
newpath 89.66354 29.88785 moveto
89.66354 31.75583 lineto stroke
newpath 89.66354 35.4918 moveto
89.66354 39.22777 lineto stroke
newpath 89.66354 42.9638 moveto
89.66354 44.83177 lineto stroke
 0 0.49814 dtransform truncate idtransform setlinewidth pop
newpath 29.88785 44.83177 moveto
59.7757 74.71962 lineto stroke
newpath 89.66354 44.83177 moveto
119.55139 74.71962 lineto stroke
newpath 30.13692 29.88785 moveto
30.13692 29.9539 30.11067 30.01726 30.06396 30.06396 curveto
30.01726 30.11067 29.9539 30.13692 29.88785 30.13692 curveto
29.8218 30.13692 29.75844 30.11067 29.71173 30.06396 curveto
29.66502 30.01726 29.63878 29.9539 29.63878 29.88785 curveto
29.63878 29.8218 29.66502 29.75844 29.71173 29.71173 curveto
29.75844 29.66502 29.8218 29.63878 29.88785 29.63878 curveto
29.9539 29.63878 30.01726 29.66502 30.06396 29.71173 curveto
30.11067 29.75844 30.13692 29.8218 30.13692 29.88785 curveto closepath fill
newpath 33.12589 29.88785 moveto
33.12589 29.9539 33.09964 30.01726 33.05293 30.06396 curveto
33.00623 30.11067 32.94287 30.13692 32.87682 30.13692 curveto
32.81076 30.13692 32.7474 30.11067 32.7007 30.06396 curveto
32.65399 30.01726 32.62775 29.9539 32.62775 29.88785 curveto
32.62775 29.8218 32.65399 29.75844 32.7007 29.71173 curveto
32.7474 29.66502 32.81076 29.63878 32.87682 29.63878 curveto
32.94287 29.63878 33.00623 29.66502 33.05293 29.71173 curveto
33.09964 29.75844 33.12589 29.8218 33.12589 29.88785 curveto closepath fill
newpath 36.11484 29.88785 moveto
36.11484 29.9539 36.0886 30.01726 36.04189 30.06396 curveto
35.99518 30.11067 35.93182 30.13692 35.86577 30.13692 curveto
35.79971 30.13692 35.73636 30.11067 35.68965 30.06396 curveto
35.64294 30.01726 35.6167 29.9539 35.6167 29.88785 curveto
35.6167 29.8218 35.64294 29.75844 35.68965 29.71173 curveto
35.73636 29.66502 35.79971 29.63878 35.86577 29.63878 curveto
35.93182 29.63878 35.99518 29.66502 36.04189 29.71173 curveto
36.0886 29.75844 36.11484 29.8218 36.11484 29.88785 curveto closepath fill
newpath 39.1038 29.88785 moveto
39.1038 29.9539 39.07756 30.01726 39.03085 30.06396 curveto
38.98415 30.11067 38.92079 30.13692 38.85474 30.13692 curveto
38.78868 30.13692 38.72533 30.11067 38.67862 30.06396 curveto
38.63191 30.01726 38.60567 29.9539 38.60567 29.88785 curveto
38.60567 29.8218 38.63191 29.75844 38.67862 29.71173 curveto
38.72533 29.66502 38.78868 29.63878 38.85474 29.63878 curveto
38.92079 29.63878 38.98415 29.66502 39.03085 29.71173 curveto
39.07756 29.75844 39.1038 29.8218 39.1038 29.88785 curveto closepath fill
newpath 42.09186 29.88785 moveto
42.09186 29.9539 42.06561 30.01726 42.0189 30.06396 curveto
41.9722 30.11067 41.90884 30.13692 41.84279 30.13692 curveto
41.77673 30.13692 41.71338 30.11067 41.66667 30.06396 curveto
41.61996 30.01726 41.59372 29.9539 41.59372 29.88785 curveto
41.59372 29.8218 41.61996 29.75844 41.66667 29.71173 curveto
41.71338 29.66502 41.77673 29.63878 41.84279 29.63878 curveto
41.90884 29.63878 41.9722 29.66502 42.0189 29.71173 curveto
42.06561 29.75844 42.09186 29.8218 42.09186 29.88785 curveto closepath fill
newpath 45.08083 29.88785 moveto
45.08083 29.9539 45.05458 30.01726 45.00787 30.06396 curveto
44.96117 30.11067 44.89781 30.13692 44.83176 30.13692 curveto
44.7657 30.13692 44.70235 30.11067 44.65564 30.06396 curveto
44.60893 30.01726 44.58269 29.9539 44.58269 29.88785 curveto
44.58269 29.8218 44.60893 29.75844 44.65564 29.71173 curveto
44.70235 29.66502 44.7657 29.63878 44.83176 29.63878 curveto
44.89781 29.63878 44.96117 29.66502 45.00787 29.71173 curveto
45.05458 29.75844 45.08083 29.8218 45.08083 29.88785 curveto closepath fill
newpath 48.06978 29.88785 moveto
48.06978 29.9539 48.04353 30.01726 47.99683 30.06396 curveto
47.95012 30.11067 47.88676 30.13692 47.82071 30.13692 curveto
47.75465 30.13692 47.6913 30.11067 47.64459 30.06396 curveto
47.59789 30.01726 47.57164 29.9539 47.57164 29.88785 curveto
47.57164 29.8218 47.59789 29.75844 47.64459 29.71173 curveto
47.6913 29.66502 47.75465 29.63878 47.82071 29.63878 curveto
47.88676 29.63878 47.95012 29.66502 47.99683 29.71173 curveto
48.04353 29.75844 48.06978 29.8218 48.06978 29.88785 curveto closepath fill
newpath 51.05876 29.88785 moveto
51.05876 29.9539 51.03252 30.01726 50.98581 30.06396 curveto
50.9391 30.11067 50.87575 30.13692 50.8097 30.13692 curveto
50.74364 30.13692 50.68028 30.11067 50.63358 30.06396 curveto
50.58687 30.01726 50.56062 29.9539 50.56062 29.88785 curveto
50.56062 29.8218 50.58687 29.75844 50.63358 29.71173 curveto
50.68028 29.66502 50.74364 29.63878 50.8097 29.63878 curveto
50.87575 29.63878 50.9391 29.66502 50.98581 29.71173 curveto
51.03252 29.75844 51.05876 29.8218 51.05876 29.88785 curveto closepath fill
newpath 54.04773 29.88785 moveto
54.04773 29.9539 54.02148 30.01726 53.97478 30.06396 curveto
53.92807 30.11067 53.86472 30.13692 53.79866 30.13692 curveto
53.7326 30.13692 53.66925 30.11067 53.62254 30.06396 curveto
53.57584 30.01726 53.54959 29.9539 53.54959 29.88785 curveto
53.54959 29.8218 53.57584 29.75844 53.62254 29.71173 curveto
53.66925 29.66502 53.7326 29.63878 53.79866 29.63878 curveto
53.86472 29.63878 53.92807 29.66502 53.97478 29.71173 curveto
54.02148 29.75844 54.04773 29.8218 54.04773 29.88785 curveto closepath fill
newpath 57.0358 29.88785 moveto
57.0358 29.9539 57.00955 30.01726 56.96284 30.06396 curveto
56.91614 30.11067 56.85278 30.13692 56.78673 30.13692 curveto
56.72067 30.13692 56.65732 30.11067 56.61061 30.06396 curveto
56.5639 30.01726 56.53766 29.9539 56.53766 29.88785 curveto
56.53766 29.8218 56.5639 29.75844 56.61061 29.71173 curveto
56.65732 29.66502 56.72067 29.63878 56.78673 29.63878 curveto
56.85278 29.63878 56.91614 29.66502 56.96284 29.71173 curveto
57.00955 29.75844 57.0358 29.8218 57.0358 29.88785 curveto closepath fill
newpath 60.02478 29.88785 moveto
60.02478 29.9539 59.99854 30.01726 59.95183 30.06396 curveto
59.90512 30.11067 59.84177 30.13692 59.77571 30.13692 curveto
59.70966 30.13692 59.6463 30.11067 59.5996 30.06396 curveto
59.55289 30.01726 59.52664 29.9539 59.52664 29.88785 curveto
59.52664 29.8218 59.55289 29.75844 59.5996 29.71173 curveto
59.6463 29.66502 59.70966 29.63878 59.77571 29.63878 curveto
59.84177 29.63878 59.90512 29.66502 59.95183 29.71173 curveto
59.99854 29.75844 60.02478 29.8218 60.02478 29.88785 curveto closepath fill
newpath 63.01373 29.88785 moveto
63.01373 29.9539 62.98749 30.01726 62.94078 30.06396 curveto
62.89407 30.11067 62.83072 30.13692 62.76466 30.13692 curveto
62.69861 30.13692 62.63525 30.11067 62.58855 30.06396 curveto
62.54184 30.01726 62.5156 29.9539 62.5156 29.88785 curveto
62.5156 29.8218 62.54184 29.75844 62.58855 29.71173 curveto
62.63525 29.66502 62.69861 29.63878 62.76466 29.63878 curveto
62.83072 29.63878 62.89407 29.66502 62.94078 29.71173 curveto
62.98749 29.75844 63.01373 29.8218 63.01373 29.88785 curveto closepath fill
newpath 66.00272 29.88785 moveto
66.00272 29.9539 65.97647 30.01726 65.92976 30.06396 curveto
65.88306 30.11067 65.8197 30.13692 65.75365 30.13692 curveto
65.68759 30.13692 65.62424 30.11067 65.57753 30.06396 curveto
65.53082 30.01726 65.50458 29.9539 65.50458 29.88785 curveto
65.50458 29.8218 65.53082 29.75844 65.57753 29.71173 curveto
65.62424 29.66502 65.68759 29.63878 65.75365 29.63878 curveto
65.8197 29.63878 65.88306 29.66502 65.92976 29.71173 curveto
65.97647 29.75844 66.00272 29.8218 66.00272 29.88785 curveto closepath fill
newpath 68.99168 29.88785 moveto
68.99168 29.9539 68.96544 30.01726 68.91873 30.06396 curveto
68.87202 30.11067 68.80867 30.13692 68.74261 30.13692 curveto
68.67656 30.13692 68.6132 30.11067 68.5665 30.06396 curveto
68.51979 30.01726 68.49355 29.9539 68.49355 29.88785 curveto
68.49355 29.8218 68.51979 29.75844 68.5665 29.71173 curveto
68.6132 29.66502 68.67656 29.63878 68.74261 29.63878 curveto
68.80867 29.63878 68.87202 29.66502 68.91873 29.71173 curveto
68.96544 29.75844 68.99168 29.8218 68.99168 29.88785 curveto closepath fill
newpath 71.97975 29.88785 moveto
71.97975 29.9539 71.9535 30.01726 71.9068 30.06396 curveto
71.86009 30.11067 71.79674 30.13692 71.73068 30.13692 curveto
71.66463 30.13692 71.60127 30.11067 71.55457 30.06396 curveto
71.50786 30.01726 71.48161 29.9539 71.48161 29.88785 curveto
71.48161 29.8218 71.50786 29.75844 71.55457 29.71173 curveto
71.60127 29.66502 71.66463 29.63878 71.73068 29.63878 curveto
71.79674 29.63878 71.86009 29.66502 71.9068 29.71173 curveto
71.9535 29.75844 71.97975 29.8218 71.97975 29.88785 curveto closepath fill
newpath 74.96872 29.88785 moveto
74.96872 29.9539 74.94247 30.01726 74.89577 30.06396 curveto
74.84906 30.11067 74.7857 30.13692 74.71965 30.13692 curveto
74.6536 30.13692 74.59024 30.11067 74.54353 30.06396 curveto
74.49683 30.01726 74.47058 29.9539 74.47058 29.88785 curveto
74.47058 29.8218 74.49683 29.75844 74.54353 29.71173 curveto
74.59024 29.66502 74.6536 29.63878 74.71965 29.63878 curveto
74.7857 29.63878 74.84906 29.66502 74.89577 29.71173 curveto
74.94247 29.75844 74.96872 29.8218 74.96872 29.88785 curveto closepath fill
newpath 77.95767 29.88785 moveto
77.95767 29.9539 77.93143 30.01726 77.88472 30.06396 curveto
77.83801 30.11067 77.77466 30.13692 77.7086 30.13692 curveto
77.64255 30.13692 77.5792 30.11067 77.53249 30.06396 curveto
77.48578 30.01726 77.45953 29.9539 77.45953 29.88785 curveto
77.45953 29.8218 77.48578 29.75844 77.53249 29.71173 curveto
77.5792 29.66502 77.64255 29.63878 77.7086 29.63878 curveto
77.77466 29.63878 77.83801 29.66502 77.88472 29.71173 curveto
77.93143 29.75844 77.95767 29.8218 77.95767 29.88785 curveto closepath fill
newpath 80.94664 29.88785 moveto
80.94664 29.9539 80.9204 30.01726 80.87369 30.06396 curveto
80.82698 30.11067 80.76363 30.13692 80.69757 30.13692 curveto
80.63152 30.13692 80.56816 30.11067 80.52145 30.06396 curveto
80.47475 30.01726 80.4485 29.9539 80.4485 29.88785 curveto
80.4485 29.8218 80.47475 29.75844 80.52145 29.71173 curveto
80.56816 29.66502 80.63152 29.63878 80.69757 29.63878 curveto
80.76363 29.63878 80.82698 29.66502 80.87369 29.71173 curveto
80.9204 29.75844 80.94664 29.8218 80.94664 29.88785 curveto closepath fill
newpath 83.9356 29.88785 moveto
83.9356 29.9539 83.90935 30.01726 83.86264 30.06396 curveto
83.81593 30.11067 83.75258 30.13692 83.68652 30.13692 curveto
83.62047 30.13692 83.55711 30.11067 83.5104 30.06396 curveto
83.4637 30.01726 83.43745 29.9539 83.43745 29.88785 curveto
83.43745 29.8218 83.4637 29.75844 83.5104 29.71173 curveto
83.55711 29.66502 83.62047 29.63878 83.68652 29.63878 curveto
83.75258 29.63878 83.81593 29.66502 83.86264 29.71173 curveto
83.90935 29.75844 83.9356 29.8218 83.9356 29.88785 curveto closepath fill
newpath 86.92456 29.88785 moveto
86.92456 29.9539 86.89832 30.01726 86.85161 30.06396 curveto
86.8049 30.11067 86.74155 30.13692 86.67549 30.13692 curveto
86.60944 30.13692 86.54608 30.11067 86.49937 30.06396 curveto
86.45267 30.01726 86.42642 29.9539 86.42642 29.88785 curveto
86.42642 29.8218 86.45267 29.75844 86.49937 29.71173 curveto
86.54608 29.66502 86.60944 29.63878 86.67549 29.63878 curveto
86.74155 29.63878 86.8049 29.66502 86.85161 29.71173 curveto
86.89832 29.75844 86.92456 29.8218 86.92456 29.88785 curveto closepath fill
newpath 89.91261 29.88785 moveto
89.91261 29.9539 89.88637 30.01726 89.83966 30.06396 curveto
89.79295 30.11067 89.7296 30.13692 89.66354 30.13692 curveto
89.59749 30.13692 89.53413 30.11067 89.48743 30.06396 curveto
89.44072 30.01726 89.41447 29.9539 89.41447 29.88785 curveto
89.41447 29.8218 89.44072 29.75844 89.48743 29.71173 curveto
89.53413 29.66502 89.59749 29.63878 89.66354 29.63878 curveto
89.7296 29.63878 89.79295 29.66502 89.83966 29.71173 curveto
89.88637 29.75844 89.91261 29.8218 89.91261 29.88785 curveto closepath fill
newpath 29.88785 44.83177 moveto
89.66354 44.83177 lineto stroke
newpath 59.7757 74.71962 moveto
119.55139 74.71962 lineto stroke
newpath 89.91261 29.88785 moveto
89.91261 29.9539 89.88637 30.01726 89.83966 30.06396 curveto
89.79295 30.11067 89.7296 30.13692 89.66354 30.13692 curveto
89.59749 30.13692 89.53413 30.11067 89.48743 30.06396 curveto
89.44072 30.01726 89.41447 29.9539 89.41447 29.88785 curveto
89.41447 29.8218 89.44072 29.75844 89.48743 29.71173 curveto
89.53413 29.66502 89.59749 29.63878 89.66354 29.63878 curveto
89.7296 29.63878 89.79295 29.66502 89.83966 29.71173 curveto
89.88637 29.75844 89.91261 29.8218 89.91261 29.88785 curveto closepath fill
newpath 92.0474 32.02263 moveto
92.0474 32.08868 92.02115 32.15204 91.97444 32.19875 curveto
91.92773 32.24545 91.86438 32.2717 91.79832 32.2717 curveto
91.73227 32.2717 91.66891 32.24545 91.62221 32.19875 curveto
91.5755 32.15204 91.54926 32.08868 91.54926 32.02263 curveto
91.54926 31.95657 91.5755 31.89322 91.62221 31.84651 curveto
91.66891 31.7998 91.73227 31.77356 91.79832 31.77356 curveto
91.86438 31.77356 91.92773 31.7998 91.97444 31.84651 curveto
92.02115 31.89322 92.0474 31.95657 92.0474 32.02263 curveto closepath fill
newpath 94.18219 34.15742 moveto
94.18219 34.22348 94.15594 34.28683 94.10924 34.33354 curveto
94.06253 34.38025 93.99918 34.4065 93.93312 34.4065 curveto
93.86707 34.4065 93.80371 34.38025 93.757 34.33354 curveto
93.7103 34.28683 93.68405 34.22348 93.68405 34.15742 curveto
93.68405 34.09137 93.7103 34.02802 93.757 33.98131 curveto
93.80371 33.9346 93.86707 33.90836 93.93312 33.90836 curveto
93.99918 33.90836 94.06253 33.9346 94.10924 33.98131 curveto
94.15594 34.02802 94.18219 34.09137 94.18219 34.15742 curveto closepath fill
newpath 96.31697 36.2922 moveto
96.31697 36.35826 96.29073 36.42162 96.24402 36.46832 curveto
96.19731 36.51503 96.13396 36.54128 96.0679 36.54128 curveto
96.00185 36.54128 95.93849 36.51503 95.89178 36.46832 curveto
95.84508 36.42162 95.81883 36.35826 95.81883 36.2922 curveto
95.81883 36.22615 95.84508 36.1628 95.89178 36.11609 curveto
95.93849 36.06938 96.00185 36.04314 96.0679 36.04314 curveto
96.13396 36.04314 96.19731 36.06938 96.24402 36.11609 curveto
96.29073 36.1628 96.31697 36.22615 96.31697 36.2922 curveto closepath fill
newpath 98.45175 38.42699 moveto
98.45175 38.49304 98.4255 38.5564 98.3788 38.6031 curveto
98.33209 38.64981 98.26874 38.67606 98.20268 38.67606 curveto
98.13663 38.67606 98.07327 38.64981 98.02657 38.6031 curveto
97.97986 38.5564 97.95361 38.49304 97.95361 38.42699 curveto
97.95361 38.36093 97.97986 38.29758 98.02657 38.25087 curveto
98.07327 38.20416 98.13663 38.17792 98.20268 38.17792 curveto
98.26874 38.17792 98.33209 38.20416 98.3788 38.25087 curveto
98.4255 38.29758 98.45175 38.36093 98.45175 38.42699 curveto closepath fill
newpath 100.58699 40.56223 moveto
100.58699 40.62828 100.56075 40.69164 100.51404 40.73834 curveto
100.46733 40.78505 100.40398 40.8113 100.33792 40.8113 curveto
100.27187 40.8113 100.20851 40.78505 100.1618 40.73834 curveto
100.1151 40.69164 100.08885 40.62828 100.08885 40.56223 curveto
100.08885 40.49617 100.1151 40.43282 100.1618 40.38611 curveto
100.20851 40.3394 100.27187 40.31316 100.33792 40.31316 curveto
100.40398 40.31316 100.46733 40.3394 100.51404 40.38611 curveto
100.56075 40.43282 100.58699 40.49617 100.58699 40.56223 curveto closepath fill
newpath 102.72177 42.697 moveto
102.72177 42.76306 102.69553 42.82642 102.64882 42.87312 curveto
102.60211 42.91983 102.53876 42.94608 102.4727 42.94608 curveto
102.40665 42.94608 102.34329 42.91983 102.29659 42.87312 curveto
102.24988 42.82642 102.22363 42.76306 102.22363 42.697 curveto
102.22363 42.63095 102.24988 42.5676 102.29659 42.52089 curveto
102.34329 42.47418 102.40665 42.44794 102.4727 42.44794 curveto
102.53876 42.44794 102.60211 42.47418 102.64882 42.52089 curveto
102.69553 42.5676 102.72177 42.63095 102.72177 42.697 curveto closepath fill
newpath 104.85655 44.83179 moveto
104.85655 44.89784 104.8303 44.9612 104.7836 45.0079 curveto
104.7369 45.05461 104.67354 45.08086 104.60748 45.08086 curveto
104.54143 45.08086 104.47807 45.05461 104.43137 45.0079 curveto
104.38466 44.9612 104.35841 44.89784 104.35841 44.83179 curveto
104.35841 44.76573 104.38466 44.70238 104.43137 44.65567 curveto
104.47807 44.60896 104.54143 44.58272 104.60748 44.58272 curveto
104.67354 44.58272 104.7369 44.60896 104.7836 44.65567 curveto
104.8303 44.70238 104.85655 44.76573 104.85655 44.83179 curveto closepath fill
newpath 106.9913 46.96654 moveto
106.9913 47.0326 106.96506 47.09595 106.91835 47.14265 curveto
106.87164 47.18936 106.80829 47.2156 106.74223 47.2156 curveto
106.67618 47.2156 106.61282 47.18936 106.56612 47.14265 curveto
106.51941 47.09595 106.49316 47.0326 106.49316 46.96654 curveto
106.49316 46.90048 106.51941 46.83713 106.56612 46.79042 curveto
106.61282 46.74371 106.67618 46.71747 106.74223 46.71747 curveto
106.80829 46.71747 106.87164 46.74371 106.91835 46.79042 curveto
106.96506 46.83713 106.9913 46.90048 106.9913 46.96654 curveto closepath fill
newpath 109.12608 49.10132 moveto
109.12608 49.16737 109.09984 49.23073 109.05313 49.27744 curveto
109.00642 49.32414 108.94307 49.35039 108.87701 49.35039 curveto
108.81096 49.35039 108.7476 49.32414 108.7009 49.27744 curveto
108.65419 49.23073 108.62794 49.16737 108.62794 49.10132 curveto
108.62794 49.03526 108.65419 48.97191 108.7009 48.9252 curveto
108.7476 48.8785 108.81096 48.85225 108.87701 48.85225 curveto
108.94307 48.85225 109.00642 48.8785 109.05313 48.9252 curveto
109.09984 48.97191 109.12608 49.03526 109.12608 49.10132 curveto closepath fill
newpath 111.26086 51.2361 moveto
111.26086 51.30215 111.23462 51.36551 111.18791 51.41222 curveto
111.1412 51.45892 111.07785 51.48517 111.0118 51.48517 curveto
110.94574 51.48517 110.88239 51.45892 110.83568 51.41222 curveto
110.78897 51.36551 110.76273 51.30215 110.76273 51.2361 curveto
110.76273 51.17004 110.78897 51.10669 110.83568 51.05998 curveto
110.88239 51.01328 110.94574 50.98703 111.0118 50.98703 curveto
111.07785 50.98703 111.1412 51.01328 111.18791 51.05998 curveto
111.23462 51.10669 111.26086 51.17004 111.26086 51.2361 curveto closepath fill
newpath 113.3961 53.37134 moveto
113.3961 53.4374 113.36986 53.50075 113.32315 53.54745 curveto
113.27644 53.59416 113.21309 53.6204 113.14703 53.6204 curveto
113.08098 53.6204 113.01762 53.59416 112.97092 53.54745 curveto
112.92421 53.50075 112.89796 53.4374 112.89796 53.37134 curveto
112.89796 53.30528 112.92421 53.24193 112.97092 53.19522 curveto
113.01762 53.14851 113.08098 53.12227 113.14703 53.12227 curveto
113.21309 53.12227 113.27644 53.14851 113.32315 53.19522 curveto
113.36986 53.24193 113.3961 53.30528 113.3961 53.37134 curveto closepath fill
newpath 115.53088 55.50612 moveto
115.53088 55.57217 115.50464 55.63553 115.45793 55.68224 curveto
115.41122 55.72894 115.34787 55.75519 115.28181 55.75519 curveto
115.21576 55.75519 115.1524 55.72894 115.1057 55.68224 curveto
115.05899 55.63553 115.03275 55.57217 115.03275 55.50612 curveto
115.03275 55.44006 115.05899 55.37671 115.1057 55.33 curveto
115.1524 55.2833 115.21576 55.25705 115.28181 55.25705 curveto
115.34787 55.25705 115.41122 55.2833 115.45793 55.33 curveto
115.50464 55.37671 115.53088 55.44006 115.53088 55.50612 curveto closepath fill
newpath 117.66568 57.64091 moveto
117.66568 57.70697 117.63943 57.77032 117.59273 57.81703 curveto
117.54602 57.86374 117.48267 57.88998 117.41661 57.88998 curveto
117.35056 57.88998 117.2872 57.86374 117.2405 57.81703 curveto
117.19379 57.77032 117.16754 57.70697 117.16754 57.64091 curveto
117.16754 57.57486 117.19379 57.5115 117.2405 57.4648 curveto
117.2872 57.41809 117.35056 57.39185 117.41661 57.39185 curveto
117.48267 57.39185 117.54602 57.41809 117.59273 57.4648 curveto
117.63943 57.5115 117.66568 57.57486 117.66568 57.64091 curveto closepath fill
newpath 119.80046 59.7757 moveto
119.80046 59.84175 119.77422 59.9051 119.72751 59.95181 curveto
119.6808 59.99852 119.61745 60.02477 119.55139 60.02477 curveto
119.48534 60.02477 119.42198 59.99852 119.37527 59.95181 curveto
119.32857 59.9051 119.30232 59.84175 119.30232 59.7757 curveto
119.30232 59.70964 119.32857 59.64629 119.37527 59.59958 curveto
119.42198 59.55287 119.48534 59.52663 119.55139 59.52663 curveto
119.61745 59.52663 119.6808 59.55287 119.72751 59.59958 curveto
119.77422 59.64629 119.80046 59.70964 119.80046 59.7757 curveto closepath fill
 0.49814 0 dtransform exch truncate exch idtransform pop setlinewidth
newpath 119.55139 74.71962 moveto
119.55139 72.85164 lineto stroke
newpath 119.55139 69.11566 moveto
119.55139 65.3797 lineto stroke
newpath 119.55139 61.64366 moveto
119.55139 59.7757 lineto stroke
newpath 59.7757 74.71962 moveto
59.7757 72.85164 lineto stroke
newpath 59.7757 69.11566 moveto
59.7757 65.3797 lineto stroke
newpath 59.7757 61.64366 moveto
59.7757 59.7757 lineto stroke
newpath 60.02477 59.7757 moveto
60.02477 59.84175 59.99852 59.9051 59.95181 59.95181 curveto
59.9051 59.99852 59.84175 60.02477 59.7757 60.02477 curveto
59.70964 60.02477 59.64629 59.99852 59.59958 59.95181 curveto
59.55287 59.9051 59.52663 59.84175 59.52663 59.7757 curveto
59.52663 59.70964 59.55287 59.64629 59.59958 59.59958 curveto
59.64629 59.55287 59.70964 59.52663 59.7757 59.52663 curveto
59.84175 59.52663 59.9051 59.55287 59.95181 59.59958 curveto
59.99852 59.64629 60.02477 59.70964 60.02477 59.7757 curveto closepath fill
newpath 63.01373 59.7757 moveto
63.01373 59.84175 62.98749 59.9051 62.94078 59.95181 curveto
62.89407 59.99852 62.83072 60.02477 62.76466 60.02477 curveto
62.69861 60.02477 62.63525 59.99852 62.58855 59.95181 curveto
62.54184 59.9051 62.5156 59.84175 62.5156 59.7757 curveto
62.5156 59.70964 62.54184 59.64629 62.58855 59.59958 curveto
62.63525 59.55287 62.69861 59.52663 62.76466 59.52663 curveto
62.83072 59.52663 62.89407 59.55287 62.94078 59.59958 curveto
62.98749 59.64629 63.01373 59.70964 63.01373 59.7757 curveto closepath fill
newpath 66.00269 59.7757 moveto
66.00269 59.84175 65.97644 59.9051 65.92973 59.95181 curveto
65.88303 59.99852 65.81967 60.02477 65.75362 60.02477 curveto
65.68756 60.02477 65.6242 59.99852 65.5775 59.95181 curveto
65.53079 59.9051 65.50455 59.84175 65.50455 59.7757 curveto
65.50455 59.70964 65.53079 59.64629 65.5775 59.59958 curveto
65.6242 59.55287 65.68756 59.52663 65.75362 59.52663 curveto
65.81967 59.52663 65.88303 59.55287 65.92973 59.59958 curveto
65.97644 59.64629 66.00269 59.70964 66.00269 59.7757 curveto closepath fill
newpath 68.99165 59.7757 moveto
68.99165 59.84175 68.96541 59.9051 68.9187 59.95181 curveto
68.872 59.99852 68.80864 60.02477 68.74258 60.02477 curveto
68.67653 60.02477 68.61317 59.99852 68.56647 59.95181 curveto
68.51976 59.9051 68.49352 59.84175 68.49352 59.7757 curveto
68.49352 59.70964 68.51976 59.64629 68.56647 59.59958 curveto
68.61317 59.55287 68.67653 59.52663 68.74258 59.52663 curveto
68.80864 59.52663 68.872 59.55287 68.9187 59.59958 curveto
68.96541 59.64629 68.99165 59.70964 68.99165 59.7757 curveto closepath fill
newpath 71.9797 59.7757 moveto
71.9797 59.84175 71.95346 59.9051 71.90675 59.95181 curveto
71.86005 59.99852 71.79669 60.02477 71.73064 60.02477 curveto
71.66458 60.02477 71.60123 59.99852 71.55452 59.95181 curveto
71.50781 59.9051 71.48157 59.84175 71.48157 59.7757 curveto
71.48157 59.70964 71.50781 59.64629 71.55452 59.59958 curveto
71.60123 59.55287 71.66458 59.52663 71.73064 59.52663 curveto
71.79669 59.52663 71.86005 59.55287 71.90675 59.59958 curveto
71.95346 59.64629 71.9797 59.70964 71.9797 59.7757 curveto closepath fill
newpath 74.96867 59.7757 moveto
74.96867 59.84175 74.94243 59.9051 74.89572 59.95181 curveto
74.84901 59.99852 74.78566 60.02477 74.7196 60.02477 curveto
74.65355 60.02477 74.5902 59.99852 74.54349 59.95181 curveto
74.49678 59.9051 74.47054 59.84175 74.47054 59.7757 curveto
74.47054 59.70964 74.49678 59.64629 74.54349 59.59958 curveto
74.5902 59.55287 74.65355 59.52663 74.7196 59.52663 curveto
74.78566 59.52663 74.84901 59.55287 74.89572 59.59958 curveto
74.94243 59.64629 74.96867 59.70964 74.96867 59.7757 curveto closepath fill
newpath 77.95763 59.7757 moveto
77.95763 59.84175 77.93138 59.9051 77.88467 59.95181 curveto
77.83797 59.99852 77.77461 60.02477 77.70856 60.02477 curveto
77.6425 60.02477 77.57915 59.99852 77.53244 59.95181 curveto
77.48573 59.9051 77.45949 59.84175 77.45949 59.7757 curveto
77.45949 59.70964 77.48573 59.64629 77.53244 59.59958 curveto
77.57915 59.55287 77.6425 59.52663 77.70856 59.52663 curveto
77.77461 59.52663 77.83797 59.55287 77.88467 59.59958 curveto
77.93138 59.64629 77.95763 59.70964 77.95763 59.7757 curveto closepath fill
newpath 80.94661 59.7757 moveto
80.94661 59.84175 80.92036 59.9051 80.87366 59.95181 curveto
80.82695 59.99852 80.7636 60.02477 80.69754 60.02477 curveto
80.63148 60.02477 80.56813 59.99852 80.52142 59.95181 curveto
80.47472 59.9051 80.44847 59.84175 80.44847 59.7757 curveto
80.44847 59.70964 80.47472 59.64629 80.52142 59.59958 curveto
80.56813 59.55287 80.63148 59.52663 80.69754 59.52663 curveto
80.7636 59.52663 80.82695 59.55287 80.87366 59.59958 curveto
80.92036 59.64629 80.94661 59.70964 80.94661 59.7757 curveto closepath fill
newpath 83.93558 59.7757 moveto
83.93558 59.84175 83.90933 59.9051 83.86263 59.95181 curveto
83.81592 59.99852 83.75256 60.02477 83.68651 60.02477 curveto
83.62045 60.02477 83.5571 59.99852 83.51039 59.95181 curveto
83.46368 59.9051 83.43744 59.84175 83.43744 59.7757 curveto
83.43744 59.70964 83.46368 59.64629 83.51039 59.59958 curveto
83.5571 59.55287 83.62045 59.52663 83.68651 59.52663 curveto
83.75256 59.52663 83.81592 59.55287 83.86263 59.59958 curveto
83.90933 59.64629 83.93558 59.70964 83.93558 59.7757 curveto closepath fill
newpath 86.92365 59.7757 moveto
86.92365 59.84175 86.8974 59.9051 86.8507 59.95181 curveto
86.80399 59.99852 86.74063 60.02477 86.67458 60.02477 curveto
86.60852 60.02477 86.54517 59.99852 86.49846 59.95181 curveto
86.45175 59.9051 86.4255 59.84175 86.4255 59.7757 curveto
86.4255 59.70964 86.45175 59.64629 86.49846 59.59958 curveto
86.54517 59.55287 86.60852 59.52663 86.67458 59.52663 curveto
86.74063 59.52663 86.80399 59.55287 86.8507 59.59958 curveto
86.8974 59.64629 86.92365 59.70964 86.92365 59.7757 curveto closepath fill
newpath 89.91263 59.7757 moveto
89.91263 59.84175 89.88638 59.9051 89.83968 59.95181 curveto
89.79297 59.99852 89.72961 60.02477 89.66356 60.02477 curveto
89.5975 60.02477 89.53415 59.99852 89.48744 59.95181 curveto
89.44073 59.9051 89.41449 59.84175 89.41449 59.7757 curveto
89.41449 59.70964 89.44073 59.64629 89.48744 59.59958 curveto
89.53415 59.55287 89.5975 59.52663 89.66356 59.52663 curveto
89.72961 59.52663 89.79297 59.55287 89.83968 59.59958 curveto
89.88638 59.64629 89.91263 59.70964 89.91263 59.7757 curveto closepath fill
newpath 92.90158 59.7757 moveto
92.90158 59.84175 92.87534 59.9051 92.82863 59.95181 curveto
92.78192 59.99852 92.71857 60.02477 92.65251 60.02477 curveto
92.58646 60.02477 92.5231 59.99852 92.4764 59.95181 curveto
92.42969 59.9051 92.40344 59.84175 92.40344 59.7757 curveto
92.40344 59.70964 92.42969 59.64629 92.4764 59.59958 curveto
92.5231 59.55287 92.58646 59.52663 92.65251 59.52663 curveto
92.71857 59.52663 92.78192 59.55287 92.82863 59.59958 curveto
92.87534 59.64629 92.90158 59.70964 92.90158 59.7757 curveto closepath fill
newpath 95.89056 59.7757 moveto
95.89056 59.84175 95.86432 59.9051 95.81761 59.95181 curveto
95.7709 59.99852 95.70755 60.02477 95.6415 60.02477 curveto
95.57544 60.02477 95.51208 59.99852 95.46538 59.95181 curveto
95.41867 59.9051 95.39243 59.84175 95.39243 59.7757 curveto
95.39243 59.70964 95.41867 59.64629 95.46538 59.59958 curveto
95.51208 59.55287 95.57544 59.52663 95.6415 59.52663 curveto
95.70755 59.52663 95.7709 59.55287 95.81761 59.59958 curveto
95.86432 59.64629 95.89056 59.70964 95.89056 59.7757 curveto closepath fill
newpath 98.87953 59.7757 moveto
98.87953 59.84175 98.85329 59.9051 98.80658 59.95181 curveto
98.75987 59.99852 98.69652 60.02477 98.63046 60.02477 curveto
98.5644 60.02477 98.50105 59.99852 98.45435 59.95181 curveto
98.40764 59.9051 98.3814 59.84175 98.3814 59.7757 curveto
98.3814 59.70964 98.40764 59.64629 98.45435 59.59958 curveto
98.50105 59.55287 98.5644 59.52663 98.63046 59.52663 curveto
98.69652 59.52663 98.75987 59.55287 98.80658 59.59958 curveto
98.85329 59.64629 98.87953 59.70964 98.87953 59.7757 curveto closepath fill
newpath 101.8676 59.7757 moveto
101.8676 59.84175 101.84135 59.9051 101.79465 59.95181 curveto
101.74794 59.99852 101.68459 60.02477 101.61853 60.02477 curveto
101.55247 60.02477 101.48912 59.99852 101.44241 59.95181 curveto
101.3957 59.9051 101.36946 59.84175 101.36946 59.7757 curveto
101.36946 59.70964 101.3957 59.64629 101.44241 59.59958 curveto
101.48912 59.55287 101.55247 59.52663 101.61853 59.52663 curveto
101.68459 59.52663 101.74794 59.55287 101.79465 59.59958 curveto
101.84135 59.64629 101.8676 59.70964 101.8676 59.7757 curveto closepath fill
newpath 104.85657 59.7757 moveto
104.85657 59.84175 104.83032 59.9051 104.78362 59.95181 curveto
104.73691 59.99852 104.67355 60.02477 104.6075 60.02477 curveto
104.54144 60.02477 104.47809 59.99852 104.43138 59.95181 curveto
104.38467 59.9051 104.35843 59.84175 104.35843 59.7757 curveto
104.35843 59.70964 104.38467 59.64629 104.43138 59.59958 curveto
104.47809 59.55287 104.54144 59.52663 104.6075 59.52663 curveto
104.67355 59.52663 104.73691 59.55287 104.78362 59.59958 curveto
104.83032 59.64629 104.85657 59.70964 104.85657 59.7757 curveto closepath fill
newpath 107.84552 59.7757 moveto
107.84552 59.84175 107.81927 59.9051 107.77257 59.95181 curveto
107.72586 59.99852 107.6625 60.02477 107.59645 60.02477 curveto
107.5304 60.02477 107.46704 59.99852 107.42033 59.95181 curveto
107.37363 59.9051 107.34738 59.84175 107.34738 59.7757 curveto
107.34738 59.70964 107.37363 59.64629 107.42033 59.59958 curveto
107.46704 59.55287 107.5304 59.52663 107.59645 59.52663 curveto
107.6625 59.52663 107.72586 59.55287 107.77257 59.59958 curveto
107.81927 59.64629 107.84552 59.70964 107.84552 59.7757 curveto closepath fill
newpath 110.83449 59.7757 moveto
110.83449 59.84175 110.80824 59.9051 110.76154 59.95181 curveto
110.71483 59.99852 110.65147 60.02477 110.58542 60.02477 curveto
110.51936 60.02477 110.45601 59.99852 110.4093 59.95181 curveto
110.3626 59.9051 110.33635 59.84175 110.33635 59.7757 curveto
110.33635 59.70964 110.3626 59.64629 110.4093 59.59958 curveto
110.45601 59.55287 110.51936 59.52663 110.58542 59.52663 curveto
110.65147 59.52663 110.71483 59.55287 110.76154 59.59958 curveto
110.80824 59.64629 110.83449 59.70964 110.83449 59.7757 curveto closepath fill
newpath 113.82344 59.7757 moveto
113.82344 59.84175 113.7972 59.9051 113.75049 59.95181 curveto
113.70378 59.99852 113.64043 60.02477 113.57437 60.02477 curveto
113.50832 60.02477 113.44496 59.99852 113.39825 59.95181 curveto
113.35155 59.9051 113.3253 59.84175 113.3253 59.7757 curveto
113.3253 59.70964 113.35155 59.64629 113.39825 59.59958 curveto
113.44496 59.55287 113.50832 59.52663 113.57437 59.52663 curveto
113.64043 59.52663 113.70378 59.55287 113.75049 59.59958 curveto
113.7972 59.64629 113.82344 59.70964 113.82344 59.7757 curveto closepath fill
newpath 116.81241 59.7757 moveto
116.81241 59.84175 116.78616 59.9051 116.73946 59.95181 curveto
116.69275 59.99852 116.6294 60.02477 116.56334 60.02477 curveto
116.49728 60.02477 116.43393 59.99852 116.38722 59.95181 curveto
116.34052 59.9051 116.31427 59.84175 116.31427 59.7757 curveto
116.31427 59.70964 116.34052 59.64629 116.38722 59.59958 curveto
116.43393 59.55287 116.49728 59.52663 116.56334 59.52663 curveto
116.6294 59.52663 116.69275 59.55287 116.73946 59.59958 curveto
116.78616 59.64629 116.81241 59.70964 116.81241 59.7757 curveto closepath fill
newpath 119.80046 59.7757 moveto
119.80046 59.84175 119.77422 59.9051 119.72751 59.95181 curveto
119.6808 59.99852 119.61745 60.02477 119.55139 60.02477 curveto
119.48534 60.02477 119.42198 59.99852 119.37527 59.95181 curveto
119.32857 59.9051 119.30232 59.84175 119.30232 59.7757 curveto
119.30232 59.70964 119.32857 59.64629 119.37527 59.59958 curveto
119.42198 59.55287 119.48534 59.52663 119.55139 59.52663 curveto
119.61745 59.52663 119.6808 59.55287 119.72751 59.59958 curveto
119.77422 59.64629 119.80046 59.70964 119.80046 59.7757 curveto closepath fill
newpath 60.02477 59.7757 moveto
60.02477 59.84175 59.99852 59.9051 59.95181 59.95181 curveto
59.9051 59.99852 59.84175 60.02477 59.7757 60.02477 curveto
59.70964 60.02477 59.64629 59.99852 59.59958 59.95181 curveto
59.55287 59.9051 59.52663 59.84175 59.52663 59.7757 curveto
59.52663 59.70964 59.55287 59.64629 59.59958 59.59958 curveto
59.64629 59.55287 59.70964 59.52663 59.7757 59.52663 curveto
59.84175 59.52663 59.9051 59.55287 59.95181 59.59958 curveto
59.99852 59.64629 60.02477 59.70964 60.02477 59.7757 curveto closepath fill
newpath 57.88998 57.64091 moveto
57.88998 57.70697 57.86374 57.77032 57.81703 57.81703 curveto
57.77032 57.86374 57.70697 57.88998 57.64091 57.88998 curveto
57.57486 57.88998 57.5115 57.86374 57.4648 57.81703 curveto
57.41809 57.77032 57.39185 57.70697 57.39185 57.64091 curveto
57.39185 57.57486 57.41809 57.5115 57.4648 57.4648 curveto
57.5115 57.41809 57.57486 57.39185 57.64091 57.39185 curveto
57.70697 57.39185 57.77032 57.41809 57.81703 57.4648 curveto
57.86374 57.5115 57.88998 57.57486 57.88998 57.64091 curveto closepath fill
newpath 55.75519 55.50612 moveto
55.75519 55.57217 55.72894 55.63553 55.68224 55.68224 curveto
55.63553 55.72894 55.57217 55.75519 55.50612 55.75519 curveto
55.44006 55.75519 55.37671 55.72894 55.33 55.68224 curveto
55.2833 55.63553 55.25705 55.57217 55.25705 55.50612 curveto
55.25705 55.44006 55.2833 55.37671 55.33 55.33 curveto
55.37671 55.2833 55.44006 55.25705 55.50612 55.25705 curveto
55.57217 55.25705 55.63553 55.2833 55.68224 55.33 curveto
55.72894 55.37671 55.75519 55.44006 55.75519 55.50612 curveto closepath fill
newpath 53.6204 53.37134 moveto
53.6204 53.4374 53.59416 53.50075 53.54745 53.54745 curveto
53.50075 53.59416 53.4374 53.6204 53.37134 53.6204 curveto
53.30528 53.6204 53.24193 53.59416 53.19522 53.54745 curveto
53.14851 53.50075 53.12227 53.4374 53.12227 53.37134 curveto
53.12227 53.30528 53.14851 53.24193 53.19522 53.19522 curveto
53.24193 53.14851 53.30528 53.12227 53.37134 53.12227 curveto
53.4374 53.12227 53.50075 53.14851 53.54745 53.19522 curveto
53.59416 53.24193 53.6204 53.30528 53.6204 53.37134 curveto closepath fill
newpath 51.48563 51.23656 moveto
51.48563 51.30261 51.45938 51.36597 51.41267 51.41267 curveto
51.36597 51.45938 51.30261 51.48563 51.23656 51.48563 curveto
51.1705 51.48563 51.10715 51.45938 51.06044 51.41267 curveto
51.01373 51.36597 50.98749 51.30261 50.98749 51.23656 curveto
50.98749 51.1705 51.01373 51.10715 51.06044 51.06044 curveto
51.10715 51.01373 51.1705 50.98749 51.23656 50.98749 curveto
51.30261 50.98749 51.36597 51.01373 51.41267 51.06044 curveto
51.45938 51.10715 51.48563 51.1705 51.48563 51.23656 curveto closepath fill
newpath 49.35039 49.10132 moveto
49.35039 49.16737 49.32414 49.23073 49.27744 49.27744 curveto
49.23073 49.32414 49.16737 49.35039 49.10132 49.35039 curveto
49.03526 49.35039 48.97191 49.32414 48.9252 49.27744 curveto
48.8785 49.23073 48.85225 49.16737 48.85225 49.10132 curveto
48.85225 49.03526 48.8785 48.97191 48.9252 48.9252 curveto
48.97191 48.8785 49.03526 48.85225 49.10132 48.85225 curveto
49.16737 48.85225 49.23073 48.8785 49.27744 48.9252 curveto
49.32414 48.97191 49.35039 49.03526 49.35039 49.10132 curveto closepath fill
newpath 47.2156 46.96654 moveto
47.2156 47.0326 47.18936 47.09595 47.14265 47.14265 curveto
47.09595 47.18936 47.0326 47.2156 46.96654 47.2156 curveto
46.90048 47.2156 46.83713 47.18936 46.79042 47.14265 curveto
46.74371 47.09595 46.71747 47.0326 46.71747 46.96654 curveto
46.71747 46.90048 46.74371 46.83713 46.79042 46.79042 curveto
46.83713 46.74371 46.90048 46.71747 46.96654 46.71747 curveto
47.0326 46.71747 47.09595 46.74371 47.14265 46.79042 curveto
47.18936 46.83713 47.2156 46.90048 47.2156 46.96654 curveto closepath fill
newpath 45.08083 44.83176 moveto
45.08083 44.89781 45.05458 44.96117 45.00787 45.00787 curveto
44.96117 45.05458 44.89781 45.08083 44.83176 45.08083 curveto
44.7657 45.08083 44.70235 45.05458 44.65564 45.00787 curveto
44.60893 44.96117 44.58269 44.89781 44.58269 44.83176 curveto
44.58269 44.7657 44.60893 44.70235 44.65564 44.65564 curveto
44.70235 44.60893 44.7657 44.58269 44.83176 44.58269 curveto
44.89781 44.58269 44.96117 44.60893 45.00787 44.65564 curveto
45.05458 44.70235 45.08083 44.7657 45.08083 44.83176 curveto closepath fill
newpath 42.94608 42.697 moveto
42.94608 42.76306 42.91983 42.82642 42.87312 42.87312 curveto
42.82642 42.91983 42.76306 42.94608 42.697 42.94608 curveto
42.63095 42.94608 42.5676 42.91983 42.52089 42.87312 curveto
42.47418 42.82642 42.44794 42.76306 42.44794 42.697 curveto
42.44794 42.63095 42.47418 42.5676 42.52089 42.52089 curveto
42.5676 42.47418 42.63095 42.44794 42.697 42.44794 curveto
42.76306 42.44794 42.82642 42.47418 42.87312 42.52089 curveto
42.91983 42.5676 42.94608 42.63095 42.94608 42.697 curveto closepath fill
newpath 40.8113 40.56223 moveto
40.8113 40.62828 40.78505 40.69164 40.73834 40.73834 curveto
40.69164 40.78505 40.62828 40.8113 40.56223 40.8113 curveto
40.49617 40.8113 40.43282 40.78505 40.38611 40.73834 curveto
40.3394 40.69164 40.31316 40.62828 40.31316 40.56223 curveto
40.31316 40.49617 40.3394 40.43282 40.38611 40.38611 curveto
40.43282 40.3394 40.49617 40.31316 40.56223 40.31316 curveto
40.62828 40.31316 40.69164 40.3394 40.73834 40.38611 curveto
40.78505 40.43282 40.8113 40.49617 40.8113 40.56223 curveto closepath fill
newpath 38.67651 38.42744 moveto
38.67651 38.4935 38.65027 38.55685 38.60356 38.60356 curveto
38.55685 38.65027 38.4935 38.67651 38.42744 38.67651 curveto
38.36139 38.67651 38.29803 38.65027 38.25133 38.60356 curveto
38.20462 38.55685 38.17838 38.4935 38.17838 38.42744 curveto
38.17838 38.36139 38.20462 38.29803 38.25133 38.25133 curveto
38.29803 38.20462 38.36139 38.17838 38.42744 38.17838 curveto
38.4935 38.17838 38.55685 38.20462 38.60356 38.25133 curveto
38.65027 38.29803 38.67651 38.36139 38.67651 38.42744 curveto closepath fill
newpath 36.54128 36.2922 moveto
36.54128 36.35826 36.51503 36.42162 36.46832 36.46832 curveto
36.42162 36.51503 36.35826 36.54128 36.2922 36.54128 curveto
36.22615 36.54128 36.1628 36.51503 36.11609 36.46832 curveto
36.06938 36.42162 36.04314 36.35826 36.04314 36.2922 curveto
36.04314 36.22615 36.06938 36.1628 36.11609 36.11609 curveto
36.1628 36.06938 36.22615 36.04314 36.2922 36.04314 curveto
36.35826 36.04314 36.42162 36.06938 36.46832 36.11609 curveto
36.51503 36.1628 36.54128 36.22615 36.54128 36.2922 curveto closepath fill
newpath 34.4065 34.15742 moveto
34.4065 34.22348 34.38025 34.28683 34.33354 34.33354 curveto
34.28683 34.38025 34.22348 34.4065 34.15742 34.4065 curveto
34.09137 34.4065 34.02802 34.38025 33.98131 34.33354 curveto
33.9346 34.28683 33.90836 34.22348 33.90836 34.15742 curveto
33.90836 34.09137 33.9346 34.02802 33.98131 33.98131 curveto
34.02802 33.9346 34.09137 33.90836 34.15742 33.90836 curveto
34.22348 33.90836 34.28683 33.9346 34.33354 33.98131 curveto
34.38025 34.02802 34.4065 34.09137 34.4065 34.15742 curveto closepath fill
newpath 32.2717 32.02263 moveto
32.2717 32.08868 32.24545 32.15204 32.19875 32.19875 curveto
32.15204 32.24545 32.08868 32.2717 32.02263 32.2717 curveto
31.95657 32.2717 31.89322 32.24545 31.84651 32.19875 curveto
31.7998 32.15204 31.77356 32.08868 31.77356 32.02263 curveto
31.77356 31.95657 31.7998 31.89322 31.84651 31.84651 curveto
31.89322 31.7998 31.95657 31.77356 32.02263 31.77356 curveto
32.08868 31.77356 32.15204 31.7998 32.19875 31.84651 curveto
32.24545 31.89322 32.2717 31.95657 32.2717 32.02263 curveto closepath fill
newpath 30.13692 29.88785 moveto
30.13692 29.9539 30.11067 30.01726 30.06396 30.06396 curveto
30.01726 30.11067 29.9539 30.13692 29.88785 30.13692 curveto
29.8218 30.13692 29.75844 30.11067 29.71173 30.06396 curveto
29.66502 30.01726 29.63878 29.9539 29.63878 29.88785 curveto
29.63878 29.8218 29.66502 29.75844 29.71173 29.71173 curveto
29.75844 29.66502 29.8218 29.63878 29.88785 29.63878 curveto
29.9539 29.63878 30.01726 29.66502 30.06396 29.71173 curveto
30.11067 29.75844 30.13692 29.8218 30.13692 29.88785 curveto closepath fill
 0 0.49814 dtransform truncate idtransform setlinewidth pop
newpath 29.88785 22.41588 moveto
89.66354 22.41588 lineto stroke
newpath 86.67476 23.91028 moveto
87.38031 22.96953 88.48761 22.41588 89.66354 22.41588 curveto
88.48761 22.41588 87.38031 21.86223 86.67476 20.92148 curveto stroke
newpath 32.87663 20.92148 moveto
32.17108 21.86223 31.06378 22.41588 29.88785 22.41588 curveto
31.06378 22.41588 32.17108 22.96953 32.87663 23.91028 curveto stroke
 0.49814 0 dtransform exch truncate exch idtransform pop setlinewidth
newpath 22.41588 29.88785 moveto
22.41588 44.83177 lineto stroke
 0 0.49814 dtransform truncate idtransform setlinewidth pop
newpath 20.92148 41.84299 moveto
21.86223 42.54854 22.41588 43.65584 22.41588 44.83177 curveto
22.41588 43.65584 22.96953 42.54854 23.91028 41.84299 curveto stroke
newpath 23.91028 32.87663 moveto
22.96953 32.17108 22.41588 31.06378 22.41588 29.88785 curveto
22.41588 31.06378 21.86223 32.17108 20.92148 32.87663 curveto stroke
newpath 97.13551 26.15187 moveto
127.02336 56.03972 lineto stroke
newpath 123.85327 54.98303 moveto
125.01738 54.81673 126.19185 55.2082 127.02336 56.03972 curveto
126.19185 55.2082 125.80037 54.03374 125.96667 52.86963 curveto stroke
newpath 100.3056 27.20856 moveto
99.1415 27.37486 97.96703 26.98338 97.13551 26.15187 curveto
97.96703 26.98338 98.3585 28.15785 98.1922 29.32196 curveto stroke
showpage
%%EOF
