%!PS
%%BoundingBox: -1 -1 106 100 
%%HiResBoundingBox: -0.74721 -0.24907 105.35469 99.87523 
%%Creator: MetaPost 2.000
%%CreationDate: 2017.07.18:1022
%%Pages: 1
%%BeginProlog
%%EndProlog
%%Page: 1 1
 0 0 0 setrgbcolor 0 0.49814 dtransform truncate idtransform setlinewidth pop [] 0 setdash 1 setlinecap
 1 setlinejoin 10 setmiterlimit
newpath 0 49.81308 moveto
104.60748 49.81308 lineto stroke
newpath 99.62617 52.30374 moveto
100.80211 50.73582 102.6476 49.81308 104.60748 49.81308 curveto
102.6476 49.81308 100.80211 48.89034 99.62617 47.32242 curveto stroke
 0.49814 0 dtransform exch truncate exch idtransform pop setlinewidth
newpath 52.30374 0 moveto
52.30374 99.62616 lineto stroke
 0 0.49814 dtransform truncate idtransform setlinewidth pop
newpath 49.81308 94.64485 moveto
51.381 95.82079 52.30374 97.66628 52.30374 99.62616 curveto
52.30374 97.66628 53.22649 95.82079 54.7944 94.64485 curveto stroke
newpath 26.89911 0.86711 moveto
27.36679 3.5832 27.86504 6.29701 28.39383 9.0081 curveto
28.86128 11.40465 29.35747 13.79863 29.88785 16.18925 curveto
30.35371 18.28847 30.84967 20.38478 31.38257 22.47685 curveto
31.84615 24.2971 32.34164 26.11356 32.8766 27.92516 curveto
33.33812 29.48804 33.83362 31.04637 34.3713 32.59846 curveto
34.8301 33.923 35.32513 35.2419 35.86534 36.55275 curveto
36.32184 37.66035 36.8169 38.7608 37.36005 39.85092 curveto
37.81381 40.76135 38.30841 41.6625 38.85408 42.55014 curveto
39.30579 43.28484 39.80084 44.00739 40.34879 44.71243 curveto
40.79913 45.29178 41.29486 45.855 41.84282 46.39572 curveto
42.29431 46.8413 42.79231 47.26512 43.33752 47.66127 curveto
43.79358 47.99268 44.29433 48.29549 44.83156 48.5676 curveto
45.29741 48.80353 45.80089 49.00389 46.32626 49.17552 curveto
46.8042 49.33163 47.30792 49.4484 47.8203 49.544 curveto
48.3094 49.63538 48.81152 49.68979 49.315 49.73343 curveto
49.81027 49.77644 50.30988 49.78967 50.80904 49.80304 curveto
51.30704 49.81627 51.80551 49.80974 52.30374 49.81308 curveto
52.80197 49.81642 53.30045 49.80974 53.79845 49.82297 curveto
54.2976 49.83633 54.79721 49.84972 55.29248 49.89273 curveto
55.79596 49.93637 56.29808 49.99063 56.78719 50.082 curveto
57.29956 50.17761 57.80328 50.29453 58.28122 50.45064 curveto
58.8066 50.62227 59.31007 50.82263 59.77592 51.05856 curveto
60.31316 51.33067 60.8139 51.63348 61.26996 51.96489 curveto
61.81517 52.36104 62.31317 52.78487 62.76466 53.23044 curveto
63.31262 53.77116 63.80835 54.33438 64.2587 54.91373 curveto
64.80664 55.61877 65.3017 56.34132 65.7534 57.07602 curveto
66.29907 57.96365 66.7939 58.8648 67.24744 59.77524 curveto
67.79059 60.86536 68.28564 61.9658 68.74214 63.07356 curveto
69.28235 64.38441 69.77739 65.70316 70.23618 67.0277 curveto
70.77386 68.57979 71.26936 70.13812 71.73088 71.701 curveto
72.26584 73.51245 72.76134 75.3289 73.22491 77.14917 curveto
73.75781 79.24138 74.25377 81.33755 74.71964 83.4369 curveto
75.25002 85.82753 75.7462 88.22151 76.21365 90.61806 curveto
76.74245 93.3293 77.24069 96.0431 77.70837 98.7592 curveto stroke
newpath 75.72847 96.06732 moveto
76.7753 96.60301 77.50882 97.60031 77.70837 98.7592 curveto
77.50882 97.60031 77.86655 96.41512 78.67393 95.56015 curveto stroke
newpath 28.87901 3.55899 moveto
27.83218 3.0233 27.09866 2.026 26.89911 0.86711 curveto
27.09866 2.026 26.74094 3.2112 25.93355 4.06616 curveto stroke
 0 1.4944 dtransform truncate idtransform setlinewidth pop
newpath 26.89911 0.86711 moveto
27.36658 3.58244 27.86458 6.2955 28.39337 9.00581 curveto
28.86105 11.40314 29.35724 13.79787 29.88785 16.18925 curveto
30.35371 18.28831 30.84967 20.38417 31.38234 22.47609 curveto
31.84592 24.29665 32.34164 26.1134 32.8766 27.92516 curveto
33.33789 29.48788 33.83362 31.04607 34.37108 32.59787 curveto
34.8301 33.92285 35.32513 35.24205 35.86555 36.5532 curveto
36.32184 37.6605 36.82008 38.76004 37.35982 39.85046 curveto stroke
newpath 28.87892 3.55904 moveto
27.8321 3.02332 27.09862 2.026 26.89911 0.86711 curveto
27.09862 2.026 26.74086 3.21118 25.93346 4.06612 curveto stroke
newpath 67.24767 59.7757 moveto
67.7874 60.86612 68.28564 61.96565 68.74193 63.07295 curveto
69.28235 64.38411 69.77739 65.70331 70.2364 67.02829 curveto
70.77386 68.5801 71.26959 70.13828 71.73088 71.701 curveto
72.26584 73.51276 72.76157 75.32951 73.22514 77.15007 curveto
73.75781 79.24199 74.25377 81.33784 74.71964 83.4369 curveto
75.25024 85.8283 75.74643 88.22302 76.21411 90.62035 curveto
76.7429 93.33081 77.2409 96.04387 77.70837 98.7592 curveto stroke
newpath 75.72856 96.06728 moveto
76.77538 96.603 77.50887 97.60031 77.70837 98.7592 curveto
77.50887 97.60031 77.86662 96.41513 78.67403 95.5602 curveto stroke
newpath 22.4159 49.81308 moveto
0 49.81308 lineto stroke
newpath 2.98878 48.31868 moveto
2.28323 49.25943 1.17593 49.81308 0 49.81308 curveto
1.17593 49.81308 2.28323 50.36673 2.98878 51.30748 curveto stroke
newpath 82.19159 49.81308 moveto
104.60748 49.81308 lineto stroke
newpath 101.6187 51.30748 moveto
102.32425 50.36673 103.43155 49.81308 104.60748 49.81308 curveto
103.43155 49.81308 102.32425 49.25943 101.6187 48.31868 curveto stroke
showpage
%%EOF
