%!PS
%%BoundingBox: -1 29 156 106 
%%HiResBoundingBox: -0.62267 29.26518 155.43237 105.23013 
%%Creator: MetaPost 2.000
%%CreationDate: 2017.07.18:1022
%%Pages: 1
%%BeginProlog
%%EndProlog
%%Page: 1 1
 0 0 0 setrgbcolor 0 1.24533 dtransform truncate idtransform setlinewidth pop [] 0 setdash 1 setlinecap
 1 setlinejoin 10 setmiterlimit
newpath 29.88785 59.7757 moveto
0 89.66354 lineto stroke
newpath 1.05669 86.49345 moveto
1.22299 87.65756 0.83151 88.83203 0 89.66354 curveto
0.83151 88.83203 2.00598 88.44055 3.17009 88.60686 curveto stroke
newpath 29.88785 59.7757 moveto
30.39178 60.02652 30.89024 60.28876 31.38232 60.56216 curveto
31.88672 60.8424 32.38588 61.13222 32.87659 61.43619 curveto
33.38258 61.7495 33.88219 62.07329 34.37106 62.41281 curveto
34.87912 62.76558 35.37872 63.12996 35.86533 63.51167 curveto
36.37566 63.91187 36.87593 64.32504 37.3598 64.75693 curveto
37.8731 65.21526 38.37361 65.68727 38.85406 66.18004 curveto
39.371 66.7102 39.87244 67.25542 40.34856 67.82228 curveto
40.86981 68.44275 41.37193 69.07939 41.84326 69.73862 curveto
42.36932 70.47446 42.87212 71.22694 43.33751 72.00269 curveto
43.8695 72.88948 44.37321 73.79315 44.832 74.72008 curveto
45.37082 75.80821 45.87521 76.91345 46.32625 78.04082 curveto
46.8726 79.40692 47.3786 80.78899 47.82074 82.19226 curveto
48.37598 83.95468 48.8838 85.73215 49.31499 87.52899 curveto
49.88072 89.88655 50.39151 92.25734 50.80948 94.64569 curveto
51.38844 97.95366 51.88667 101.27509 52.30373 104.60747 curveto stroke
newpath 50.44975 101.82736 moveto
51.47084 102.41066 52.1577 103.44063 52.30373 104.60747 curveto
52.1577 103.44063 52.56956 102.27315 53.41542 101.45624 curveto stroke
 1.24533 0 dtransform exch truncate exch idtransform pop setlinewidth
newpath 59.7757 29.88785 moveto
59.7757 31.96289 lineto stroke
newpath 59.7757 36.11412 moveto
59.7757 40.26535 lineto stroke
newpath 59.7757 44.41655 moveto
59.7757 48.56792 lineto stroke
newpath 59.7757 52.71898 moveto
59.7757 56.87016 lineto stroke
newpath 59.7757 61.02141 moveto
59.7757 65.17278 lineto stroke
newpath 59.7757 69.32384 moveto
59.7757 73.4748 lineto stroke
newpath 59.7757 77.62512 moveto
59.7757 81.77647 lineto stroke
newpath 59.7757 85.92755 moveto
59.7757 90.07878 lineto stroke
newpath 59.7757 94.22998 moveto
59.7757 98.38124 lineto stroke
newpath 59.7757 102.53242 moveto
59.7757 104.60747 lineto stroke
 0 1.24533 dtransform truncate idtransform setlinewidth pop
newpath 59.7757 59.7757 moveto
61.17145 58.84671 62.5437 57.88353 63.89203 56.88705 curveto
65.0114 56.05978 66.1048 55.19785 67.17447 54.30717 curveto
68.04735 53.58023 68.8931 52.82181 69.71536 52.03809 curveto
70.37299 51.41124 71.00279 50.75566 71.6098 50.07956 curveto
72.08363 49.55168 72.52898 48.99918 72.95332 48.43094 curveto
73.27394 48.00156 73.56627 47.55167 73.8408 47.0915 curveto
74.03828 46.76065 74.20839 46.4145 74.36618 46.06288 curveto
74.47061 45.83029 74.5502 45.5879 74.62476 45.34415 curveto
74.66557 45.21098 74.68541 45.07257 74.71095 44.93552 curveto
74.72008 44.8874 74.69408 44.75424 74.71962 44.83702 curveto
74.7406 44.9052 74.7301 44.97885 74.74562 45.0484 curveto
74.78484 45.22398 74.82315 45.40024 74.88358 45.56967 curveto
74.98436 45.85242 75.09335 46.13289 75.22812 46.40128 curveto
75.42445 46.79234 75.6356 47.17633 75.87457 47.543 curveto
76.19974 48.04237 76.54382 48.52945 76.91666 48.99461 curveto
77.40349 49.60231 77.91245 50.19221 78.44945 50.75589 curveto
79.13101 51.4712 79.83562 52.16418 80.56804 52.82729 curveto
81.47672 53.65 82.40889 54.44627 83.36797 55.2097 curveto
84.53523 56.1389 85.72598 57.03778 86.9425 57.90155 curveto
88.40005 58.93655 89.88086 59.9385 91.38605 60.90306 curveto
93.1658 62.04364 94.96834 63.14867 96.79393 64.21445 curveto
98.92871 65.46085 101.08537 66.66962 103.26393 67.83755 curveto
105.7834 69.18839 108.32384 70.49954 110.88525 71.76897 curveto
113.82224 73.22446 116.77928 74.63913 119.75616 76.01093 curveto
123.14143 77.57063 126.54587 79.08838 129.96922 80.56233 curveto
133.83632 82.22716 137.72166 83.8491 141.62547 85.42613 curveto
146.00266 87.19447 150.39763 88.91835 154.80971 90.59753 curveto stroke
newpath 151.48483 90.93109 moveto
152.47887 90.30284 153.71068 90.17926 154.80971 90.59753 curveto
153.71068 90.17926 152.87273 89.26796 152.54794 88.13776 curveto stroke
newpath 59.7757 61.76822 moveto
59.24722 61.76822 58.74046 61.55826 58.36679 61.1846 curveto
57.99313 60.81093 57.78317 60.30417 57.78317 59.7757 curveto
57.78317 59.24722 57.99313 58.74046 58.36679 58.36679 curveto
58.74046 57.99313 59.24722 57.78317 59.7757 57.78317 curveto
60.30417 57.78317 60.81093 57.99313 61.1846 58.36679 curveto
61.55826 58.74046 61.76822 59.24722 61.76822 59.7757 curveto
61.76822 60.30417 61.55826 60.81093 61.1846 61.1846 curveto
60.81093 61.55826 60.30417 61.76822 59.7757 61.76822 curveto closepath fill
 1 1 1 setrgbcolor
newpath 125.15536 80.44812 moveto
124.62689 80.44812 124.12013 80.23816 123.74646 79.8645 curveto
123.3728 79.49083 123.16284 78.98407 123.16284 78.4556 curveto
123.16284 77.92712 123.3728 77.42036 123.74646 77.04669 curveto
124.12013 76.67303 124.62689 76.46307 125.15536 76.46307 curveto
125.68384 76.46307 126.1906 76.67303 126.56427 77.04669 curveto
126.93793 77.42036 127.14789 77.92712 127.14789 78.4556 curveto
127.14789 78.98407 126.93793 79.49083 126.56427 79.8645 curveto
126.1906 80.23816 125.68384 80.44812 125.15536 80.44812 curveto closepath fill
 0 0 0 setrgbcolor
newpath 125.15536 80.44812 moveto
124.62689 80.44812 124.12013 80.23816 123.74646 79.8645 curveto
123.3728 79.49083 123.16284 78.98407 123.16284 78.4556 curveto
123.16284 77.92712 123.3728 77.42036 123.74646 77.04669 curveto
124.12013 76.67303 124.62689 76.46307 125.15536 76.46307 curveto
125.68384 76.46307 126.1906 76.67303 126.56427 77.04669 curveto
126.93793 77.42036 127.14789 77.92712 127.14789 78.4556 curveto
127.14789 78.98407 126.93793 79.49083 126.56427 79.8645 curveto
126.1906 80.23816 125.68384 80.44812 125.15536 80.44812 curveto stroke
showpage
%%EOF
