%!PS
%%BoundingBox: -1 -1 121 120 
%%HiResBoundingBox: -0.62267 -0.24907 120.17406 119.80046 
%%Creator: MetaPost 2.000
%%CreationDate: 2017.07.18:1020
%%Pages: 1
%%BeginProlog
%%EndProlog
%%Page: 1 1
 0 0 0 setrgbcolor
newpath 40.09953 29.88785 moveto
40.09953 29.9539 40.07329 30.01726 40.02658 30.06396 curveto
39.97987 30.11067 39.91652 30.13692 39.85046 30.13692 curveto
39.78441 30.13692 39.72105 30.11067 39.67435 30.06396 curveto
39.62764 30.01726 39.6014 29.9539 39.6014 29.88785 curveto
39.6014 29.8218 39.62764 29.75844 39.67435 29.71173 curveto
39.72105 29.66502 39.78441 29.63878 39.85046 29.63878 curveto
39.91652 29.63878 39.97987 29.66502 40.02658 29.71173 curveto
40.07329 29.75844 40.09953 29.8218 40.09953 29.88785 curveto closepath fill
newpath 40.09953 33.2087 moveto
40.09953 33.27475 40.07329 33.3381 40.02658 33.38481 curveto
39.97987 33.43152 39.91652 33.45776 39.85046 33.45776 curveto
39.78441 33.45776 39.72105 33.43152 39.67435 33.38481 curveto
39.62764 33.3381 39.6014 33.27475 39.6014 33.2087 curveto
39.6014 33.14264 39.62764 33.07928 39.67435 33.03258 curveto
39.72105 32.98587 39.78441 32.95963 39.85046 32.95963 curveto
39.91652 32.95963 39.97987 32.98587 40.02658 33.03258 curveto
40.07329 33.07928 40.09953 33.14264 40.09953 33.2087 curveto closepath fill
newpath 40.09953 36.52962 moveto
40.09953 36.59567 40.07329 36.65903 40.02658 36.70573 curveto
39.97987 36.75244 39.91652 36.77869 39.85046 36.77869 curveto
39.78441 36.77869 39.72105 36.75244 39.67435 36.70573 curveto
39.62764 36.65903 39.6014 36.59567 39.6014 36.52962 curveto
39.6014 36.46356 39.62764 36.4002 39.67435 36.3535 curveto
39.72105 36.3068 39.78441 36.28055 39.85046 36.28055 curveto
39.91652 36.28055 39.97987 36.3068 40.02658 36.3535 curveto
40.07329 36.4002 40.09953 36.46356 40.09953 36.52962 curveto closepath fill
newpath 40.09953 39.85046 moveto
40.09953 39.91652 40.07329 39.97987 40.02658 40.02658 curveto
39.97987 40.07329 39.91652 40.09953 39.85046 40.09953 curveto
39.78441 40.09953 39.72105 40.07329 39.67435 40.02658 curveto
39.62764 39.97987 39.6014 39.91652 39.6014 39.85046 curveto
39.6014 39.78441 39.62764 39.72105 39.67435 39.67435 curveto
39.72105 39.62764 39.78441 39.6014 39.85046 39.6014 curveto
39.91652 39.6014 39.97987 39.62764 40.02658 39.67435 curveto
40.07329 39.72105 40.09953 39.78441 40.09953 39.85046 curveto closepath fill
newpath 99.87523 79.70093 moveto
99.87523 79.76698 99.84898 79.83034 99.80228 79.87704 curveto
99.75557 79.92375 99.69221 79.95 99.62616 79.95 curveto
99.5601 79.95 99.49675 79.92375 99.45004 79.87704 curveto
99.40334 79.83034 99.37709 79.76698 99.37709 79.70093 curveto
99.37709 79.63487 99.40334 79.57152 99.45004 79.52481 curveto
99.49675 79.4781 99.5601 79.45186 99.62616 79.45186 curveto
99.69221 79.45186 99.75557 79.4781 99.80228 79.52481 curveto
99.84898 79.57152 99.87523 79.63487 99.87523 79.70093 curveto closepath fill
newpath 99.87523 76.38008 moveto
99.87523 76.44614 99.84898 76.50949 99.80228 76.5562 curveto
99.75557 76.6029 99.69221 76.62915 99.62616 76.62915 curveto
99.5601 76.62915 99.49675 76.6029 99.45004 76.5562 curveto
99.40334 76.50949 99.37709 76.44614 99.37709 76.38008 curveto
99.37709 76.31403 99.40334 76.25067 99.45004 76.20396 curveto
99.49675 76.15726 99.5601 76.13101 99.62616 76.13101 curveto
99.69221 76.13101 99.75557 76.15726 99.80228 76.20396 curveto
99.84898 76.25067 99.87523 76.31403 99.87523 76.38008 curveto closepath fill
newpath 99.87523 73.05916 moveto
99.87523 73.12521 99.84898 73.18857 99.80228 73.23528 curveto
99.75557 73.28198 99.69221 73.30823 99.62616 73.30823 curveto
99.5601 73.30823 99.49675 73.28198 99.45004 73.23528 curveto
99.40334 73.18857 99.37709 73.12521 99.37709 73.05916 curveto
99.37709 72.9931 99.40334 72.92975 99.45004 72.88304 curveto
99.49675 72.83633 99.5601 72.81009 99.62616 72.81009 curveto
99.69221 72.81009 99.75557 72.83633 99.80228 72.88304 curveto
99.84898 72.92975 99.87523 72.9931 99.87523 73.05916 curveto closepath fill
newpath 99.87523 69.73831 moveto
99.87523 69.80437 99.84898 69.86772 99.80228 69.91443 curveto
99.75557 69.96114 99.69221 69.98738 99.62616 69.98738 curveto
99.5601 69.98738 99.49675 69.96114 99.45004 69.91443 curveto
99.40334 69.86772 99.37709 69.80437 99.37709 69.73831 curveto
99.37709 69.67226 99.40334 69.6089 99.45004 69.5622 curveto
99.49675 69.51549 99.5601 69.48924 99.62616 69.48924 curveto
99.69221 69.48924 99.75557 69.51549 99.80228 69.5622 curveto
99.84898 69.6089 99.87523 69.67226 99.87523 69.73831 curveto closepath fill
 0 0.49814 dtransform truncate idtransform setlinewidth pop [] 0 setdash 1 setlinecap 1 setlinejoin
 10 setmiterlimit
newpath 0 19.92523 moveto
119.55139 19.92523 lineto stroke
newpath 114.57008 22.4159 moveto
115.74602 20.84798 117.5915 19.92523 119.55139 19.92523 curveto
117.5915 19.92523 115.74602 19.00249 114.57008 17.43457 curveto stroke
 0.49814 0 dtransform exch truncate exch idtransform pop setlinewidth
newpath 19.92523 0 moveto
19.92523 119.55139 lineto stroke
 0 0.49814 dtransform truncate idtransform setlinewidth pop
newpath 17.43457 114.57008 moveto
19.00249 115.74602 19.92523 117.5915 19.92523 119.55139 curveto
19.92523 117.5915 20.84798 115.74602 22.4159 114.57008 curveto stroke
 0.49814 0 dtransform exch truncate exch idtransform pop setlinewidth
newpath 39.85046 17.93271 moveto
39.85046 21.91776 lineto stroke
newpath 59.7757 17.93271 moveto
59.7757 21.91776 lineto stroke
newpath 79.70093 17.93271 moveto
79.70093 21.91776 lineto stroke
newpath 99.62616 17.93271 moveto
99.62616 21.91776 lineto stroke
 0 0.49814 dtransform truncate idtransform setlinewidth pop
newpath 21.91776 39.85046 moveto
17.93271 39.85046 lineto stroke
newpath 21.91776 59.7757 moveto
17.93271 59.7757 lineto stroke
newpath 21.91776 79.70093 moveto
17.93271 79.70093 lineto stroke
newpath 21.91776 99.62616 moveto
17.93271 99.62616 lineto stroke
 0 1.24533 dtransform truncate idtransform setlinewidth pop
newpath 0 19.92523 moveto
1.99203 20.92125 lineto
3.9859 21.91818 lineto
5.97794 22.9142 lineto
7.96997 23.91022 lineto
9.962 24.90623 lineto
11.95587 25.90317 lineto
13.9479 26.89919 lineto
15.93994 27.8952 lineto
17.93198 28.89122 lineto
19.92584 29.88815 lineto
21.91788 30.88417 lineto
23.90991 31.88019 lineto
25.90195 32.8762 lineto
27.89581 33.87314 lineto
29.88785 34.86916 lineto
31.87988 35.86517 lineto
33.87375 36.8621 lineto
35.86578 37.85812 lineto
37.85782 38.85414 lineto
39.84985 39.85016 lineto
41.84372 40.84709 lineto
43.83575 41.84311 lineto
45.82779 42.83913 lineto
47.81982 43.83514 lineto
49.81369 44.83208 lineto
51.80573 45.8281 lineto
53.79776 46.82411 lineto
55.7898 47.82013 lineto
57.78366 48.81706 lineto
59.7757 49.81308 lineto
61.76773 50.8091 lineto
63.7616 51.80603 lineto
65.75363 52.80205 lineto
67.74567 53.79807 lineto
69.7377 54.79408 lineto
71.73157 55.79102 lineto
73.7236 56.78703 lineto
75.71564 57.78305 lineto
77.70767 58.77907 lineto
79.70154 59.776 lineto
81.69357 60.77202 lineto
83.68561 61.76804 lineto
85.67764 62.76405 lineto
87.67151 63.76099 lineto
89.66354 64.757 lineto
91.65558 65.75302 lineto
93.64944 66.74995 lineto
95.64148 67.74597 lineto
97.63351 68.74199 lineto
99.62555 69.738 lineto
101.61942 70.73494 lineto
103.61145 71.73096 lineto
105.60349 72.72697 lineto
107.59552 73.72299 lineto
109.58939 74.71992 lineto
111.58142 75.71594 lineto
113.57346 76.71196 lineto
115.56549 77.70798 lineto
117.55936 78.70491 lineto
119.55139 79.70093 lineto stroke
newpath 116.2098 79.70099 moveto
117.26158 79.17506 118.49959 79.17505 119.55139 79.70093 curveto
118.49959 79.17505 117.75676 78.18465 117.5464 77.02768 curveto stroke
newpath 3.3416 19.92517 moveto
2.28981 20.4511 1.0518 20.45111 0 19.92523 curveto
1.0518 20.45111 1.79463 21.44151 2.00499 22.59848 curveto stroke
newpath 39.85046 31.88037 moveto
39.32199 31.88037 38.81523 31.67041 38.44156 31.29675 curveto
38.0679 30.92308 37.85794 30.41632 37.85794 29.88785 curveto
37.85794 29.35938 38.0679 28.85262 38.44156 28.47894 curveto
38.81523 28.10529 39.32199 27.89532 39.85046 27.89532 curveto
40.37894 27.89532 40.8857 28.10529 41.25937 28.47894 curveto
41.63303 28.85262 41.84299 29.35938 41.84299 29.88785 curveto
41.84299 30.41632 41.63303 30.92308 41.25937 31.29675 curveto
40.8857 31.67041 40.37894 31.88037 39.85046 31.88037 curveto closepath fill
newpath 39.85046 41.84299 moveto
39.32199 41.84299 38.81523 41.63303 38.44156 41.25937 curveto
38.0679 40.8857 37.85794 40.37894 37.85794 39.85046 curveto
37.85794 39.32199 38.0679 38.81523 38.44156 38.44156 curveto
38.81523 38.0679 39.32199 37.85794 39.85046 37.85794 curveto
40.37894 37.85794 40.8857 38.0679 41.25937 38.44156 curveto
41.63303 38.81523 41.84299 39.32199 41.84299 39.85046 curveto
41.84299 40.37894 41.63303 40.8857 41.25937 41.25937 curveto
40.8857 41.63303 40.37894 41.84299 39.85046 41.84299 curveto closepath fill
newpath 79.70093 61.76822 moveto
79.17245 61.76822 78.6657 61.55826 78.29202 61.1846 curveto
77.91837 60.81093 77.7084 60.30417 77.7084 59.7757 curveto
77.7084 59.24722 77.91837 58.74046 78.29202 58.36679 curveto
78.6657 57.99313 79.17245 57.78317 79.70093 57.78317 curveto
80.2294 57.78317 80.73616 57.99313 81.10983 58.36679 curveto
81.48349 58.74046 81.69345 59.24722 81.69345 59.7757 curveto
81.69345 60.30417 81.48349 60.81093 81.10983 61.1846 curveto
80.73616 61.55826 80.2294 61.76822 79.70093 61.76822 curveto closepath fill
newpath 99.62616 81.69345 moveto
99.09769 81.69345 98.59093 81.48349 98.21725 81.10983 curveto
97.8436 80.73616 97.63364 80.2294 97.63364 79.70093 curveto
97.63364 79.17245 97.8436 78.6657 98.21725 78.29202 curveto
98.59093 77.91837 99.09769 77.7084 99.62616 77.7084 curveto
100.15463 77.7084 100.66139 77.91837 101.03506 78.29202 curveto
101.40872 78.6657 101.61868 79.17245 101.61868 79.70093 curveto
101.61868 80.2294 101.40872 80.73616 101.03506 81.10983 curveto
100.66139 81.48349 100.15463 81.69345 99.62616 81.69345 curveto closepath fill
newpath 99.62616 71.73083 moveto
99.09769 71.73083 98.59093 71.52087 98.21725 71.14722 curveto
97.8436 70.77354 97.63364 70.26678 97.63364 69.73831 curveto
97.63364 69.20984 97.8436 68.70308 98.21725 68.3294 curveto
98.59093 67.95575 99.09769 67.74579 99.62616 67.74579 curveto
100.15463 67.74579 100.66139 67.95575 101.03506 68.3294 curveto
101.40872 68.70308 101.61868 69.20984 101.61868 69.73831 curveto
101.61868 70.26678 101.40872 70.77354 101.03506 71.14722 curveto
100.66139 71.52087 100.15463 71.73083 99.62616 71.73083 curveto closepath fill
showpage
%%EOF
