%!PS
%%BoundingBox: -1 -1 150 180 
%%HiResBoundingBox: -0.24907 -0.24907 149.68831 179.57616 
%%Creator: MetaPost 1.9991
%%CreationDate: 2017.08.03:0918
%%Pages: 1
%%BeginProlog
%%EndProlog
%%Page: 1 1
 0 0 0 setrgbcolor 0 0.49814 dtransform truncate idtransform setlinewidth pop
 [] 0 setdash 1 setlinecap 1 setlinejoin 10 setmiterlimit
newpath 0 89.66354 moveto
149.43924 89.66354 lineto stroke
newpath 144.45793 92.1542 moveto
145.63387 90.58629 147.47935 89.66354 149.43924 89.66354 curveto
147.47935 89.66354 145.63387 88.7408 144.45793 87.17288 curveto stroke
 0.49814 0 dtransform exch truncate exch idtransform pop setlinewidth
newpath 74.71962 0 moveto
74.71962 179.32709 lineto stroke
 0 0.49814 dtransform truncate idtransform setlinewidth pop
newpath 72.22896 174.34578 moveto
73.79688 175.52171 74.71962 177.3672 74.71962 179.32709 curveto
74.71962 177.3672 75.64236 175.52171 77.21028 174.34578 curveto stroke
 0.49814 0 dtransform exch truncate exch idtransform pop setlinewidth
newpath 29.88785 87.67102 moveto
29.88785 91.65607 lineto stroke
newpath 44.83177 87.67102 moveto
44.83177 91.65607 lineto stroke
newpath 59.7757 87.67102 moveto
59.7757 91.65607 lineto stroke
newpath 89.66354 87.67102 moveto
89.66354 91.65607 lineto stroke
newpath 104.60747 87.67102 moveto
104.60747 91.65607 lineto stroke
newpath 119.55139 87.67102 moveto
119.55139 91.65607 lineto stroke
newpath 134.49532 87.67102 moveto
134.49532 91.65607 lineto stroke
 0 0.49814 dtransform truncate idtransform setlinewidth pop
newpath 76.71214 14.94392 moveto
72.7271 14.94392 lineto stroke
newpath 76.71214 29.88785 moveto
72.7271 29.88785 lineto stroke
newpath 76.71214 44.83177 moveto
72.7271 44.83177 lineto stroke
newpath 76.71214 59.7757 moveto
72.7271 59.7757 lineto stroke
newpath 76.71214 74.71962 moveto
72.7271 74.71962 lineto stroke
newpath 76.71214 104.60747 moveto
72.7271 104.60747 lineto stroke
newpath 76.71214 119.55139 moveto
72.7271 119.55139 lineto stroke
newpath 76.71214 134.49532 moveto
72.7271 134.49532 lineto stroke
newpath 76.71214 149.43924 moveto
72.7271 149.43924 lineto stroke
newpath 76.71214 164.38316 moveto
72.7271 164.38316 lineto stroke
 0 1.24533 dtransform truncate idtransform setlinewidth pop
newpath 14.94392 89.66469 moveto
16.43796 83.80327 lineto
16.93459 81.86118 17.431 79.9193 17.93198 77.97835 curveto
18.4277 76.05768 18.9248 74.13724 19.42783 72.2184 curveto
19.92151 70.33559 20.41792 68.45369 20.92186 66.57361 curveto
21.41394 64.73755 21.91035 62.90262 22.41588 61.0702 curveto
22.90637 59.29251 23.40279 57.51642 23.90991 55.74352 curveto
24.3988 54.03491 24.89499 52.32835 25.40395 50.62546 curveto
25.89146 48.99438 26.3881 47.36606 26.8998 45.74228 curveto
27.38481 44.20288 27.88077 42.66666 28.39381 41.13615 curveto
28.87679 39.69525 29.37251 38.25847 29.88785 36.82874 curveto
30.36853 35.49524 30.86403 34.16699 31.38188 32.8474 curveto
31.86005 31.62883 32.35509 30.41687 32.8759 29.21608 curveto
33.35202 28.11813 33.84706 27.02863 34.37175 25.95303 curveto
34.84422 24.98483 35.33813 24.02734 35.86578 23.08788 curveto
36.33507 22.25217 36.8285 21.4299 37.3598 20.63203 curveto
37.8259 19.93222 38.3189 19.2502 38.85384 18.60147 curveto
39.31764 18.03915 39.81041 17.50078 40.34787 17.0087 curveto
40.81213 16.58366 41.3074 16.19305 41.84372 15.86401 curveto
42.31299 15.57602 42.81146 15.33635 43.33774 15.17422 curveto
43.82207 15.0251 44.3251 14.94392 44.83177 14.94392 curveto
45.33844 14.94392 45.84148 15.02533 46.3258 15.17422 curveto
46.85208 15.33614 47.35056 15.57487 47.81982 15.86287 curveto
48.35637 16.19214 48.85141 16.58344 49.31567 17.0087 curveto
49.85313 17.501 50.3459 18.03915 50.80971 18.60147 curveto
51.34465 19.2502 51.83742 19.93222 52.30373 20.63203 curveto
52.83504 21.42944 53.32848 22.25125 53.79776 23.08675 curveto
54.32541 24.02643 54.81932 24.98438 55.2918 25.95303 curveto
55.81648 27.02863 56.31152 28.11813 56.78764 29.21608 curveto
57.30846 30.41687 57.8035 31.62883 58.28166 32.8474 curveto
58.79951 34.16699 59.29501 35.49524 59.7757 36.82874 curveto
60.29103 38.25847 60.78676 39.69525 61.26973 41.13615 curveto
61.78278 42.66666 62.27852 44.20288 62.76375 45.74228 curveto
63.2752 47.3656 63.77208 48.99348 64.2596 50.62433 curveto
64.76878 52.327 65.26474 54.03377 65.75363 55.74237 curveto
66.26076 57.51527 66.75717 59.29137 67.24765 61.06906 curveto
67.75319 62.90147 68.2496 64.7364 68.74168 66.57248 curveto
69.24562 68.45277 69.74203 70.33536 70.23572 72.2184 curveto
70.73874 74.13678 71.23584 76.05676 71.73157 77.9772 curveto
72.23254 79.91817 72.72896 81.86003 73.22559 83.80212 curveto
73.72498 85.75563 74.2216 87.70981 74.71962 89.66354 curveto
75.21764 91.61728 75.71426 93.57146 76.21365 95.52496 curveto
76.71028 97.46706 77.2067 99.40892 77.70767 101.34988 curveto
78.2034 103.27032 78.7005 105.1903 79.20352 107.10869 curveto
79.6972 108.99173 80.19362 110.87431 80.69756 112.75461 curveto
81.18964 114.59068 81.68605 116.42561 82.19159 118.25803 curveto
82.68207 120.03572 83.17848 121.81181 83.68561 123.58472 curveto
84.1745 125.29332 84.67046 127.00009 85.17964 128.70276 curveto
85.66716 130.3336 86.16403 131.96149 86.67549 133.58481 curveto
87.16072 135.1242 87.65646 136.66043 88.16951 138.19093 curveto
88.65248 139.63184 89.14821 141.06862 89.66354 142.49835 curveto
90.14423 143.83185 90.63972 145.1601 91.15758 146.47969 curveto
91.63574 147.69826 92.13078 148.91022 92.6516 150.11101 curveto
93.12772 151.20895 93.62276 152.29846 94.14745 153.37405 curveto
94.61992 154.34271 95.11383 155.30066 95.64148 156.24034 curveto
96.11076 157.07584 96.6042 157.89764 97.13551 158.69505 curveto
97.60182 159.39487 98.09459 160.07689 98.62953 160.72562 curveto
99.09334 161.28793 99.5861 161.82608 100.12357 162.31839 curveto
100.58783 162.74365 101.08287 163.13495 101.61942 163.46422 curveto
102.08868 163.75221 102.58716 163.99095 103.11343 164.15286 curveto
103.59776 164.30176 104.1008 164.38316 104.60747 164.38316 curveto
105.11414 164.38316 105.61717 164.30199 106.1015 164.15286 curveto
106.62778 163.99074 107.12625 163.75107 107.59552 163.46307 curveto
108.13184 163.13403 108.6271 162.74342 109.09137 162.31839 curveto
109.62883 161.82631 110.1216 161.28793 110.5854 160.72562 curveto
111.12035 160.07689 111.61334 159.39487 112.07944 158.69505 curveto
112.61073 157.89719 113.10417 157.07492 113.57346 156.23921 curveto
114.1011 155.29974 114.59502 154.34225 115.06749 153.37405 curveto
115.59218 152.29846 116.08722 151.20895 116.56334 150.11101 curveto
117.08415 148.91022 117.5792 147.69826 118.05736 146.47969 curveto
118.57521 145.1601 119.07071 143.83185 119.55139 142.49835 curveto
120.06673 141.06862 120.56245 139.63184 121.04543 138.19093 curveto
121.55847 136.66043 122.05443 135.1242 122.53944 133.58481 curveto
123.05113 131.96103 123.54778 130.3327 124.0353 128.70163 curveto
124.54425 126.99873 125.04044 125.29218 125.52933 123.58357 curveto
126.03645 121.81067 126.53287 120.03458 127.02336 118.25688 curveto
127.52888 116.42447 128.0253 114.58954 128.51738 112.75348 curveto
129.02132 110.8734 129.51773 108.9915 130.01141 107.10869 curveto
130.51443 105.18985 131.01154 103.26941 131.50726 101.34874 curveto
132.00824 99.40779 132.50465 97.46591 133.00128 95.52382 curveto
134.49532 89.6624 lineto stroke
newpath 44.83177 16.93645 moveto
44.3033 16.93645 43.79654 16.72649 43.42287 16.35283 curveto
43.04921 15.97916 42.83925 15.4724 42.83925 14.94392 curveto
42.83925 14.41545 43.04921 13.90869 43.42287 13.53502 curveto
43.79654 13.16136 44.3033 12.9514 44.83177 12.9514 curveto
45.36024 12.9514 45.867 13.16136 46.24068 13.53502 curveto
46.61433 13.90869 46.8243 14.41545 46.8243 14.94392 curveto
46.8243 15.4724 46.61433 15.97916 46.24068 16.35283 curveto
45.867 16.72649 45.36024 16.93645 44.83177 16.93645 curveto closepath fill
newpath 74.71962 91.65607 moveto
74.19115 91.65607 73.68439 91.4461 73.31071 91.07245 curveto
72.93706 90.69878 72.7271 90.19202 72.7271 89.66354 curveto
72.7271 89.13507 72.93706 88.62831 73.31071 88.25464 curveto
73.68439 87.88098 74.19115 87.67102 74.71962 87.67102 curveto
75.2481 87.67102 75.75485 87.88098 76.12852 88.25464 curveto
76.50218 88.62831 76.71214 89.13507 76.71214 89.66354 curveto
76.71214 90.19202 76.50218 90.69878 76.12852 91.07245 curveto
75.75485 91.4461 75.2481 91.65607 74.71962 91.65607 curveto closepath fill
newpath 134.49532 91.65607 moveto
133.96684 91.65607 133.46008 91.4461 133.08641 91.07245 curveto
132.71275 90.69878 132.50279 90.19202 132.50279 89.66354 curveto
132.50279 89.13507 132.71275 88.62831 133.08641 88.25464 curveto
133.46008 87.88098 133.96684 87.67102 134.49532 87.67102 curveto
135.02379 87.67102 135.53055 87.88098 135.90422 88.25464 curveto
136.27788 88.62831 136.48784 89.13507 136.48784 89.66354 curveto
136.48784 90.19202 136.27788 90.69878 135.90422 91.07245 curveto
135.53055 91.4461 135.02379 91.65607 134.49532 91.65607 curveto closepath fill
newpath 104.60747 136.48784 moveto
104.079 136.48784 103.57224 136.27788 103.19856 135.90422 curveto
102.8249 135.53055 102.61494 135.02379 102.61494 134.49532 curveto
102.61494 133.96684 102.8249 133.46008 103.19856 133.08641 curveto
103.57224 132.71275 104.079 132.50279 104.60747 132.50279 curveto
105.13594 132.50279 105.6427 132.71275 106.01637 133.08641 curveto
106.39003 133.46008 106.59999 133.96684 106.59999 134.49532 curveto
106.59999 135.02379 106.39003 135.53055 106.01637 135.90422 curveto
105.6427 136.27788 105.13594 136.48784 104.60747 136.48784 curveto closepath fill
newpath 14.94392 91.65607 moveto
14.41545 91.65607 13.90869 91.4461 13.53502 91.07245 curveto
13.16136 90.69878 12.9514 90.19202 12.9514 89.66354 curveto
12.9514 89.13507 13.16136 88.62831 13.53502 88.25464 curveto
13.90869 87.88098 14.41545 87.67102 14.94392 87.67102 curveto
15.4724 87.67102 15.97916 87.88098 16.35283 88.25464 curveto
16.72649 88.62831 16.93645 89.13507 16.93645 89.66354 curveto
16.93645 90.19202 16.72649 90.69878 16.35283 91.07245 curveto
15.97916 91.4461 15.4724 91.65607 14.94392 91.65607 curveto closepath fill
 1 1 1 setrgbcolor
newpath 104.60747 166.37569 moveto
104.079 166.37569 103.57224 166.16573 103.19856 165.79207 curveto
102.8249 165.4184 102.61494 164.91164 102.61494 164.38316 curveto
102.61494 163.85469 102.8249 163.34793 103.19856 162.97426 curveto
103.57224 162.6006 104.079 162.39064 104.60747 162.39064 curveto
105.13594 162.39064 105.6427 162.6006 106.01637 162.97426 curveto
106.39003 163.34793 106.59999 163.85469 106.59999 164.38316 curveto
106.59999 164.91164 106.39003 165.4184 106.01637 165.79207 curveto
105.6427 166.16573 105.13594 166.37569 104.60747 166.37569 curveto closepath fill
 0 0 0 setrgbcolor
newpath 104.60747 166.37569 moveto
104.079 166.37569 103.57224 166.16573 103.19856 165.79207 curveto
102.8249 165.4184 102.61494 164.91164 102.61494 164.38316 curveto
102.61494 163.85469 102.8249 163.34793 103.19856 162.97426 curveto
103.57224 162.6006 104.079 162.39064 104.60747 162.39064 curveto
105.13594 162.39064 105.6427 162.6006 106.01637 162.97426 curveto
106.39003 163.34793 106.59999 163.85469 106.59999 164.38316 curveto
106.59999 164.91164 106.39003 165.4184 106.01637 165.79207 curveto
105.6427 166.16573 105.13594 166.37569 104.60747 166.37569 curveto stroke
showpage
%%EOF
