%!PS
%%BoundingBox: -1 -1 91 98 
%%HiResBoundingBox: -0.24907 -0.35036 90.28621 97.38458 
%%Creator: MetaPost 1.9991
%%CreationDate: 2017.08.03:0918
%%Pages: 1
%%BeginProlog
%%EndProlog
%%Page: 1 1
 0 0 0 setrgbcolor 0 0.49814 dtransform truncate idtransform setlinewidth pop
 [] 0 setdash 1 setlinecap 1 setlinejoin 10 setmiterlimit
newpath 0 22.4159 moveto
89.66354 22.4159 lineto stroke
newpath 84.68224 24.90656 moveto
85.85817 23.33864 87.70366 22.4159 89.66354 22.4159 curveto
87.70366 22.4159 85.85817 21.49315 84.68224 19.92523 curveto stroke
 0.49814 0 dtransform exch truncate exch idtransform pop setlinewidth
newpath 44.83177 0 moveto
44.83177 97.13551 lineto stroke
 0 0.49814 dtransform truncate idtransform setlinewidth pop
newpath 42.34111 92.1542 moveto
43.90903 93.33014 44.83177 95.17563 44.83177 97.13551 curveto
44.83177 95.17563 45.75452 93.33014 47.32243 92.1542 curveto stroke
 0.49814 0 dtransform exch truncate exch idtransform pop setlinewidth
newpath 14.94392 20.42337 moveto
14.94392 24.40842 lineto stroke
newpath 29.88785 20.42337 moveto
29.88785 24.40842 lineto stroke
newpath 59.7757 20.42337 moveto
59.7757 24.40842 lineto stroke
newpath 74.71962 20.42337 moveto
74.71962 24.40842 lineto stroke
 0 0.49814 dtransform truncate idtransform setlinewidth pop
newpath 46.8243 37.35982 moveto
42.83925 37.35982 lineto stroke
newpath 46.8243 52.30374 moveto
42.83925 52.30374 lineto stroke
newpath 46.8243 67.24767 moveto
42.83925 67.24767 lineto stroke
newpath 46.8243 82.19159 moveto
42.83925 82.19159 lineto stroke
 0 1.24533 dtransform truncate idtransform setlinewidth pop
newpath 14.94392 67.24767 moveto
15.24265 64.06853 15.74179 60.91127 16.43863 57.79507 curveto
16.74442 56.42805 17.37743 55.16707 17.9322 53.8826 curveto
18.37617 52.8551 18.89539 51.86252 19.42693 50.87767 curveto
19.89278 50.01482 20.40036 49.17545 20.92163 48.34476 curveto
21.39752 47.5861 21.90123 46.8457 22.41634 46.11328 curveto
22.8977 45.42921 23.39868 44.75926 23.90991 44.09708 curveto
24.39516 43.46841 24.89568 42.8516 25.40463 42.24185 curveto
25.89238 41.6572 26.39244 41.0828 26.89934 40.51479 curveto
27.38846 39.96661 27.8876 39.42734 28.39291 38.89398 curveto
28.88385 38.37567 29.38322 37.86536 29.88762 37.36028 curveto
30.3797 36.86774 30.87862 36.38182 31.38232 35.90091 curveto
31.87509 35.43048 32.37402 34.96646 32.87704 34.50676 curveto
33.37027 34.05617 33.8685 33.6113 34.37062 33.17052 curveto
34.86475 32.73682 35.36343 32.30858 35.86533 31.884 curveto
36.35991 31.46579 36.85838 31.05238 37.36003 30.64262 curveto
37.85509 30.23833 38.35355 29.83838 38.85475 29.44183 curveto
39.34956 29.05031 39.84781 28.66313 40.34833 28.2789 curveto
40.84383 27.89856 41.34229 27.52231 41.84303 27.1488 curveto
42.33876 26.77917 42.83722 26.41296 43.33774 26.04971 curveto
43.83325 25.69012 44.33148 25.33394 44.83131 24.98027 curveto
45.3275 24.62935 45.82597 24.2816 46.32603 23.93637 curveto
46.82243 23.59364 47.32068 23.25389 47.82074 22.91664 curveto
48.31715 22.5819 48.81561 22.2499 49.31544 21.92017 curveto
49.81163 21.59294 50.30965 21.26846 50.80902 20.94603 curveto
51.3059 20.6252 51.8039 20.30666 52.30374 19.9906 curveto
52.8006 19.67639 53.29884 19.36467 53.79845 19.0548 curveto
54.29509 18.74672 54.79286 18.44095 55.29202 18.1372 curveto
55.78888 17.83485 56.28735 17.53453 56.78673 17.23605 curveto
57.28383 16.93893 57.78206 16.64365 58.28143 16.3504 curveto
59.77615 15.48026 lineto
61.26973 14.6247 lineto
61.76704 14.34216 62.26529 14.06192 62.76443 13.78282 curveto
64.25914 12.95372 lineto
65.75272 12.13739 lineto
67.24744 11.33292 lineto
68.74214 10.53938 lineto
70.23685 9.75725 lineto
71.73042 8.98561 lineto
73.22514 8.224 lineto
74.71985 7.47197 lineto
76.21455 6.72906 lineto
77.70813 5.99573 lineto
79.20284 5.27106 lineto
80.69756 4.55415 lineto
82.19113 3.84636 lineto
83.68584 3.1454 lineto
85.18054 2.4522 lineto
86.67526 1.7663 lineto
88.16884 1.08815 lineto
89.66354 0.41638 lineto stroke
newpath 87.54523 3.0007 moveto
87.80525 1.8539 88.59007 0.89644 89.66354 0.41638 curveto
88.59007 0.89644 87.35323 0.84306 86.3251 0.27231 curveto stroke
newpath 14.94392 69.24019 moveto
14.41545 69.24019 13.90869 69.03023 13.53502 68.65657 curveto
13.16136 68.2829 12.9514 67.77614 12.9514 67.24767 curveto
12.9514 66.7192 13.16136 66.21243 13.53502 65.83876 curveto
13.90869 65.4651 14.41545 65.25514 14.94392 65.25514 curveto
15.4724 65.25514 15.97916 65.4651 16.35283 65.83876 curveto
16.72649 66.21243 16.93645 66.7192 16.93645 67.24767 curveto
16.93645 67.77614 16.72649 68.2829 16.35283 68.65657 curveto
15.97916 69.03023 15.4724 69.24019 14.94392 69.24019 curveto closepath fill
newpath 29.88785 39.35234 moveto
29.35938 39.35234 28.85262 39.14238 28.47894 38.76872 curveto
28.10529 38.39505 27.89532 37.88829 27.89532 37.35982 curveto
27.89532 36.83134 28.10529 36.32458 28.47894 35.95091 curveto
28.85262 35.57726 29.35938 35.3673 29.88785 35.3673 curveto
30.41632 35.3673 30.92308 35.57726 31.29675 35.95091 curveto
31.67041 36.32458 31.88037 36.83134 31.88037 37.35982 curveto
31.88037 37.88829 31.67041 38.39505 31.29675 38.76872 curveto
30.92308 39.14238 30.41632 39.35234 29.88785 39.35234 curveto closepath fill
newpath 74.71962 9.4645 moveto
74.19115 9.4645 73.68439 9.25453 73.31071 8.88087 curveto
72.93706 8.5072 72.7271 8.00044 72.7271 7.47197 curveto
72.7271 6.9435 72.93706 6.43674 73.31071 6.06306 curveto
73.68439 5.6894 74.19115 5.47945 74.71962 5.47945 curveto
75.2481 5.47945 75.75485 5.6894 76.12852 6.06306 curveto
76.50218 6.43674 76.71214 6.9435 76.71214 7.47197 curveto
76.71214 8.00044 76.50218 8.5072 76.12852 8.88087 curveto
75.75485 9.25453 75.2481 9.4645 74.71962 9.4645 curveto closepath fill
showpage
%%EOF
