%!PS
%%BoundingBox: -1 -2 90 90 
%%HiResBoundingBox: -0.24907 -1.55666 89.91261 89.91261 
%%Creator: MetaPost 1.9991
%%CreationDate: 2017.08.03:0918
%%Pages: 1
%%BeginProlog
%%EndProlog
%%Page: 1 1
 0 0 0 setrgbcolor 0 0.49814 dtransform truncate idtransform setlinewidth pop
 [] 0 setdash 1 setlinecap 1 setlinejoin 10 setmiterlimit
newpath 0 14.94392 moveto
89.66354 14.94392 lineto stroke
newpath 84.68224 17.43459 moveto
85.85817 15.86667 87.70366 14.94392 89.66354 14.94392 curveto
87.70366 14.94392 85.85817 14.02118 84.68224 12.45326 curveto stroke
 0.49814 0 dtransform exch truncate exch idtransform pop setlinewidth
newpath 44.83177 0 moveto
44.83177 89.66354 lineto stroke
 0 0.49814 dtransform truncate idtransform setlinewidth pop
newpath 42.34111 84.68224 moveto
43.90903 85.85817 44.83177 87.70366 44.83177 89.66354 curveto
44.83177 87.70366 45.75452 85.85817 47.32243 84.68224 curveto stroke
 0.49814 0 dtransform exch truncate exch idtransform pop setlinewidth
newpath 14.94392 12.9514 moveto
14.94392 16.93645 lineto stroke
newpath 29.88785 12.9514 moveto
29.88785 16.93645 lineto stroke
newpath 59.7757 12.9514 moveto
59.7757 16.93645 lineto stroke
newpath 74.71962 12.9514 moveto
74.71962 16.93645 lineto stroke
 0 0.49814 dtransform truncate idtransform setlinewidth pop
newpath 46.8243 29.88785 moveto
42.83925 29.88785 lineto stroke
newpath 46.8243 44.83177 moveto
42.83925 44.83177 lineto stroke
newpath 46.8243 59.7757 moveto
42.83925 59.7757 lineto stroke
newpath 46.8243 74.71962 moveto
42.83925 74.71962 lineto stroke
 0 1.24533 dtransform truncate idtransform setlinewidth pop
newpath 11.20795 -0.93399 moveto
11.695 1.25984 12.19302 3.45094 12.70197 5.63977 curveto
13.18948 7.73557 13.68727 9.82884 14.19714 11.91939 curveto
14.68375 13.91438 15.18108 15.90642 15.69116 17.8955 curveto
16.17732 19.79108 16.67464 21.68393 17.1852 23.57289 curveto
17.67088 25.3702 18.16867 27.1643 18.68013 28.95454 curveto
19.16492 30.6515 19.66225 32.34529 20.17416 34.03427 curveto
20.6585 35.63228 21.15558 37.22618 21.66818 38.8153 curveto
22.15205 40.31526 22.64961 41.81088 23.16336 43.3008 curveto
23.64609 44.70065 24.14296 46.09549 24.65738 47.48418 curveto
25.13943 48.78598 25.63675 50.08208 26.15233 51.37088 curveto
26.63322 52.57326 27.1301 53.76903 27.64635 54.95659 curveto
28.12611 56.06024 28.62299 57.15681 29.14038 58.24336 curveto
29.61969 59.24963 30.11633 60.24748 30.63554 61.23369 curveto
31.11327 62.14124 31.60968 63.03876 32.12958 63.9228 curveto
32.60616 64.73276 33.10233 65.53131 33.6236 66.3132 curveto
34.09926 67.0267 34.59567 67.72652 35.11855 68.40627 curveto
35.59306 69.02307 36.08902 69.62323 36.61256 70.199 curveto
37.08664 70.72049 37.58282 71.22147 38.1066 71.69302 curveto
38.58157 72.12035 39.07822 72.52281 39.60176 72.88925 curveto
40.07811 73.22285 40.57567 73.52545 41.0958 73.78563 curveto
41.57648 74.02597 42.07516 74.22891 42.58981 74.38329 curveto
43.07779 74.52968 43.57785 74.63138 44.08476 74.68222 curveto
44.5814 74.73193 45.08214 74.73193 45.57878 74.68222 curveto
46.0857 74.63138 46.58598 74.52968 47.07396 74.38329 curveto
47.58884 74.22891 48.0873 74.02574 48.56798 73.7854 curveto
49.0881 73.52522 49.58566 73.22263 50.06201 72.88902 curveto
50.58533 72.52258 51.0822 72.12035 51.55695 71.69302 curveto
52.08072 71.22147 52.5769 70.72049 53.05098 70.199 curveto
53.57452 69.62323 54.07048 69.02307 54.545 68.40627 curveto
55.06787 67.72629 55.56429 67.0267 56.04018 66.31297 curveto
56.56143 65.53108 57.05762 64.73253 57.5342 63.92258 curveto
58.05432 63.03853 58.5505 62.14078 59.02823 61.23325 curveto
59.54721 60.24702 60.04408 59.2494 60.52316 58.24336 curveto
61.04056 57.15681 61.53743 56.06024 62.0172 54.95659 curveto
62.53345 53.76903 63.03032 52.57326 63.51122 51.37088 curveto
64.0268 50.08185 64.52434 48.78552 65.0064 47.48349 curveto
65.52058 46.0948 66.01768 44.69997 66.50041 43.30013 curveto
67.01416 41.81042 67.51149 40.31503 67.99536 38.8153 curveto
68.50797 37.22618 69.00505 35.63228 69.48938 34.03427 curveto
70.0013 32.34529 70.49863 30.6515 70.98341 28.95454 curveto
71.49487 27.16408 71.99266 25.3695 72.47858 23.57198 curveto
72.98914 21.68301 73.48645 19.79016 73.97261 17.89458 curveto
74.4827 15.90552 74.98003 13.91347 75.46663 11.91847 curveto
75.9765 9.82838 76.47427 7.73534 76.96158 5.63977 curveto
77.47052 3.45094 77.96854 1.25984 78.4556 -0.93399 curveto stroke
newpath 79.2667 2.30762 moveto
78.50122 1.41496 78.20073 0.21399 78.4556 -0.93399 curveto
78.20073 0.21399 77.42026 1.17497 76.34894 1.65985 curveto stroke
newpath 13.3146 1.65985 moveto
12.24329 1.17497 11.46281 0.21399 11.20795 -0.93399 curveto
11.46281 0.21399 11.16232 1.41496 10.39685 2.30762 curveto stroke
newpath 29.88785 61.76822 moveto
29.35938 61.76822 28.85262 61.55826 28.47894 61.1846 curveto
28.10529 60.81093 27.89532 60.30417 27.89532 59.7757 curveto
27.89532 59.24722 28.10529 58.74046 28.47894 58.36679 curveto
28.85262 57.99313 29.35938 57.78317 29.88785 57.78317 curveto
30.41632 57.78317 30.92308 57.99313 31.29675 58.36679 curveto
31.67041 58.74046 31.88037 59.24722 31.88037 59.7757 curveto
31.88037 60.30417 31.67041 60.81093 31.29675 61.1846 curveto
30.92308 61.55826 30.41632 61.76822 29.88785 61.76822 curveto closepath fill
newpath 44.83177 76.71214 moveto
44.3033 76.71214 43.79654 76.50218 43.42287 76.12852 curveto
43.04921 75.75485 42.83925 75.2481 42.83925 74.71962 curveto
42.83925 74.19115 43.04921 73.68439 43.42287 73.31071 curveto
43.79654 72.93706 44.3033 72.7271 44.83177 72.7271 curveto
45.36024 72.7271 45.867 72.93706 46.24068 73.31071 curveto
46.61433 73.68439 46.8243 74.19115 46.8243 74.71962 curveto
46.8243 75.2481 46.61433 75.75485 46.24068 76.12852 curveto
45.867 76.50218 45.36024 76.71214 44.83177 76.71214 curveto closepath fill
newpath 59.7757 61.76822 moveto
59.24722 61.76822 58.74046 61.55826 58.36679 61.1846 curveto
57.99313 60.81093 57.78317 60.30417 57.78317 59.7757 curveto
57.78317 59.24722 57.99313 58.74046 58.36679 58.36679 curveto
58.74046 57.99313 59.24722 57.78317 59.7757 57.78317 curveto
60.30417 57.78317 60.81093 57.99313 61.1846 58.36679 curveto
61.55826 58.74046 61.76822 59.24722 61.76822 59.7757 curveto
61.76822 60.30417 61.55826 60.81093 61.1846 61.1846 curveto
60.81093 61.55826 60.30417 61.76822 59.7757 61.76822 curveto closepath fill
newpath 14.94392 16.93645 moveto
14.41545 16.93645 13.90869 16.72649 13.53502 16.35283 curveto
13.16136 15.97916 12.9514 15.4724 12.9514 14.94392 curveto
12.9514 14.41545 13.16136 13.90869 13.53502 13.53502 curveto
13.90869 13.16136 14.41545 12.9514 14.94392 12.9514 curveto
15.4724 12.9514 15.97916 13.16136 16.35283 13.53502 curveto
16.72649 13.90869 16.93645 14.41545 16.93645 14.94392 curveto
16.93645 15.4724 16.72649 15.97916 16.35283 16.35283 curveto
15.97916 16.72649 15.4724 16.93645 14.94392 16.93645 curveto closepath fill
newpath 74.71962 16.93645 moveto
74.19115 16.93645 73.68439 16.72649 73.31071 16.35283 curveto
72.93706 15.97916 72.7271 15.4724 72.7271 14.94392 curveto
72.7271 14.41545 72.93706 13.90869 73.31071 13.53502 curveto
73.68439 13.16136 74.19115 12.9514 74.71962 12.9514 curveto
75.2481 12.9514 75.75485 13.16136 76.12852 13.53502 curveto
76.50218 13.90869 76.71214 14.41545 76.71214 14.94392 curveto
76.71214 15.4724 76.50218 15.97916 76.12852 16.35283 curveto
75.75485 16.72649 75.2481 16.93645 74.71962 16.93645 curveto closepath fill
showpage
%%EOF
