%!PS
%%BoundingBox: -1 -1 90 105 
%%HiResBoundingBox: -0.24907 -0.24907 89.91261 104.85654 
%%Creator: MetaPost 1.9991
%%CreationDate: 2017.08.03:0918
%%Pages: 1
%%BeginProlog
%%EndProlog
%%Page: 1 1
 0 0 0 setrgbcolor 0 0.49814 dtransform truncate idtransform setlinewidth pop
 [] 0 setdash 1 setlinecap 1 setlinejoin 10 setmiterlimit
newpath 0 14.94392 moveto
89.66354 14.94392 lineto stroke
newpath 84.68224 17.43459 moveto
85.85817 15.86667 87.70366 14.94392 89.66354 14.94392 curveto
87.70366 14.94392 85.85817 14.02118 84.68224 12.45326 curveto stroke
 0.49814 0 dtransform exch truncate exch idtransform pop setlinewidth
newpath 44.83177 0 moveto
44.83177 104.60747 lineto stroke
 0 0.49814 dtransform truncate idtransform setlinewidth pop
newpath 42.34111 99.62616 moveto
43.90903 100.8021 44.83177 102.64758 44.83177 104.60747 curveto
44.83177 102.64758 45.75452 100.8021 47.32243 99.62616 curveto stroke
 0.49814 0 dtransform exch truncate exch idtransform pop setlinewidth
newpath 14.94392 12.9514 moveto
14.94392 16.93645 lineto stroke
newpath 29.88785 12.9514 moveto
29.88785 16.93645 lineto stroke
newpath 59.7757 12.9514 moveto
59.7757 16.93645 lineto stroke
newpath 74.71962 12.9514 moveto
74.71962 16.93645 lineto stroke
 0 0.49814 dtransform truncate idtransform setlinewidth pop
newpath 46.8243 29.88785 moveto
42.83925 29.88785 lineto stroke
newpath 46.8243 44.83177 moveto
42.83925 44.83177 lineto stroke
newpath 46.8243 59.7757 moveto
42.83925 59.7757 lineto stroke
newpath 46.8243 74.71962 moveto
42.83925 74.71962 lineto stroke
newpath 46.8243 89.66354 moveto
42.83925 89.66354 lineto stroke
 0 1.24533 dtransform truncate idtransform setlinewidth pop
newpath 13.44945 95.79083 moveto
13.93582 93.74612 14.43382 91.70438 14.94347 89.66537 curveto
15.43007 87.71893 15.92786 85.77524 16.4384 83.83496 curveto
16.9241 81.98909 17.42166 80.1462 17.93243 78.30716 curveto
18.41791 76.55957 18.91545 74.81494 19.42737 73.07486 curveto
19.91193 71.42738 20.40926 69.78354 20.9214 68.14449 curveto
21.40527 66.59596 21.9026 65.05154 22.41566 63.51236 curveto
22.89908 62.06212 23.3964 60.61665 23.9106 59.17712 curveto
24.39287 57.82675 24.88997 56.48163 25.40463 55.14311 curveto
25.88599 53.89148 26.38286 52.64577 26.89865 51.40805 curveto
27.37933 50.25446 27.87643 49.1075 28.39359 47.96964 curveto
28.87291 46.91502 29.36954 45.86838 29.88762 44.83223 curveto
30.36624 43.8752 30.86288 42.92729 31.38255 41.99193 curveto
31.85959 41.1332 32.356 40.28516 32.87659 39.45195 curveto
33.35248 38.69034 33.84866 37.94173 34.37062 37.2109 curveto
34.84583 36.54553 35.34224 35.89566 35.86555 35.26744 curveto
36.33984 34.69829 36.8358 34.1476 37.3598 33.62383 curveto
37.83388 33.14977 38.33029 32.69804 38.85384 32.27916 curveto
39.32927 31.8988 39.8266 31.54605 40.34877 31.23274 curveto
40.82695 30.94589 41.32495 30.69278 41.8428 30.48573 curveto
42.3269 30.29214 42.8265 30.13936 43.33774 30.0372 curveto
43.82982 29.93869 44.33011 29.88785 44.83177 29.88785 curveto
45.33344 29.88785 45.83372 29.93869 46.3258 30.0372 curveto
46.83704 30.13936 47.33664 30.29214 47.82074 30.48573 curveto
48.3386 30.69278 48.8366 30.94589 49.31477 31.23274 curveto
49.83694 31.54605 50.33427 31.8988 50.80971 32.27916 curveto
51.33325 32.69804 51.82967 33.14977 52.30374 33.62383 curveto
52.82774 34.1476 53.3237 34.69829 53.79799 35.26744 curveto
54.3213 35.89566 54.81772 36.54553 55.29292 37.2109 curveto
55.81488 37.94173 56.31107 38.69034 56.78696 39.45195 curveto
57.30754 40.28516 57.80396 41.1332 58.28099 41.99193 curveto
58.80066 42.92729 59.2973 43.8752 59.77592 44.83223 curveto
60.294 45.86838 60.79063 46.91502 61.26996 47.96964 curveto
61.78711 49.1075 62.28421 50.25446 62.7649 51.40805 curveto
63.28069 52.64577 63.77756 53.89148 64.25891 55.14311 curveto
64.77357 56.48163 65.27068 57.82675 65.75294 59.17712 curveto
66.26715 60.61665 66.76447 62.06212 67.24788 63.51236 curveto
67.76094 65.05154 68.25827 66.59596 68.74214 68.14449 curveto
69.25429 69.78354 69.75162 71.42738 70.23618 73.07486 curveto
70.7481 74.81494 71.24564 76.55957 71.73111 78.30716 curveto
72.24188 80.1462 72.73944 81.98909 73.22514 83.83496 curveto
73.73569 85.77524 74.23347 87.71893 74.72008 89.66537 curveto
75.22972 91.70438 75.72772 93.74612 76.2141 95.79083 curveto stroke
newpath 74.06862 93.229 moveto
75.1471 93.69771 75.94197 94.64682 76.2141 95.79083 curveto
75.94197 94.64682 76.22433 93.44145 76.97627 92.53735 curveto stroke
newpath 12.68727 92.53735 moveto
13.43921 93.44145 13.72157 94.64682 13.44945 95.79083 curveto
13.72157 94.64682 14.51645 93.69771 15.59492 93.229 curveto stroke
showpage
%%EOF
