%!PS
%%BoundingBox: -1 -1 138 69 
%%HiResBoundingBox: -0.24907 -0.24907 137.73317 68.99112 
%%Creator: MetaPost 1.9991
%%CreationDate: 2017.08.03:0918
%%Pages: 1
%%BeginProlog
%%EndProlog
%%Page: 1 1
 0 0 0 setrgbcolor 0 0.49814 dtransform truncate idtransform setlinewidth pop
 [] 0 setdash 1 setlinecap 1 setlinejoin 10 setmiterlimit
newpath 0 22.91402 moveto
137.4841 22.91402 lineto stroke
newpath 132.50279 25.40468 moveto
133.67873 23.83676 135.52422 22.91402 137.4841 22.91402 curveto
135.52422 22.91402 133.67873 21.99127 132.50279 20.42336 curveto stroke
 0.49814 0 dtransform exch truncate exch idtransform pop setlinewidth
newpath 68.74205 0 moveto
68.74205 68.74205 lineto stroke
 0 0.49814 dtransform truncate idtransform setlinewidth pop
newpath 66.25139 63.76074 moveto
67.8193 64.93668 68.74205 66.78217 68.74205 68.74205 curveto
68.74205 66.78217 69.6648 64.93668 71.23271 63.76074 curveto stroke
 0.49814 0 dtransform exch truncate exch idtransform pop setlinewidth
newpath 22.91402 20.9215 moveto
22.91402 24.90654 lineto stroke
newpath 45.82803 20.9215 moveto
45.82803 24.90654 lineto stroke
newpath 91.65607 20.9215 moveto
91.65607 24.90654 lineto stroke
newpath 114.57008 20.9215 moveto
114.57008 24.90654 lineto stroke
 0 0.49814 dtransform truncate idtransform setlinewidth pop
newpath 70.73457 45.82803 moveto
66.74953 45.82803 lineto stroke
 0 1.24533 dtransform truncate idtransform setlinewidth pop
newpath 11.457 26.07442 moveto
12.22133 26.14679 12.98529 26.22336 13.7489 26.30377 curveto
14.51286 26.3842 15.27612 26.46811 16.03905 26.55692 curveto
16.80371 26.64607 17.56767 26.73907 18.33093 26.83768 curveto
19.0956 26.93663 19.85956 27.03976 20.62282 27.14955 curveto
21.38783 27.25969 22.1518 27.37473 22.91472 27.4971 curveto
23.67903 27.61983 24.44264 27.74779 25.20486 27.8845 curveto
25.97021 28.02156 26.73453 28.16527 27.49675 28.3184 curveto
28.26247 28.47224 29.02678 28.63309 29.78864 28.80475 curveto
30.55435 28.97713 31.31796 29.15755 32.07878 29.35019 curveto
32.84555 29.54424 33.60986 29.74773 34.37068 29.96451 curveto
35.13814 30.18303 35.9028 30.41205 36.66257 30.6554 curveto
37.43108 30.90155 38.19539 31.15923 38.95445 31.4323 curveto
39.72331 31.70886 40.48692 31.99872 41.2446 32.30466 curveto
42.01486 32.61548 42.77917 32.941 43.5365 33.28224 curveto
44.3078 33.62979 45.07176 33.99306 45.82838 34.37137 curveto
46.60039 34.75703 47.36365 35.15912 48.12027 35.57414 curveto
48.89159 35.99721 49.6538 36.4367 50.41042 36.88564 curveto
51.18138 37.34297 51.94289 37.81602 52.7023 38.29259 curveto
53.47116 38.77509 54.23128 39.27122 54.9942 39.76283 curveto
55.75851 40.25546 56.51619 40.75826 57.28435 41.24495 curveto
58.04376 41.72641 58.80074 42.21205 59.57623 42.66728 curveto
60.32936 43.10959 61.08598 43.54733 61.86812 43.93613 curveto
62.61635 44.30815 63.37473 44.66164 64.16002 44.94695 curveto
64.90755 45.21861 65.66907 45.45078 66.45016 45.60112 curveto
67.20573 45.74657 67.97249 45.82803 68.74205 45.82803 curveto
69.51161 45.82803 70.27837 45.74657 71.03394 45.60112 curveto
71.81503 45.45078 72.57655 45.21861 73.32408 44.94695 curveto
74.10938 44.66164 74.86775 44.30815 75.61598 43.93613 curveto
76.39812 43.54733 77.15474 43.10959 77.90787 42.66728 curveto
78.68336 42.21205 79.44034 41.72641 80.19975 41.24495 curveto
80.96791 40.75826 81.72559 40.25546 82.4899 39.76283 curveto
83.25282 39.27122 84.01294 38.77509 84.7818 38.29259 curveto
85.54121 37.81602 86.30272 37.34297 87.07368 36.88564 curveto
87.8303 36.4367 88.59251 35.99721 89.36383 35.57414 curveto
90.12045 35.15912 90.88371 34.75703 91.65572 34.37137 curveto
92.41234 33.99306 93.1763 33.62979 93.9476 33.28224 curveto
94.70493 32.941 95.46924 32.61548 96.2395 32.30466 curveto
96.99718 31.99872 97.76079 31.70886 98.52965 31.4323 curveto
99.28871 31.15923 100.05302 30.90155 100.82153 30.6554 curveto
101.5813 30.41205 102.34596 30.18303 103.11342 29.96451 curveto
103.87424 29.74773 104.63855 29.54424 105.40532 29.35019 curveto
106.16614 29.15755 106.92975 28.97713 107.69547 28.80475 curveto
108.45732 28.63309 109.22163 28.47224 109.98735 28.3184 curveto
110.74957 28.16527 111.51389 28.02156 112.27924 27.8845 curveto
113.04146 27.74779 113.80507 27.61983 114.56938 27.4971 curveto
115.3323 27.37473 116.09627 27.25969 116.86128 27.14955 curveto
117.62454 27.03976 118.3885 26.93663 119.15317 26.83768 curveto
119.91643 26.73907 120.68039 26.64607 121.44505 26.55692 curveto
122.20798 26.46811 122.97124 26.3842 123.7352 26.30377 curveto
124.49881 26.22336 125.26277 26.14679 126.0271 26.07442 curveto stroke
newpath 123.1925 27.84392 moveto
123.80623 26.84084 124.8564 26.18527 126.0271 26.07442 curveto
124.8564 26.18527 123.70186 25.73848 122.91077 24.86842 curveto stroke
newpath 14.57333 24.86842 moveto
13.78224 25.73848 12.6277 26.18527 11.457 26.07442 curveto
12.6277 26.18527 13.67787 26.84084 14.2916 27.84392 curveto stroke
newpath 68.74205 47.82056 moveto
68.21358 47.82056 67.70682 47.6106 67.33315 47.23694 curveto
66.95949 46.86327 66.74953 46.3565 66.74953 45.82803 curveto
66.74953 45.29956 66.95949 44.7928 67.33315 44.41913 curveto
67.70682 44.04547 68.21358 43.83551 68.74205 43.83551 curveto
69.27052 43.83551 69.77728 44.04547 70.15096 44.41913 curveto
70.52461 44.7928 70.73457 45.29956 70.73457 45.82803 curveto
70.73457 46.3565 70.52461 46.86327 70.15096 47.23694 curveto
69.77728 47.6106 69.27052 47.82056 68.74205 47.82056 curveto closepath fill
newpath 91.65607 36.36356 moveto
91.1276 36.36356 90.62083 36.1536 90.24716 35.77994 curveto
89.8735 35.40627 89.66354 34.8995 89.66354 34.37103 curveto
89.66354 33.84256 89.8735 33.3358 90.24716 32.96213 curveto
90.62083 32.58847 91.1276 32.37851 91.65607 32.37851 curveto
92.18454 32.37851 92.6913 32.58847 93.06497 32.96213 curveto
93.43863 33.3358 93.64859 33.84256 93.64859 34.37103 curveto
93.64859 34.8995 93.43863 35.40627 93.06497 35.77994 curveto
92.6913 36.1536 92.18454 36.36356 91.65607 36.36356 curveto closepath fill
newpath 45.82803 36.36356 moveto
45.29956 36.36356 44.7928 36.1536 44.41913 35.77994 curveto
44.04547 35.40627 43.83551 34.8995 43.83551 34.37103 curveto
43.83551 33.84256 44.04547 33.3358 44.41913 32.96213 curveto
44.7928 32.58847 45.29956 32.37851 45.82803 32.37851 curveto
46.3565 32.37851 46.86327 32.58847 47.23694 32.96213 curveto
47.6106 33.3358 47.82056 33.84256 47.82056 34.37103 curveto
47.82056 34.8995 47.6106 35.40627 47.23694 35.77994 curveto
46.86327 36.1536 46.3565 36.36356 45.82803 36.36356 curveto closepath fill
showpage
%%EOF
