%!PS
%%BoundingBox: -1 -1 120 90 
%%HiResBoundingBox: -0.24907 -0.24907 119.80046 89.91261 
%%Creator: MetaPost 1.9991
%%CreationDate: 2017.08.03:0918
%%Pages: 1
%%BeginProlog
%%EndProlog
%%Page: 1 1
 0 0 0 setrgbcolor 0 0.49814 dtransform truncate idtransform setlinewidth pop
 [] 0 setdash 1 setlinecap 1 setlinejoin 10 setmiterlimit
newpath 0 44.83177 moveto
119.55139 44.83177 lineto stroke
newpath 114.57008 47.32243 moveto
115.74602 45.75452 117.5915 44.83177 119.55139 44.83177 curveto
117.5915 44.83177 115.74602 43.90903 114.57008 42.34111 curveto stroke
 0.49814 0 dtransform exch truncate exch idtransform pop setlinewidth
newpath 59.7757 0 moveto
59.7757 89.66354 lineto stroke
 0 0.49814 dtransform truncate idtransform setlinewidth pop
newpath 57.28503 84.68224 moveto
58.85295 85.85817 59.7757 87.70366 59.7757 89.66354 curveto
59.7757 87.70366 60.69844 85.85817 62.26636 84.68224 curveto stroke
 0.49814 0 dtransform exch truncate exch idtransform pop setlinewidth
newpath 14.94392 42.83925 moveto
14.94392 46.8243 lineto stroke
newpath 29.88785 42.83925 moveto
29.88785 46.8243 lineto stroke
newpath 44.83177 42.83925 moveto
44.83177 46.8243 lineto stroke
newpath 74.71962 42.83925 moveto
74.71962 46.8243 lineto stroke
newpath 89.66354 42.83925 moveto
89.66354 46.8243 lineto stroke
newpath 104.60747 42.83925 moveto
104.60747 46.8243 lineto stroke
 0 0.49814 dtransform truncate idtransform setlinewidth pop
newpath 61.76822 14.94392 moveto
57.78317 14.94392 lineto stroke
newpath 61.76822 29.88785 moveto
57.78317 29.88785 lineto stroke
newpath 61.76822 59.7757 moveto
57.78317 59.7757 lineto stroke
newpath 61.76822 74.71962 moveto
57.78317 74.71962 lineto stroke
 0 1.24533 dtransform truncate idtransform setlinewidth pop
newpath 14.94392 45.08351 moveto
15.43988 44.03801 15.9379 42.99342 16.43796 41.94998 curveto
16.93437 40.91428 17.43054 39.87859 17.93335 38.84608 curveto
18.42702 37.83228 18.92276 36.81938 19.42737 35.81105 curveto
19.91878 34.82895 20.41428 33.84889 20.9214 32.87498 curveto
21.41052 31.93552 21.90602 30.99925 22.41544 30.07072 curveto
22.9025 29.18301 23.39845 28.29988 23.91083 27.42653 curveto
24.39516 26.6013 24.8902 25.7827 25.40485 24.97617 curveto
25.88644 24.22139 26.38148 23.4753 26.89888 22.7447 curveto
27.37796 22.06815 27.873 21.40254 28.39291 20.75677 curveto
28.87039 20.1639 29.36543 19.58517 29.8883 19.03198 curveto
30.36351 18.52917 30.85855 18.04507 31.38232 17.59314 curveto
31.85686 17.1836 32.35258 16.79846 32.87636 16.45392 curveto
33.3527 16.14061 33.84958 15.85922 34.37039 15.62709 curveto
34.85197 15.41252 35.35158 15.23921 35.86578 15.12178 curveto
36.35603 15.00983 36.85678 14.94872 37.3598 14.94438 curveto
37.8617 14.94005 38.36267 14.9918 38.85384 15.09534 curveto
39.36736 15.20364 39.86696 15.36806 40.34923 15.57465 curveto
40.86958 15.79765 41.36668 16.07037 41.84326 16.37593 curveto
42.36703 16.71158 42.86253 17.08852 43.3373 17.49052 curveto
43.8613 17.93404 44.35634 18.41016 44.83131 18.90565 curveto
45.3544 19.4511 45.84946 20.02252 46.3267 20.60855 curveto
46.84683 21.24725 47.34189 21.90579 47.82074 22.57596 curveto
48.33836 23.3004 48.8334 24.04034 49.31477 24.78918 curveto
49.82965 25.58978 50.32492 26.40292 50.80879 27.22267 curveto
51.3214 28.09123 51.81735 28.96959 52.30418 29.85274 curveto
52.81383 30.77715 53.30933 31.70909 53.79822 32.64468 curveto
54.30557 33.61562 54.80107 34.59248 55.29225 35.57162 curveto
55.79709 36.57768 56.29283 37.58829 56.78627 38.59982 curveto
57.28929 39.63095 57.78548 40.66551 58.28166 41.70006 curveto
58.78195 42.74283 59.27768 43.78787 59.7757 44.83177 curveto
60.27371 45.87567 60.76944 46.92072 61.26973 47.96349 curveto
61.76591 48.99803 62.2621 50.0326 62.76512 51.06372 curveto
63.25856 52.07526 63.7543 53.08586 64.25914 54.09192 curveto
64.75032 55.07106 65.24582 56.04793 65.75317 57.01886 curveto
66.24207 57.95445 66.73756 58.8864 67.24721 59.8108 curveto
67.73404 60.69395 68.23 61.57231 68.7426 62.44087 curveto
69.22647 63.26062 69.72174 64.07376 70.23662 64.87436 curveto
70.71799 65.6232 71.21303 66.36314 71.73065 67.08759 curveto
72.2095 67.75775 72.70456 68.41629 73.22469 69.055 curveto
73.70193 69.64102 74.19699 70.21245 74.72008 70.75789 curveto
75.19505 71.25339 75.6901 71.7295 76.2141 72.17302 curveto
76.68886 72.57503 77.18436 72.95197 77.70813 73.28761 curveto
78.18471 73.59317 78.68181 73.86589 79.20216 74.0889 curveto
79.68443 74.29549 80.18404 74.4599 80.69756 74.5682 curveto
81.18872 74.67174 81.6897 74.7235 82.19159 74.71916 curveto
82.69461 74.71483 83.19536 74.65372 83.68561 74.54176 curveto
84.19981 74.42433 84.69942 74.25102 85.181 74.03645 curveto
85.70181 73.80432 86.19868 73.52293 86.67503 73.20963 curveto
87.1988 72.86508 87.69453 72.47995 88.16907 72.0704 curveto
88.69284 71.61847 89.18788 71.13437 89.66309 70.63156 curveto
90.18596 70.07837 90.681 69.49965 91.15848 68.90677 curveto
91.67839 68.261 92.17343 67.5954 92.65251 66.91884 curveto
93.1699 66.18825 93.66495 65.44215 94.14655 64.68738 curveto
94.6612 63.88084 95.15623 63.06224 95.64056 62.23701 curveto
96.15294 61.36366 96.6489 60.48053 97.13596 59.59282 curveto
97.64537 58.66429 98.14087 57.72803 98.62999 56.78856 curveto
99.13712 55.81465 99.63261 54.8346 100.12402 53.8525 curveto
100.62863 52.84416 101.12437 51.83127 101.61804 50.81746 curveto
102.12085 49.78496 102.61702 48.74927 103.11343 47.71356 curveto
103.6135 46.67012 104.11151 45.62553 104.60747 44.58003 curveto stroke
newpath 14.94392 46.8243 moveto
14.41545 46.8243 13.90869 46.61433 13.53502 46.24068 curveto
13.16136 45.867 12.9514 45.36024 12.9514 44.83177 curveto
12.9514 44.3033 13.16136 43.79654 13.53502 43.42287 curveto
13.90869 43.04921 14.41545 42.83925 14.94392 42.83925 curveto
15.4724 42.83925 15.97916 43.04921 16.35283 43.42287 curveto
16.72649 43.79654 16.93645 44.3033 16.93645 44.83177 curveto
16.93645 45.36024 16.72649 45.867 16.35283 46.24068 curveto
15.97916 46.61433 15.4724 46.8243 14.94392 46.8243 curveto closepath fill
newpath 104.60747 46.8243 moveto
104.079 46.8243 103.57224 46.61433 103.19856 46.24068 curveto
102.8249 45.867 102.61494 45.36024 102.61494 44.83177 curveto
102.61494 44.3033 102.8249 43.79654 103.19856 43.42287 curveto
103.57224 43.04921 104.079 42.83925 104.60747 42.83925 curveto
105.13594 42.83925 105.6427 43.04921 106.01637 43.42287 curveto
106.39003 43.79654 106.59999 44.3033 106.59999 44.83177 curveto
106.59999 45.36024 106.39003 45.867 106.01637 46.24068 curveto
105.6427 46.61433 105.13594 46.8243 104.60747 46.8243 curveto closepath fill
showpage
%%EOF
