%!PS
%%BoundingBox: -1 -1 151 90 
%%HiResBoundingBox: -0.62267 -0.24907 150.0619 89.91261 
%%Creator: MetaPost 1.9991
%%CreationDate: 2017.08.03:0918
%%Pages: 1
%%BeginProlog
%%EndProlog
%%Page: 1 1
 0 0 0 setrgbcolor 0 0.49814 dtransform truncate idtransform setlinewidth pop
 [] 0 setdash 1 setlinecap 1 setlinejoin 10 setmiterlimit
newpath 0 14.94392 moveto
149.43924 14.94392 lineto stroke
newpath 144.45793 17.43459 moveto
145.63387 15.86667 147.47935 14.94392 149.43924 14.94392 curveto
147.47935 14.94392 145.63387 14.02118 144.45793 12.45326 curveto stroke
 0.49814 0 dtransform exch truncate exch idtransform pop setlinewidth
newpath 74.71962 0 moveto
74.71962 89.66354 lineto stroke
 0 0.49814 dtransform truncate idtransform setlinewidth pop
newpath 72.22896 84.68224 moveto
73.79688 85.85817 74.71962 87.70366 74.71962 89.66354 curveto
74.71962 87.70366 75.64236 85.85817 77.21028 84.68224 curveto stroke
 0.49814 0 dtransform exch truncate exch idtransform pop setlinewidth
newpath 14.94392 12.9514 moveto
14.94392 16.93645 lineto stroke
newpath 29.88785 12.9514 moveto
29.88785 16.93645 lineto stroke
newpath 44.83177 12.9514 moveto
44.83177 16.93645 lineto stroke
newpath 59.7757 12.9514 moveto
59.7757 16.93645 lineto stroke
newpath 89.66354 12.9514 moveto
89.66354 16.93645 lineto stroke
newpath 104.60747 12.9514 moveto
104.60747 16.93645 lineto stroke
newpath 119.55139 12.9514 moveto
119.55139 16.93645 lineto stroke
newpath 134.49532 12.9514 moveto
134.49532 16.93645 lineto stroke
 0 0.49814 dtransform truncate idtransform setlinewidth pop
newpath 76.71214 29.88785 moveto
72.7271 29.88785 lineto stroke
newpath 76.71214 44.83177 moveto
72.7271 44.83177 lineto stroke
newpath 76.71214 59.7757 moveto
72.7271 59.7757 lineto stroke
newpath 76.71214 74.71962 moveto
72.7271 74.71962 lineto stroke
 0 1.24533 dtransform truncate idtransform setlinewidth pop
newpath 0 17.24289 moveto
1.49358 17.33386 lineto
2.98943 17.43054 lineto
4.483 17.5327 lineto
5.97656 17.64125 lineto
7.47241 17.75685 lineto
8.96599 17.87976 lineto
10.46184 18.01111 lineto
11.95541 18.15088 lineto
13.44899 18.30025 lineto
14.94484 18.46031 lineto
15.44284 18.5155 15.94086 18.57251 16.4384 18.63156 curveto
16.93642 18.69086 17.43443 18.75174 17.93198 18.81535 curveto
18.4309 18.87897 18.9296 18.94487 19.42783 19.01328 curveto
19.92607 19.08168 20.42384 19.15215 20.9214 19.2258 curveto
21.41963 19.29945 21.91765 19.37584 22.41498 19.4552 curveto
22.91412 19.535 23.41281 19.61732 23.91083 19.7033 curveto
24.40929 19.78925 24.9073 19.87819 25.4044 19.97122 curveto
25.90286 20.06448 26.40088 20.16093 26.89796 20.26172 curveto
27.39734 20.36319 27.89604 20.4681 28.39381 20.57799 curveto
28.89275 20.68813 29.39075 20.80191 29.88739 20.9214 curveto
30.38722 21.04156 30.88593 21.16608 31.38324 21.29651 curveto
31.88261 21.42763 32.38063 21.56352 32.87682 21.70604 curveto
33.37642 21.84947 33.87466 21.99814 34.37039 22.15434 curveto
34.87114 22.31213 35.37006 22.47563 35.86624 22.64734 curveto
36.36676 22.82063 36.86499 23.00032 37.3598 23.18889 curveto
37.86078 23.37997 38.35925 23.57791 38.85338 23.7861 curveto
39.35596 23.99771 39.85487 24.21729 40.34923 24.4476 curveto
40.8518 24.68178 41.35027 24.92464 41.8428 25.17934 curveto
42.34651 25.43974 42.84499 25.70972 43.33638 25.99248 curveto
43.8419 26.28343 44.3413 26.58443 44.83223 26.89934 curveto
45.33821 27.22404 45.83714 27.55992 46.3258 27.91017 curveto
46.83408 28.27457 47.33391 28.65103 47.82166 29.04279 curveto
48.33105 29.45163 48.82999 29.87349 49.31522 30.31061 curveto
49.82623 30.771 50.32538 31.24483 50.80879 31.73418 curveto
51.32254 32.2543 51.82237 32.78812 52.30464 33.33743 curveto
52.8193 33.92369 53.31822 34.52362 53.79822 35.13861 curveto
54.31447 35.80011 54.81316 36.4753 55.2918 37.1644 curveto
55.81009 37.91095 56.30923 38.6705 56.78764 39.44328 curveto
57.30617 40.2806 57.80373 41.13045 58.28122 41.9917 curveto
58.79974 42.92662 59.29662 43.87361 59.77478 44.82994 curveto
60.29332 45.867 60.78996 46.91502 61.27063 47.97032 curveto
61.78644 49.10294 62.28102 50.24489 62.7642 51.39186 curveto
63.27681 52.60815 63.76935 53.83287 64.25778 55.0592 curveto
64.76582 56.335 65.25699 57.61743 65.75363 58.89757 curveto
66.25346 60.18546 66.7403 61.47813 67.24721 62.76329 curveto
67.73677 64.0049 68.22018 65.24924 68.74306 66.47716 curveto
69.21689 67.59038 69.69324 68.70316 70.23662 69.78423 curveto
70.69063 70.68721 71.15694 71.58653 71.7302 72.4193 curveto
72.16208 73.04659 72.62178 73.66318 73.22604 74.12811 curveto
73.66226 74.46378 74.16916 74.71962 74.71962 74.71962 curveto
75.27008 74.71962 75.77698 74.46378 76.2132 74.12811 curveto
76.81746 73.66318 77.27716 73.04659 77.70905 72.4193 curveto
78.2823 71.58653 78.74861 70.68721 79.20262 69.78423 curveto
79.746 68.70316 80.22235 67.59038 80.69618 66.47716 curveto
81.21906 65.24924 81.70247 64.0049 82.19203 62.76329 curveto
82.69894 61.47813 83.18578 60.18546 83.68561 58.89757 curveto
84.18225 57.61743 84.67342 56.335 85.18146 55.0592 curveto
85.66989 53.83287 86.16243 52.60815 86.67503 51.39186 curveto
87.15822 50.24489 87.6528 49.10294 88.16861 47.97032 curveto
88.64928 46.91502 89.14592 45.867 89.66446 44.82994 curveto
90.14262 43.87361 90.6395 42.92662 91.15802 41.9917 curveto
91.63551 41.13045 92.13307 40.2806 92.6516 39.44328 curveto
93.13 38.6705 93.62915 37.91095 94.14745 37.1644 curveto
94.62608 36.4753 95.12477 35.80011 95.64102 35.13861 curveto
96.12102 34.52362 96.61993 33.92369 97.1346 33.33743 curveto
97.61687 32.78812 98.1167 32.2543 98.63045 31.73418 curveto
99.11386 31.24483 99.613 30.771 100.12402 30.31061 curveto
100.60925 29.87349 101.10818 29.45163 101.61758 29.04279 curveto
102.10533 28.65103 102.60516 28.27457 103.11343 27.91017 curveto
103.6021 27.55992 104.10103 27.22404 104.60701 26.89934 curveto
105.09795 26.58443 105.59734 26.28343 106.10286 25.99248 curveto
106.59425 25.70972 107.09273 25.43974 107.59644 25.17934 curveto
108.08897 24.92464 108.58743 24.68178 109.09001 24.4476 curveto
109.58437 24.21729 110.08328 23.99771 110.58586 23.7861 curveto
111.07999 23.57791 111.57846 23.37997 112.07944 23.18889 curveto
112.57425 23.00032 113.07248 22.82063 113.573 22.64734 curveto
114.06918 22.47563 114.5681 22.31213 115.06885 22.15434 curveto
115.56458 21.99814 116.06282 21.84947 116.56242 21.70604 curveto
117.05861 21.56352 117.55663 21.42763 118.056 21.29651 curveto
118.55331 21.16608 119.05202 21.04156 119.55185 20.9214 curveto
120.0485 20.80191 120.5465 20.68813 121.04543 20.57799 curveto
121.5432 20.4681 122.0419 20.36319 122.54128 20.26172 curveto
123.03836 20.16093 123.53638 20.06448 124.03484 19.97122 curveto
124.53194 19.87819 125.02995 19.78925 125.52841 19.7033 curveto
126.02643 19.61732 126.52512 19.535 127.02426 19.4552 curveto
127.52159 19.37584 128.0196 19.29945 128.51784 19.2258 curveto
129.0154 19.15215 129.51317 19.08168 130.01141 19.01328 curveto
130.50964 18.94487 131.00835 18.87897 131.50726 18.81535 curveto
132.0048 18.75174 132.50282 18.69086 133.00084 18.63156 curveto
133.49838 18.57251 133.9964 18.5155 134.4944 18.46031 curveto
135.99025 18.30025 lineto
137.48383 18.15088 lineto
138.9774 18.01111 lineto
140.47325 17.87976 lineto
141.96683 17.75685 lineto
143.46268 17.64125 lineto
144.95624 17.5327 lineto
146.44981 17.43054 lineto
147.94566 17.33386 lineto
149.43924 17.24289 lineto stroke
newpath 146.54375 18.91087 moveto
147.19261 17.93016 148.26535 17.31221 149.43924 17.24289 curveto
148.26535 17.31221 147.12733 16.82478 146.36757 15.92726 curveto stroke
newpath 3.07167 15.92726 moveto
2.3119 16.82478 1.17389 17.31221 0 17.24289 curveto
1.17389 17.31221 2.24663 17.93016 2.8955 18.91087 curveto stroke
showpage
%%EOF
