%!PS
%%BoundingBox: -1 -1 70 128 
%%HiResBoundingBox: -0.24907 -0.24907 69.42523 127.77055 
%%Creator: MetaPost 1.9991
%%CreationDate: 2017.08.03:0918
%%Pages: 1
%%BeginProlog
%%EndProlog
%%Page: 1 1
 0 0 0 setrgbcolor 0 0.49814 dtransform truncate idtransform setlinewidth pop
 [] 0 setdash 1 setlinecap 1 setlinejoin 10 setmiterlimit
newpath 0 47.82056 moveto
63.76074 47.82056 lineto stroke
newpath 58.77943 50.31122 moveto
59.95537 48.7433 61.80086 47.82056 63.76074 47.82056 curveto
61.80086 47.82056 59.95537 46.89781 58.77943 45.3299 curveto stroke
 0.49814 0 dtransform exch truncate exch idtransform pop setlinewidth
newpath 31.88037 0 moveto
31.88037 127.52148 lineto stroke
 0 0.49814 dtransform truncate idtransform setlinewidth pop
newpath 29.38971 122.54018 moveto
30.95763 123.71611 31.88037 125.5616 31.88037 127.52148 curveto
31.88037 125.5616 32.80312 123.71611 34.37103 122.54018 curveto stroke
 0.49814 0 dtransform exch truncate exch idtransform pop setlinewidth
newpath 7.9701 45.82803 moveto
7.9701 49.81308 lineto stroke
newpath 15.94019 45.82803 moveto
15.94019 49.81308 lineto stroke
newpath 23.91028 45.82803 moveto
23.91028 49.81308 lineto stroke
newpath 39.85046 45.82803 moveto
39.85046 49.81308 lineto stroke
newpath 47.82056 45.82803 moveto
47.82056 49.81308 lineto stroke
newpath 55.79065 45.82803 moveto
55.79065 49.81308 lineto stroke
 0 0.49814 dtransform truncate idtransform setlinewidth pop
newpath 33.8729 7.9701 moveto
29.88785 7.9701 lineto stroke
newpath 33.8729 15.94019 moveto
29.88785 15.94019 lineto stroke
newpath 33.8729 23.91028 moveto
29.88785 23.91028 lineto stroke
newpath 33.8729 31.88037 moveto
29.88785 31.88037 lineto stroke
newpath 33.8729 39.85046 moveto
29.88785 39.85046 lineto stroke
newpath 33.8729 55.79065 moveto
29.88785 55.79065 lineto stroke
newpath 33.8729 63.76074 moveto
29.88785 63.76074 lineto stroke
newpath 33.8729 71.73083 moveto
29.88785 71.73083 lineto stroke
newpath 33.8729 79.70093 moveto
29.88785 79.70093 lineto stroke
newpath 33.8729 87.67102 moveto
29.88785 87.67102 lineto stroke
newpath 33.8729 95.64111 moveto
29.88785 95.64111 lineto stroke
newpath 33.8729 103.6112 moveto
29.88785 103.6112 lineto stroke
newpath 33.8729 111.5813 moveto
29.88785 111.5813 lineto stroke
newpath 33.8729 119.55139 moveto
29.88785 119.55139 lineto stroke
 0 1.24533 dtransform truncate idtransform setlinewidth pop
newpath 15.94019 95.64111 moveto
16.2013 94.07327 16.46689 92.50615 16.737 90.93988 curveto
16.99811 89.42519 17.2636 87.91109 17.53381 86.39796 curveto
17.79517 84.93471 18.06088 83.47243 18.33148 82.01086 curveto
18.59235 80.6022 18.85771 79.19453 19.1283 77.7877 curveto
19.38904 76.43219 19.6544 75.07753 19.92511 73.72397 curveto
20.18561 72.42148 20.45097 71.11996 20.72192 69.81955 curveto
20.98242 68.56888 21.24815 67.31941 21.51947 66.07104 curveto
21.7796 64.8746 22.04497 63.67926 22.31628 62.48538 curveto
22.57617 61.34196 22.84154 60.19989 23.1131 59.05914 curveto
23.37274 57.96863 23.63799 56.87958 23.90991 55.79211 curveto
24.16956 54.75352 24.43517 53.71652 24.70758 52.68123 curveto
24.96661 51.69676 25.23198 50.71387 25.5044 49.73306 curveto
25.76318 48.8015 26.02843 47.87175 26.30121 46.94421 curveto
26.55963 46.06555 26.82487 45.18883 27.09802 44.31467 curveto
27.35634 43.48817 27.62169 42.66376 27.89557 41.84225 curveto
28.15327 41.06927 28.41838 40.29886 28.69238 39.53146 curveto
28.9496 38.81128 29.21472 38.09387 29.4892 37.38013 curveto
29.74593 36.71259 30.01093 36.0482 30.28601 35.38808 curveto
30.5425 34.77248 30.80774 34.1605 31.08368 33.55342 curveto
31.33931 32.99095 31.60419 32.43274 31.8805 31.88013 curveto
32.13564 31.37007 32.40027 30.86478 32.6773 30.36615 curveto
32.93172 29.90816 33.19647 29.45587 33.47412 29.01161 curveto
33.72818 28.60506 33.99304 28.20544 34.27167 27.8153 curveto
34.525 27.46068 34.7895 27.1142 35.06848 26.77939 curveto
35.32132 26.47597 35.58595 26.18227 35.8653 25.90292 curveto
36.11813 25.65009 36.38289 25.40916 36.66211 25.18576 curveto
36.9158 24.98279 37.18115 24.79466 37.45978 24.62744 curveto
37.7148 24.47444 37.98041 24.33945 38.25659 24.22903 curveto
38.51454 24.1259 38.78087 24.04442 39.0534 23.98993 curveto
39.31584 23.9374 39.58267 23.91028 39.85022 23.91028 curveto
40.11801 23.91028 40.38509 23.93752 40.64777 23.99005 curveto
40.9203 24.04454 41.18663 24.12602 41.44458 24.22916 curveto
41.72076 24.33957 41.98637 24.47456 42.2414 24.62756 curveto
42.51978 24.79454 42.78476 24.98254 43.03821 25.18527 curveto
43.3178 25.40892 43.58267 25.64996 43.83588 25.90317 curveto
44.11522 26.18251 44.37973 26.47621 44.63269 26.77975 curveto
44.91167 27.11456 45.17618 27.46092 45.4295 27.81555 curveto
45.70789 28.20532 45.9725 28.60458 46.22632 29.01077 curveto
46.50433 29.4555 46.76921 29.90816 47.02386 30.36664 curveto
47.3009 30.86526 47.56554 31.37056 47.82068 31.88062 curveto
48.09698 32.43323 48.36186 32.99144 48.6175 33.5539 curveto
48.89319 34.16039 49.15807 34.77174 49.4143 35.38663 curveto
49.68964 36.04747 49.955 36.71246 50.21198 37.38072 curveto
50.48645 38.0946 50.75157 38.81187 51.00879 39.5322 curveto
51.28279 40.29959 51.5479 41.07 51.8056 41.84299 curveto
52.07924 42.66376 52.34436 43.48734 52.60242 44.3131 curveto
52.87581 45.1881 53.1413 46.06555 53.39996 46.94505 curveto
53.67274 47.8726 53.93799 48.80235 54.19678 49.7339 curveto
54.4692 50.71472 54.73456 51.69762 54.99359 52.68207 curveto
55.26576 53.71628 55.531 54.75218 55.7904 55.78967 curveto
56.06258 56.87825 56.32819 57.9685 56.58807 59.06012 curveto
56.85963 60.20085 57.125 61.34306 57.38489 62.48647 curveto
57.6562 63.68048 57.92157 64.8757 58.1817 66.07214 curveto
58.45277 67.31929 58.71826 68.56778 58.97852 69.81725 curveto
59.24971 71.11876 59.51532 72.42148 59.77606 73.72519 curveto
60.04677 75.07875 60.31213 76.43341 60.57288 77.78903 curveto
60.84334 79.19574 61.10883 80.60355 61.36969 82.01208 curveto
61.64005 83.47206 61.90552 84.93288 62.1665 86.39456 curveto
62.43698 87.90938 62.7027 89.42494 62.96417 90.94135 curveto
63.23427 92.50761 63.49963 94.07472 63.76099 95.64258 curveto
64.03085 97.2621 64.29633 98.88225 64.5578 100.50311 curveto
64.82755 102.1758 65.09302 103.84909 65.35461 105.5231 curveto
65.62448 107.2505 65.8902 108.97852 66.15216 110.70714 curveto
66.42166 112.4861 66.68713 114.26569 66.94897 116.04587 curveto
67.21835 117.87799 67.48395 119.71071 67.74579 121.54391 curveto stroke
newpath 65.84377 118.79646 moveto
66.87483 119.3619 67.57951 120.37979 67.74579 121.54391 curveto
67.57951 120.37979 67.97102 119.2053 68.80257 118.37383 curveto stroke
newpath 15.94019 97.63364 moveto
15.41171 97.63364 14.90495 97.42368 14.53128 97.05002 curveto
14.15762 96.67635 13.94766 96.16959 13.94766 95.64111 curveto
13.94766 95.11264 14.15762 94.60588 14.53128 94.23221 curveto
14.90495 93.85855 15.41171 93.64859 15.94019 93.64859 curveto
16.46866 93.64859 16.97542 93.85855 17.34909 94.23221 curveto
17.72275 94.60588 17.93271 95.11264 17.93271 95.64111 curveto
17.93271 96.16959 17.72275 96.67635 17.34909 97.05002 curveto
16.97542 97.42368 16.46866 97.63364 15.94019 97.63364 curveto closepath fill
newpath 39.85046 25.9028 moveto
39.32199 25.9028 38.81523 25.69284 38.44156 25.31918 curveto
38.0679 24.94551 37.85794 24.43875 37.85794 23.91028 curveto
37.85794 23.3818 38.0679 22.87505 38.44156 22.50137 curveto
38.81523 22.12772 39.32199 21.91776 39.85046 21.91776 curveto
40.37894 21.91776 40.8857 22.12772 41.25937 22.50137 curveto
41.63303 22.87505 41.84299 23.3818 41.84299 23.91028 curveto
41.84299 24.43875 41.63303 24.94551 41.25937 25.31918 curveto
40.8857 25.69284 40.37894 25.9028 39.85046 25.9028 curveto closepath fill
showpage
%%EOF
