%!PS
%%BoundingBox: -1 -13 90 90 
%%HiResBoundingBox: -0.24907 -12.99811 89.91261 89.91261 
%%Creator: MetaPost 1.9991
%%CreationDate: 2017.08.03:0918
%%Pages: 1
%%BeginProlog
%%EndProlog
%%Page: 1 1
 0 0 0 setrgbcolor 0 0.49814 dtransform truncate idtransform setlinewidth pop
 [] 0 setdash 1 setlinecap 1 setlinejoin 10 setmiterlimit
newpath 0 14.94392 moveto
89.66354 14.94392 lineto stroke
newpath 84.68224 17.43459 moveto
85.85817 15.86667 87.70366 14.94392 89.66354 14.94392 curveto
87.70366 14.94392 85.85817 14.02118 84.68224 12.45326 curveto stroke
 0.49814 0 dtransform exch truncate exch idtransform pop setlinewidth
newpath 44.83177 0 moveto
44.83177 89.66354 lineto stroke
 0 0.49814 dtransform truncate idtransform setlinewidth pop
newpath 42.34111 84.68224 moveto
43.90903 85.85817 44.83177 87.70366 44.83177 89.66354 curveto
44.83177 87.70366 45.75452 85.85817 47.32243 84.68224 curveto stroke
 0.49814 0 dtransform exch truncate exch idtransform pop setlinewidth
newpath 14.94392 12.9514 moveto
14.94392 16.93645 lineto stroke
newpath 29.88785 12.9514 moveto
29.88785 16.93645 lineto stroke
newpath 59.7757 12.9514 moveto
59.7757 16.93645 lineto stroke
newpath 74.71962 12.9514 moveto
74.71962 16.93645 lineto stroke
 0 0.49814 dtransform truncate idtransform setlinewidth pop
newpath 46.8243 29.88785 moveto
42.83925 29.88785 lineto stroke
newpath 46.8243 44.83177 moveto
42.83925 44.83177 lineto stroke
newpath 46.8243 59.7757 moveto
42.83925 59.7757 lineto stroke
newpath 46.8243 74.71962 moveto
42.83925 74.71962 lineto stroke
 0 1.24533 dtransform truncate idtransform setlinewidth pop
newpath 11.20795 -12.37544 moveto
11.67061 -8.32591 12.16862 -4.28073 12.70197 -0.23988 curveto
13.16508 3.26944 13.66014 6.77443 14.19691 10.27327 curveto
14.65639 13.26884 15.15051 16.25896 15.69093 19.24107 curveto
16.14699 21.75713 16.64021 24.26631 17.18588 26.76434 curveto
17.63669 28.82845 18.12831 30.88364 18.6799 32.92334 curveto
19.12502 34.56877 19.61435 36.20235 20.17393 37.81267 curveto
20.61197 39.07343 21.0988 40.31708 21.66887 41.52402 curveto
22.09871 42.43431 22.58258 43.3195 23.1629 44.14223 curveto
23.58862 44.74557 24.07478 45.3072 24.65784 45.76053 curveto
25.09862 46.10324 25.60393 46.35796 26.15187 46.46626 curveto
26.6501 46.56477 27.16293 46.5064 27.64589 46.35065 curveto
28.19566 46.17325 28.68616 45.85812 29.14084 45.5024 curveto
29.69653 45.06755 30.17949 44.55061 30.63486 44.01202 curveto
31.18053 43.3667 31.666 42.67374 32.1298 41.96753 curveto
32.66406 41.15416 33.15181 40.31206 33.62383 39.4613 curveto
34.14851 38.51544 34.63855 37.55112 35.11786 36.58156 curveto
35.63503 35.53537 36.12665 34.4771 36.6128 33.41609 curveto
37.12312 32.30241 37.6152 31.18053 38.10683 30.05841 curveto
38.61168 28.90642 39.10443 27.74896 39.60176 26.59378 curveto
40.10068 25.43495 40.59322 24.27362 41.0958 23.11638 curveto
41.58923 21.98013 42.08154 20.84341 42.58981 19.71378 curveto
43.07802 18.62906 43.56987 17.54593 44.08476 16.47353 curveto
44.56635 15.47066 45.05684 14.47168 45.57878 13.48912 curveto
46.05376 12.59526 46.54265 11.70847 47.07373 10.84676 curveto
47.54027 10.08994 48.02641 9.34474 48.56775 8.63945 curveto
49.02563 8.04294 49.50905 7.46466 50.06178 6.9548 curveto
50.51486 6.53682 51.00125 6.15054 51.55672 5.88239 curveto
52.02509 5.65642 52.53062 5.50342 53.05075 5.51253 curveto
53.5768 5.52188 54.09009 5.67169 54.54568 5.93484 curveto
55.12259 6.26799 55.61285 6.72723 56.03972 7.23846 curveto
56.62277 7.93668 57.10619 8.71037 57.53374 9.51303 curveto
58.10745 10.59 58.59315 11.71074 59.02869 12.85065 curveto
59.59145 14.32347 60.07988 15.8232 60.5227 17.33638 curveto
61.07704 19.23105 61.5682 21.14326 62.01765 23.06554 curveto
62.56514 25.40668 63.05745 27.76036 63.51167 30.12135 curveto
64.0537 32.93816 64.54738 35.76431 65.0057 38.59595 curveto
65.54385 41.91988 66.03844 45.25066 66.50064 48.586 curveto
67.03491 52.44214 67.52995 56.30354 67.99467 60.16858 curveto
68.52643 64.59093 69.02216 69.0176 69.48961 73.44724 curveto
70.01863 78.46039 70.51665 83.47673 70.98364 88.49605 curveto stroke
newpath 69.2188 85.65857 moveto
70.22086 86.27393 70.87471 87.32518 70.98364 88.49605 curveto
70.87471 87.32518 71.3234 86.17136 72.19475 85.38168 curveto stroke
newpath 13.03194 -9.57562 moveto
12.01718 -10.16983 11.34143 -11.20712 11.20795 -12.37544 curveto
11.34143 -11.20712 10.91705 -10.04413 10.06248 -9.23636 curveto stroke
newpath 14.94392 16.93645 moveto
14.41545 16.93645 13.90869 16.72649 13.53502 16.35283 curveto
13.16136 15.97916 12.9514 15.4724 12.9514 14.94392 curveto
12.9514 14.41545 13.16136 13.90869 13.53502 13.53502 curveto
13.90869 13.16136 14.41545 12.9514 14.94392 12.9514 curveto
15.4724 12.9514 15.97916 13.16136 16.35283 13.53502 curveto
16.72649 13.90869 16.93645 14.41545 16.93645 14.94392 curveto
16.93645 15.4724 16.72649 15.97916 16.35283 16.35283 curveto
15.97916 16.72649 15.4724 16.93645 14.94392 16.93645 curveto closepath fill
newpath 29.88785 46.8243 moveto
29.35938 46.8243 28.85262 46.61433 28.47894 46.24068 curveto
28.10529 45.867 27.89532 45.36024 27.89532 44.83177 curveto
27.89532 44.3033 28.10529 43.79654 28.47894 43.42287 curveto
28.85262 43.04921 29.35938 42.83925 29.88785 42.83925 curveto
30.41632 42.83925 30.92308 43.04921 31.29675 43.42287 curveto
31.67041 43.79654 31.88037 44.3033 31.88037 44.83177 curveto
31.88037 45.36024 31.67041 45.867 31.29675 46.24068 curveto
30.92308 46.61433 30.41632 46.8243 29.88785 46.8243 curveto closepath fill
newpath 44.83177 16.93645 moveto
44.3033 16.93645 43.79654 16.72649 43.42287 16.35283 curveto
43.04921 15.97916 42.83925 15.4724 42.83925 14.94392 curveto
42.83925 14.41545 43.04921 13.90869 43.42287 13.53502 curveto
43.79654 13.16136 44.3033 12.9514 44.83177 12.9514 curveto
45.36024 12.9514 45.867 13.16136 46.24068 13.53502 curveto
46.61433 13.90869 46.8243 14.41545 46.8243 14.94392 curveto
46.8243 15.4724 46.61433 15.97916 46.24068 16.35283 curveto
45.867 16.72649 45.36024 16.93645 44.83177 16.93645 curveto closepath fill
newpath 59.7757 16.93645 moveto
59.24722 16.93645 58.74046 16.72649 58.36679 16.35283 curveto
57.99313 15.97916 57.78317 15.4724 57.78317 14.94392 curveto
57.78317 14.41545 57.99313 13.90869 58.36679 13.53502 curveto
58.74046 13.16136 59.24722 12.9514 59.7757 12.9514 curveto
60.30417 12.9514 60.81093 13.16136 61.1846 13.53502 curveto
61.55826 13.90869 61.76822 14.41545 61.76822 14.94392 curveto
61.76822 15.4724 61.55826 15.97916 61.1846 16.35283 curveto
60.81093 16.72649 60.30417 16.93645 59.7757 16.93645 curveto closepath fill
showpage
%%EOF
