%!PS
%%BoundingBox: -1 -1 90 90 
%%HiResBoundingBox: -0.24907 -0.85913 89.91261 89.91261 
%%Creator: MetaPost 1.9991
%%CreationDate: 2017.08.03:0918
%%Pages: 1
%%BeginProlog
%%EndProlog
%%Page: 1 1
 0 0 0 setrgbcolor 0 0.49814 dtransform truncate idtransform setlinewidth pop
 [] 0 setdash 1 setlinecap 1 setlinejoin 10 setmiterlimit
newpath 0 14.94392 moveto
89.66354 14.94392 lineto stroke
newpath 84.68224 17.43459 moveto
85.85817 15.86667 87.70366 14.94392 89.66354 14.94392 curveto
87.70366 14.94392 85.85817 14.02118 84.68224 12.45326 curveto stroke
 0.49814 0 dtransform exch truncate exch idtransform pop setlinewidth
newpath 44.83177 0 moveto
44.83177 89.66354 lineto stroke
 0 0.49814 dtransform truncate idtransform setlinewidth pop
newpath 42.34111 84.68224 moveto
43.90903 85.85817 44.83177 87.70366 44.83177 89.66354 curveto
44.83177 87.70366 45.75452 85.85817 47.32243 84.68224 curveto stroke
 0.49814 0 dtransform exch truncate exch idtransform pop setlinewidth
newpath 14.94392 12.9514 moveto
14.94392 16.93645 lineto stroke
newpath 29.88785 12.9514 moveto
29.88785 16.93645 lineto stroke
newpath 59.7757 12.9514 moveto
59.7757 16.93645 lineto stroke
newpath 74.71962 12.9514 moveto
74.71962 16.93645 lineto stroke
 0 0.49814 dtransform truncate idtransform setlinewidth pop
newpath 46.8243 29.88785 moveto
42.83925 29.88785 lineto stroke
newpath 46.8243 44.83177 moveto
42.83925 44.83177 lineto stroke
newpath 46.8243 59.7757 moveto
42.83925 59.7757 lineto stroke
newpath 46.8243 74.71962 moveto
42.83925 74.71962 lineto stroke
 0 1.24533 dtransform truncate idtransform setlinewidth pop
newpath 12.70242 -0.23647 moveto
13.1619 3.27104 13.65991 6.77374 14.19646 10.2703 curveto
14.65639 13.2677 15.15074 16.25963 15.69139 19.24359 curveto
16.14699 21.75803 16.63998 24.26564 17.18542 26.7623 curveto
17.63669 28.82776 18.12831 30.8841 18.68036 32.92493 curveto
19.12547 34.57036 19.6148 36.20372 20.1744 37.81404 curveto
20.6122 39.07388 21.0988 40.31685 21.66841 41.52289 curveto
22.09848 42.43385 22.58258 43.31973 23.16336 44.1429 curveto
23.58862 44.7458 24.07455 45.30698 24.65738 45.76007 curveto
25.09839 46.10278 25.60414 46.35796 26.15233 46.46626 curveto
26.65033 46.56477 27.16316 46.5064 27.64612 46.35065 curveto
28.19612 46.17325 28.68637 45.8579 29.14107 45.50217 curveto
29.69676 45.06732 30.17972 44.55038 30.63509 44.0118 curveto
31.18053 43.36693 31.66554 42.67442 32.12912 41.96867 curveto
32.6636 41.15485 33.15181 40.31229 33.62405 39.46107 curveto
34.14874 38.51521 34.63878 37.5509 35.11809 36.58133 curveto
35.63525 35.53514 36.12688 34.47665 36.61302 33.41563 curveto
37.12335 32.30196 37.61543 31.17984 38.10706 30.05772 curveto
38.61145 28.90642 39.10399 27.74988 39.60107 26.59538 curveto
40.10023 25.4361 40.59322 24.27385 41.09602 23.11615 curveto
41.58946 21.9799 42.08177 20.84296 42.59004 19.71332 curveto
43.07825 18.6286 43.5701 17.54547 44.08499 16.47307 curveto
44.56657 15.47021 45.05707 14.47122 45.57901 13.48866 curveto
46.05354 12.59526 46.54219 11.70914 47.07304 10.84789 curveto
47.53981 10.09062 48.02618 9.3452 48.56798 8.63945 curveto
49.02586 8.04294 49.50928 7.46466 50.06201 6.9548 curveto
50.51509 6.53682 51.00148 6.15054 51.55695 5.88239 curveto
52.02531 5.65642 52.53062 5.50342 53.05098 5.51253 curveto
53.5768 5.52165 54.08963 5.67146 54.545 5.93439 curveto
55.12236 6.26799 55.61285 6.72769 56.03995 7.23915 curveto
56.623 7.93713 57.10641 8.7106 57.53374 9.51303 curveto
58.10745 10.59 58.59315 11.71074 59.02869 12.85065 curveto
59.59145 14.32347 60.07988 15.8232 60.5227 17.33638 curveto
61.07704 19.23105 61.5682 21.14326 62.01765 23.06554 curveto
62.56514 25.40668 63.05745 27.76036 63.51167 30.12135 curveto
64.0537 32.93816 64.54738 35.76431 65.0057 38.59595 curveto
65.54385 41.91988 66.03844 45.25066 66.50064 48.586 curveto
67.03491 52.44214 67.52995 56.30354 67.99467 60.16858 curveto
68.52643 64.59093 69.02216 69.0176 69.48961 73.44724 curveto
70.01863 78.46039 70.51665 83.47673 70.98364 88.49605 curveto stroke
newpath 69.2188 85.65857 moveto
70.22086 86.27393 70.87471 87.32518 70.98364 88.49605 curveto
70.87471 87.32518 71.3234 86.17136 72.19475 85.38168 curveto stroke
newpath 14.57237 2.53291 moveto
13.54794 1.95552 12.85516 0.9295 12.70242 -0.23647 curveto
12.85516 0.9295 12.45001 2.09935 11.60887 2.9211 curveto stroke
showpage
%%EOF
