%!PS
%%BoundingBox: -1 -1 150 150 
%%HiResBoundingBox: -0.24907 -0.24907 149.68831 149.68831 
%%Creator: MetaPost 1.9991
%%CreationDate: 2017.08.03:0918
%%Pages: 1
%%BeginProlog
%%EndProlog
%%Page: 1 1
 0 0 0 setrgbcolor 0 0.49814 dtransform truncate idtransform setlinewidth pop
 [] 0 setdash 1 setlinecap 1 setlinejoin 10 setmiterlimit
newpath 0 74.71962 moveto
149.43924 74.71962 lineto stroke
newpath 144.45793 77.21028 moveto
145.63387 75.64236 147.47935 74.71962 149.43924 74.71962 curveto
147.47935 74.71962 145.63387 73.79688 144.45793 72.22896 curveto stroke
 0.49814 0 dtransform exch truncate exch idtransform pop setlinewidth
newpath 74.71962 0 moveto
74.71962 149.43924 lineto stroke
 0 0.49814 dtransform truncate idtransform setlinewidth pop
newpath 72.22896 144.45793 moveto
73.79688 145.63387 74.71962 147.47935 74.71962 149.43924 curveto
74.71962 147.47935 75.64236 145.63387 77.21028 144.45793 curveto stroke
 0.49814 0 dtransform exch truncate exch idtransform pop setlinewidth
newpath 14.94392 72.7271 moveto
14.94392 76.71214 lineto stroke
newpath 29.88785 72.7271 moveto
29.88785 76.71214 lineto stroke
newpath 44.83177 72.7271 moveto
44.83177 76.71214 lineto stroke
newpath 59.7757 72.7271 moveto
59.7757 76.71214 lineto stroke
newpath 74.71962 72.7271 moveto
74.71962 76.71214 lineto stroke
newpath 89.66354 72.7271 moveto
89.66354 76.71214 lineto stroke
newpath 104.60747 72.7271 moveto
104.60747 76.71214 lineto stroke
newpath 119.55139 72.7271 moveto
119.55139 76.71214 lineto stroke
newpath 134.49532 72.7271 moveto
134.49532 76.71214 lineto stroke
 0 0.49814 dtransform truncate idtransform setlinewidth pop
newpath 76.71214 14.94392 moveto
72.7271 14.94392 lineto stroke
newpath 76.71214 29.88785 moveto
72.7271 29.88785 lineto stroke
newpath 76.71214 44.83177 moveto
72.7271 44.83177 lineto stroke
newpath 76.71214 59.7757 moveto
72.7271 59.7757 lineto stroke
newpath 76.71214 74.71962 moveto
72.7271 74.71962 lineto stroke
newpath 76.71214 89.66354 moveto
72.7271 89.66354 lineto stroke
newpath 76.71214 104.60747 moveto
72.7271 104.60747 lineto stroke
newpath 76.71214 119.55139 moveto
72.7271 119.55139 lineto stroke
newpath 76.71214 134.49532 moveto
72.7271 134.49532 lineto stroke
newpath 44.83177 74.71962 moveto
45.3177 72.77342 45.81593 70.83017 46.32648 68.89037 curveto
46.81218 67.04517 47.30928 65.20271 47.82005 63.36415 curveto
48.30553 61.61678 48.80307 59.87238 49.31477 58.13254 curveto
49.79955 56.48436 50.2971 54.83961 50.80948 53.19987 curveto
51.29358 51.6509 51.79091 50.10602 52.30418 48.56639 curveto
52.78716 47.11751 53.28401 45.67342 53.79776 44.23503 curveto
54.28026 42.88397 54.77759 41.53816 55.29248 40.19919 curveto
55.77406 38.9471 56.27116 37.70094 56.78719 36.46252 curveto
57.26741 35.30986 57.76405 34.16402 58.28076 33.02731 curveto
58.7603 31.97223 59.25717 30.92491 59.77547 29.8883 curveto
60.25409 28.93127 60.7505 27.9836 61.27017 27.04823 curveto
61.74744 26.18904 62.24408 25.34077 62.7649 24.50734 curveto
63.24055 23.74596 63.73651 22.99757 64.25847 22.26698 curveto
64.73367 21.60184 65.22986 20.95174 65.75317 20.32375 curveto
66.22746 19.75436 66.72388 19.20367 67.24788 18.67967 curveto
67.72218 18.20538 68.21883 17.75366 68.7426 17.33455 curveto
69.2178 16.95444 69.71445 16.60213 70.23618 16.28905 curveto
70.71457 16.00197 71.2128 15.74886 71.73088 15.54158 curveto
72.21475 15.34799 72.71436 15.19543 73.22559 15.09328 curveto
73.71744 14.995 74.21773 14.94392 74.71916 14.94392 curveto
75.22105 14.94392 75.72157 14.99477 76.21388 15.09328 curveto
76.72511 15.19543 77.22472 15.34822 77.70859 15.54181 curveto
78.22667 15.74908 78.7249 16.0022 79.2033 16.28928 curveto
79.72502 16.60236 80.22166 16.95467 80.69687 17.33478 curveto
81.22064 17.75389 81.71729 18.20561 82.19159 18.6799 curveto
82.71559 19.2039 83.21178 19.75482 83.6863 20.3242 curveto
84.20915 20.95174 84.70511 21.60115 85.17987 22.26584 curveto
85.70204 22.9969 86.19846 23.74596 86.67458 24.5078 curveto
87.19539 25.34123 87.69203 26.18948 88.16928 27.04869 curveto
88.68896 27.98405 89.18538 28.93196 89.664 29.88876 curveto
90.18185 30.92445 90.67825 31.97087 91.15758 33.02525 curveto
91.67473 34.16289 92.1716 35.3094 92.65228 36.46298 curveto
93.1683 37.70139 93.6654 38.94756 94.14699 40.19987 curveto
94.66142 41.53793 95.15852 42.88237 95.64056 44.23251 curveto
96.15454 45.67181 96.65186 47.11705 97.13528 48.56706 curveto
97.64856 50.1067 98.14589 51.65158 98.62999 53.20056 curveto
99.14236 54.8403 99.63992 56.48505 100.1247 58.13322 curveto
100.63617 59.87169 101.13326 61.61473 101.61827 63.36072 curveto
102.12927 65.20067 102.62706 67.04427 103.11299 68.89104 curveto
103.62354 70.83109 104.1211 72.77432 104.6077 74.72054 curveto
105.11757 76.76045 105.61534 78.80334 106.1024 80.84897 curveto
106.61159 82.98717 107.10892 85.1281 107.59598 87.27132 curveto
108.10493 89.511 108.6027 91.75317 109.09068 93.9974 curveto
109.59918 96.33696 110.0972 98.67879 110.5854 101.02267 curveto
111.09322 103.46004 111.59077 105.89969 112.07898 108.34117 curveto
112.58679 110.88023 113.0848 113.42136 113.57368 115.96408 curveto
114.08127 118.60303 114.57906 121.2438 115.06839 123.88617 curveto
115.57553 126.62498 116.07353 129.36519 116.56311 132.1072 curveto
117.06955 134.94339 117.56711 137.7814 118.05669 140.62056 curveto
118.56335 143.55867 119.06158 146.49815 119.55139 149.43924 curveto stroke
newpath 117.5863 146.73654 moveto
118.63019 147.27797 119.35822 148.27928 119.55139 149.43924 curveto
119.35822 148.27928 119.72244 147.09605 120.53452 146.24554 curveto stroke
 1 1 1 setrgbcolor
newpath 89.66354 31.38225 moveto
89.26718 31.38225 88.88712 31.22476 88.60687 30.94452 curveto
88.32663 30.66428 88.16914 30.28421 88.16914 29.88785 curveto
88.16914 29.49149 88.32663 29.11142 88.60687 28.83118 curveto
88.88712 28.55093 89.26718 28.39345 89.66354 28.39345 curveto
90.0599 28.39345 90.43997 28.55093 90.72021 28.83118 curveto
91.00046 29.11142 91.15794 29.49149 91.15794 29.88785 curveto
91.15794 30.28421 91.00046 30.66428 90.72021 30.94452 curveto
90.43997 31.22476 90.0599 31.38225 89.66354 31.38225 curveto closepath fill
 0 0 0 setrgbcolor
newpath 89.66354 31.38225 moveto
89.26718 31.38225 88.88712 31.22476 88.60687 30.94452 curveto
88.32663 30.66428 88.16914 30.28421 88.16914 29.88785 curveto
88.16914 29.49149 88.32663 29.11142 88.60687 28.83118 curveto
88.88712 28.55093 89.26718 28.39345 89.66354 28.39345 curveto
90.0599 28.39345 90.43997 28.55093 90.72021 28.83118 curveto
91.00046 29.11142 91.15794 29.49149 91.15794 29.88785 curveto
91.15794 30.28421 91.00046 30.66428 90.72021 30.94452 curveto
90.43997 31.22476 90.0599 31.38225 89.66354 31.38225 curveto stroke
 0 1.24533 dtransform truncate idtransform setlinewidth pop
newpath 44.83177 74.71962 moveto
147.94476 74.71962 lineto stroke
newpath 144.95598 76.21402 moveto
145.66153 75.27327 146.76883 74.71962 147.94476 74.71962 curveto
146.76883 74.71962 145.66153 74.16597 144.95598 73.22522 curveto stroke
newpath 74.71962 16.43832 moveto
74.32326 16.43832 73.94319 16.28084 73.66295 16.0006 curveto
73.3827 15.72035 73.22522 15.34029 73.22522 14.94392 curveto
73.22522 14.54756 73.3827 14.1675 73.66295 13.88725 curveto
73.94319 13.60701 74.32326 13.44952 74.71962 13.44952 curveto
75.11598 13.44952 75.49605 13.60701 75.77629 13.88725 curveto
76.05653 14.1675 76.21402 14.54756 76.21402 14.94392 curveto
76.21402 15.34029 76.05653 15.72035 75.77629 16.0006 curveto
75.49605 16.28084 75.11598 16.43832 74.71962 16.43832 curveto closepath fill
newpath 104.60747 76.21402 moveto
104.2111 76.21402 103.83104 76.05653 103.5508 75.77629 curveto
103.27055 75.49605 103.11307 75.11598 103.11307 74.71962 curveto
103.11307 74.32326 103.27055 73.94319 103.5508 73.66295 curveto
103.83104 73.3827 104.2111 73.22522 104.60747 73.22522 curveto
105.00383 73.22522 105.3839 73.3827 105.66414 73.66295 curveto
105.94438 73.94319 106.10187 74.32326 106.10187 74.71962 curveto
106.10187 75.11598 105.94438 75.49605 105.66414 75.77629 curveto
105.3839 76.05653 105.00383 76.21402 104.60747 76.21402 curveto closepath fill
newpath 44.83177 76.71214 moveto
44.3033 76.71214 43.79654 76.50218 43.42287 76.12852 curveto
43.04921 75.75485 42.83925 75.2481 42.83925 74.71962 curveto
42.83925 74.19115 43.04921 73.68439 43.42287 73.31071 curveto
43.79654 72.93706 44.3033 72.7271 44.83177 72.7271 curveto
45.36024 72.7271 45.867 72.93706 46.24068 73.31071 curveto
46.61433 73.68439 46.8243 74.19115 46.8243 74.71962 curveto
46.8243 75.2481 46.61433 75.75485 46.24068 76.12852 curveto
45.867 76.50218 45.36024 76.71214 44.83177 76.71214 curveto closepath fill
 1 1 1 setrgbcolor
newpath 89.66354 76.71214 moveto
89.13507 76.71214 88.62831 76.50218 88.25464 76.12852 curveto
87.88098 75.75485 87.67102 75.2481 87.67102 74.71962 curveto
87.67102 74.19115 87.88098 73.68439 88.25464 73.31071 curveto
88.62831 72.93706 89.13507 72.7271 89.66354 72.7271 curveto
90.19202 72.7271 90.69878 72.93706 91.07245 73.31071 curveto
91.4461 73.68439 91.65607 74.19115 91.65607 74.71962 curveto
91.65607 75.2481 91.4461 75.75485 91.07245 76.12852 curveto
90.69878 76.50218 90.19202 76.71214 89.66354 76.71214 curveto closepath fill
 0 0 0 setrgbcolor
newpath 89.66354 76.71214 moveto
89.13507 76.71214 88.62831 76.50218 88.25464 76.12852 curveto
87.88098 75.75485 87.67102 75.2481 87.67102 74.71962 curveto
87.67102 74.19115 87.88098 73.68439 88.25464 73.31071 curveto
88.62831 72.93706 89.13507 72.7271 89.66354 72.7271 curveto
90.19202 72.7271 90.69878 72.93706 91.07245 73.31071 curveto
91.4461 73.68439 91.65607 74.19115 91.65607 74.71962 curveto
91.65607 75.2481 91.4461 75.75485 91.07245 76.12852 curveto
90.69878 76.50218 90.19202 76.71214 89.66354 76.71214 curveto stroke
showpage
%%EOF
