%!PS
%%BoundingBox: -1 -1 152 171 
%%HiResBoundingBox: -0.24907 -0.24907 151.68083 170.6098 
%%Creator: MetaPost 1.9991
%%CreationDate: 2017.08.03:0918
%%Pages: 1
%%BeginProlog
%%EndProlog
%%Page: 1 1
 0 0 0 setrgbcolor 0 0.49814 dtransform truncate idtransform setlinewidth pop
 [] 0 setdash 1 setlinecap 1 setlinejoin 10 setmiterlimit
newpath 0 37.85794 moveto
151.43176 37.85794 lineto stroke
newpath 146.45045 40.3486 moveto
147.62639 38.78069 149.47188 37.85794 151.43176 37.85794 curveto
149.47188 37.85794 147.62639 36.9352 146.45045 35.36728 curveto stroke
 0.49814 0 dtransform exch truncate exch idtransform pop setlinewidth
newpath 56.78691 0 moveto
56.78691 170.36073 lineto stroke
 0 0.49814 dtransform truncate idtransform setlinewidth pop
newpath 54.29625 165.37943 moveto
55.86417 166.55536 56.78691 168.40085 56.78691 170.36073 curveto
56.78691 168.40085 57.70966 166.55536 59.27757 165.37943 curveto stroke
 0.49814 0 dtransform exch truncate exch idtransform pop setlinewidth
newpath 18.92897 35.86542 moveto
18.92897 39.85046 lineto stroke
newpath 37.85794 35.86542 moveto
37.85794 39.85046 lineto stroke
newpath 56.78691 35.86542 moveto
56.78691 39.85046 lineto stroke
newpath 75.71588 35.86542 moveto
75.71588 39.85046 lineto stroke
newpath 94.64485 35.86542 moveto
94.64485 39.85046 lineto stroke
newpath 113.57382 35.86542 moveto
113.57382 39.85046 lineto stroke
newpath 132.50279 35.86542 moveto
132.50279 39.85046 lineto stroke
 0 0.49814 dtransform truncate idtransform setlinewidth pop
newpath 58.77943 18.92897 moveto
54.79439 18.92897 lineto stroke
newpath 58.77943 37.85794 moveto
54.79439 37.85794 lineto stroke
newpath 58.77943 56.78691 moveto
54.79439 56.78691 lineto stroke
newpath 58.77943 75.71588 moveto
54.79439 75.71588 lineto stroke
newpath 58.77943 94.64485 moveto
54.79439 94.64485 lineto stroke
newpath 58.77943 113.57382 moveto
54.79439 113.57382 lineto stroke
newpath 58.77943 132.50279 moveto
54.79439 132.50279 lineto stroke
newpath 58.77943 151.43176 moveto
54.79439 151.43176 lineto stroke
 0 1.4944 dtransform truncate idtransform setlinewidth pop
newpath 32.1792 7.76067 moveto
32.79874 11.23215 33.42955 14.70161 34.07162 18.16905 curveto
34.69176 21.51749 35.32256 24.8639 35.96579 28.20802 curveto
36.58505 31.42735 37.21529 34.64467 37.85823 37.85939 curveto
38.47691 40.95279 39.10715 44.04388 39.75067 47.13237 curveto
40.36877 50.09984 40.99928 53.06471 41.6431 56.0267 curveto
42.2612 58.87056 42.89201 61.71152 43.53697 64.5493 curveto
44.15422 67.26491 44.78445 69.97763 45.42941 72.68689 curveto
46.04607 75.27657 46.6763 77.86307 47.32185 80.44582 curveto
47.9385 82.91187 48.56903 85.37476 49.21602 87.83301 curveto
49.83124 90.17111 50.46147 92.50546 51.10844 94.8349 curveto
51.72308 97.04736 52.35303 99.2555 53.00089 101.45842 curveto
53.61465 103.54524 54.2446 105.62744 54.89333 107.70358 curveto
55.5068 109.6662 56.13704 111.62392 56.7872 113.57469 curveto
57.39923 115.4108 58.0289 117.24084 58.67992 119.06367 curveto
59.2908 120.77414 59.92046 122.47797 60.57236 124.17313 curveto
61.18266 125.75969 61.8126 127.33875 62.46623 128.90768 curveto
63.07481 130.36803 63.70389 131.81999 64.35867 133.2604 curveto
64.9658 134.59625 65.59488 135.922 66.25111 137.23445 curveto
66.85709 138.44582 67.48558 139.64592 68.14354 140.83014 curveto
68.74835 141.91904 69.37744 142.99408 70.0377 144.05034 curveto
70.6405 145.01505 71.26901 145.96329 71.93015 146.88899 curveto
72.53178 147.73123 73.16 148.55383 73.82259 149.34898 curveto
74.42365 150.0702 75.05243 150.76831 75.71646 151.43234 curveto
76.31694 152.03311 76.94574 152.605 77.60889 153.13559 curveto
78.21082 153.61708 78.8402 154.06361 79.50133 154.46017 curveto
80.10701 154.82353 80.73782 155.14413 81.39377 155.4064 curveto
82.00696 155.65161 82.64008 155.84514 83.28793 155.97482 curveto
83.91124 156.0996 84.54494 156.164 85.18037 156.164 curveto
85.8158 156.164 86.4495 156.0996 87.0728 155.97482 curveto
87.72066 155.84514 88.35378 155.65161 88.96696 155.4064 curveto
89.62291 155.14413 90.25372 154.82353 90.8594 154.46017 curveto
91.52054 154.06361 92.14992 153.61708 92.75185 153.13559 curveto
93.415 152.605 94.0438 152.03311 94.64427 151.43234 curveto
95.3083 150.76831 95.93709 150.0702 96.53815 149.34898 curveto
97.20073 148.55383 97.82895 147.73123 98.43059 146.88899 curveto
99.09172 145.96329 99.72023 145.01505 100.32303 144.05034 curveto
100.98329 142.99408 101.61238 141.91904 102.2172 140.83014 curveto
102.87515 139.64592 103.50365 138.44582 104.10962 137.23445 curveto
104.76585 135.922 105.39493 134.59625 106.00206 133.2604 curveto
106.65685 131.81999 107.28592 130.36803 107.8945 128.90768 curveto
108.54813 127.33875 109.17836 125.75969 109.78838 124.17313 curveto
110.44057 122.47768 111.07022 120.77356 111.68109 119.0628 curveto
112.33183 117.24026 112.9615 115.4105 113.57353 113.57469 curveto
114.2237 111.62392 114.85393 109.6662 115.4674 107.70358 curveto
116.11613 105.62744 116.74608 103.54524 117.35985 101.45842 curveto
118.0077 99.2555 118.63765 97.04736 119.25229 94.8349 curveto
119.89926 92.50546 120.5295 90.17111 121.14471 87.83301 curveto
121.7917 85.37476 122.42223 82.91187 123.03888 80.44582 curveto
123.68443 77.86307 124.31467 75.27657 124.93132 72.68689 curveto
125.57628 69.97763 126.20651 67.26491 126.82376 64.5493 curveto
127.46872 61.71152 128.09953 58.87056 128.71764 56.0267 curveto
129.36145 53.06471 129.99196 50.09984 130.61006 47.13237 curveto
131.25359 44.04388 131.88382 40.95279 132.5025 37.85939 curveto
133.14545 34.64467 133.77568 31.42735 134.39494 28.20802 curveto
135.03818 24.8639 135.66898 21.51749 136.28911 18.16905 curveto
136.93118 14.70161 137.562 11.23215 138.18153 7.76067 curveto stroke
newpath 139.1276 10.96553 moveto
138.32544 10.10567 137.97493 8.91832 138.18153 7.76067 curveto
137.97493 8.91832 137.23535 9.91112 136.18527 10.44041 curveto stroke
newpath 34.17546 10.44041 moveto
33.12538 9.91112 32.3858 8.91832 32.1792 7.76067 curveto
32.3858 8.91832 32.0353 10.10567 31.23314 10.96553 curveto stroke
newpath 37.85794 39.85046 moveto
37.32947 39.85046 36.82271 39.6405 36.44904 39.26685 curveto
36.07538 38.89317 35.86542 38.38641 35.86542 37.85794 curveto
35.86542 37.32947 36.07538 36.82271 36.44904 36.44904 curveto
36.82271 36.07538 37.32947 35.86542 37.85794 35.86542 curveto
38.38641 35.86542 38.89317 36.07538 39.26685 36.44904 curveto
39.6405 36.82271 39.85046 37.32947 39.85046 37.85794 curveto
39.85046 38.38641 39.6405 38.89317 39.26685 39.26685 curveto
38.89317 39.6405 38.38641 39.85046 37.85794 39.85046 curveto closepath fill
newpath 56.78691 115.56635 moveto
56.25844 115.56635 55.75168 115.35638 55.378 114.98273 curveto
55.00435 114.60905 54.79439 114.1023 54.79439 113.57382 curveto
54.79439 113.04535 55.00435 112.53859 55.378 112.16492 curveto
55.75168 111.79126 56.25844 111.5813 56.78691 111.5813 curveto
57.31538 111.5813 57.82214 111.79126 58.19582 112.16492 curveto
58.56947 112.53859 58.77943 113.04535 58.77943 113.57382 curveto
58.77943 114.1023 58.56947 114.60905 58.19582 114.98273 curveto
57.82214 115.35638 57.31538 115.56635 56.78691 115.56635 curveto closepath fill
newpath 85.18037 158.15652 moveto
84.6519 158.15652 84.14514 157.94656 83.77147 157.5729 curveto
83.39781 157.19923 83.18785 156.69247 83.18785 156.164 curveto
83.18785 155.63553 83.39781 155.12877 83.77147 154.7551 curveto
84.14514 154.38144 84.6519 154.17148 85.18037 154.17148 curveto
85.70885 154.17148 86.2156 154.38144 86.58928 154.7551 curveto
86.96294 155.12877 87.1729 155.63553 87.1729 156.164 curveto
87.1729 156.69247 86.96294 157.19923 86.58928 157.5729 curveto
86.2156 157.94656 85.70885 158.15652 85.18037 158.15652 curveto closepath fill
newpath 94.64485 153.42429 moveto
94.11638 153.42429 93.60962 153.21432 93.23595 152.84067 curveto
92.86229 152.467 92.65233 151.96024 92.65233 151.43176 curveto
92.65233 150.90329 92.86229 150.39653 93.23595 150.02286 curveto
93.60962 149.6492 94.11638 149.43924 94.64485 149.43924 curveto
95.17332 149.43924 95.68008 149.6492 96.05376 150.02286 curveto
96.42741 150.39653 96.63737 150.90329 96.63737 151.43176 curveto
96.63737 151.96024 96.42741 152.467 96.05376 152.84067 curveto
95.68008 153.21432 95.17332 153.42429 94.64485 153.42429 curveto closepath fill
newpath 132.50279 39.85046 moveto
131.97432 39.85046 131.46756 39.6405 131.09389 39.26685 curveto
130.72023 38.89317 130.51027 38.38641 130.51027 37.85794 curveto
130.51027 37.32947 130.72023 36.82271 131.09389 36.44904 curveto
131.46756 36.07538 131.97432 35.86542 132.50279 35.86542 curveto
133.03127 35.86542 133.53802 36.07538 133.9117 36.44904 curveto
134.28535 36.82271 134.49532 37.32947 134.49532 37.85794 curveto
134.49532 38.38641 134.28535 38.89317 133.9117 39.26685 curveto
133.53802 39.6405 133.03127 39.85046 132.50279 39.85046 curveto closepath fill
showpage
%%EOF
