%!PS
%%BoundingBox: -1 -1 120 120 
%%HiResBoundingBox: -0.24907 -0.24907 119.80046 119.80046 
%%Creator: MetaPost 1.9991
%%CreationDate: 2017.08.03:0918
%%Pages: 1
%%BeginProlog
%%EndProlog
%%Page: 1 1
 0 0 0 setrgbcolor 0 0.49814 dtransform truncate idtransform setlinewidth pop
 [] 0 setdash 1 setlinecap 1 setlinejoin 10 setmiterlimit
newpath 0 59.7757 moveto
119.55139 59.7757 lineto stroke
newpath 114.57008 62.26636 moveto
115.74602 60.69844 117.5915 59.7757 119.55139 59.7757 curveto
117.5915 59.7757 115.74602 58.85295 114.57008 57.28503 curveto stroke
 0.49814 0 dtransform exch truncate exch idtransform pop setlinewidth
newpath 59.7757 0 moveto
59.7757 119.55139 lineto stroke
 0 0.49814 dtransform truncate idtransform setlinewidth pop
newpath 57.28503 114.57008 moveto
58.85295 115.74602 59.7757 117.5915 59.7757 119.55139 curveto
59.7757 117.5915 60.69844 115.74602 62.26636 114.57008 curveto stroke
 0.49814 0 dtransform exch truncate exch idtransform pop setlinewidth
newpath 9.96262 57.78317 moveto
9.96262 61.76822 lineto stroke
newpath 19.92523 57.78317 moveto
19.92523 61.76822 lineto stroke
newpath 29.88785 57.78317 moveto
29.88785 61.76822 lineto stroke
newpath 39.85046 57.78317 moveto
39.85046 61.76822 lineto stroke
newpath 49.81308 57.78317 moveto
49.81308 61.76822 lineto stroke
newpath 69.73831 57.78317 moveto
69.73831 61.76822 lineto stroke
newpath 79.70093 57.78317 moveto
79.70093 61.76822 lineto stroke
newpath 89.66354 57.78317 moveto
89.66354 61.76822 lineto stroke
newpath 99.62616 57.78317 moveto
99.62616 61.76822 lineto stroke
newpath 109.58878 57.78317 moveto
109.58878 61.76822 lineto stroke
 0 0.49814 dtransform truncate idtransform setlinewidth pop
newpath 61.76822 9.96262 moveto
57.78317 9.96262 lineto stroke
newpath 61.76822 19.92523 moveto
57.78317 19.92523 lineto stroke
newpath 61.76822 29.88785 moveto
57.78317 29.88785 lineto stroke
newpath 61.76822 39.85046 moveto
57.78317 39.85046 lineto stroke
newpath 61.76822 49.81308 moveto
57.78317 49.81308 lineto stroke
newpath 61.76822 69.73831 moveto
57.78317 69.73831 lineto stroke
newpath 61.76822 79.70093 moveto
57.78317 79.70093 lineto stroke
newpath 61.76822 89.66354 moveto
57.78317 89.66354 lineto stroke
newpath 61.76822 99.62616 moveto
57.78317 99.62616 lineto stroke
newpath 61.76822 109.58878 moveto
57.78317 109.58878 lineto stroke
 0 1.24533 dtransform truncate idtransform setlinewidth pop
newpath 9.96262 20.00504 moveto
10.28824 21.27818 10.62024 22.54982 10.95863 23.81961 curveto
11.28426 25.04153 11.6161 26.26193 11.95465 27.48035 curveto
12.28058 28.65363 12.61304 29.82521 12.95204 30.99484 curveto
13.27751 32.1175 13.60936 33.23816 13.94806 34.35686 curveto
14.27338 35.43132 14.60522 36.5038 14.94408 37.574 curveto
15.26924 38.60118 15.60124 39.62639 15.9401 40.64917 curveto
16.26526 41.63028 16.5971 42.60928 16.93611 43.58568 curveto
17.26112 44.52165 17.59299 45.4552 17.93213 46.38615 curveto
18.25745 47.27925 18.58975 48.16992 18.92952 49.05771 curveto
19.25438 49.90642 19.58623 50.75255 19.92554 51.59564 curveto
20.25024 52.40224 20.58209 53.20596 20.92155 54.00648 curveto
21.24611 54.77203 21.57797 55.53456 21.91757 56.29358 curveto
22.24213 57.01917 22.57399 57.7414 22.91359 58.45999 curveto
23.23799 59.14635 23.56985 59.82936 23.9096 60.50842 curveto
24.23447 61.15768 24.56679 61.8033 24.907 62.44467 curveto
25.23125 63.05608 25.56326 63.66339 25.90302 64.2663 curveto
26.22726 64.84167 26.55928 65.41281 26.89903 65.97922 curveto
27.22328 66.51965 27.5553 67.05551 27.89505 67.58635 curveto
28.2193 68.09288 28.55132 68.59422 28.89107 69.09041 curveto
29.21577 69.56456 29.54825 70.03337 29.88846 70.49658 curveto
30.21286 70.93819 30.54471 71.37402 30.88448 71.80392 curveto
31.20903 72.21468 31.54088 72.61934 31.8805 73.01764 curveto
32.2052 73.39844 32.53706 73.7727 32.87651 74.14027 curveto
33.20137 74.4922 33.53337 74.83713 33.87253 75.17522 curveto
34.19754 75.49916 34.5297 75.81596 34.86855 76.12532 curveto
35.19432 76.42282 35.52693 76.71272 35.86594 76.99486 curveto
36.19156 77.26591 36.52371 77.5289 36.86195 77.78413 curveto
37.18803 78.0301 37.52019 78.26785 37.85797 78.49756 curveto
38.18451 78.7195 38.51666 78.93294 38.85399 79.13815 curveto
39.18098 79.33699 39.51314 79.52718 39.85 79.70898 curveto
40.1779 79.88594 40.51068 80.05391 40.8474 80.21353 curveto
41.17545 80.36905 41.5076 80.51544 41.84341 80.65347 curveto
42.17207 80.78862 42.50423 80.91493 42.83943 81.03275 curveto
43.16855 81.14844 43.50085 81.25546 43.83545 81.35411 curveto
44.16518 81.45142 44.49733 81.53989 44.83147 81.6206 curveto
45.16165 81.70041 45.4938 81.77156 45.82748 81.83525 curveto
46.15858 81.8985 46.4912 81.95337 46.82487 82.00125 curveto
47.15596 82.04869 47.48798 82.08806 47.82089 82.12105 curveto
48.15228 82.15388 48.48445 82.17912 48.81691 82.19827 curveto
49.1486 82.21727 49.48062 82.22928 49.81293 82.23552 curveto
50.14493 82.24174 50.47694 82.24129 50.80894 82.23582 curveto
51.1411 82.23035 51.47311 82.21864 51.80496 82.20238 curveto
52.13773 82.18611 52.4702 82.16422 52.80235 82.13808 curveto
53.13466 82.11192 53.46667 82.08061 53.79837 82.04579 curveto
54.13083 82.01083 54.46284 81.97147 54.79439 81.9289 curveto
55.12685 81.88618 55.45886 81.83936 55.7904 81.78995 curveto
56.12286 81.74039 56.45488 81.68748 56.78642 81.63231 curveto
57.11934 81.57698 57.45166 81.5186 57.78381 81.45856 curveto
58.11627 81.39851 58.44812 81.33572 58.77983 81.27203 curveto
59.77585 81.07578 lineto
60.77187 80.87253 lineto
61.76788 80.66563 lineto
62.7639 80.45782 lineto
63.76129 80.25185 lineto
64.75731 80.05118 lineto
65.089 79.98581 65.42102 79.92136 65.75333 79.85902 curveto
66.08502 79.79684 66.41689 79.73573 66.74934 79.67767 curveto
67.0809 79.6196 67.4129 79.5635 67.74536 79.5106 curveto
68.07692 79.45786 68.40892 79.40738 68.74138 79.36072 curveto
69.0734 79.31404 69.40585 79.27011 69.73877 79.23059 curveto
70.07031 79.19121 70.40233 79.15518 70.73479 79.12402 curveto
71.06633 79.09286 71.3985 79.06549 71.7308 79.04346 curveto
72.0625 79.02156 72.39467 79.00392 72.72682 78.99222 curveto
73.05867 78.98051 73.39084 78.97353 73.72284 78.97292 curveto
74.05545 78.97246 74.38792 78.97733 74.72023 78.98903 curveto
75.05254 79.00073 75.38454 79.01822 75.71625 79.04315 curveto
76.04886 79.06808 76.38101 79.0994 76.71227 79.13846 curveto
77.04518 79.17769 77.37733 79.22374 77.70828 79.27786 curveto
78.04166 79.33244 78.37381 79.39415 78.7043 79.46439 curveto
79.03813 79.53539 79.37029 79.61397 79.70032 79.70123 curveto
80.03506 79.7897 80.36783 79.88608 80.69771 79.99129 curveto
81.03261 80.09814 81.36476 80.21323 81.69373 80.33728 curveto
82.02922 80.46375 82.36139 80.59874 82.68974 80.74255 curveto
83.0257 80.88971 83.35786 81.04536 83.68576 81.20985 curveto
84.02232 81.37874 84.35449 81.556 84.68178 81.74222 curveto
85.01926 81.93422 85.35187 82.13472 85.67917 82.34375 curveto
86.01665 82.55946 86.3488 82.78323 86.67519 83.01552 curveto
87.01312 83.25601 87.34528 83.50456 87.6712 83.7613 curveto
88.0096 84.02795 88.34175 84.30234 88.66722 84.58449 curveto
89.00592 84.87804 89.33807 85.17918 89.66324 85.48763 curveto
90.00224 85.8093 90.3344 86.1381 90.65926 86.47406 curveto
90.99902 86.82538 91.33148 87.18353 91.65665 87.54822 curveto
91.9961 87.92903 92.32811 88.31621 92.65266 88.7098 curveto
92.99226 89.12175 93.32428 89.5398 93.64868 89.96378 curveto
93.98843 90.40767 94.32045 90.85748 94.6447 91.31277 curveto
94.98445 91.78981 95.31647 92.27216 95.64072 92.75984 curveto
95.98048 93.27092 96.31248 93.78702 96.63673 94.30814 curveto
96.97694 94.85493 97.30942 95.40646 97.63412 95.96269 curveto
97.97388 96.54477 98.3059 97.13141 98.63014 97.72229 curveto
98.9699 98.34131 99.30206 98.96474 99.62616 99.5921 curveto stroke
 1 1 1 setrgbcolor
newpath 9.96262 21.91776 moveto
9.43414 21.91776 8.92738 21.7078 8.55371 21.33414 curveto
8.18005 20.96046 7.9701 20.4537 7.9701 19.92523 curveto
7.9701 19.39676 8.18005 18.89 8.55371 18.51633 curveto
8.92738 18.14267 9.43414 17.93271 9.96262 17.93271 curveto
10.49109 17.93271 10.99785 18.14267 11.37152 18.51633 curveto
11.74518 18.89 11.95514 19.39676 11.95514 19.92523 curveto
11.95514 20.4537 11.74518 20.96046 11.37152 21.33414 curveto
10.99785 21.7078 10.49109 21.91776 9.96262 21.91776 curveto closepath fill
newpath 99.62616 101.61868 moveto
99.09769 101.61868 98.59093 101.40872 98.21725 101.03506 curveto
97.8436 100.66139 97.63364 100.15463 97.63364 99.62616 curveto
97.63364 99.09769 97.8436 98.59093 98.21725 98.21725 curveto
98.59093 97.8436 99.09769 97.63364 99.62616 97.63364 curveto
100.15463 97.63364 100.66139 97.8436 101.03506 98.21725 curveto
101.40872 98.59093 101.61868 99.09769 101.61868 99.62616 curveto
101.61868 100.15463 101.40872 100.66139 101.03506 101.03506 curveto
100.66139 101.40872 100.15463 101.61868 99.62616 101.61868 curveto closepath fill
 0 0 0 setrgbcolor
newpath 9.96262 21.91776 moveto
9.43414 21.91776 8.92738 21.7078 8.55371 21.33414 curveto
8.18005 20.96046 7.9701 20.4537 7.9701 19.92523 curveto
7.9701 19.39676 8.18005 18.89 8.55371 18.51633 curveto
8.92738 18.14267 9.43414 17.93271 9.96262 17.93271 curveto
10.49109 17.93271 10.99785 18.14267 11.37152 18.51633 curveto
11.74518 18.89 11.95514 19.39676 11.95514 19.92523 curveto
11.95514 20.4537 11.74518 20.96046 11.37152 21.33414 curveto
10.99785 21.7078 10.49109 21.91776 9.96262 21.91776 curveto stroke
newpath 99.62616 101.61868 moveto
99.09769 101.61868 98.59093 101.40872 98.21725 101.03506 curveto
97.8436 100.66139 97.63364 100.15463 97.63364 99.62616 curveto
97.63364 99.09769 97.8436 98.59093 98.21725 98.21725 curveto
98.59093 97.8436 99.09769 97.63364 99.62616 97.63364 curveto
100.15463 97.63364 100.66139 97.8436 101.03506 98.21725 curveto
101.40872 98.59093 101.61868 99.09769 101.61868 99.62616 curveto
101.61868 100.15463 101.40872 100.66139 101.03506 101.03506 curveto
100.66139 101.40872 100.15463 101.61868 99.62616 101.61868 curveto stroke
showpage
%%EOF
