%!PS
%%BoundingBox: -1 14 61 81 
%%HiResBoundingBox: -0.24907 14.69485 60.02477 80.3236 
%%Creator: MetaPost 2.000
%%CreationDate: 2017.07.18:1020
%%Pages: 1
%%BeginProlog
%%EndProlog
%%Page: 1 1
 0 0 0 setrgbcolor 0 0.49814 dtransform truncate idtransform setlinewidth pop [] 0 setdash 1 setlinecap
 1 setlinejoin 10 setmiterlimit
newpath 0 29.88785 moveto
59.7757 29.88785 lineto stroke
newpath 56.78691 31.38225 moveto
57.49246 30.4415 58.59976 29.88785 59.7757 29.88785 curveto
58.59976 29.88785 57.49246 29.3342 56.78691 28.39345 curveto stroke
newpath 2.98878 28.39345 moveto
2.28323 29.3342 1.17593 29.88785 0 29.88785 curveto
1.17593 29.88785 2.28323 30.4415 2.98878 31.38225 curveto stroke
 0.49814 0 dtransform exch truncate exch idtransform pop setlinewidth
newpath 29.88785 14.94392 moveto
29.88785 16.9676 lineto stroke
newpath 29.88785 21.01492 moveto
29.88785 25.06247 lineto stroke
newpath 29.88785 29.10954 moveto
29.88785 33.15695 lineto stroke
newpath 29.88785 37.20415 moveto
29.88785 41.25179 lineto stroke
newpath 29.88785 45.29877 moveto
29.88785 49.346 lineto stroke
newpath 29.88785 53.39339 moveto
29.88785 57.44052 lineto stroke
newpath 29.88785 61.488 moveto
29.88785 65.53546 lineto stroke
newpath 29.88785 69.58165 moveto
29.88785 73.62901 lineto stroke
newpath 29.88785 77.67726 moveto
29.88785 79.70093 lineto stroke
 0 1.24533 dtransform truncate idtransform setlinewidth pop
newpath 9.96262 79.70093 moveto
10.2864 78.40407 10.61842 77.10918 10.95863 75.81642 curveto
11.28273 74.58508 11.61444 73.35571 11.95526 72.12894 curveto
12.27875 70.96448 12.6103 69.8023 12.95128 68.64287 curveto
13.27448 67.54395 13.60617 66.44728 13.9479 65.35397 curveto
14.2705 64.32178 14.60188 63.29231 14.94392 62.26636 curveto
15.26605 61.30013 15.59744 60.3371 15.93994 59.37787 curveto
16.26161 58.477 16.59315 57.5798 16.93657 56.68701 curveto
17.25748 55.85258 17.58873 55.02211 17.93259 54.19696 curveto
18.25304 53.4279 18.58444 52.66325 18.92921 51.9047 curveto
19.24875 51.20161 19.57985 50.50385 19.92523 49.81308 curveto
20.24417 49.17552 20.57495 48.54388 20.92125 47.92061 curveto
21.23958 47.34781 21.57051 46.78215 21.91788 46.22638 curveto
22.23514 45.71864 22.56593 45.21957 22.9139 44.73235 curveto
23.2307 44.28877 23.56165 43.85551 23.91052 43.4367 curveto
24.22656 43.05742 24.55736 42.6903 24.90654 42.34113 curveto
25.22258 42.02507 25.55353 41.72392 25.90256 41.44467 curveto
26.21951 41.1911 26.55107 40.95593 26.89919 40.74707 curveto
27.21797 40.55583 27.54997 40.38708 27.8952 40.24905 curveto
28.21794 40.12 28.55101 40.01814 28.89183 39.95004 curveto
29.21988 39.88437 29.5534 39.85046 29.88785 39.85046 curveto
30.22229 39.85046 30.55582 39.88437 30.88387 39.95004 curveto
31.22469 40.01814 31.55775 40.12 31.8805 40.24905 curveto
32.22572 40.38708 32.55772 40.55583 32.87651 40.74707 curveto
33.22462 40.95593 33.55618 41.1911 33.87314 41.44467 curveto
34.22217 41.72392 34.55312 42.02507 34.86916 42.34113 curveto
35.21834 42.6903 35.54913 43.05742 35.86517 43.4367 curveto
36.21405 43.85551 36.545 44.28877 36.8618 44.73235 curveto
37.20976 45.21957 37.54056 45.71864 37.85782 46.22638 curveto
38.20518 46.78215 38.53612 47.34781 38.85445 47.92061 curveto
39.20074 48.54388 39.53152 49.17552 39.85046 49.81308 curveto
40.19585 50.50385 40.52695 51.20161 40.84648 51.9047 curveto
41.19125 52.66325 41.52266 53.4279 41.84311 54.19696 curveto
42.18697 55.02211 42.51822 55.85258 42.83913 56.68701 curveto
43.18254 57.5798 43.51408 58.477 43.83575 59.37787 curveto
44.17825 60.3371 44.50964 61.30013 44.83177 62.26636 curveto
45.17381 63.29231 45.5052 64.32178 45.82779 65.35397 curveto
46.16953 66.44728 46.50122 67.54395 46.82442 68.64287 curveto
47.16539 69.8023 47.49695 70.96448 47.82043 72.12894 curveto
48.16125 73.35571 48.49297 74.58508 48.81706 75.81642 curveto
49.15727 77.10918 49.48929 78.40407 49.81308 79.70093 curveto stroke
newpath 47.6392 77.16316 moveto
48.72285 77.61981 49.52823 78.56001 49.81308 79.70093 curveto
49.52823 78.56001 49.79716 77.3516 50.53899 76.43916 curveto stroke
newpath 9.23671 76.43916 moveto
9.97853 77.3516 10.24747 78.56001 9.96262 79.70093 curveto
10.24747 78.56001 11.05284 77.61981 12.13649 77.16316 curveto stroke
showpage
%%EOF
