%!PS
%%BoundingBox: -1 -1 125 150 
%%HiResBoundingBox: -0.24907 -0.24907 124.78961 149.68831 
%%Creator: MetaPost 2.000
%%CreationDate: 2017.07.18:1020
%%Pages: 1
%%BeginProlog
%%EndProlog
%%Page: 1 1
 0 0 0 setrgbcolor 0 0.49814 dtransform truncate idtransform setlinewidth pop [] 0 setdash 1 setlinecap
 1 setlinejoin 10 setmiterlimit
newpath 0 69.73831 moveto
119.55139 69.73831 lineto stroke
newpath 114.57008 72.22897 moveto
115.74602 70.66106 117.5915 69.73831 119.55139 69.73831 curveto
117.5915 69.73831 115.74602 68.81557 114.57008 67.24765 curveto stroke
 0.49814 0 dtransform exch truncate exch idtransform pop setlinewidth
newpath 59.7757 0 moveto
59.7757 149.43924 lineto stroke
 0 0.49814 dtransform truncate idtransform setlinewidth pop
newpath 57.28503 144.45793 moveto
58.85295 145.63387 59.7757 147.47935 59.7757 149.43924 curveto
59.7757 147.47935 60.69844 145.63387 62.26636 144.45793 curveto stroke
 0.49814 0 dtransform exch truncate exch idtransform pop setlinewidth
newpath 14.94392 67.74579 moveto
14.94392 71.73083 lineto stroke
newpath 29.88785 67.74579 moveto
29.88785 71.73083 lineto stroke
newpath 44.83177 67.74579 moveto
44.83177 71.73083 lineto stroke
newpath 59.7757 67.74579 moveto
59.7757 71.73083 lineto stroke
newpath 74.71962 67.74579 moveto
74.71962 71.73083 lineto stroke
newpath 89.66354 67.74579 moveto
89.66354 71.73083 lineto stroke
newpath 104.60747 67.74579 moveto
104.60747 71.73083 lineto stroke
 0 0.49814 dtransform truncate idtransform setlinewidth pop
newpath 61.76822 9.96262 moveto
57.78317 9.96262 lineto stroke
newpath 61.76822 19.92523 moveto
57.78317 19.92523 lineto stroke
newpath 61.76822 29.88785 moveto
57.78317 29.88785 lineto stroke
newpath 61.76822 39.85046 moveto
57.78317 39.85046 lineto stroke
newpath 61.76822 49.81308 moveto
57.78317 49.81308 lineto stroke
newpath 61.76822 59.7757 moveto
57.78317 59.7757 lineto stroke
newpath 61.76822 79.70093 moveto
57.78317 79.70093 lineto stroke
newpath 61.76822 89.66354 moveto
57.78317 89.66354 lineto stroke
newpath 61.76822 99.62616 moveto
57.78317 99.62616 lineto stroke
newpath 61.76822 109.58878 moveto
57.78317 109.58878 lineto stroke
newpath 61.76822 119.55139 moveto
57.78317 119.55139 lineto stroke
newpath 61.76822 139.47662 moveto
57.78317 139.47662 lineto stroke
 0 1.24533 dtransform truncate idtransform setlinewidth pop
newpath 11.20795 147.57124 moveto
11.7194 145.0125 12.23839 142.45435 12.76445 139.8968 curveto
13.27614 137.40933 13.7949 134.92249 14.32141 132.43639 curveto
14.83287 130.02159 15.35141 127.60756 15.87791 125.19427 curveto
16.38916 122.85153 16.90768 120.50955 17.43443 118.16833 curveto
17.94543 115.8969 18.46419 113.62636 18.9914 111.35658 curveto
19.50194 109.15796 20.0207 106.96008 20.5479 104.76314 curveto
21.05821 102.63641 21.57675 100.51059 22.1044 98.3857 curveto
22.61473 96.33041 23.13348 94.27606 23.66136 92.22276 curveto
24.17123 90.23999 24.68976 88.25845 25.21786 86.27782 curveto
25.72751 84.3671 26.24582 82.45746 26.77438 80.54903 curveto
27.28378 78.70978 27.80232 76.87158 28.33134 75.03476 curveto
28.84007 73.268 29.35905 71.50247 29.88785 69.73831 curveto stroke
newpath 10.32837 144.3475 moveto
11.11258 145.22377 11.43845 146.41812 11.20795 147.57124 curveto
11.43845 146.41812 12.1984 145.44081 13.25922 144.93335 curveto stroke
newpath 29.88785 69.73831 moveto
30.37605 71.36717 30.87428 72.99483 31.38255 74.62096 curveto
31.87053 76.18233 32.36786 77.74234 32.87613 79.30081 curveto
33.3641 80.79712 33.8619 82.29192 34.37085 83.78503 curveto
34.85837 85.21506 35.35614 86.64342 35.86555 88.06995 curveto
36.35262 89.43355 36.8504 90.79547 37.36026 92.15541 curveto
37.84642 93.45181 38.34375 94.7464 38.85384 96.0387 curveto
39.33977 97.26988 39.83754 98.4991 40.34856 99.72574 curveto
40.83401 100.89064 41.33157 102.05342 41.84326 103.21332 curveto
42.32759 104.31134 42.82469 105.40677 43.33684 106.49918 curveto
43.82094 107.53183 44.31825 108.5619 44.83154 109.58832 curveto
45.31496 110.555 45.81206 111.51848 46.32625 112.47816 curveto
46.80876 113.37888 47.30609 114.27592 47.82097 115.16858 curveto
48.30211 116.0027 48.79897 116.83287 49.31454 117.65787 curveto
49.79521 118.42693 50.29208 119.19142 50.80925 119.94983 curveto
51.28879 120.65321 51.78566 121.35127 52.30396 122.04234 curveto
52.7826 122.68022 53.27924 123.31215 53.79868 123.93558 curveto
54.27571 124.50792 54.77167 125.07312 55.29225 125.6283 curveto
55.76836 126.13618 56.26477 126.63571 56.78696 127.12308 curveto
57.26216 127.56651 57.75835 127.99976 58.28166 128.41841 curveto
58.75574 128.7977 59.25146 129.16467 59.77524 129.5137 curveto
60.24953 129.8299 60.74617 130.1312 61.26996 130.41061 curveto
61.74539 130.66417 62.24248 130.89919 62.76466 131.10806 curveto
63.24306 131.29945 63.7413 131.46803 64.25937 131.60622 curveto
64.74301 131.73514 65.24217 131.83684 65.75294 131.90494 curveto
66.24525 131.97061 66.74577 132.00467 67.24767 132.00467 curveto
67.74954 132.00467 68.25006 131.97061 68.74237 131.90494 curveto
69.25314 131.83684 69.7523 131.73514 70.23595 131.60622 curveto
70.75401 131.46803 71.25226 131.29945 71.73065 131.10806 curveto
72.25284 130.89919 72.74992 130.66417 73.22536 130.41061 curveto
73.74915 130.1312 74.24579 129.8299 74.72008 129.5137 curveto
75.24385 129.16467 75.73958 128.7977 76.21365 128.41841 curveto
76.73697 127.99976 77.23315 127.56651 77.70836 127.12308 curveto
78.23055 126.63571 78.72696 126.13618 79.20306 125.6283 curveto
79.72365 125.07312 80.2196 124.50792 80.69664 123.93558 curveto
81.21608 123.31215 81.71272 122.68022 82.19136 122.04234 curveto
82.70966 121.35127 83.20653 120.65321 83.68607 119.94983 curveto
84.20323 119.19142 84.7001 118.42693 85.18077 117.65787 curveto
85.69635 116.83287 86.1932 116.0027 86.67435 115.16858 curveto
87.18922 114.27592 87.68655 113.37888 88.16907 112.47816 curveto
88.68326 111.51848 89.18036 110.555 89.66377 109.58832 curveto
90.17706 108.5619 90.67438 107.53183 91.15848 106.49918 curveto
91.67062 105.40677 92.16772 104.31134 92.65205 103.21332 curveto
93.16374 102.05342 93.6613 100.89064 94.14676 99.72574 curveto
94.65778 98.4991 95.15555 97.26988 95.64148 96.0387 curveto
96.15157 94.7464 96.6489 93.45181 97.13506 92.15541 curveto
97.64491 90.79547 98.1427 89.43355 98.62976 88.06995 curveto
99.13918 86.64342 99.63695 85.21506 100.12447 83.78503 curveto
100.63342 82.29192 101.13121 80.79712 101.61919 79.30081 curveto
102.12746 77.74234 102.62479 76.18233 103.11276 74.62096 curveto
103.62103 72.99483 104.11926 71.36717 104.60747 69.73831 curveto stroke
newpath 104.60747 69.73831 moveto
105.13626 71.50247 105.65524 73.268 106.16397 75.03476 curveto
106.693 76.87158 107.21153 78.70978 107.72093 80.54903 curveto
108.2495 82.45746 108.7678 84.3671 109.27745 86.27782 curveto
109.80556 88.25845 110.32408 90.23999 110.83395 92.22276 curveto
111.36183 94.27606 111.88058 96.33041 112.39091 98.3857 curveto
112.91856 100.51059 113.4371 102.63641 113.94742 104.76314 curveto
114.47461 106.96008 114.99338 109.15796 115.50392 111.35658 curveto
116.03113 113.62636 116.54988 115.8969 117.06088 118.16833 curveto
117.58763 120.50955 118.10616 122.85153 118.6174 125.19427 curveto
119.1439 127.60756 119.66245 130.02159 120.1739 132.43639 curveto
120.70041 134.92249 121.21918 137.40933 121.73087 139.8968 curveto
122.25693 142.45435 122.77591 145.0125 123.28737 147.57124 curveto stroke
newpath 121.2361 144.93335 moveto
122.29692 145.44081 123.05687 146.41812 123.28737 147.57124 curveto
123.05687 146.41812 123.38274 145.22377 124.16695 144.3475 curveto stroke
newpath 29.88785 71.73083 moveto
29.35938 71.73083 28.85262 71.52087 28.47894 71.14722 curveto
28.10529 70.77354 27.89532 70.26678 27.89532 69.73831 curveto
27.89532 69.20984 28.10529 68.70308 28.47894 68.3294 curveto
28.85262 67.95575 29.35938 67.74579 29.88785 67.74579 curveto
30.41632 67.74579 30.92308 67.95575 31.29675 68.3294 curveto
31.67041 68.70308 31.88037 69.20984 31.88037 69.73831 curveto
31.88037 70.26678 31.67041 70.77354 31.29675 71.14722 curveto
30.92308 71.52087 30.41632 71.73083 29.88785 71.73083 curveto closepath fill
newpath 104.60747 71.73083 moveto
104.079 71.73083 103.57224 71.52087 103.19856 71.14722 curveto
102.8249 70.77354 102.61494 70.26678 102.61494 69.73831 curveto
102.61494 69.20984 102.8249 68.70308 103.19856 68.3294 curveto
103.57224 67.95575 104.079 67.74579 104.60747 67.74579 curveto
105.13594 67.74579 105.6427 67.95575 106.01637 68.3294 curveto
106.39003 68.70308 106.59999 69.20984 106.59999 69.73831 curveto
106.59999 70.26678 106.39003 70.77354 106.01637 71.14722 curveto
105.6427 71.52087 105.13594 71.73083 104.60747 71.73083 curveto closepath fill
showpage
%%EOF
