%!PS
%%BoundingBox: -1 -1 90 120 
%%HiResBoundingBox: -0.97493 -0.24907 89.91261 119.80046 
%%Creator: MetaPost 2.000
%%CreationDate: 2017.07.18:1020
%%Pages: 1
%%BeginProlog
%%EndProlog
%%Page: 1 1
 0 0 0 setrgbcolor 0 0.49814 dtransform truncate idtransform setlinewidth pop [] 0 setdash 1 setlinecap
 1 setlinejoin 10 setmiterlimit
newpath 0 119.55139 moveto
0.6476 116.95767 1.3116 114.3679 1.99203 111.7824 curveto
2.64024 109.3197 3.30365 106.86098 3.98529 104.40741 curveto
4.63228 102.0785 5.29538 99.75417 5.97733 97.43529 curveto
6.6237 95.23741 7.28711 93.04411 7.97058 90.85748 curveto
8.61574 88.79309 9.27853 86.73416 9.96262 84.68224 curveto
10.60687 82.74979 11.26967 80.82373 11.95465 78.90527 curveto
12.59799 77.10356 13.2611 75.30914 13.9479 73.52354 curveto
14.58972 71.8547 15.25221 70.19376 15.93994 68.54346 curveto
16.58084 67.00534 17.24364 65.47604 17.9332 63.95891 curveto
18.57228 62.55275 19.23447 61.15723 19.92523 59.7757 curveto
20.5631 58.50058 21.22467 57.2373 21.91727 55.99077 curveto
22.55392 54.84517 23.2158 53.71385 23.91052 52.6023 curveto
24.54504 51.58682 25.20662 50.58867 25.90256 49.61424 curveto
26.53616 48.72707 27.19804 47.86057 27.89581 47.02295 curveto
28.5279 46.26439 29.18948 45.53014 29.88785 44.83177 curveto
30.51994 44.19968 31.18182 43.5974 31.87988 43.03888 curveto
32.5138 42.53175 33.1769 42.0614 33.87314 41.64366 curveto
34.5107 41.26118 35.17471 40.9237 35.86517 40.64764 curveto
36.51064 40.38951 37.17679 40.18582 37.85843 40.0496 curveto
38.51454 39.91826 39.18158 39.85046 39.85046 39.85046 curveto
40.51935 39.85046 41.18639 39.91826 41.8425 40.0496 curveto
42.52414 40.18582 43.19029 40.38951 43.83575 40.64764 curveto
44.52621 40.9237 45.19023 41.26118 45.82779 41.64366 curveto
46.52403 42.0614 47.18713 42.53175 47.82104 43.03888 curveto
48.5191 43.5974 49.18098 44.19968 49.81308 44.83177 curveto
50.51144 45.53014 51.17303 46.26439 51.80511 47.02295 curveto
52.50288 47.86057 53.16476 48.72707 53.79837 49.61424 curveto
54.49431 50.58867 55.15588 51.58682 55.7904 52.6023 curveto
56.48512 53.71385 57.147 54.84517 57.78366 55.99077 curveto
58.47626 57.2373 59.13783 58.50058 59.7757 59.7757 curveto
60.46646 61.15723 61.12865 62.55275 61.76773 63.95891 curveto
62.45729 65.47604 63.12009 67.00534 63.76099 68.54346 curveto
64.44872 70.19376 65.1112 71.8547 65.75302 73.52354 curveto
66.43983 75.30914 67.10294 77.10356 67.74628 78.90527 curveto
68.43126 80.82373 69.09406 82.74979 69.73831 84.68224 curveto
70.4224 86.73416 71.08519 88.79309 71.73035 90.85748 curveto
72.41382 93.04411 73.07722 95.23741 73.7236 97.43529 curveto
74.40555 99.75417 75.06865 102.0785 75.71564 104.40741 curveto
76.39728 106.86098 77.06068 109.3197 77.7089 111.7824 curveto
78.38933 114.3679 79.05333 116.95767 79.70093 119.55139 curveto stroke
newpath 77.52701 117.01364 moveto
78.61066 117.47029 79.41606 118.41048 79.70093 119.55139 curveto
79.41606 118.41048 79.68497 117.20204 80.42679 116.28961 curveto stroke
newpath -0.72586 116.28961 moveto
0.01596 117.20204 0.28487 118.41048 0 119.55139 curveto
0.28487 118.41048 1.09027 117.47029 2.17392 117.01364 curveto stroke
newpath 29.88785 0 moveto
31.8808 3.9859 lineto
33.87283 7.96997 lineto
35.86578 11.95587 lineto
37.85782 15.93994 lineto
39.85077 19.92584 lineto
41.8428 23.90991 lineto
43.83575 27.89581 lineto
45.82779 31.87988 lineto
47.82074 35.86578 lineto
49.81277 39.84985 lineto
51.80573 43.83575 lineto
53.79776 47.81982 lineto
55.79071 51.80573 lineto
57.78275 55.7898 lineto
59.7757 59.7757 lineto
61.76865 63.7616 lineto
63.76068 67.74567 lineto
65.75363 71.73157 lineto
67.74567 75.71564 lineto
69.73862 79.70154 lineto
71.73065 83.68561 lineto
73.7236 87.67151 lineto
75.71564 91.65558 lineto
77.70859 95.64148 lineto
79.70062 99.62555 lineto
81.69357 103.61145 lineto
83.68561 107.59552 lineto
85.67856 111.58142 lineto
87.6706 115.56549 lineto
89.66354 119.55139 lineto stroke
newpath 86.99028 117.54646 moveto
88.14725 117.75682 89.13765 118.4996 89.66354 119.55139 curveto
89.13765 118.4996 89.13763 117.26161 89.66353 116.20982 curveto stroke
newpath 32.56111 2.00493 moveto
31.40414 1.79457 30.41374 1.05179 29.88785 0 curveto
30.41374 1.05179 30.41376 2.28978 29.88786 3.34157 curveto stroke
newpath 59.7757 61.76822 moveto
59.24722 61.76822 58.74046 61.55826 58.36679 61.1846 curveto
57.99313 60.81093 57.78317 60.30417 57.78317 59.7757 curveto
57.78317 59.24722 57.99313 58.74046 58.36679 58.36679 curveto
58.74046 57.99313 59.24722 57.78317 59.7757 57.78317 curveto
60.30417 57.78317 60.81093 57.99313 61.1846 58.36679 curveto
61.55826 58.74046 61.76822 59.24722 61.76822 59.7757 curveto
61.76822 60.30417 61.55826 60.81093 61.1846 61.1846 curveto
60.81093 61.55826 60.30417 61.76822 59.7757 61.76822 curveto closepath fill
newpath 59.7757 21.91776 moveto
59.24722 21.91776 58.74046 21.7078 58.36679 21.33414 curveto
57.99313 20.96046 57.78317 20.4537 57.78317 19.92523 curveto
57.78317 19.39676 57.99313 18.89 58.36679 18.51633 curveto
58.74046 18.14267 59.24722 17.93271 59.7757 17.93271 curveto
60.30417 17.93271 60.81093 18.14267 61.1846 18.51633 curveto
61.55826 18.89 61.76822 19.39676 61.76822 19.92523 curveto
61.76822 20.4537 61.55826 20.96046 61.1846 21.33414 curveto
60.81093 21.7078 60.30417 21.91776 59.7757 21.91776 curveto closepath fill
 0.49814 0 dtransform exch truncate exch idtransform pop setlinewidth
newpath 19.92523 17.93271 moveto
19.92523 21.91776 lineto stroke
newpath 39.85046 17.93271 moveto
39.85046 21.91776 lineto stroke
newpath 59.7757 17.93271 moveto
59.7757 21.91776 lineto stroke
 0 0.49814 dtransform truncate idtransform setlinewidth pop
newpath 41.84299 39.85046 moveto
37.85794 39.85046 lineto stroke
newpath 41.84299 59.7757 moveto
37.85794 59.7757 lineto stroke
newpath 41.84299 79.70093 moveto
37.85794 79.70093 lineto stroke
newpath 41.84299 99.62616 moveto
37.85794 99.62616 lineto stroke
newpath 0 19.92523 moveto
79.70093 19.92523 lineto stroke
newpath 74.71962 22.4159 moveto
75.89555 20.84798 77.74104 19.92523 79.70093 19.92523 curveto
77.74104 19.92523 75.89555 19.00249 74.71962 17.43457 curveto stroke
 0.49814 0 dtransform exch truncate exch idtransform pop setlinewidth
newpath 39.85046 0 moveto
39.85046 119.55139 lineto stroke
 0 0.49814 dtransform truncate idtransform setlinewidth pop
newpath 37.3598 114.57008 moveto
38.92772 115.74602 39.85046 117.5915 39.85046 119.55139 curveto
39.85046 117.5915 40.77321 115.74602 42.34113 114.57008 curveto stroke
showpage
%%EOF
