%!PS
%%BoundingBox: -1 -1 157 150 
%%HiResBoundingBox: -0.24907 -0.24907 156.62999 149.68831 
%%Creator: MetaPost 2.000
%%CreationDate: 2017.07.18:1020
%%Pages: 1
%%BeginProlog
%%EndProlog
%%Page: 1 1
 0 0 0 setrgbcolor 0 0.49814 dtransform truncate idtransform setlinewidth pop [] 0 setdash 1 setlinecap
 1 setlinejoin 10 setmiterlimit
newpath 0 74.71962 moveto
149.43924 74.71962 lineto stroke
newpath 144.45793 77.21028 moveto
145.63387 75.64236 147.47935 74.71962 149.43924 74.71962 curveto
147.47935 74.71962 145.63387 73.79688 144.45793 72.22896 curveto stroke
 0.49814 0 dtransform exch truncate exch idtransform pop setlinewidth
newpath 74.71962 0 moveto
74.71962 149.43924 lineto stroke
 0 0.49814 dtransform truncate idtransform setlinewidth pop
newpath 72.22896 144.45793 moveto
73.79688 145.63387 74.71962 147.47935 74.71962 149.43924 curveto
74.71962 147.47935 75.64236 145.63387 77.21028 144.45793 curveto stroke
 0.49814 0 dtransform exch truncate exch idtransform pop setlinewidth
newpath 14.94392 72.7271 moveto
14.94392 76.71214 lineto stroke
newpath 29.88785 72.7271 moveto
29.88785 76.71214 lineto stroke
newpath 44.83177 72.7271 moveto
44.83177 76.71214 lineto stroke
newpath 59.7757 72.7271 moveto
59.7757 76.71214 lineto stroke
newpath 89.66354 72.7271 moveto
89.66354 76.71214 lineto stroke
newpath 104.60747 72.7271 moveto
104.60747 76.71214 lineto stroke
newpath 119.55139 72.7271 moveto
119.55139 76.71214 lineto stroke
newpath 134.49532 72.7271 moveto
134.49532 76.71214 lineto stroke
 0 0.49814 dtransform truncate idtransform setlinewidth pop
newpath 76.71214 14.94392 moveto
72.7271 14.94392 lineto stroke
newpath 76.71214 29.88785 moveto
72.7271 29.88785 lineto stroke
newpath 76.71214 44.83177 moveto
72.7271 44.83177 lineto stroke
newpath 76.71214 59.7757 moveto
72.7271 59.7757 lineto stroke
newpath 76.71214 89.66354 moveto
72.7271 89.66354 lineto stroke
newpath 76.71214 104.60747 moveto
72.7271 104.60747 lineto stroke
newpath 76.71214 119.55139 moveto
72.7271 119.55139 lineto stroke
newpath 76.71214 134.49532 moveto
72.7271 134.49532 lineto stroke
 0 1.24533 dtransform truncate idtransform setlinewidth pop
newpath 53.79822 146.15134 moveto
54.28961 144.48013 54.78786 142.8112 55.29292 141.1441 curveto
55.78433 139.52261 56.28233 137.9034 56.78764 136.28624 curveto
57.27835 134.71605 57.77591 133.1479 58.28099 131.58228 curveto
58.77193 130.06021 59.26993 128.54063 59.7757 127.02336 curveto
60.2664 125.551 60.76442 124.08113 61.2704 122.61401 curveto
61.7609 121.19136 62.2589 119.77144 62.76512 118.35425 curveto
63.25514 116.98245 63.75247 115.61337 64.25847 114.2475 curveto
64.74872 112.92404 65.2465 111.60355 65.75317 110.28645 curveto
66.24298 109.01271 66.74098 107.74214 67.24788 106.475 curveto
67.73746 105.25073 68.23547 104.02988 68.7426 102.8129 curveto
69.23149 101.63948 69.72903 100.46948 70.23595 99.30357 curveto
70.72505 98.1785 71.22307 97.0573 71.73065 95.94041 curveto
72.21954 94.86505 72.71732 93.79355 73.22536 92.72685 curveto
73.71402 91.70073 74.2118 90.67917 74.72008 89.66263 curveto
75.20782 88.6869 75.70538 87.71597 76.21342 86.75073 curveto
76.7014 85.82358 77.19917 84.90144 77.70813 83.98546 curveto
78.19588 83.10756 78.69366 82.23514 79.20284 81.36955 curveto
79.69014 80.54112 80.18814 79.71864 80.69756 78.90344 curveto
81.18462 78.12405 81.6824 77.3515 82.19226 76.5867 curveto
82.67865 75.85701 83.17596 75.13486 83.68561 74.42136 curveto
84.17221 73.74002 84.66977 73.06688 85.18033 72.40334 curveto
85.6667 71.77101 86.16426 71.14781 86.67503 70.53511 curveto
87.16118 69.95181 87.65897 69.37811 88.16974 68.81625 curveto
88.65544 68.28198 89.15254 67.75867 89.66309 67.24811 curveto
90.14902 66.76219 90.64679 66.28812 91.1578 65.8282 curveto
91.64395 65.39061 92.14174 64.96626 92.65251 64.55763 curveto
93.13889 64.1684 93.6369 63.79375 94.14722 63.43666 curveto
94.63383 63.0962 95.13138 62.7715 95.64056 62.46594 curveto
96.12831 62.17339 96.62656 61.89816 97.13528 61.64392 curveto
97.62416 61.39948 98.1224 61.17418 98.62999 60.97124 curveto
99.12024 60.77513 99.61894 60.6 100.1247 60.44815 curveto
100.61655 60.30061 101.11456 60.17566 101.61804 60.07486 curveto
102.11241 59.9759 102.6111 59.90065 103.11276 59.8505 curveto
103.60939 59.80078 104.10832 59.7757 104.60747 59.7757 curveto
105.10661 59.7757 105.60555 59.80078 106.10217 59.8505 curveto
106.60384 59.90065 107.10252 59.9759 107.5969 60.07486 curveto
108.10037 60.17566 108.59839 60.30061 109.09024 60.44815 curveto
109.596 60.6 110.0947 60.77513 110.58495 60.97124 curveto
111.09253 61.17418 111.59077 61.39948 112.07965 61.64392 curveto
112.58838 61.89816 113.08662 62.17339 113.57437 62.46594 curveto
114.08356 62.7715 114.5811 63.0962 115.06772 63.43666 curveto
115.57803 63.79375 116.07605 64.1684 116.56242 64.55763 curveto
117.0732 64.96626 117.57098 65.39061 118.05713 65.8282 curveto
118.56815 66.28812 119.06592 66.76219 119.55185 67.24811 curveto
120.0624 67.75867 120.5595 68.28198 121.0452 68.81625 curveto
121.55597 69.37811 122.05376 69.95181 122.5399 70.53511 curveto
123.05067 71.14781 123.54823 71.77101 124.0346 72.40334 curveto
124.54517 73.06688 125.04272 73.74002 125.52933 74.42136 curveto
126.03897 75.13486 126.53629 75.85701 127.02267 76.5867 curveto
127.53253 77.3515 128.03032 78.12405 128.51738 78.90344 curveto
129.0268 79.71864 129.5248 80.54112 130.0121 81.36955 curveto
130.52127 82.23514 131.01906 83.10756 131.5068 83.98546 curveto
132.01576 84.90144 132.51353 85.82358 133.00151 86.75073 curveto
133.50955 87.71597 134.00711 88.6869 134.49486 89.66263 curveto
135.00313 90.67917 135.50092 91.70073 135.98958 92.72685 curveto
136.49762 93.79355 136.99539 94.86505 137.48428 95.94041 curveto
137.99187 97.0573 138.48988 98.1785 138.97899 99.30357 curveto
139.4859 100.46948 139.98344 101.63948 140.47234 102.8129 curveto
140.97946 104.02988 141.47748 105.25073 141.96706 106.475 curveto
142.47395 107.74214 142.97195 109.01271 143.46176 110.28645 curveto
143.96843 111.60355 144.46622 112.92404 144.95647 114.2475 curveto
145.46246 115.61337 145.9598 116.98245 146.44981 118.35425 curveto
146.95604 119.77144 147.45404 121.19136 147.94453 122.61401 curveto
148.45052 124.08113 148.94853 125.551 149.43924 127.02336 curveto
149.945 128.54063 150.44301 130.06021 150.93394 131.58228 curveto
151.43903 133.1479 151.93658 134.71605 152.42729 136.28624 curveto
152.9326 137.9034 153.4306 139.52261 153.92201 141.1441 curveto
154.42708 142.8112 154.92532 144.48013 155.41672 146.15134 curveto stroke
newpath 153.1399 143.70546 moveto
154.24147 144.11699 155.085 145.02315 155.41672 146.15134 curveto
155.085 145.02315 155.30382 143.80464 156.00732 142.86235 curveto stroke
newpath 53.20761 142.86235 moveto
53.91112 143.80464 54.12993 145.02315 53.79822 146.15134 curveto
54.12993 145.02315 54.97346 144.11699 56.07504 143.70546 curveto stroke
newpath 104.60747 61.76822 moveto
104.079 61.76822 103.57224 61.55826 103.19856 61.1846 curveto
102.8249 60.81093 102.61494 60.30417 102.61494 59.7757 curveto
102.61494 59.24722 102.8249 58.74046 103.19856 58.36679 curveto
103.57224 57.99313 104.079 57.78317 104.60747 57.78317 curveto
105.13594 57.78317 105.6427 57.99313 106.01637 58.36679 curveto
106.39003 58.74046 106.59999 59.24722 106.59999 59.7757 curveto
106.59999 60.30417 106.39003 60.81093 106.01637 61.1846 curveto
105.6427 61.55826 105.13594 61.76822 104.60747 61.76822 curveto closepath fill
newpath 74.71962 91.65607 moveto
74.19115 91.65607 73.68439 91.4461 73.31071 91.07245 curveto
72.93706 90.69878 72.7271 90.19202 72.7271 89.66354 curveto
72.7271 89.13507 72.93706 88.62831 73.31071 88.25464 curveto
73.68439 87.88098 74.19115 87.67102 74.71962 87.67102 curveto
75.2481 87.67102 75.75485 87.88098 76.12852 88.25464 curveto
76.50218 88.62831 76.71214 89.13507 76.71214 89.66354 curveto
76.71214 90.19202 76.50218 90.69878 76.12852 91.07245 curveto
75.75485 91.4461 75.2481 91.65607 74.71962 91.65607 curveto closepath fill
showpage
%%EOF
