%!PS
%%BoundingBox: -2 -1 92 110 
%%HiResBoundingBox: -1.34944 -0.24907 91.01038 109.83784 
%%Creator: MetaPost 2.000
%%CreationDate: 2017.07.18:1020
%%Pages: 1
%%BeginProlog
%%EndProlog
%%Page: 1 1
 0 0 0 setrgbcolor 0 0.49814 dtransform truncate idtransform setlinewidth pop [] 0 setdash 1 setlinecap
 1 setlinejoin 10 setmiterlimit
newpath 0 19.92523 moveto
89.66354 19.92523 lineto stroke
newpath 84.68224 22.4159 moveto
85.85817 20.84798 87.70366 19.92523 89.66354 19.92523 curveto
87.70366 19.92523 85.85817 19.00249 84.68224 17.43457 curveto stroke
 0.49814 0 dtransform exch truncate exch idtransform pop setlinewidth
newpath 44.83177 0 moveto
44.83177 109.58878 lineto stroke
 0 0.49814 dtransform truncate idtransform setlinewidth pop
newpath 42.34111 104.60747 moveto
43.90903 105.7834 44.83177 107.62889 44.83177 109.58878 curveto
44.83177 107.62889 45.75452 105.7834 47.32243 104.60747 curveto stroke
 0.49814 0 dtransform exch truncate exch idtransform pop setlinewidth
newpath 14.94392 17.93271 moveto
14.94392 21.91776 lineto stroke
newpath 29.88785 17.93271 moveto
29.88785 21.91776 lineto stroke
newpath 59.7757 17.93271 moveto
59.7757 21.91776 lineto stroke
newpath 74.71962 17.93271 moveto
74.71962 21.91776 lineto stroke
 0 0.49814 dtransform truncate idtransform setlinewidth pop
newpath 46.8243 29.88785 moveto
42.83925 29.88785 lineto stroke
newpath 46.8243 39.85046 moveto
42.83925 39.85046 lineto stroke
newpath 46.8243 49.81308 moveto
42.83925 49.81308 lineto stroke
newpath 46.8243 59.7757 moveto
42.83925 59.7757 lineto stroke
newpath 46.8243 69.73831 moveto
42.83925 69.73831 lineto stroke
newpath 46.8243 79.70093 moveto
42.83925 79.70093 lineto stroke
newpath 46.8243 89.66354 moveto
42.83925 89.66354 lineto stroke
newpath 46.8243 99.62616 moveto
42.83925 99.62616 lineto stroke
newpath 44.83177 11.95514 moveto
44.3033 11.95514 43.79654 11.74518 43.42287 11.37152 curveto
43.04921 10.99785 42.83925 10.49109 42.83925 9.96262 curveto
42.83925 9.43414 43.04921 8.92738 43.42287 8.55371 curveto
43.79654 8.18005 44.3033 7.9701 44.83177 7.9701 curveto
45.36024 7.9701 45.867 8.18005 46.24068 8.55371 curveto
46.61433 8.92738 46.8243 9.43414 46.8243 9.96262 curveto
46.8243 10.49109 46.61433 10.99785 46.24068 11.37152 curveto
45.867 11.74518 45.36024 11.95514 44.83177 11.95514 curveto closepath fill
newpath 44.90657 11.95483 moveto
44.3781 11.95483 43.87134 11.74487 43.49767 11.37122 curveto
43.12401 10.99754 42.91405 10.49078 42.91405 9.96231 curveto
42.91405 9.43384 43.12401 8.92708 43.49767 8.5534 curveto
43.87134 8.17975 44.3781 7.96979 44.90657 7.96979 curveto
45.43504 7.96979 45.9418 8.17975 46.31548 8.5534 curveto
46.68913 8.92708 46.8991 9.43384 46.8991 9.96231 curveto
46.8991 10.49078 46.68913 10.99754 46.31548 11.37122 curveto
45.9418 11.74487 45.43504 11.95483 44.90657 11.95483 curveto closepath fill
 0 1.24533 dtransform truncate idtransform setlinewidth pop
newpath 0 99.92503 moveto
0.48958 97.96187 0.98758 95.99979 1.49403 94.0386 curveto
1.98405 92.14021 2.4823 90.24258 2.98943 88.34616 curveto
3.47878 86.51572 3.97655 84.68634 4.48344 82.85803 curveto
4.97256 81.09401 5.47035 79.33092 5.97748 77.56918 curveto
6.46637 75.87146 6.96391 74.17479 7.47151 72.47949 curveto
7.96039 70.84651 8.4584 69.21492 8.9669 67.58469 curveto
9.45511 66.01952 9.95265 64.4557 10.46092 62.89342 curveto
10.94868 61.39453 11.44623 59.89716 11.95496 58.40146 curveto
12.44225 56.96884 12.9398 55.53775 13.44899 54.10849 curveto
13.93628 52.74094 14.43428 51.37506 14.94438 50.01115 curveto
15.43076 48.71095 15.92809 47.41272 16.4384 46.11662 curveto
16.9241 44.88284 17.42166 43.6509 17.93243 42.42154 curveto
18.41768 41.25374 18.915 40.08823 19.42647 38.92543 curveto
19.91147 37.82286 20.40926 36.7227 20.92186 35.6256 curveto
21.40573 34.59006 21.90283 33.55725 22.41588 32.52794 curveto
22.89908 31.55836 23.39616 30.59215 23.90991 29.62958 curveto
24.39264 28.72522 24.8902 27.82436 25.4053 26.92792 curveto
25.88667 26.09015 26.38377 25.25648 26.89934 24.42784 curveto
27.37979 23.6559 27.87666 22.8885 28.39337 22.12706 curveto
28.87291 21.42062 29.36932 20.71953 29.88739 20.0254 curveto
30.36624 19.3839 30.86311 18.74846 31.38278 18.1214 curveto
31.86005 17.54555 32.35623 16.977 32.87682 16.41818 curveto
33.3527 15.90726 33.84889 15.40485 34.37085 14.91428 curveto
34.84583 14.4678 35.34178 14.03136 35.86487 13.60936 curveto
36.33939 13.22643 36.83603 12.85582 37.36026 12.50282 curveto
37.83434 12.1836 38.33075 11.8791 38.8543 11.59634 curveto
39.3295 11.33974 39.82637 11.10153 40.34833 10.88931 curveto
40.82626 10.69489 41.32428 10.52295 41.84235 10.38127 curveto
42.32622 10.24902 42.82605 10.14381 43.33774 10.07222 curveto
43.82938 10.00336 44.32944 9.96596 44.83177 9.96262 curveto
45.33298 9.95927 45.8335 9.98982 46.3258 10.05215 curveto
46.8368 10.11691 47.33664 10.21542 47.8212 10.34145 curveto
48.3386 10.47598 48.83682 10.64122 49.31522 10.82942 curveto
49.83694 11.03464 50.33405 11.26631 50.80925 11.5167 curveto
51.3328 11.79245 51.82921 12.0901 52.30328 12.4031 curveto
52.82751 12.74925 53.32416 13.11333 53.79868 13.48988 curveto
54.32176 13.90489 54.81795 14.33464 55.2927 14.77473 curveto
55.81488 15.25845 56.31084 15.75449 56.78673 16.25888 curveto
57.30754 16.81085 57.80373 17.37271 58.28076 17.94202 curveto
58.80066 18.5624 59.29753 19.19128 59.77615 19.82626 curveto
60.29422 20.51353 60.79086 21.20811 61.27017 21.90784 curveto
61.78711 22.66261 62.28398 23.42346 62.7642 24.18886 curveto
63.28 25.01067 63.77687 25.8378 64.25824 26.66888 curveto
64.77335 27.55864 65.2709 28.45265 65.75363 29.35046 curveto
66.26761 30.30635 66.76447 31.26604 67.24767 32.22906 curveto
67.76071 33.2517 68.25781 34.2778 68.74168 35.30666 curveto
69.25452 36.39708 69.75208 37.49069 70.23708 38.58675 curveto
70.74855 39.74283 71.24586 40.90166 71.73111 42.06277 curveto
72.24211 43.28545 72.73944 44.51086 73.22514 45.7381 curveto
73.73546 47.02736 74.23279 48.31905 74.71916 49.61256 curveto
75.22949 50.96979 75.72726 52.32912 76.21455 53.69014 curveto
76.72374 55.11272 77.2213 56.53711 77.70859 57.96304 curveto
78.21732 59.45221 78.71486 60.94304 79.20262 62.43524 curveto
79.71089 63.99083 80.20866 65.54794 80.69664 67.10643 curveto
81.20514 68.73013 81.70316 70.3552 82.19203 71.98148 curveto
82.69963 73.67009 83.1974 75.36008 83.68607 77.05112 curveto
84.19342 78.8063 84.69098 80.56271 85.1801 82.32019 curveto
85.687 84.14182 86.18477 85.96451 86.67412 87.78825 curveto
87.18124 89.67798 87.67949 91.56892 88.16951 93.46063 curveto
88.67596 95.41528 89.17397 97.37083 89.66354 99.32729 curveto stroke
newpath 87.4883 96.79065 moveto
88.57219 97.24673 89.37808 98.18652 89.66354 99.32729 curveto
89.37808 98.18652 89.64638 96.97794 90.38771 96.06512 curveto stroke
newpath -0.72678 96.66348 moveto
0.0153 97.5757 0.28455 98.78406 0 99.92503 curveto
0.28455 98.78406 1.08968 97.84364 2.17319 97.38669 curveto stroke
showpage
%%EOF
