%!PS
%%BoundingBox: -1 14 61 80 
%%HiResBoundingBox: -0.24907 14.69485 60.02477 79.95 
%%Creator: MetaPost 2.000
%%CreationDate: 2017.07.18:1020
%%Pages: 1
%%BeginProlog
%%EndProlog
%%Page: 1 1
 0 0 0 setrgbcolor 0 0.49814 dtransform truncate idtransform setlinewidth pop [] 0 setdash 1 setlinecap
 1 setlinejoin 10 setmiterlimit
newpath 0 29.88785 moveto
59.7757 29.88785 lineto stroke
newpath 56.78691 31.38225 moveto
57.49246 30.4415 58.59976 29.88785 59.7757 29.88785 curveto
58.59976 29.88785 57.49246 29.3342 56.78691 28.39345 curveto stroke
newpath 2.98878 28.39345 moveto
2.28323 29.3342 1.17593 29.88785 0 29.88785 curveto
1.17593 29.88785 2.28323 30.4415 2.98878 31.38225 curveto stroke
 0.49814 0 dtransform exch truncate exch idtransform pop setlinewidth
newpath 29.88785 14.94392 moveto
29.88785 16.9676 lineto stroke
newpath 29.88785 21.01492 moveto
29.88785 25.06247 lineto stroke
newpath 29.88785 29.10954 moveto
29.88785 33.15695 lineto stroke
newpath 29.88785 37.20415 moveto
29.88785 41.25179 lineto stroke
newpath 29.88785 45.29877 moveto
29.88785 49.346 lineto stroke
newpath 29.88785 53.39339 moveto
29.88785 57.44052 lineto stroke
newpath 29.88785 61.488 moveto
29.88785 65.53546 lineto stroke
newpath 29.88785 69.58165 moveto
29.88785 73.62901 lineto stroke
newpath 29.88785 77.67726 moveto
29.88785 79.70093 lineto stroke
 0 1.24533 dtransform truncate idtransform setlinewidth pop
newpath 7.97012 78.10672 moveto
8.29468 76.67746 8.6267 75.24986 8.96614 73.82393 curveto
9.29085 72.46004 9.62271 71.09781 9.96277 69.7377 curveto
10.28687 68.44115 10.61842 67.14626 10.95863 65.8538 curveto
11.28273 64.62247 11.61444 63.3931 11.95526 62.16632 curveto
12.27875 61.00186 12.6103 59.83969 12.95128 58.68025 curveto
13.27448 57.58133 13.60617 56.48466 13.9479 55.39136 curveto
14.2705 54.35931 14.60188 53.33 14.94377 52.30418 curveto
15.26605 51.33736 15.5976 50.37372 15.9404 49.41403 curveto
16.26192 48.5138 16.5933 47.61703 16.93642 46.72469 curveto
17.25748 45.88982 17.58904 45.05888 17.93304 44.23328 curveto
18.25334 43.46468 18.58444 42.70049 18.92906 41.94238 curveto
19.2486 41.23944 19.57954 40.54169 19.92493 39.85107 curveto
20.24402 39.21306 20.5751 38.58096 20.92155 37.9574 curveto
21.23958 37.38489 21.57051 36.81953 21.91757 36.26422 curveto
22.23499 35.75618 22.56593 35.2568 22.9142 34.76929 curveto
23.2307 34.32616 23.5615 33.89305 23.91006 33.4747 curveto
24.22641 33.09511 24.5572 32.72784 24.9067 32.37836 curveto
25.22273 32.06215 25.55368 31.76115 25.90271 31.4819 curveto
26.21967 31.22833 26.55122 30.99316 26.89934 30.7843 curveto
27.21812 30.59306 27.55013 30.42447 27.8952 30.28644 curveto
28.21794 30.15738 28.55101 30.05553 28.89183 29.98743 curveto
29.21988 29.92175 29.5534 29.88785 29.88785 29.88785 curveto
30.22229 29.88785 30.55582 29.92175 30.88387 29.98743 curveto
31.22469 30.05553 31.55775 30.15738 31.8805 30.28644 curveto
32.22557 30.42447 32.55757 30.59306 32.87636 30.7843 curveto
33.22447 30.99316 33.55603 31.22833 33.87299 31.4819 curveto
34.22202 31.76115 34.55296 32.06215 34.869 32.37836 curveto
35.21849 32.72784 35.54929 33.09511 35.86563 33.4747 curveto
36.2142 33.89305 36.545 34.32616 36.8615 34.76929 curveto
37.20976 35.2568 37.54071 35.75618 37.85812 36.26422 curveto
38.20518 36.81953 38.53612 37.38489 38.85414 37.9574 curveto
39.20059 38.58096 39.53168 39.21306 39.85077 39.85107 curveto
40.19615 40.54184 40.52725 41.2396 40.84679 41.94267 curveto
41.19125 42.70064 41.5225 43.46468 41.84265 44.23328 curveto
42.18666 45.05904 42.51822 45.88982 42.83928 46.72469 curveto
43.18239 47.61703 43.51378 48.5138 43.8353 49.41403 curveto
44.1781 50.37372 44.50964 51.33736 44.83192 52.30418 curveto
45.17381 53.33 45.5052 54.35931 45.82779 55.39136 curveto
46.16953 56.48466 46.50122 57.58133 46.82442 58.68025 curveto
47.16539 59.83969 47.49695 61.00186 47.82043 62.16632 curveto
48.16125 63.3931 48.49297 64.62247 48.81706 65.8538 curveto
49.15727 67.14626 49.48883 68.44115 49.81293 69.7377 curveto
50.15298 71.09781 50.48485 72.46004 50.80956 73.82393 curveto
51.149 75.24986 51.48102 76.67746 51.80557 78.10672 curveto stroke
newpath 49.68645 75.52306 moveto
50.76009 76.00278 51.54518 76.95998 51.80557 78.10672 curveto
51.54518 76.95998 51.83989 75.75757 52.60106 74.86122 curveto stroke
newpath 7.17464 74.86122 moveto
7.9358 75.75757 8.23051 76.95998 7.97012 78.10672 curveto
8.23051 76.95998 9.01561 76.00278 10.08925 75.52306 curveto stroke
newpath 29.88785 31.88037 moveto
29.35938 31.88037 28.85262 31.67041 28.47894 31.29675 curveto
28.10529 30.92308 27.89532 30.41632 27.89532 29.88785 curveto
27.89532 29.35938 28.10529 28.85262 28.47894 28.47894 curveto
28.85262 28.10529 29.35938 27.89532 29.88785 27.89532 curveto
30.41632 27.89532 30.92308 28.10529 31.29675 28.47894 curveto
31.67041 28.85262 31.88037 29.35938 31.88037 29.88785 curveto
31.88037 30.41632 31.67041 30.92308 31.29675 31.29675 curveto
30.92308 31.67041 30.41632 31.88037 29.88785 31.88037 curveto closepath fill
showpage
%%EOF
