%!PS
%%BoundingBox: -1 -1 161 100 
%%HiResBoundingBox: -0.62267 -0.24907 160.02452 99.87523 
%%Creator: MetaPost 2.000
%%CreationDate: 2017.07.18:1020
%%Pages: 1
%%BeginProlog
%%EndProlog
%%Page: 1 1
 0 0 0 setrgbcolor 0 0.49814 dtransform truncate idtransform setlinewidth pop [] 0 setdash 1 setlinecap
 1 setlinejoin 10 setmiterlimit
newpath 55.19298 99.08589 moveto
55.84787 96.16199 56.51796 93.24142 57.20296 90.32422 curveto
57.85844 87.53317 58.52824 84.74547 59.21445 81.96173 curveto
59.86873 79.30751 60.53792 76.65724 61.22443 74.01122 curveto
61.8784 71.49016 62.54819 68.97305 63.23592 66.46082 curveto
63.88869 64.07626 64.55786 61.69629 65.2459 59.32178 curveto
65.89835 57.0707 66.56754 54.8245 67.25708 52.58435 curveto
67.90802 50.4692 68.5769 48.35948 69.26706 46.25679 curveto
69.9177 44.27448 70.58687 42.29855 71.27855 40.33023 curveto
71.92737 38.48383 72.59593 36.64441 73.28853 34.81383 curveto
73.93674 33.10028 74.6056 31.39435 75.30002 29.69904 curveto
75.9464 28.1208 76.61467 26.55138 77.31 24.9941 curveto
77.95515 23.54933 78.62312 22.1149 79.31998 20.69444 curveto
79.96391 19.38193 80.63219 18.08156 81.33147 16.79762 curveto
81.97328 15.61888 82.64095 14.45442 83.34145 13.30943 curveto
83.98204 12.26204 84.65001 11.23135 85.35294 10.2244 curveto
85.99171 9.30894 86.65907 8.41386 87.36292 7.54767 curveto
88.00108 6.76204 88.66875 6.00104 89.3741 5.27501 curveto
90.01166 4.6189 90.67932 3.99258 91.38408 3.40945 curveto
92.02347 2.88074 92.69203 2.3882 93.39557 1.94826 curveto
94.038 1.54633 94.7078 1.18968 95.40555 0.89417 curveto
96.05557 0.61871 96.7278 0.39798 97.41704 0.24506 curveto
98.07741 0.09851 98.75053 0.0155 99.42702 0.00212 curveto
100.10075 -0.01125 100.7742 0.04408 101.437 0.16449 curveto
102.12411 0.28944 102.79633 0.48341 103.44849 0.73334 curveto
104.14473 1.00027 104.81482 1.33046 105.45847 1.70715 curveto
106.16109 2.11852 106.83026 2.58429 107.46996 3.08778 curveto
108.17471 3.64264 108.84238 4.2422 109.47993 4.87308 curveto
110.18529 5.57083 110.85295 6.30537 111.49112 7.06517 curveto
112.19527 7.90369 112.86263 8.77263 113.5011 9.66193 curveto
114.20403 10.64122 114.872 11.64514 115.51259 12.6664 curveto
116.2134 13.78372 116.88106 14.92143 117.52257 16.07402 curveto
118.22215 17.3309 118.89043 18.6045 119.53406 19.89058 curveto
120.23122 21.28366 120.89919 22.69135 121.54404 24.10966 curveto
122.23967 25.64018 122.90794 27.18285 123.55402 28.73465 curveto
124.24843 30.40288 124.9176 32.08176 125.5655 33.76886 curveto
126.2581 35.57239 126.92667 37.38474 127.57549 39.2047 curveto
128.26747 41.14595 128.93665 43.09543 129.58698 45.05098 curveto
130.27713 47.12694 130.94601 49.20987 131.59695 51.2983 curveto
132.2865 53.51137 132.956 55.73112 133.60814 57.95544 curveto
134.29648 60.30319 134.96535 62.65643 135.61812 65.01422 curveto
136.30615 67.4994 136.97563 69.98975 137.62961 72.48405 curveto
138.31612 75.10301 138.9853 77.72653 139.63959 80.35399 curveto
140.3261 83.11098 140.99557 85.87192 141.65108 88.63622 curveto
142.33638 91.52637 143.00616 94.42017 143.66106 97.31732 curveto stroke
newpath 141.54443 94.7316 moveto
142.6176 95.21236 143.40178 96.17033 143.66106 97.31732 curveto
143.40178 96.17033 143.69765 94.96822 144.45969 94.0726 curveto stroke
newpath 54.38797 95.84276 moveto
55.15176 96.73688 55.45 97.9384 55.19298 99.08589 curveto
55.45 97.9384 56.23227 96.97888 57.30447 96.49602 curveto stroke
newpath 0 39.85046 moveto
1.99203 39.85046 lineto
3.98407 39.85046 lineto
5.97855 39.85046 lineto
7.97058 39.85046 lineto
9.96262 39.85046 lineto
11.95465 39.85046 lineto
13.94669 39.85046 lineto
15.94116 39.85046 lineto
17.9332 39.85046 lineto
19.92523 39.85046 lineto
21.91727 39.85046 lineto
23.9093 39.85046 lineto
25.90378 39.85046 lineto
27.89581 39.85046 lineto
29.88785 39.85046 lineto
31.87988 39.85046 lineto
33.87192 39.85046 lineto
35.8664 39.85046 lineto
37.85843 39.85046 lineto
39.85046 39.85046 lineto
41.8425 39.85046 lineto
43.83453 39.85046 lineto
45.82901 39.85046 lineto
47.82104 39.85046 lineto
49.81308 39.85046 lineto
51.80511 39.85046 lineto
53.79715 39.85046 lineto
55.79163 39.85046 lineto
57.78366 39.85046 lineto
59.7757 39.85046 lineto
61.76773 39.85046 lineto
63.75977 39.85046 lineto
65.75424 39.85046 lineto
67.74628 39.85046 lineto
69.73831 39.85046 lineto
71.73035 39.85046 lineto
73.72238 39.85046 lineto
75.71686 39.85046 lineto
77.7089 39.85046 lineto
79.70093 39.85046 lineto
81.69296 39.85046 lineto
83.685 39.85046 lineto
85.67947 39.85046 lineto
87.67151 39.85046 lineto
89.66354 39.85046 lineto
91.65558 39.85046 lineto
93.64761 39.85046 lineto
95.64209 39.85046 lineto
97.63412 39.85046 lineto
99.62616 39.85046 lineto
101.6182 39.85046 lineto
103.61023 39.85046 lineto
105.6047 39.85046 lineto
107.59674 39.85046 lineto
109.58878 39.85046 lineto
111.58081 39.85046 lineto
113.57285 39.85046 lineto
115.56732 39.85046 lineto
117.55936 39.85046 lineto
119.55139 39.85046 lineto
121.54343 39.85046 lineto
123.53546 39.85046 lineto
125.52994 39.85046 lineto
127.52197 39.85046 lineto
129.514 39.85046 lineto
131.50604 39.85046 lineto
133.49808 39.85046 lineto
135.49255 39.85046 lineto
137.48459 39.85046 lineto
139.47662 39.85046 lineto
141.46866 39.85046 lineto
143.4607 39.85046 lineto
145.45517 39.85046 lineto
147.4472 39.85046 lineto
149.43924 39.85046 lineto
151.43127 39.85046 lineto
153.42331 39.85046 lineto
155.41779 39.85046 lineto
157.40982 39.85046 lineto
159.40186 39.85046 lineto stroke
newpath 156.41307 41.34486 moveto
157.11862 40.40411 158.22592 39.85046 159.40186 39.85046 curveto
158.22592 39.85046 157.11862 39.29681 156.41307 38.35606 curveto stroke
newpath 2.98878 38.35606 moveto
2.28323 39.29681 1.17593 39.85046 0 39.85046 curveto
1.17593 39.85046 2.28323 40.40411 2.98878 41.34486 curveto stroke
 0.49814 0 dtransform exch truncate exch idtransform pop setlinewidth
newpath 19.92523 17.93271 moveto
19.92523 21.91776 lineto stroke
newpath 39.85046 17.93271 moveto
39.85046 21.91776 lineto stroke
newpath 59.7757 17.93271 moveto
59.7757 21.91776 lineto stroke
newpath 79.70093 17.93271 moveto
79.70093 21.91776 lineto stroke
newpath 99.62616 17.93271 moveto
99.62616 21.91776 lineto stroke
newpath 119.55139 17.93271 moveto
119.55139 21.91776 lineto stroke
newpath 139.47662 17.93271 moveto
139.47662 21.91776 lineto stroke
 0 0.49814 dtransform truncate idtransform setlinewidth pop
newpath 81.69345 39.85046 moveto
77.7084 39.85046 lineto stroke
newpath 81.69345 59.7757 moveto
77.7084 59.7757 lineto stroke
newpath 81.69345 79.70093 moveto
77.7084 79.70093 lineto stroke
newpath 0 19.92523 moveto
159.40186 19.92523 lineto stroke
newpath 154.42055 22.4159 moveto
155.59648 20.84798 157.44197 19.92523 159.40186 19.92523 curveto
157.44197 19.92523 155.59648 19.00249 154.42055 17.43457 curveto stroke
 0.49814 0 dtransform exch truncate exch idtransform pop setlinewidth
newpath 79.70093 0 moveto
79.70093 99.62616 lineto stroke
 0 0.49814 dtransform truncate idtransform setlinewidth pop
newpath 77.21027 94.64485 moveto
78.77818 95.82079 79.70093 97.66628 79.70093 99.62616 curveto
79.70093 97.66628 80.62367 95.82079 82.19159 94.64485 curveto stroke
 0 1.24533 dtransform truncate idtransform setlinewidth pop
newpath 55.19298 99.08589 moveto
55.85486 96.13068 56.53226 93.1791 57.22484 90.23087 curveto
57.88673 87.41368 58.5632 84.59984 59.25671 81.79025 curveto
59.91798 79.1108 60.59447 76.43529 61.28857 73.76434 curveto
61.94923 71.22261 62.62541 68.68483 63.32043 66.15253 curveto
63.9802 63.74852 64.65637 61.34877 65.35231 58.95511 curveto
66.01115 56.68883 66.68732 54.42741 67.38417 52.1724 curveto
68.0421 50.04353 68.71828 47.91986 69.41603 45.80377 curveto
70.07275 43.81204 70.75014 41.8273 71.4479 39.84955 curveto stroke
newpath 54.3879 95.84274 moveto
55.15172 96.73685 55.44998 97.93839 55.19298 99.08589 curveto
55.44998 97.93839 56.23225 96.97885 57.30446 96.49594 curveto stroke
newpath 127.80441 39.84955 moveto
128.48454 41.77713 129.14522 43.7117 129.78642 45.65266 curveto
130.46686 47.71251 131.1266 49.77902 131.76874 51.85103 curveto
132.44794 54.04251 133.1077 56.24037 133.75073 58.44281 curveto
134.42903 60.76624 135.08879 63.09546 135.73274 65.42892 curveto
136.41013 67.88431 137.07019 70.34486 137.71474 72.80907 curveto
138.39153 75.397 139.05159 77.98921 139.69705 80.58507 curveto
140.37323 83.30435 141.03297 86.02759 141.67905 88.75418 curveto
142.35461 91.60512 143.01529 94.4594 143.66106 97.31732 curveto stroke
newpath 141.5447 94.73141 moveto
142.6178 95.21228 143.40189 96.17032 143.66106 97.31732 curveto
143.40189 96.17032 143.69788 94.96823 144.45998 94.0727 curveto stroke
newpath 71.4479 19.92523 moveto
0 19.92523 lineto stroke
newpath 2.98878 18.43083 moveto
2.28323 19.37158 1.17593 19.92523 0 19.92523 curveto
1.17593 19.92523 2.28323 20.47888 2.98878 21.41963 curveto stroke
newpath 127.80441 19.92523 moveto
159.40186 19.92523 lineto stroke
newpath 156.41307 21.41963 moveto
157.11862 20.47888 158.22592 19.92523 159.40186 19.92523 curveto
158.22592 19.92523 157.11862 19.37158 156.41307 18.43083 curveto stroke
newpath 71.4479 39.85046 moveto
0 39.85046 lineto stroke
newpath 2.98878 38.35606 moveto
2.28323 39.29681 1.17593 39.85046 0 39.85046 curveto
1.17593 39.85046 2.28323 40.40411 2.98878 41.34486 curveto stroke
newpath 127.80441 39.85046 moveto
159.40186 39.85046 lineto stroke
newpath 156.41307 41.34486 moveto
157.11862 40.40411 158.22592 39.85046 159.40186 39.85046 curveto
158.22592 39.85046 157.11862 39.29681 156.41307 38.35606 curveto stroke
 1 1 1 setrgbcolor
newpath 71.4479 21.91776 moveto
70.91943 21.91776 70.41267 21.7078 70.039 21.33414 curveto
69.66534 20.96046 69.45538 20.4537 69.45538 19.92523 curveto
69.45538 19.39676 69.66534 18.89 70.039 18.51633 curveto
70.41267 18.14267 70.91943 17.93271 71.4479 17.93271 curveto
71.97638 17.93271 72.48314 18.14267 72.85681 18.51633 curveto
73.23047 18.89 73.44043 19.39676 73.44043 19.92523 curveto
73.44043 20.4537 73.23047 20.96046 72.85681 21.33414 curveto
72.48314 21.7078 71.97638 21.91776 71.4479 21.91776 curveto closepath fill
newpath 127.80441 21.91776 moveto
127.27594 21.91776 126.76918 21.7078 126.39551 21.33414 curveto
126.02185 20.96046 125.81189 20.4537 125.81189 19.92523 curveto
125.81189 19.39676 126.02185 18.89 126.39551 18.51633 curveto
126.76918 18.14267 127.27594 17.93271 127.80441 17.93271 curveto
128.33289 17.93271 128.83965 18.14267 129.21332 18.51633 curveto
129.58698 18.89 129.79694 19.39676 129.79694 19.92523 curveto
129.79694 20.4537 129.58698 20.96046 129.21332 21.33414 curveto
128.83965 21.7078 128.33289 21.91776 127.80441 21.91776 curveto closepath fill
 0 0 0 setrgbcolor
newpath 71.4479 21.91776 moveto
70.91943 21.91776 70.41267 21.7078 70.039 21.33414 curveto
69.66534 20.96046 69.45538 20.4537 69.45538 19.92523 curveto
69.45538 19.39676 69.66534 18.89 70.039 18.51633 curveto
70.41267 18.14267 70.91943 17.93271 71.4479 17.93271 curveto
71.97638 17.93271 72.48314 18.14267 72.85681 18.51633 curveto
73.23047 18.89 73.44043 19.39676 73.44043 19.92523 curveto
73.44043 20.4537 73.23047 20.96046 72.85681 21.33414 curveto
72.48314 21.7078 71.97638 21.91776 71.4479 21.91776 curveto stroke
newpath 127.80441 21.91776 moveto
127.27594 21.91776 126.76918 21.7078 126.39551 21.33414 curveto
126.02185 20.96046 125.81189 20.4537 125.81189 19.92523 curveto
125.81189 19.39676 126.02185 18.89 126.39551 18.51633 curveto
126.76918 18.14267 127.27594 17.93271 127.80441 17.93271 curveto
128.33289 17.93271 128.83965 18.14267 129.21332 18.51633 curveto
129.58698 18.89 129.79694 19.39676 129.79694 19.92523 curveto
129.79694 20.4537 129.58698 20.96046 129.21332 21.33414 curveto
128.83965 21.7078 128.33289 21.91776 127.80441 21.91776 curveto stroke
 1 1 1 setrgbcolor
newpath 71.4479 41.84299 moveto
70.91943 41.84299 70.41267 41.63303 70.039 41.25937 curveto
69.66534 40.8857 69.45538 40.37894 69.45538 39.85046 curveto
69.45538 39.32199 69.66534 38.81523 70.039 38.44156 curveto
70.41267 38.0679 70.91943 37.85794 71.4479 37.85794 curveto
71.97638 37.85794 72.48314 38.0679 72.85681 38.44156 curveto
73.23047 38.81523 73.44043 39.32199 73.44043 39.85046 curveto
73.44043 40.37894 73.23047 40.8857 72.85681 41.25937 curveto
72.48314 41.63303 71.97638 41.84299 71.4479 41.84299 curveto closepath fill
newpath 127.80441 41.84299 moveto
127.27594 41.84299 126.76918 41.63303 126.39551 41.25937 curveto
126.02185 40.8857 125.81189 40.37894 125.81189 39.85046 curveto
125.81189 39.32199 126.02185 38.81523 126.39551 38.44156 curveto
126.76918 38.0679 127.27594 37.85794 127.80441 37.85794 curveto
128.33289 37.85794 128.83965 38.0679 129.21332 38.44156 curveto
129.58698 38.81523 129.79694 39.32199 129.79694 39.85046 curveto
129.79694 40.37894 129.58698 40.8857 129.21332 41.25937 curveto
128.83965 41.63303 128.33289 41.84299 127.80441 41.84299 curveto closepath fill
 0 0 0 setrgbcolor
newpath 71.4479 41.84299 moveto
70.91943 41.84299 70.41267 41.63303 70.039 41.25937 curveto
69.66534 40.8857 69.45538 40.37894 69.45538 39.85046 curveto
69.45538 39.32199 69.66534 38.81523 70.039 38.44156 curveto
70.41267 38.0679 70.91943 37.85794 71.4479 37.85794 curveto
71.97638 37.85794 72.48314 38.0679 72.85681 38.44156 curveto
73.23047 38.81523 73.44043 39.32199 73.44043 39.85046 curveto
73.44043 40.37894 73.23047 40.8857 72.85681 41.25937 curveto
72.48314 41.63303 71.97638 41.84299 71.4479 41.84299 curveto stroke
newpath 127.80441 41.84299 moveto
127.27594 41.84299 126.76918 41.63303 126.39551 41.25937 curveto
126.02185 40.8857 125.81189 40.37894 125.81189 39.85046 curveto
125.81189 39.32199 126.02185 38.81523 126.39551 38.44156 curveto
126.76918 38.0679 127.27594 37.85794 127.80441 37.85794 curveto
128.33289 37.85794 128.83965 38.0679 129.21332 38.44156 curveto
129.58698 38.81523 129.79694 39.32199 129.79694 39.85046 curveto
129.79694 40.37894 129.58698 40.8857 129.21332 41.25937 curveto
128.83965 41.63303 128.33289 41.84299 127.80441 41.84299 curveto stroke
showpage
%%EOF
