%!PS
%%BoundingBox: -1 -1 96 165 
%%HiResBoundingBox: -0.24907 -0.24907 95.19354 164.55254 
%%Creator: MetaPost 2.000
%%CreationDate: 2017.07.18:1020
%%Pages: 1
%%BeginProlog
%%EndProlog
%%Page: 1 1
 0 0 0 setrgbcolor 0 0.49814 dtransform truncate idtransform setlinewidth pop [] 0 setdash 1 setlinecap
 1 setlinejoin 10 setmiterlimit
newpath 0 82.15173 moveto
93.8877 82.15173 lineto stroke
newpath 88.90639 84.6424 moveto
90.08232 83.07448 91.92781 82.15173 93.8877 82.15173 curveto
91.92781 82.15173 90.08232 81.22899 88.90639 79.66107 curveto stroke
 0.49814 0 dtransform exch truncate exch idtransform pop setlinewidth
newpath 46.94385 0 moveto
46.94385 164.30347 lineto stroke
 0 0.49814 dtransform truncate idtransform setlinewidth pop
newpath 44.45319 159.32216 moveto
46.0211 160.4981 46.94385 162.34358 46.94385 164.30347 curveto
46.94385 162.34358 47.8666 160.4981 49.43451 159.32216 curveto stroke
 0.49814 0 dtransform exch truncate exch idtransform pop setlinewidth
newpath 11.73596 80.15921 moveto
11.73596 84.14426 lineto stroke
newpath 23.47192 80.15921 moveto
23.47192 84.14426 lineto stroke
newpath 35.20789 80.15921 moveto
35.20789 84.14426 lineto stroke
newpath 46.94385 80.15921 moveto
46.94385 84.14426 lineto stroke
newpath 58.67981 80.15921 moveto
58.67981 84.14426 lineto stroke
newpath 70.41577 80.15921 moveto
70.41577 84.14426 lineto stroke
newpath 82.15173 80.15921 moveto
82.15173 84.14426 lineto stroke
 0 0.49814 dtransform truncate idtransform setlinewidth pop
newpath 48.93637 23.47192 moveto
44.95132 23.47192 lineto stroke
newpath 48.93637 35.20789 moveto
44.95132 35.20789 lineto stroke
newpath 48.93637 46.94385 moveto
44.95132 46.94385 lineto stroke
newpath 48.93637 58.67981 moveto
44.95132 58.67981 lineto stroke
newpath 48.93637 70.41577 moveto
44.95132 70.41577 lineto stroke
newpath 48.93637 82.15173 moveto
44.95132 82.15173 lineto stroke
newpath 48.93637 93.8877 moveto
44.95132 93.8877 lineto stroke
newpath 48.93637 105.62366 moveto
44.95132 105.62366 lineto stroke
newpath 48.93637 117.35962 moveto
44.95132 117.35962 lineto stroke
newpath 48.93637 129.09558 moveto
44.95132 129.09558 lineto stroke
newpath 48.93637 140.83154 moveto
44.95132 140.83154 lineto stroke
newpath 48.93637 152.5675 moveto
44.95132 152.5675 lineto stroke
newpath 11.73596 152.5675 moveto
12.12152 149.8681 12.51262 147.16942 12.90927 144.47163 curveto
13.29483 141.85031 13.68575 139.22989 14.08258 136.61035 curveto
14.4683 134.06459 14.85959 131.51974 15.25714 128.97578 curveto
15.64233 126.51079 16.03326 124.04688 16.43045 121.58386 curveto
16.81548 119.19713 17.20639 116.81146 17.60376 114.4267 curveto
17.9886 112.11804 18.37935 109.81047 18.77707 107.50414 curveto
19.1621 105.27141 19.55338 103.03958 19.95163 100.80919 curveto
20.33594 98.65686 20.72685 96.5058 21.12494 94.35599 curveto
21.50906 92.28174 21.89981 90.20892 22.29826 88.13737 curveto
22.68219 86.14137 23.07294 84.14665 23.47157 82.15352 curveto
23.8555 80.23346 24.2468 78.31502 24.64613 76.39818 curveto
25.02936 74.55835 25.42027 72.72012 25.81944 70.8837 curveto
26.20248 69.12195 26.59323 67.3618 26.99275 65.6038 curveto
27.37543 63.92012 27.76617 62.23842 28.16606 60.55869 curveto
28.54839 58.9529 28.93895 57.34927 29.33937 55.74797 curveto
29.7217 54.21866 30.1128 52.69167 30.51393 51.16719 curveto
30.89537 49.71756 31.2861 48.27026 31.68724 46.82602 curveto
32.06831 45.45428 32.45888 44.08525 32.86055 42.71944 curveto
33.24109 41.4256 33.63165 40.13464 34.03386 38.84744 curveto
34.41422 37.63025 34.80515 36.41612 35.20842 35.20627 curveto
35.58789 34.06807 35.97827 32.93361 36.38173 31.80382 curveto
36.76048 30.74333 37.15086 29.68695 37.55504 28.63577 curveto
37.93307 27.65283 38.32329 26.67453 38.72835 25.7025 curveto
39.10567 24.79709 39.4957 23.89687 39.90166 23.00381 curveto
40.27861 22.1747 40.66882 21.35184 41.07622 20.53722 curveto
41.45193 19.786 41.8416 19.04211 42.24953 18.30789 curveto
42.62416 17.63348 43.014 16.9675 43.42285 16.31334 curveto
43.79657 15.71523 44.18625 15.12732 44.59616 14.55338 curveto
44.96953 14.03065 45.35956 13.51993 45.77072 13.02638 curveto
46.14302 12.57959 46.53268 12.14713 46.94403 11.73578 curveto
47.31633 11.36348 47.70618 11.00873 48.11734 10.67976 curveto
48.49054 10.38124 48.88074 10.1044 49.29065 9.85852 curveto
49.6667 9.63307 50.05817 9.43393 50.46521 9.27115 curveto
50.84503 9.1193 51.23721 8.9995 51.63852 8.91927 curveto
52.02496 8.84209 52.41786 8.80197 52.81183 8.80197 curveto
53.2058 8.80197 53.5987 8.84209 53.98514 8.91927 curveto
54.38644 8.9995 54.77863 9.1193 55.15845 9.27115 curveto
55.56549 9.43393 55.95695 9.63307 56.33301 9.85852 curveto
56.74292 10.1044 57.13312 10.38124 57.50632 10.67976 curveto
57.91748 11.00873 58.30733 11.36348 58.67963 11.73578 curveto
59.09097 12.14713 59.48064 12.57959 59.85294 13.02638 curveto
60.2641 13.51993 60.65413 14.03065 61.0275 14.55338 curveto
61.43741 15.12732 61.82709 15.71523 62.2008 16.31334 curveto
62.60965 16.9675 62.9995 17.63348 63.37413 18.30789 curveto
63.78206 19.04211 64.17172 19.786 64.54744 20.53722 curveto
64.95483 21.35184 65.34505 22.1747 65.722 23.00381 curveto
66.12796 23.89687 66.51799 24.79709 66.89531 25.7025 curveto
67.30037 26.67453 67.69058 27.65283 68.06862 28.63577 curveto
68.4728 29.68695 68.86317 30.74333 69.24193 31.80382 curveto
69.64539 32.93361 70.03577 34.06807 70.41524 35.20627 curveto
70.81851 36.41612 71.20944 37.63025 71.5898 38.84744 curveto
71.992 40.13464 72.38257 41.4256 72.7631 42.71944 curveto
73.16478 44.08525 73.55534 45.45428 73.93642 46.82602 curveto
74.33755 48.27026 74.72829 49.71756 75.10973 51.16719 curveto
75.51086 52.69167 75.90196 54.21866 76.28429 55.74797 curveto
76.68471 57.34927 77.07527 58.9529 77.4576 60.55869 curveto
77.85748 62.23842 78.24823 63.92012 78.6309 65.6038 curveto
79.03043 67.3618 79.42117 69.12195 79.80421 70.8837 curveto
80.20338 72.72012 80.5943 74.55835 80.97752 76.39818 curveto
81.37686 78.31502 81.76816 80.23346 82.15208 82.15352 curveto
82.55072 84.14665 82.94147 86.14137 83.3254 88.13737 curveto
83.72385 90.20892 84.1146 92.28174 84.49872 94.35599 curveto
84.8968 96.5058 85.28772 98.65686 85.67203 100.80919 curveto
86.07028 103.03958 86.46156 105.27141 86.84659 107.50414 curveto
87.24431 109.81047 87.63506 112.11804 88.0199 114.4267 curveto
88.41727 116.81146 88.80818 119.19713 89.1932 121.58386 curveto
89.5904 124.04688 89.98132 126.51079 90.36652 128.97578 curveto
90.76407 131.51974 91.15535 134.06459 91.54108 136.61035 curveto
91.93791 139.22989 92.32883 141.85031 92.71439 144.47163 curveto
93.11104 147.16942 93.50214 149.8681 93.8877 152.5675 curveto stroke
newpath 91.98567 149.82005 moveto
93.01674 150.38548 93.72142 151.40338 93.8877 152.5675 curveto
93.72142 151.40338 94.11293 150.2289 94.94447 149.39742 curveto stroke
newpath 10.67918 149.39742 moveto
11.51073 150.2289 11.90224 151.40338 11.73596 152.5675 curveto
11.90224 151.40338 12.60692 150.38548 13.63799 149.82005 curveto stroke
 0 1.24533 dtransform truncate idtransform setlinewidth pop
newpath 23.47192 82.15173 moveto
23.85533 80.23293 24.24661 78.31555 24.64577 76.39998 curveto
25.02899 74.56068 25.41956 72.72299 25.81873 70.8871 curveto
26.20195 69.12445 26.59286 67.36359 26.99257 65.6047 curveto
27.37543 63.92012 27.76636 62.23752 28.16641 60.55707 curveto
28.54892 58.95076 28.93985 57.3464 29.34026 55.74438 curveto
29.72206 54.21722 30.11263 52.6922 30.51321 51.16988 curveto
30.89482 49.71953 31.28575 48.27151 31.68706 46.82655 curveto
32.06831 45.45428 32.45906 44.08453 32.8609 42.71819 curveto
33.24127 41.42471 33.63165 40.13428 34.03386 38.84744 curveto
34.41403 37.63097 34.80461 36.41754 35.2077 35.20842 curveto
35.58736 34.06967 35.97774 32.9347 36.38155 31.80418 curveto
36.76048 30.74315 37.15105 29.68642 37.5554 28.63489 curveto
37.93326 27.65228 38.32346 26.67435 38.72835 25.7025 curveto
39.10585 24.79655 39.49605 23.89598 39.9022 23.00256 curveto
40.2788 22.17398 40.669 21.35165 41.07605 20.53758 curveto
41.45193 19.78616 41.84195 19.04175 42.2499 18.30736 curveto
42.62453 17.63313 43.014 16.96733 43.42285 16.31334 curveto
43.79675 15.71504 44.1866 15.1266 44.5967 14.55247 curveto
44.96988 14.0301 45.35956 13.51974 45.77054 13.02657 curveto
46.14284 12.57977 46.53215 12.14748 46.9435 11.73631 curveto
47.31596 11.36385 47.706 11.00891 48.11734 10.67976 curveto
48.4907 10.38107 48.8811 10.10422 49.29118 9.85817 curveto
49.66689 9.6327 50.05817 9.43411 50.46503 9.27133 curveto
50.84485 9.11948 51.23685 8.99968 51.63799 8.91945 curveto
52.02461 8.84209 52.41768 8.80197 52.81183 8.80197 curveto
53.20598 8.80197 53.59904 8.84209 53.98567 8.91945 curveto
54.38681 8.99968 54.77881 9.11948 55.15863 9.27133 curveto
55.56549 9.43411 55.95677 9.6327 56.33247 9.85817 curveto
56.74255 10.10422 57.13295 10.38107 57.50632 10.67976 curveto
57.91766 11.00891 58.3077 11.36385 58.68016 11.73631 curveto
59.0915 12.14748 59.48082 12.57977 59.85312 13.02657 curveto
60.2641 13.51974 60.65378 14.0301 61.02696 14.55247 curveto
61.43706 15.1266 61.8269 15.71504 62.2008 16.31334 curveto
62.60965 16.96733 62.99913 17.63313 63.37376 18.30736 curveto
63.78171 19.04175 64.17172 19.78616 64.5476 20.53758 curveto
64.95465 21.35165 65.34486 22.17398 65.72145 23.00256 curveto
66.12761 23.89598 66.5178 24.79655 66.89531 25.7025 curveto
67.3002 26.67435 67.6904 27.65228 68.06825 28.63489 curveto
68.47261 29.68642 68.86317 30.74315 69.24211 31.80418 curveto
69.64592 32.9347 70.0363 34.06967 70.41595 35.20842 curveto
70.81905 36.41754 71.20963 37.63097 71.5898 38.84744 curveto
71.992 40.13428 72.38239 41.42471 72.76276 42.71819 curveto
73.1646 44.08453 73.55534 45.45428 73.9366 46.82655 curveto
74.3379 48.27151 74.72884 49.71953 75.11044 51.16988 curveto
75.51103 52.6922 75.9016 54.21722 76.2834 55.74438 curveto
76.6838 57.3464 77.07474 58.95076 77.45724 60.55707 curveto
77.8573 62.23752 78.24823 63.92012 78.63109 65.6047 curveto
79.03079 67.36359 79.4217 69.12445 79.80493 70.8871 curveto
80.2041 72.72299 80.59467 74.56068 80.97789 76.39998 curveto
81.37704 78.31555 81.76833 80.23293 82.15173 82.15173 curveto stroke
newpath 23.47192 82.15173 moveto
82.15173 82.15173 lineto stroke
newpath 23.47192 84.14426 moveto
22.94345 84.14426 22.43669 83.9343 22.06302 83.56064 curveto
21.68936 83.18697 21.4794 82.6802 21.4794 82.15173 curveto
21.4794 81.62326 21.68936 81.1165 22.06302 80.74283 curveto
22.43669 80.36917 22.94345 80.15921 23.47192 80.15921 curveto
24.0004 80.15921 24.50716 80.36917 24.88083 80.74283 curveto
25.25449 81.1165 25.46445 81.62326 25.46445 82.15173 curveto
25.46445 82.6802 25.25449 83.18697 24.88083 83.56064 curveto
24.50716 83.9343 24.0004 84.14426 23.47192 84.14426 curveto closepath fill
newpath 82.15173 84.14426 moveto
81.62326 84.14426 81.1165 83.9343 80.74283 83.56064 curveto
80.36917 83.18697 80.15921 82.6802 80.15921 82.15173 curveto
80.15921 81.62326 80.36917 81.1165 80.74283 80.74283 curveto
81.1165 80.36917 81.62326 80.15921 82.15173 80.15921 curveto
82.6802 80.15921 83.18697 80.36917 83.56064 80.74283 curveto
83.9343 81.1165 84.14426 81.62326 84.14426 82.15173 curveto
84.14426 82.6802 83.9343 83.18697 83.56064 83.56064 curveto
83.18697 83.9343 82.6802 84.14426 82.15173 84.14426 curveto closepath fill
showpage
%%EOF
