%!PS
%%BoundingBox: -2 -1 74 109 
%%HiResBoundingBox: -1.60567 -0.24907 73.3365 108.21892 
%%Creator: MetaPost 2.000
%%CreationDate: 2017.07.18:1020
%%Pages: 1
%%BeginProlog
%%EndProlog
%%Page: 1 1
 0 0 0 setrgbcolor 0 0.49814 dtransform truncate idtransform setlinewidth pop [] 0 setdash 1 setlinecap
 1 setlinejoin 10 setmiterlimit
newpath 0 11.95514 moveto
71.73083 11.95514 lineto stroke
newpath 66.74953 14.4458 moveto
67.92546 12.87788 69.77095 11.95514 71.73083 11.95514 curveto
69.77095 11.95514 67.92546 11.0324 66.74953 9.46448 curveto stroke
 0.49814 0 dtransform exch truncate exch idtransform pop setlinewidth
newpath 35.86542 0 moveto
35.86542 107.59625 lineto stroke
 0 0.49814 dtransform truncate idtransform setlinewidth pop
newpath 33.37476 102.61494 moveto
34.94267 103.79088 35.86542 105.63637 35.86542 107.59625 curveto
35.86542 105.63637 36.78816 103.79088 38.35608 102.61494 curveto stroke
 0 1.24533 dtransform truncate idtransform setlinewidth pop
newpath 0 107.59625 moveto
0.39185 105.24376 0.79044 102.89235 1.19559 100.54222 curveto
1.58743 98.26944 1.98584 95.99792 2.39117 93.72752 curveto
2.78265 91.535 3.18088 89.34377 3.5864 87.1538 curveto
3.97787 85.04027 4.3761 82.92783 4.78198 80.81705 curveto
5.1731 78.78305 5.57132 76.75052 5.97757 74.71962 curveto
6.3685 72.76517 6.76672 70.81235 7.17316 68.86118 curveto
7.56372 66.98643 7.96194 65.11333 8.36874 63.24207 curveto
8.75894 61.4474 9.15698 59.65457 9.56396 57.86356 curveto
9.95398 56.14789 10.35202 54.43405 10.75955 52.7224 curveto
11.14902 51.08626 11.54724 49.45213 11.95514 47.82056 curveto
12.34424 46.26396 12.74228 44.70937 13.15073 43.1577 curveto
13.53946 41.68063 13.9375 40.20576 14.34631 38.73418 curveto
14.73451 37.33682 15.13237 35.94221 15.54153 34.55089 curveto
15.92937 33.23253 16.32722 31.91692 16.73712 30.60532 curveto
17.1244 29.3663 17.52226 28.13058 17.93271 26.89906 curveto
18.31926 25.73923 18.71712 24.58324 19.1283 23.4318 curveto
19.5143 22.35112 19.91197 21.27484 20.32388 20.20384 curveto
20.70897 19.20255 21.10648 18.20598 21.5191 17.21579 curveto
21.90347 16.2931 22.30115 15.3759 22.71469 14.4658 curveto
23.09833 13.62192 23.49692 12.78479 23.91028 11.95514 curveto stroke
newpath -0.983 104.40256 moveto
-0.17097 105.25308 0.1932 106.43631 0 107.59625 curveto
0.1932 106.43631 0.92128 105.43503 1.96515 104.89365 curveto stroke
newpath 23.91028 11.95514 moveto
24.29153 12.72131 24.6903 13.47871 25.10587 14.22682 curveto
25.48767 14.914 25.8848 15.5926 26.30145 16.25919 curveto
26.68216 16.86847 27.07912 17.46735 27.49667 18.05202 curveto
27.87666 18.58414 28.2736 19.10403 28.69226 19.60641 curveto
29.0717 20.06174 29.46864 20.50229 29.88785 20.9215 curveto
30.26729 21.30093 30.66441 21.66249 31.08344 21.99759 curveto
31.46378 22.30188 31.86147 22.58371 32.27902 22.83437 curveto
32.66156 23.06384 33.05997 23.26633 33.47424 23.43198 curveto
33.86134 23.58685 34.26103 23.70906 34.66983 23.79079 curveto
35.06349 23.8696 35.46391 23.91028 35.86542 23.91028 curveto
36.26692 23.91028 36.66734 23.8696 37.061 23.79079 curveto
37.4698 23.70906 37.86949 23.58685 38.25659 23.43198 curveto
38.67087 23.26633 39.06927 23.06384 39.45181 22.83437 curveto
39.86937 22.58371 40.26706 22.30188 40.6474 21.99759 curveto
41.06642 21.66249 41.46355 21.30093 41.84299 20.9215 curveto
42.26219 20.50229 42.65913 20.06174 43.03857 19.60641 curveto
43.45723 19.10403 43.85417 18.58414 44.23416 18.05202 curveto
44.65172 17.46735 45.04868 16.86847 45.42938 16.25919 curveto
45.84604 15.5926 46.24316 14.914 46.62497 14.22682 curveto
47.04053 13.47871 47.4393 12.72131 47.82056 11.95514 curveto stroke
newpath 47.82056 11.95514 moveto
48.23392 12.78479 48.6325 13.62192 49.01614 14.4658 curveto
49.42969 15.3759 49.82736 16.2931 50.21173 17.21579 curveto
50.62436 18.20598 51.02187 19.20255 51.40695 20.20384 curveto
51.81886 21.27484 52.21654 22.35112 52.60254 23.4318 curveto
53.01372 24.58324 53.41158 25.73923 53.79813 26.89906 curveto
54.20857 28.13058 54.60643 29.3663 54.99371 30.60532 curveto
55.40361 31.91692 55.80147 33.23253 56.1893 34.55089 curveto
56.59846 35.94221 56.99632 37.33682 57.38452 38.73418 curveto
57.79333 40.20576 58.19138 41.68063 58.58011 43.1577 curveto
58.98856 44.70937 59.3866 46.26396 59.7757 47.82056 curveto
60.1836 49.45213 60.58182 51.08626 60.97128 52.7224 curveto
61.37881 54.43405 61.77686 56.14789 62.16687 57.86356 curveto
62.57385 59.65457 62.9719 61.4474 63.36209 63.24207 curveto
63.76889 65.11333 64.16711 66.98643 64.55768 68.86118 curveto
64.96411 70.81235 65.36234 72.76517 65.75327 74.71962 curveto
66.15952 76.75052 66.55774 78.78305 66.94885 80.81705 curveto
67.35474 82.92783 67.75296 85.04027 68.14444 87.1538 curveto
68.54996 89.34377 68.94818 91.535 69.33966 93.72752 curveto
69.745 95.99792 70.1434 98.26944 70.53525 100.54222 curveto
70.9404 102.89235 71.33899 105.24376 71.73083 107.59625 curveto stroke
newpath 69.76569 104.89365 moveto
70.80956 105.43503 71.53763 106.43631 71.73083 107.59625 curveto
71.53763 106.43631 71.90181 105.25308 72.71384 104.40256 curveto stroke
newpath 23.91028 13.94766 moveto
23.3818 13.94766 22.87505 13.7377 22.50137 13.36404 curveto
22.12772 12.99037 21.91776 12.48361 21.91776 11.95514 curveto
21.91776 11.42667 22.12772 10.9199 22.50137 10.54623 curveto
22.87505 10.17258 23.3818 9.96262 23.91028 9.96262 curveto
24.43875 9.96262 24.94551 10.17258 25.31918 10.54623 curveto
25.69284 10.9199 25.9028 11.42667 25.9028 11.95514 curveto
25.9028 12.48361 25.69284 12.99037 25.31918 13.36404 curveto
24.94551 13.7377 24.43875 13.94766 23.91028 13.94766 curveto closepath fill
newpath 47.82056 13.94766 moveto
47.29208 13.94766 46.78532 13.7377 46.41165 13.36404 curveto
46.038 12.99037 45.82803 12.48361 45.82803 11.95514 curveto
45.82803 11.42667 46.038 10.9199 46.41165 10.54623 curveto
46.78532 10.17258 47.29208 9.96262 47.82056 9.96262 curveto
48.34903 9.96262 48.85579 10.17258 49.22946 10.54623 curveto
49.60312 10.9199 49.81308 11.42667 49.81308 11.95514 curveto
49.81308 12.48361 49.60312 12.99037 49.22946 13.36404 curveto
48.85579 13.7377 48.34903 13.94766 47.82056 13.94766 curveto closepath fill
newpath 35.86542 25.9028 moveto
35.33694 25.9028 34.83018 25.69284 34.45651 25.31918 curveto
34.08286 24.94551 33.8729 24.43875 33.8729 23.91028 curveto
33.8729 23.3818 34.08286 22.87505 34.45651 22.50137 curveto
34.83018 22.12772 35.33694 21.91776 35.86542 21.91776 curveto
36.39389 21.91776 36.90065 22.12772 37.27432 22.50137 curveto
37.64798 22.87505 37.85794 23.3818 37.85794 23.91028 curveto
37.85794 24.43875 37.64798 24.94551 37.27432 25.31918 curveto
36.90065 25.69284 36.39389 25.9028 35.86542 25.9028 curveto closepath fill
 1.24533 0 dtransform exch truncate exch idtransform pop setlinewidth
newpath 11.95514 9.96262 moveto
11.95514 13.94766 lineto stroke
newpath 23.91028 9.96262 moveto
23.91028 13.94766 lineto stroke
newpath 35.86542 9.96262 moveto
35.86542 13.94766 lineto stroke
newpath 47.82056 9.96262 moveto
47.82056 13.94766 lineto stroke
newpath 59.7757 9.96262 moveto
59.7757 13.94766 lineto stroke
 0 1.24533 dtransform truncate idtransform setlinewidth pop
newpath 37.85794 23.91028 moveto
33.8729 23.91028 lineto stroke
newpath 37.85794 35.86542 moveto
33.8729 35.86542 lineto stroke
newpath 37.85794 47.82056 moveto
33.8729 47.82056 lineto stroke
newpath 37.85794 59.7757 moveto
33.8729 59.7757 lineto stroke
newpath 37.85794 71.73083 moveto
33.8729 71.73083 lineto stroke
newpath 37.85794 83.68597 moveto
33.8729 83.68597 lineto stroke
newpath 37.85794 95.64111 moveto
33.8729 95.64111 lineto stroke
showpage
%%EOF
