%!PS
%%BoundingBox: -1 -1 150 150 
%%HiResBoundingBox: -0.24907 -0.62267 149.68831 149.68831 
%%Creator: MetaPost 2.000
%%CreationDate: 2017.07.18:1020
%%Pages: 1
%%BeginProlog
%%EndProlog
%%Page: 1 1
 0 0 0 setrgbcolor 0 0.49814 dtransform truncate idtransform setlinewidth pop [] 0 setdash 1 setlinecap
 1 setlinejoin 10 setmiterlimit
newpath 0 74.71962 moveto
149.43924 74.71962 lineto stroke
newpath 144.45793 77.21028 moveto
145.63387 75.64236 147.47935 74.71962 149.43924 74.71962 curveto
147.47935 74.71962 145.63387 73.79688 144.45793 72.22896 curveto stroke
 0.49814 0 dtransform exch truncate exch idtransform pop setlinewidth
newpath 74.71962 0 moveto
74.71962 149.43924 lineto stroke
 0 0.49814 dtransform truncate idtransform setlinewidth pop
newpath 72.22896 144.45793 moveto
73.79688 145.63387 74.71962 147.47935 74.71962 149.43924 curveto
74.71962 147.47935 75.64236 145.63387 77.21028 144.45793 curveto stroke
 0.49814 0 dtransform exch truncate exch idtransform pop setlinewidth
newpath 14.94392 72.7271 moveto
14.94392 76.71214 lineto stroke
newpath 29.88785 72.7271 moveto
29.88785 76.71214 lineto stroke
newpath 44.83177 72.7271 moveto
44.83177 76.71214 lineto stroke
newpath 59.7757 72.7271 moveto
59.7757 76.71214 lineto stroke
newpath 89.66354 72.7271 moveto
89.66354 76.71214 lineto stroke
newpath 104.60747 72.7271 moveto
104.60747 76.71214 lineto stroke
newpath 119.55139 72.7271 moveto
119.55139 76.71214 lineto stroke
newpath 134.49532 72.7271 moveto
134.49532 76.71214 lineto stroke
 0 0.49814 dtransform truncate idtransform setlinewidth pop
newpath 76.71214 14.94392 moveto
72.7271 14.94392 lineto stroke
newpath 76.71214 29.88785 moveto
72.7271 29.88785 lineto stroke
newpath 76.71214 44.83177 moveto
72.7271 44.83177 lineto stroke
newpath 76.71214 59.7757 moveto
72.7271 59.7757 lineto stroke
newpath 76.71214 89.66354 moveto
72.7271 89.66354 lineto stroke
newpath 76.71214 104.60747 moveto
72.7271 104.60747 lineto stroke
newpath 76.71214 119.55139 moveto
72.7271 119.55139 lineto stroke
newpath 76.71214 134.49532 moveto
72.7271 134.49532 lineto stroke
 0 1.24533 dtransform truncate idtransform setlinewidth pop
newpath 29.88785 0 moveto
30.37743 2.93971 30.87543 5.87805 31.38188 8.8148 curveto
31.8719 11.65738 32.37015 14.49881 32.87727 17.33842 curveto
33.36662 20.07907 33.8644 22.81813 34.37129 25.55557 curveto
34.86041 28.19681 35.35797 30.83621 35.86533 33.47401 curveto
36.35422 36.0156 36.85176 38.55557 37.35936 41.0935 curveto
37.84824 43.53795 38.34625 45.98056 38.85475 48.4209 curveto
39.34273 50.76364 39.8405 53.10434 40.34877 55.44275 curveto
40.83653 57.68607 41.33408 59.92711 41.8428 62.16586 curveto
42.3301 64.30977 42.82765 66.45139 43.33684 68.59027 curveto
43.82413 70.63681 44.32213 72.6806 44.83223 74.72145 curveto
45.3186 76.66673 45.81593 78.60907 46.32625 80.5482 curveto
46.81195 82.39407 47.30951 84.23697 47.82028 86.076 curveto
48.30553 87.8227 48.80284 89.56595 49.31432 91.3051 curveto
49.79932 92.9542 50.2971 94.5994 50.80971 96.24005 curveto
51.29358 97.78835 51.79068 99.33253 52.30373 100.87149 curveto
52.78693 102.32082 53.28378 103.76537 53.79776 105.20421 curveto
54.28049 106.55595 54.77805 107.902 55.29315 109.24164 curveto
55.77452 110.49329 56.2714 111.73898 56.78719 112.97672 curveto
57.26764 114.12961 57.76428 115.2759 58.28122 116.41307 curveto
58.76053 117.46768 59.25717 118.51433 59.77524 119.55048 curveto
60.25409 120.50774 60.75073 121.4561 61.27063 122.3917 curveto
61.74767 123.25043 62.24408 124.09846 62.76466 124.93144 curveto
63.24055 125.69305 63.73674 126.44167 64.2587 127.17249 curveto
64.73367 127.8374 65.22963 128.48706 65.75272 129.1148 curveto
66.22723 129.68442 66.72388 130.23557 67.24811 130.7598 curveto
67.72218 131.23409 68.2186 131.68558 68.74214 132.10446 curveto
69.21735 132.48457 69.71422 132.83711 70.23618 133.15019 curveto
70.71434 133.43704 71.21236 133.69016 71.7302 133.8972 curveto
72.2143 134.09079 72.71413 134.24358 73.22559 134.34596 curveto
73.71767 134.44447 74.21796 134.49532 74.71962 134.49532 curveto
75.22128 134.49532 75.72157 134.44447 76.21365 134.34596 curveto
76.72511 134.24358 77.22495 134.09079 77.70905 133.8972 curveto
78.22688 133.69016 78.7249 133.43704 79.20306 133.15019 curveto
79.72502 132.83711 80.2219 132.48457 80.6971 132.10446 curveto
81.22064 131.68558 81.71706 131.23409 82.19113 130.7598 curveto
82.71536 130.23557 83.212 129.68442 83.68652 129.1148 curveto
84.20961 128.48706 84.70557 127.8374 85.18054 127.17249 curveto
85.7025 126.44167 86.19868 125.69305 86.67458 124.93144 curveto
87.19516 124.09846 87.69157 123.25043 88.16861 122.3917 curveto
88.6885 121.4561 89.18515 120.50774 89.664 119.55048 curveto
90.18207 118.51433 90.67871 117.46768 91.15802 116.41307 curveto
91.67496 115.2759 92.1716 114.12961 92.65205 112.97672 curveto
93.16785 111.73898 93.66472 110.49329 94.14609 109.24164 curveto
94.6612 107.902 95.15875 106.55595 95.64148 105.20421 curveto
96.15546 103.76537 96.65231 102.32082 97.13551 100.87149 curveto
97.64856 99.33253 98.14566 97.78835 98.62953 96.24005 curveto
99.14214 94.5994 99.63992 92.9542 100.12492 91.3051 curveto
100.6364 89.56595 101.13371 87.8227 101.61896 86.076 curveto
102.12973 84.23697 102.62729 82.39407 103.11299 80.5482 curveto
103.6233 78.60907 104.12064 76.66673 104.60701 74.72145 curveto
105.11711 72.6806 105.61511 70.63681 106.1024 68.59027 curveto
106.61159 66.45139 107.10915 64.30977 107.59644 62.16586 curveto
108.10516 59.92711 108.6027 57.68607 109.09047 55.44275 curveto
109.59874 53.10434 110.09651 50.76364 110.58449 48.4209 curveto
111.09299 45.98056 111.591 43.53795 112.07988 41.0935 curveto
112.58748 38.55557 113.08502 36.0156 113.57391 33.47401 curveto
114.08127 30.83621 114.57883 28.19681 115.06795 25.55557 curveto
115.57484 22.81813 116.07262 20.07907 116.56197 17.33842 curveto
117.06909 14.49881 117.56734 11.65738 118.05736 8.8148 curveto
118.56381 5.87805 119.06181 2.93971 119.55139 0 curveto stroke
newpath 120.53452 3.1937 moveto
119.72244 2.34319 119.35822 1.15996 119.55139 0 curveto
119.35822 1.15996 118.63019 2.16127 117.5863 2.7027 curveto stroke
newpath 31.85294 2.7027 moveto
30.80905 2.16127 30.08102 1.15996 29.88785 0 curveto
30.08102 1.15996 29.7168 2.34319 28.90472 3.1937 curveto stroke
newpath 74.71962 136.48784 moveto
74.19115 136.48784 73.68439 136.27788 73.31071 135.90422 curveto
72.93706 135.53055 72.7271 135.02379 72.7271 134.49532 curveto
72.7271 133.96684 72.93706 133.46008 73.31071 133.08641 curveto
73.68439 132.71275 74.19115 132.50279 74.71962 132.50279 curveto
75.2481 132.50279 75.75485 132.71275 76.12852 133.08641 curveto
76.50218 133.46008 76.71214 133.96684 76.71214 134.49532 curveto
76.71214 135.02379 76.50218 135.53055 76.12852 135.90422 curveto
75.75485 136.27788 75.2481 136.48784 74.71962 136.48784 curveto closepath fill
newpath 44.83177 76.71214 moveto
44.3033 76.71214 43.79654 76.50218 43.42287 76.12852 curveto
43.04921 75.75485 42.83925 75.2481 42.83925 74.71962 curveto
42.83925 74.19115 43.04921 73.68439 43.42287 73.31071 curveto
43.79654 72.93706 44.3033 72.7271 44.83177 72.7271 curveto
45.36024 72.7271 45.867 72.93706 46.24068 73.31071 curveto
46.61433 73.68439 46.8243 74.19115 46.8243 74.71962 curveto
46.8243 75.2481 46.61433 75.75485 46.24068 76.12852 curveto
45.867 76.50218 45.36024 76.71214 44.83177 76.71214 curveto closepath fill
newpath 104.60747 76.71214 moveto
104.079 76.71214 103.57224 76.50218 103.19856 76.12852 curveto
102.8249 75.75485 102.61494 75.2481 102.61494 74.71962 curveto
102.61494 74.19115 102.8249 73.68439 103.19856 73.31071 curveto
103.57224 72.93706 104.079 72.7271 104.60747 72.7271 curveto
105.13594 72.7271 105.6427 72.93706 106.01637 73.31071 curveto
106.39003 73.68439 106.59999 74.19115 106.59999 74.71962 curveto
106.59999 75.2481 106.39003 75.75485 106.01637 76.12852 curveto
105.6427 76.50218 105.13594 76.71214 104.60747 76.71214 curveto closepath fill
showpage
%%EOF
