%!PS
%%BoundingBox: -1 -1 150 150 
%%HiResBoundingBox: -0.24907 -0.24907 149.68831 149.68831 
%%Creator: MetaPost 2.000
%%CreationDate: 2017.07.18:1020
%%Pages: 1
%%BeginProlog
%%EndProlog
%%Page: 1 1
 0 0 0 setrgbcolor 0 0.49814 dtransform truncate idtransform setlinewidth pop [] 0 setdash 1 setlinecap
 1 setlinejoin 10 setmiterlimit
newpath 0 74.71962 moveto
149.43924 74.71962 lineto stroke
newpath 144.45793 77.21028 moveto
145.63387 75.64236 147.47935 74.71962 149.43924 74.71962 curveto
147.47935 74.71962 145.63387 73.79688 144.45793 72.22896 curveto stroke
 0.49814 0 dtransform exch truncate exch idtransform pop setlinewidth
newpath 74.71962 0 moveto
74.71962 149.43924 lineto stroke
 0 0.49814 dtransform truncate idtransform setlinewidth pop
newpath 72.22896 144.45793 moveto
73.79688 145.63387 74.71962 147.47935 74.71962 149.43924 curveto
74.71962 147.47935 75.64236 145.63387 77.21028 144.45793 curveto stroke
 0.49814 0 dtransform exch truncate exch idtransform pop setlinewidth
newpath 14.94392 72.7271 moveto
14.94392 76.71214 lineto stroke
newpath 29.88785 72.7271 moveto
29.88785 76.71214 lineto stroke
newpath 44.83177 72.7271 moveto
44.83177 76.71214 lineto stroke
newpath 59.7757 72.7271 moveto
59.7757 76.71214 lineto stroke
newpath 89.66354 72.7271 moveto
89.66354 76.71214 lineto stroke
newpath 104.60747 72.7271 moveto
104.60747 76.71214 lineto stroke
newpath 119.55139 72.7271 moveto
119.55139 76.71214 lineto stroke
newpath 134.49532 72.7271 moveto
134.49532 76.71214 lineto stroke
 0 0.49814 dtransform truncate idtransform setlinewidth pop
newpath 76.71214 14.94392 moveto
72.7271 14.94392 lineto stroke
newpath 76.71214 29.88785 moveto
72.7271 29.88785 lineto stroke
newpath 76.71214 44.83177 moveto
72.7271 44.83177 lineto stroke
newpath 76.71214 59.7757 moveto
72.7271 59.7757 lineto stroke
newpath 76.71214 89.66354 moveto
72.7271 89.66354 lineto stroke
newpath 76.71214 104.60747 moveto
72.7271 104.60747 lineto stroke
newpath 76.71214 119.55139 moveto
72.7271 119.55139 lineto stroke
newpath 76.71214 134.49532 moveto
72.7271 134.49532 lineto stroke
 0 1.24533 dtransform truncate idtransform setlinewidth pop
newpath 2.98874 147.04839 moveto
3.47786 144.30774 3.97586 141.5687 4.48277 138.83124 curveto
4.97234 136.18773 5.47035 133.54582 5.97816 130.90573 curveto
6.46706 128.36415 6.9646 125.82416 7.47218 123.28624 curveto
7.96062 120.84407 8.45818 118.40373 8.96622 115.96545 curveto
9.4542 113.62271 9.95198 111.28203 10.46025 108.94362 curveto
10.94823 106.69847 11.44623 104.4556 11.95541 102.21524 curveto
12.4427 100.07135 12.94026 97.92972 13.44945 95.79083 curveto
13.93628 93.74635 14.43382 91.70438 14.94347 89.66537 curveto
15.4303 87.71848 15.92809 85.7741 16.43886 83.83337 curveto
16.92456 81.9875 17.42212 80.14459 17.93289 78.30556 curveto
18.41814 76.55888 18.91545 74.81561 19.42693 73.07646 curveto
19.91147 71.42897 20.4088 69.78513 20.92094 68.14609 curveto
21.40527 66.59665 21.90283 65.05109 22.4161 63.51099 curveto
22.8993 62.06143 23.3964 60.61665 23.91037 59.17758 curveto
24.39264 57.82721 24.88974 56.48209 25.4044 55.1438 curveto
25.88622 53.89125 26.38354 52.64464 26.89957 51.40599 curveto
27.38002 50.2531 27.87666 49.10681 28.39359 47.96964 curveto
28.87291 46.91502 29.36954 45.86838 29.88762 44.83223 curveto
30.36601 43.87589 30.8622 42.92844 31.38165 41.99353 curveto
31.85913 41.13387 32.35577 40.28516 32.87704 39.45126 curveto
33.35294 38.68965 33.84912 37.94106 34.37106 37.21022 curveto
34.84605 36.5453 35.34201 35.89589 35.8651 35.26813 curveto
36.33961 34.69875 36.83603 34.1476 37.36026 33.62337 curveto
37.83434 33.14908 38.33075 32.69759 38.8543 32.2787 curveto
39.3295 31.89859 39.82637 31.54605 40.34833 31.23297 curveto
40.82649 30.94612 41.32451 30.69301 41.84235 30.48596 curveto
42.32645 30.29237 42.82628 30.13959 43.33774 30.0372 curveto
43.82982 29.93869 44.33011 29.88785 44.83177 29.88785 curveto
45.33344 29.88785 45.83372 29.93869 46.3258 30.0372 curveto
46.83727 30.13959 47.3371 30.29237 47.8212 30.48596 curveto
48.33904 30.69301 48.83705 30.94612 49.31522 31.23297 curveto
49.83717 31.54605 50.33405 31.89859 50.80925 32.2787 curveto
51.3328 32.69759 51.82921 33.14908 52.30328 33.62337 curveto
52.82751 34.1476 53.32393 34.69875 53.79845 35.26813 curveto
54.32153 35.89589 54.81749 36.5453 55.29248 37.21022 curveto
55.81442 37.94106 56.31061 38.68965 56.7865 39.45126 curveto
57.30777 40.28516 57.80441 41.13387 58.28189 41.99353 curveto
58.80135 42.92844 59.29753 43.87589 59.77592 44.83223 curveto
60.294 45.86838 60.79063 46.91502 61.26996 47.96964 curveto
61.78688 49.10681 62.28352 50.2531 62.76398 51.40599 curveto
63.28 52.64464 63.77756 53.89125 64.25914 55.1438 curveto
64.77403 56.48232 65.27113 57.82767 65.7534 59.17827 curveto
66.26715 60.61711 66.76424 62.06166 67.24744 63.51099 curveto
67.76071 65.05109 68.25827 66.59665 68.7426 68.14609 curveto
69.25475 69.78513 69.75208 71.42897 70.23662 73.07646 curveto
70.7481 74.81561 71.2454 76.55888 71.73065 78.30556 curveto
72.24142 80.14459 72.73898 81.9875 73.22469 83.83337 curveto
73.73546 85.7741 74.23325 87.71848 74.72008 89.66537 curveto
75.22972 91.70438 75.72726 93.74635 76.2141 95.79083 curveto
76.72328 97.92972 77.22084 100.07135 77.70813 102.21524 curveto
78.21732 104.4556 78.71532 106.69847 79.2033 108.94362 curveto
79.71156 111.28203 80.20935 113.62271 80.69733 115.96545 curveto
81.20537 118.40373 81.70293 120.84407 82.19136 123.28624 curveto
82.69894 125.82416 83.19649 128.36415 83.68538 130.90573 curveto
84.19319 133.54582 84.69121 136.18773 85.18077 138.83124 curveto
85.68768 141.5687 86.18568 144.30774 86.6748 147.04839 curveto stroke
newpath 84.67854 144.36864 moveto
85.72862 144.89793 86.4682 145.89073 86.6748 147.04839 curveto
86.4682 145.89073 86.81871 144.70338 87.62086 143.84352 curveto stroke
newpath 2.04268 143.84352 moveto
2.84483 144.70338 3.19534 145.89073 2.98874 147.04839 curveto
3.19534 145.89073 3.93492 144.89793 4.985 144.36864 curveto stroke
newpath 44.83177 31.88037 moveto
44.3033 31.88037 43.79654 31.67041 43.42287 31.29675 curveto
43.04921 30.92308 42.83925 30.41632 42.83925 29.88785 curveto
42.83925 29.35938 43.04921 28.85262 43.42287 28.47894 curveto
43.79654 28.10529 44.3033 27.89532 44.83177 27.89532 curveto
45.36024 27.89532 45.867 28.10529 46.24068 28.47894 curveto
46.61433 28.85262 46.8243 29.35938 46.8243 29.88785 curveto
46.8243 30.41632 46.61433 30.92308 46.24068 31.29675 curveto
45.867 31.67041 45.36024 31.88037 44.83177 31.88037 curveto closepath fill
newpath 74.71962 91.65607 moveto
74.19115 91.65607 73.68439 91.4461 73.31071 91.07245 curveto
72.93706 90.69878 72.7271 90.19202 72.7271 89.66354 curveto
72.7271 89.13507 72.93706 88.62831 73.31071 88.25464 curveto
73.68439 87.88098 74.19115 87.67102 74.71962 87.67102 curveto
75.2481 87.67102 75.75485 87.88098 76.12852 88.25464 curveto
76.50218 88.62831 76.71214 89.13507 76.71214 89.66354 curveto
76.71214 90.19202 76.50218 90.69878 76.12852 91.07245 curveto
75.75485 91.4461 75.2481 91.65607 74.71962 91.65607 curveto closepath fill
showpage
%%EOF
