%!PS
%%BoundingBox: -1 -1 176 105 
%%HiResBoundingBox: -0.24907 -0.24907 175.84018 104.85654 
%%Creator: MetaPost 2.000
%%CreationDate: 2017.07.18:1020
%%Pages: 1
%%BeginProlog
%%EndProlog
%%Page: 1 1
 0 0 0 setrgbcolor 0 0.49814 dtransform truncate idtransform setlinewidth pop [] 0 setdash 1 setlinecap
 1 setlinejoin 10 setmiterlimit
newpath 0 14.94392 moveto
175.59111 14.94392 lineto stroke
newpath 170.6098 17.43459 moveto
171.78574 15.86667 173.63123 14.94392 175.59111 14.94392 curveto
173.63123 14.94392 171.78574 14.02118 170.6098 12.45326 curveto stroke
 0.49814 0 dtransform exch truncate exch idtransform pop setlinewidth
newpath 14.94392 0 moveto
14.94392 104.60747 lineto stroke
 0 0.49814 dtransform truncate idtransform setlinewidth pop
newpath 12.45326 99.62616 moveto
14.02118 100.8021 14.94392 102.64758 14.94392 104.60747 curveto
14.94392 102.64758 15.86667 100.8021 17.43459 99.62616 curveto stroke
 0.49814 0 dtransform exch truncate exch idtransform pop setlinewidth
newpath 29.88785 12.9514 moveto
29.88785 16.93645 lineto stroke
newpath 44.83177 12.9514 moveto
44.83177 16.93645 lineto stroke
newpath 59.7757 12.9514 moveto
59.7757 16.93645 lineto stroke
newpath 74.71962 12.9514 moveto
74.71962 16.93645 lineto stroke
newpath 89.66354 12.9514 moveto
89.66354 16.93645 lineto stroke
newpath 104.60747 12.9514 moveto
104.60747 16.93645 lineto stroke
newpath 119.55139 12.9514 moveto
119.55139 16.93645 lineto stroke
newpath 134.49532 12.9514 moveto
134.49532 16.93645 lineto stroke
newpath 149.43924 12.9514 moveto
149.43924 16.93645 lineto stroke
newpath 164.38316 12.9514 moveto
164.38316 16.93645 lineto stroke
 0 0.49814 dtransform truncate idtransform setlinewidth pop
newpath 16.93645 29.88785 moveto
12.9514 29.88785 lineto stroke
newpath 16.93645 44.83177 moveto
12.9514 44.83177 lineto stroke
newpath 16.93645 59.7757 moveto
12.9514 59.7757 lineto stroke
newpath 16.93645 74.71962 moveto
12.9514 74.71962 lineto stroke
newpath 16.93645 89.66354 moveto
12.9514 89.66354 lineto stroke
 0 1.24533 dtransform truncate idtransform setlinewidth pop
newpath 14.94392 14.94392 moveto
15.43784 15.93173 15.93561 16.9175 16.4375 17.9012 curveto
16.93208 18.87053 17.43054 19.83781 17.93335 20.80305 curveto
18.42702 21.75119 18.92503 22.69704 19.42693 23.64084 curveto
19.9206 24.56914 20.41838 25.49538 20.92049 26.41911 curveto
21.41486 27.32893 21.91354 28.23648 22.41634 29.14153 curveto
22.91002 30.03014 23.4078 30.91624 23.90991 31.80008 curveto
24.40428 32.67 24.90274 33.53763 25.40576 34.40277 curveto
25.89922 35.25171 26.39699 36.09814 26.89934 36.94183 curveto
27.39279 37.77094 27.89056 38.5973 28.39291 39.42117 curveto
28.88704 40.23157 29.38573 41.03947 29.88876 41.8444 curveto
30.3822 42.63383 30.87999 43.42052 31.38232 44.20424 curveto
31.87578 44.97383 32.37357 45.74068 32.8759 46.50435 curveto
33.37004 47.25546 33.8685 48.00339 34.37175 48.74835 curveto
34.86497 49.47849 35.36276 50.20522 35.86533 50.92897 curveto
36.35855 51.63927 36.85632 52.34615 37.3589 53.04984 curveto
37.8528 53.74144 38.35127 54.42963 38.85475 55.11415 curveto
39.34798 55.78477 39.84575 56.45198 40.34833 57.11554 curveto
40.84131 57.76633 41.3391 58.4137 41.84189 59.05719 curveto
42.3358 59.68927 42.83426 60.31772 43.33774 60.94205 curveto
43.83073 61.55339 44.32852 62.16084 44.83131 62.7642 curveto
45.325 63.35661 45.82368 63.94493 46.32716 64.52913 curveto
46.82016 65.10101 47.31795 65.66858 47.82074 66.2318 curveto
48.31374 66.78386 48.81151 67.33157 49.31432 67.87473 curveto
49.80798 68.40785 50.30646 68.93665 50.81017 69.46042 curveto
51.30316 69.97302 51.80093 70.48106 52.30374 70.98387 curveto
52.79672 71.47685 53.29451 71.96483 53.7973 72.44757 curveto
54.29099 72.92163 54.78944 73.39046 55.29315 73.8538 curveto
55.78615 74.30734 56.28394 74.75542 56.78673 75.19801 curveto
57.27972 75.63196 57.7775 76.06018 58.2803 76.48248 curveto
58.7742 76.89726 59.27267 77.30635 59.77615 77.70927 curveto
60.26915 78.10376 60.76715 78.49208 61.26973 78.87425 curveto
61.76363 79.24959 62.26231 79.61853 62.76558 79.9811 curveto
63.25879 80.33614 63.75658 80.68478 64.25914 81.0266 curveto
64.75237 81.36203 65.25038 81.69084 65.75272 82.01236 curveto
66.24686 82.32863 66.74554 82.63806 67.24857 82.93996 curveto
67.74202 83.23618 68.24002 83.52509 68.74214 83.80623 curveto
69.23582 84.08282 69.73383 84.35167 70.23572 84.61276 curveto
70.7303 84.86998 71.22899 85.11943 71.73157 85.36069 curveto
72.2257 85.59784 72.72348 85.827 73.22514 86.04773 curveto
73.7195 86.26527 74.21729 86.47437 74.7187 86.67503 curveto
75.21397 86.87318 75.71268 87.06268 76.21455 87.2435 curveto
76.70938 87.42159 77.20715 87.59125 77.70813 87.75154 curveto
78.20317 87.91002 78.70119 88.05937 79.2017 88.19962 curveto
79.69789 88.33849 80.19658 88.46846 80.69756 88.58862 curveto
81.19328 88.70766 81.69107 88.81711 82.19113 88.91722 curveto
82.68799 89.01663 83.18669 89.10648 83.68698 89.18651 curveto
84.1834 89.26587 84.6814 89.33565 85.18054 89.39561 curveto
85.67741 89.45512 86.1752 89.50507 86.67412 89.54497 curveto
87.17213 89.58487 87.67082 89.61475 88.16997 89.63481 curveto
88.66753 89.65465 89.16553 89.66469 89.66354 89.66469 curveto
90.16156 89.66469 90.65956 89.65465 91.15712 89.63481 curveto
91.65627 89.61475 92.15495 89.5851 92.65297 89.5452 curveto
93.15189 89.5053 93.64967 89.45535 94.14655 89.39584 curveto
94.64569 89.33588 95.14369 89.2661 95.6401 89.18674 curveto
96.1404 89.1067 96.6391 89.01709 97.13596 88.91766 curveto
97.63602 88.8178 98.1338 88.70811 98.62953 88.58908 curveto
99.13051 88.46892 99.6292 88.33917 100.12538 88.2003 curveto
100.6259 88.06006 101.12392 87.9107 101.61896 87.75223 curveto
102.11993 87.59192 102.6177 87.4225 103.11253 87.24442 curveto
103.61441 87.06358 104.11311 86.8741 104.60838 86.67595 curveto
105.1098 86.47551 105.60782 86.2664 106.10194 86.04887 curveto
106.6036 85.82814 107.1014 85.59898 107.59552 85.36183 curveto
108.0981 85.12057 108.59679 84.87112 109.09137 84.6139 curveto
109.59326 84.35281 110.09126 84.08374 110.58495 83.80737 curveto
111.08707 83.52621 111.58507 83.23753 112.07852 82.94133 curveto
112.58154 82.63942 113.08023 82.33022 113.57437 82.01395 curveto
114.0767 81.69243 114.57472 81.36362 115.06795 81.0282 curveto
115.57051 80.68639 116.0683 80.33772 116.56151 79.9827 curveto
117.06477 79.62013 117.56346 79.25119 118.05736 78.87585 curveto
118.55994 78.49391 119.05794 78.10558 119.55093 77.71109 curveto
120.05441 77.30817 120.55312 76.89932 121.04678 76.48454 curveto
121.54959 76.06224 122.04736 75.634 122.54036 75.20007 curveto
123.04315 74.75748 123.54094 74.3094 124.03394 73.85585 curveto
124.53764 73.3925 125.0361 72.92369 125.52979 72.44984 curveto
126.03258 71.96712 126.53036 71.47914 127.02336 70.98615 curveto
127.52615 70.48335 128.02393 69.97554 128.51692 69.46294 curveto
129.02063 68.93916 129.5191 68.41037 130.01277 67.87724 curveto
130.51558 67.3343 131.01335 66.78659 131.50635 66.23454 curveto
132.00914 65.67131 132.50693 65.10376 132.99992 64.53186 curveto
133.5034 63.94766 134.00209 63.35936 134.49577 62.76694 curveto
134.99857 62.16359 135.49635 61.55612 135.98935 60.94478 curveto
136.49283 60.32045 136.99129 59.69225 137.4852 59.06015 curveto
137.98799 58.41666 138.48578 57.76929 138.97876 57.1185 curveto
139.48134 56.45496 139.97911 55.78775 140.47234 55.11713 curveto
140.97581 54.43259 141.47429 53.7444 141.96819 53.05302 curveto
142.47076 52.34933 142.96854 51.64246 143.46176 50.93216 curveto
143.96432 50.2084 144.46211 49.48146 144.95534 48.75154 curveto
145.45859 48.0068 145.95705 47.25888 146.45119 46.508 curveto
146.95375 45.74434 147.45131 44.97748 147.94476 44.20789 curveto
148.4471 43.42416 148.94489 42.63748 149.43832 41.84805 curveto
149.94136 41.04312 150.44005 40.23544 150.93417 39.42505 curveto
151.43652 38.60118 151.9343 37.77481 152.42775 36.94571 curveto
152.9301 36.10202 153.42787 35.25558 153.92133 34.40665 curveto
154.42435 33.5415 154.9228 32.67387 155.41718 31.80396 curveto
155.91928 30.92035 156.41707 30.03401 156.91075 29.14563 curveto
157.41354 28.24059 157.91223 27.33304 158.4066 26.42322 curveto
158.9087 25.49948 159.4065 24.57347 159.90016 23.64517 curveto
160.40205 22.7016 160.90007 21.75552 161.39374 20.80762 curveto
161.89655 19.84238 162.395 18.87509 162.88959 17.90576 curveto
163.39148 16.92206 163.88925 15.9363 164.38316 14.94849 curveto stroke
newpath 89.66354 91.65607 moveto
89.13507 91.65607 88.62831 91.4461 88.25464 91.07245 curveto
87.88098 90.69878 87.67102 90.19202 87.67102 89.66354 curveto
87.67102 89.13507 87.88098 88.62831 88.25464 88.25464 curveto
88.62831 87.88098 89.13507 87.67102 89.66354 87.67102 curveto
90.19202 87.67102 90.69878 87.88098 91.07245 88.25464 curveto
91.4461 88.62831 91.65607 89.13507 91.65607 89.66354 curveto
91.65607 90.19202 91.4461 90.69878 91.07245 91.07245 curveto
90.69878 91.4461 90.19202 91.65607 89.66354 91.65607 curveto closepath fill
 1 1 1 setrgbcolor
newpath 14.94392 16.93645 moveto
14.41545 16.93645 13.90869 16.72649 13.53502 16.35283 curveto
13.16136 15.97916 12.9514 15.4724 12.9514 14.94392 curveto
12.9514 14.41545 13.16136 13.90869 13.53502 13.53502 curveto
13.90869 13.16136 14.41545 12.9514 14.94392 12.9514 curveto
15.4724 12.9514 15.97916 13.16136 16.35283 13.53502 curveto
16.72649 13.90869 16.93645 14.41545 16.93645 14.94392 curveto
16.93645 15.4724 16.72649 15.97916 16.35283 16.35283 curveto
15.97916 16.72649 15.4724 16.93645 14.94392 16.93645 curveto closepath fill
newpath 164.38316 16.93645 moveto
163.85469 16.93645 163.34793 16.72649 162.97426 16.35283 curveto
162.6006 15.97916 162.39064 15.4724 162.39064 14.94392 curveto
162.39064 14.41545 162.6006 13.90869 162.97426 13.53502 curveto
163.34793 13.16136 163.85469 12.9514 164.38316 12.9514 curveto
164.91164 12.9514 165.4184 13.16136 165.79207 13.53502 curveto
166.16573 13.90869 166.37569 14.41545 166.37569 14.94392 curveto
166.37569 15.4724 166.16573 15.97916 165.79207 16.35283 curveto
165.4184 16.72649 164.91164 16.93645 164.38316 16.93645 curveto closepath fill
 0 0 0 setrgbcolor
newpath 14.94392 16.93645 moveto
14.41545 16.93645 13.90869 16.72649 13.53502 16.35283 curveto
13.16136 15.97916 12.9514 15.4724 12.9514 14.94392 curveto
12.9514 14.41545 13.16136 13.90869 13.53502 13.53502 curveto
13.90869 13.16136 14.41545 12.9514 14.94392 12.9514 curveto
15.4724 12.9514 15.97916 13.16136 16.35283 13.53502 curveto
16.72649 13.90869 16.93645 14.41545 16.93645 14.94392 curveto
16.93645 15.4724 16.72649 15.97916 16.35283 16.35283 curveto
15.97916 16.72649 15.4724 16.93645 14.94392 16.93645 curveto stroke
newpath 164.38316 16.93645 moveto
163.85469 16.93645 163.34793 16.72649 162.97426 16.35283 curveto
162.6006 15.97916 162.39064 15.4724 162.39064 14.94392 curveto
162.39064 14.41545 162.6006 13.90869 162.97426 13.53502 curveto
163.34793 13.16136 163.85469 12.9514 164.38316 12.9514 curveto
164.91164 12.9514 165.4184 13.16136 165.79207 13.53502 curveto
166.16573 13.90869 166.37569 14.41545 166.37569 14.94392 curveto
166.37569 15.4724 166.16573 15.97916 165.79207 16.35283 curveto
165.4184 16.72649 164.91164 16.93645 164.38316 16.93645 curveto stroke
showpage
%%EOF
