%!PS
%%BoundingBox: -1 -1 98 168 
%%HiResBoundingBox: -0.24907 -0.24907 97.3206 167.62102 
%%Creator: MetaPost 2.000
%%CreationDate: 2017.07.18:1020
%%Pages: 1
%%BeginProlog
%%EndProlog
%%Page: 1 1
 0 0 0 setrgbcolor 0 0.49814 dtransform truncate idtransform setlinewidth pop [] 0 setdash 1 setlinecap
 1 setlinejoin 10 setmiterlimit
newpath 0 83.68597 moveto
95.64111 83.68597 lineto stroke
newpath 90.6598 86.17664 moveto
91.83574 84.60872 93.68123 83.68597 95.64111 83.68597 curveto
93.68123 83.68597 91.83574 82.76323 90.6598 81.19531 curveto stroke
 0.49814 0 dtransform exch truncate exch idtransform pop setlinewidth
newpath 47.82056 0 moveto
47.82056 167.37195 lineto stroke
 0 0.49814 dtransform truncate idtransform setlinewidth pop
newpath 45.3299 162.39064 moveto
46.89781 163.56657 47.82056 165.41206 47.82056 167.37195 curveto
47.82056 165.41206 48.7433 163.56657 50.31122 162.39064 curveto stroke
 0.49814 0 dtransform exch truncate exch idtransform pop setlinewidth
newpath 11.95514 81.69345 moveto
11.95514 85.6785 lineto stroke
newpath 23.91028 81.69345 moveto
23.91028 85.6785 lineto stroke
newpath 35.86542 81.69345 moveto
35.86542 85.6785 lineto stroke
newpath 47.82056 81.69345 moveto
47.82056 85.6785 lineto stroke
newpath 59.7757 81.69345 moveto
59.7757 85.6785 lineto stroke
newpath 71.73083 81.69345 moveto
71.73083 85.6785 lineto stroke
newpath 83.68597 81.69345 moveto
83.68597 85.6785 lineto stroke
 0 0.49814 dtransform truncate idtransform setlinewidth pop
newpath 49.81308 23.91028 moveto
45.82803 23.91028 lineto stroke
newpath 49.81308 35.86542 moveto
45.82803 35.86542 lineto stroke
newpath 49.81308 47.82056 moveto
45.82803 47.82056 lineto stroke
newpath 49.81308 59.7757 moveto
45.82803 59.7757 lineto stroke
newpath 49.81308 71.73083 moveto
45.82803 71.73083 lineto stroke
newpath 49.81308 83.68597 moveto
45.82803 83.68597 lineto stroke
newpath 49.81308 95.64111 moveto
45.82803 95.64111 lineto stroke
newpath 49.81308 107.59625 moveto
45.82803 107.59625 lineto stroke
newpath 49.81308 119.55139 moveto
45.82803 119.55139 lineto stroke
newpath 49.81308 131.50653 moveto
45.82803 131.50653 lineto stroke
newpath 49.81308 143.46167 moveto
45.82803 143.46167 lineto stroke
newpath 49.81308 155.41681 moveto
45.82803 155.41681 lineto stroke
 0 1.24533 dtransform truncate idtransform setlinewidth pop
newpath 11.95514 155.41681 moveto
12.34789 152.66699 12.74629 149.91791 13.15036 147.16974 curveto
13.5431 144.49947 13.94135 141.8301 14.34558 139.16164 curveto
14.73853 136.56834 15.1371 133.97597 15.54208 131.38449 curveto
15.93446 128.87347 16.33269 126.36354 16.7373 123.85452 curveto
17.12952 121.42322 17.52774 118.993 17.93253 116.5637 curveto
18.32455 114.21193 18.7226 111.86125 19.12775 109.51186 curveto
19.51996 107.23743 19.91855 104.96391 20.32425 102.69186 curveto
20.71573 100.49934 21.11395 98.3081 21.51947 96.11815 curveto
21.91077 94.00516 22.3088 91.89365 22.71469 89.7834 curveto
23.1058 87.75014 23.50385 85.71814 23.90991 83.6878 curveto
24.30103 81.73189 24.69962 79.7776 25.10641 77.82497 curveto
25.4968 75.95078 25.89502 74.07823 26.30164 72.2075 curveto
26.69183 70.41284 27.08987 68.61983 27.49686 66.829 curveto
27.88669 65.11388 28.28473 63.40077 28.69208 61.68965 curveto
29.08154 60.0539 29.4794 58.4203 29.8873 56.7891 curveto
30.27676 55.23123 30.67517 53.67572 31.0838 52.12277 curveto
31.47235 50.64607 31.87039 49.17175 32.27902 47.70053 curveto
32.66722 46.30318 33.06508 44.90857 33.47424 43.51724 curveto
33.8619 42.19925 34.25975 40.88419 34.66946 39.57294 curveto
35.05693 38.33302 35.45515 37.0962 35.86597 35.86377 curveto
36.25252 34.70432 36.65019 33.54868 37.06119 32.39778 curveto
37.447 31.31747 37.84468 30.24138 38.25641 29.17056 curveto
38.6415 28.16927 39.039 27.1727 39.45163 26.18251 curveto
39.836 25.2602 40.2333 24.34317 40.64685 23.43343 curveto
41.03085 22.58882 41.42834 21.7506 41.84335 20.92076 curveto
42.22607 20.1555 42.62302 19.39774 43.03857 18.64981 curveto
43.4202 17.96281 43.81732 17.28438 44.2338 16.618 curveto
44.6145 16.00871 45.01146 15.40982 45.42902 14.82516 curveto
45.80937 14.29268 46.20668 13.77242 46.62552 13.26967 curveto
47.00478 12.81453 47.40172 12.37398 47.82074 11.95496 curveto
48.2 11.5757 48.59712 11.21432 49.01596 10.87923 curveto
49.39613 10.57512 49.79362 10.2931 50.21118 10.04263 curveto
50.59427 9.81297 50.99304 9.61012 51.40768 9.44429 curveto
51.7946 9.28961 52.19409 9.16757 52.6029 9.08585 curveto
52.99657 9.00722 53.3968 8.96635 53.79813 8.96635 curveto
54.19945 8.96635 54.59969 9.00722 54.99335 9.08585 curveto
55.40216 9.16757 55.80165 9.28961 56.18857 9.44429 curveto
56.60321 9.61012 57.00198 9.81297 57.38507 10.04263 curveto
57.80263 10.2931 58.20012 10.57512 58.58029 10.87923 curveto
58.99913 11.21432 59.39626 11.5757 59.77551 11.95496 curveto
60.19453 12.37398 60.59148 12.81453 60.97073 13.26967 curveto
61.38957 13.77242 61.78688 14.29268 62.16724 14.82516 curveto
62.5848 15.40982 62.98175 16.00871 63.36246 16.618 curveto
63.77893 17.28438 64.17606 17.96281 64.55768 18.64981 curveto
64.97324 19.39774 65.37018 20.1555 65.7529 20.92076 curveto
66.16791 21.7506 66.5654 22.58882 66.9494 23.43343 curveto
67.36295 24.34317 67.76025 25.2602 68.14462 26.18251 curveto
68.55725 27.1727 68.95476 28.16927 69.33984 29.17056 curveto
69.75157 30.24138 70.14925 31.31747 70.53506 32.39778 curveto
70.94606 33.54868 71.34373 34.70432 71.73029 35.86377 curveto
72.1411 37.0962 72.53932 38.33302 72.92679 39.57294 curveto
73.3365 40.88419 73.73436 42.19925 74.12201 43.51724 curveto
74.53117 44.90857 74.92903 46.30318 75.31723 47.70053 curveto
75.72586 49.17175 76.1239 50.64607 76.51245 52.12277 curveto
76.92108 53.67572 77.31949 55.23123 77.70895 56.7891 curveto
78.11685 58.4203 78.51471 60.0539 78.90417 61.68965 curveto
79.31152 63.40077 79.70956 65.11388 80.0994 66.829 curveto
80.50638 68.61983 80.90442 70.41284 81.29462 72.2075 curveto
81.70123 74.07823 82.09946 75.95078 82.48984 77.82497 curveto
82.89664 79.7776 83.29523 81.73189 83.68634 83.6878 curveto
84.0924 85.71814 84.49045 87.75014 84.88156 89.7834 curveto
85.28745 91.89365 85.68549 94.00516 86.07678 96.11815 curveto
86.4823 98.3081 86.88052 100.49934 87.272 102.69186 curveto
87.6777 104.96391 88.0763 107.23743 88.4685 109.51186 curveto
88.87366 111.86125 89.2717 114.21193 89.66373 116.5637 curveto
90.06851 118.993 90.46674 121.42322 90.85895 123.85452 curveto
91.26357 126.36354 91.66179 128.87347 92.05417 131.38449 curveto
92.45915 133.97597 92.85773 136.56834 93.25067 139.16164 curveto
93.6549 141.8301 94.05315 144.49947 94.44589 147.16974 curveto
94.84996 149.91791 95.24837 152.66699 95.64111 155.41681 curveto stroke
newpath 93.73914 152.66933 moveto
94.7702 153.23477 95.47485 154.25269 95.64111 155.41681 curveto
95.47485 154.25269 95.8664 153.07822 96.69794 152.24675 curveto stroke
newpath 10.89832 152.24675 moveto
11.72986 153.07822 12.1214 154.25269 11.95514 155.41681 curveto
12.1214 154.25269 12.82605 153.23477 13.85712 152.66933 curveto stroke
newpath 23.91028 85.6785 moveto
23.3818 85.6785 22.87505 85.46854 22.50137 85.09488 curveto
22.12772 84.7212 21.91776 84.21445 21.91776 83.68597 curveto
21.91776 83.1575 22.12772 82.65074 22.50137 82.27707 curveto
22.87505 81.90341 23.3818 81.69345 23.91028 81.69345 curveto
24.43875 81.69345 24.94551 81.90341 25.31918 82.27707 curveto
25.69284 82.65074 25.9028 83.1575 25.9028 83.68597 curveto
25.9028 84.21445 25.69284 84.7212 25.31918 85.09488 curveto
24.94551 85.46854 24.43875 85.6785 23.91028 85.6785 curveto closepath fill
newpath 83.68597 85.6785 moveto
83.1575 85.6785 82.65074 85.46854 82.27707 85.09488 curveto
81.90341 84.7212 81.69345 84.21445 81.69345 83.68597 curveto
81.69345 83.1575 81.90341 82.65074 82.27707 82.27707 curveto
82.65074 81.90341 83.1575 81.69345 83.68597 81.69345 curveto
84.21445 81.69345 84.7212 81.90341 85.09488 82.27707 curveto
85.46854 82.65074 85.6785 83.1575 85.6785 83.68597 curveto
85.6785 84.21445 85.46854 84.7212 85.09488 85.09488 curveto
84.7212 85.46854 84.21445 85.6785 83.68597 85.6785 curveto closepath fill
showpage
%%EOF
