%!PS
%%BoundingBox: -1 -1 90 135 
%%HiResBoundingBox: -0.24907 -0.24907 89.91261 134.74438 
%%Creator: MetaPost 2.000
%%CreationDate: 2017.07.18:1020
%%Pages: 1
%%BeginProlog
%%EndProlog
%%Page: 1 1
 0 0 0 setrgbcolor 0 0.49814 dtransform truncate idtransform setlinewidth pop [] 0 setdash 1 setlinecap
 1 setlinejoin 10 setmiterlimit
newpath 0 59.7757 moveto
89.66354 59.7757 lineto stroke
newpath 84.68224 62.26636 moveto
85.85817 60.69844 87.70366 59.7757 89.66354 59.7757 curveto
87.70366 59.7757 85.85817 58.85295 84.68224 57.28503 curveto stroke
 0.49814 0 dtransform exch truncate exch idtransform pop setlinewidth
newpath 29.88785 0 moveto
29.88785 134.49532 lineto stroke
 0 0.49814 dtransform truncate idtransform setlinewidth pop
newpath 27.39719 129.514 moveto
28.9651 130.68994 29.88785 132.53543 29.88785 134.49532 curveto
29.88785 132.53543 30.8106 130.68994 32.37851 129.514 curveto stroke
 0.49814 0 dtransform exch truncate exch idtransform pop setlinewidth
newpath 14.94392 57.78317 moveto
14.94392 61.76822 lineto stroke
newpath 29.88785 57.78317 moveto
29.88785 61.76822 lineto stroke
newpath 44.83177 57.78317 moveto
44.83177 61.76822 lineto stroke
newpath 59.7757 57.78317 moveto
59.7757 61.76822 lineto stroke
newpath 74.71962 57.78317 moveto
74.71962 61.76822 lineto stroke
 0 0.49814 dtransform truncate idtransform setlinewidth pop
newpath 31.88037 14.94392 moveto
27.89532 14.94392 lineto stroke
newpath 31.88037 29.88785 moveto
27.89532 29.88785 lineto stroke
newpath 31.88037 44.83177 moveto
27.89532 44.83177 lineto stroke
newpath 31.88037 59.7757 moveto
27.89532 59.7757 lineto stroke
newpath 31.88037 74.71962 moveto
27.89532 74.71962 lineto stroke
newpath 31.88037 89.66354 moveto
27.89532 89.66354 lineto stroke
newpath 31.88037 104.60747 moveto
27.89532 104.60747 lineto stroke
newpath 31.88037 119.55139 moveto
27.89532 119.55139 lineto stroke
newpath 26.52994 61.76822 moveto
26.00146 61.76822 25.4947 61.55826 25.12103 61.1846 curveto
24.74738 60.81093 24.53741 60.30417 24.53741 59.7757 curveto
24.53741 59.24722 24.74738 58.74046 25.12103 58.36679 curveto
25.4947 57.99313 26.00146 57.78317 26.52994 57.78317 curveto
27.05841 57.78317 27.56517 57.99313 27.93884 58.36679 curveto
28.3125 58.74046 28.52246 59.24722 28.52246 59.7757 curveto
28.52246 60.30417 28.3125 60.81093 27.93884 61.1846 curveto
27.56517 61.55826 27.05841 61.76822 26.52994 61.76822 curveto closepath fill
newpath 29.88785 46.8243 moveto
29.35938 46.8243 28.85262 46.61433 28.47894 46.24068 curveto
28.10529 45.867 27.89532 45.36024 27.89532 44.83177 curveto
27.89532 44.3033 28.10529 43.79654 28.47894 43.42287 curveto
28.85262 43.04921 29.35938 42.83925 29.88785 42.83925 curveto
30.41632 42.83925 30.92308 43.04921 31.29675 43.42287 curveto
31.67041 43.79654 31.88037 44.3033 31.88037 44.83177 curveto
31.88037 45.36024 31.67041 45.867 31.29675 46.24068 curveto
30.92308 46.61433 30.41632 46.8243 29.88785 46.8243 curveto closepath fill
newpath 44.83177 16.93645 moveto
44.3033 16.93645 43.79654 16.72649 43.42287 16.35283 curveto
43.04921 15.97916 42.83925 15.4724 42.83925 14.94392 curveto
42.83925 14.41545 43.04921 13.90869 43.42287 13.53502 curveto
43.79654 13.16136 44.3033 12.9514 44.83177 12.9514 curveto
45.36024 12.9514 45.867 13.16136 46.24068 13.53502 curveto
46.61433 13.90869 46.8243 14.41545 46.8243 14.94392 curveto
46.8243 15.4724 46.61433 15.97916 46.24068 16.35283 curveto
45.867 16.72649 45.36024 16.93645 44.83177 16.93645 curveto closepath fill
newpath 63.1336 61.76822 moveto
62.60513 61.76822 62.09837 61.55826 61.7247 61.1846 curveto
61.35104 60.81093 61.14108 60.30417 61.14108 59.7757 curveto
61.14108 59.24722 61.35104 58.74046 61.7247 58.36679 curveto
62.09837 57.99313 62.60513 57.78317 63.1336 57.78317 curveto
63.66208 57.78317 64.16884 57.99313 64.54251 58.36679 curveto
64.91617 58.74046 65.12613 59.24722 65.12613 59.7757 curveto
65.12613 60.30417 64.91617 60.81093 64.54251 61.1846 curveto
64.16884 61.55826 63.66208 61.76822 63.1336 61.76822 curveto closepath fill
 0 1.24533 dtransform truncate idtransform setlinewidth pop
newpath 17.93266 111.78072 moveto
18.4163 108.2926 18.91432 104.80653 19.4267 101.32253 curveto
19.91057 98.03142 20.40811 94.74237 20.92163 91.45583 curveto
21.40436 88.36584 21.90146 85.27792 22.41566 82.19295 curveto
22.8977 79.30043 23.3948 76.4102 23.91037 73.52339 curveto
24.39105 70.83109 24.88792 68.14153 25.4044 65.45583 curveto
25.88417 62.96054 26.38103 60.46867 26.89934 57.98112 curveto
27.3775 55.68582 27.87369 53.3946 28.39337 51.10841 curveto
28.87016 49.0108 29.36635 46.91776 29.88808 44.83086 curveto
30.36282 42.93208 30.85855 41.03856 31.38232 39.15256 curveto
31.85457 37.45193 32.34985 35.75769 32.87636 34.07304 curveto
33.34631 32.56898 33.84091 31.07268 34.37106 29.58868 curveto
34.83762 28.28209 35.33151 26.9853 35.8651 25.70448 curveto
36.32845 24.59262 36.82121 23.49286 37.36003 22.41544 curveto
37.81883 21.49762 38.31023 20.59624 38.85406 19.72609 curveto
39.30898 18.99846 39.79924 18.29294 40.34877 17.63373 curveto
40.80072 17.09148 41.29144 16.58069 41.8428 16.1397 curveto
42.29909 15.77463 42.79527 15.45972 43.33774 15.24265 curveto
43.8134 15.05223 44.31917 14.94392 44.83177 14.94392 curveto
45.34438 14.94392 45.85014 15.05223 46.3258 15.24265 curveto
46.86827 15.45972 47.36446 15.77463 47.82074 16.1397 curveto
48.3721 16.58069 48.86282 17.09148 49.31477 17.63373 curveto
49.8643 18.29294 50.35457 18.99846 50.80948 19.72609 curveto
51.35332 20.59624 51.84471 21.49762 52.30351 22.41544 curveto
52.84233 23.49286 53.3351 24.59262 53.79845 25.70448 curveto
54.33203 26.9853 54.82593 28.28209 55.29248 29.58868 curveto
55.82263 31.07268 56.31723 32.56898 56.78719 34.07304 curveto
57.31369 35.75792 57.80898 37.45262 58.28143 39.15346 curveto
58.80522 41.03902 59.30072 42.93231 59.77547 44.83086 curveto
60.2972 46.91776 60.79338 49.0108 61.27017 51.10841 curveto
61.78986 53.3946 62.28604 55.68582 62.7642 57.98112 curveto
63.28252 60.46867 63.77937 62.96054 64.25914 65.45583 curveto
64.77562 68.14153 65.27249 70.83109 65.75317 73.52339 curveto
66.26874 76.4102 66.76584 79.30043 67.24788 82.19295 curveto
67.76208 85.27792 68.25919 88.36584 68.74191 91.45583 curveto
69.25543 94.74237 69.75298 98.03142 70.23685 101.32253 curveto
70.74922 104.80653 71.24724 108.2926 71.73088 111.78072 curveto stroke
newpath 69.84015 109.0255 moveto
70.8689 109.59515 71.56937 110.61592 71.73088 111.78072 curveto
71.56937 110.61592 71.9657 109.44308 72.80063 108.615 curveto stroke
newpath 16.86292 108.615 moveto
17.69785 109.44308 18.09418 110.61592 17.93266 111.78072 curveto
18.09418 110.61592 18.79465 109.59515 19.8234 109.0255 curveto stroke
showpage
%%EOF
