%!PS
%%BoundingBox: -1 -1 180 90 
%%HiResBoundingBox: -0.24907 -0.62267 179.57616 89.91261 
%%Creator: MetaPost 2.000
%%CreationDate: 2017.07.18:1020
%%Pages: 1
%%BeginProlog
%%EndProlog
%%Page: 1 1
 0 0 0 setrgbcolor 0 0.49814 dtransform truncate idtransform setlinewidth pop [] 0 setdash 1 setlinecap
 1 setlinejoin 10 setmiterlimit
newpath 47.82074 1.19623 moveto
48.78346 3.89925 49.7804 6.58951 50.81017 9.26744 curveto
51.77289 11.7707 52.76663 14.26213 53.79822 16.73758 curveto
54.75958 19.04475 55.75331 21.33778 56.78764 23.61302 curveto
57.74626 25.72182 58.73909 27.8151 59.77524 29.88693 curveto
60.7325 31.80054 61.72533 33.69633 62.76466 35.56706 curveto
63.71872 37.28456 64.71155 38.98062 65.75272 40.64658 curveto
66.70496 42.17026 67.69778 43.66884 68.74214 45.13094 curveto
69.69255 46.46124 70.68492 47.761 71.73157 49.01697 curveto
72.68016 50.15482 73.67207 51.25618 74.71962 52.30374 curveto
75.66821 53.25232 76.66148 54.15576 77.70905 54.99399 curveto
78.65945 55.75423 79.6532 56.45929 80.69664 57.08545 curveto
81.65344 57.6596 82.64992 58.16583 83.68607 58.58038 curveto
84.65335 58.96712 85.65256 59.27222 86.67412 59.47653 curveto
87.65874 59.67354 88.65977 59.7757 89.66354 59.7757 curveto
90.66731 59.7757 91.66835 59.67354 92.65297 59.47653 curveto
93.67453 59.27222 94.67374 58.96712 95.64102 58.58038 curveto
96.67717 58.16583 97.67365 57.6596 98.63045 57.08545 curveto
99.67389 56.45929 100.66763 55.75423 101.61804 54.99399 curveto
102.6656 54.15576 103.65887 53.25232 104.60747 52.30374 curveto
105.65501 51.25618 106.64693 50.15482 107.59552 49.01697 curveto
108.64217 47.761 109.63454 46.46124 110.58495 45.13094 curveto
111.6293 43.66884 112.62213 42.17026 113.57437 40.64658 curveto
114.61554 38.98062 115.60837 37.28456 116.56242 35.56706 curveto
117.60176 33.69633 118.59459 31.80054 119.55185 29.88693 curveto
120.588 27.8151 121.58083 25.72182 122.53944 23.61302 curveto
123.57378 21.33778 124.5675 19.04475 125.52887 16.73758 curveto
126.56046 14.26213 127.5542 11.7707 128.51692 9.26744 curveto
129.54669 6.58951 130.54362 3.89925 131.50635 1.19623 curveto stroke
newpath 131.91132 4.51317 moveto
131.26183 3.53287 131.11179 2.304 131.50635 1.19623 curveto
131.11179 2.304 130.2187 3.16135 129.09576 3.51036 curveto stroke
newpath 50.23132 3.51036 moveto
49.10838 3.16135 48.2153 2.304 47.82074 1.19623 curveto
48.2153 2.304 48.06526 3.53287 47.41577 4.51317 curveto stroke
newpath 29.88785 59.7757 moveto
89.66354 0 lineto
149.43924 59.7757 lineto stroke
newpath 146.26915 58.71901 moveto
147.43326 58.5527 148.60773 58.94418 149.43924 59.7757 curveto
148.60773 58.94418 148.21625 57.76971 148.38255 56.6056 curveto stroke
newpath 30.94453 56.6056 moveto
31.11084 57.76971 30.71936 58.94418 29.88785 59.7757 curveto
30.71936 58.94418 31.89383 58.5527 33.05794 58.71901 curveto stroke
newpath 59.7757 31.88037 moveto
59.24722 31.88037 58.74046 31.67041 58.36679 31.29675 curveto
57.99313 30.92308 57.78317 30.41632 57.78317 29.88785 curveto
57.78317 29.35938 57.99313 28.85262 58.36679 28.47894 curveto
58.74046 28.10529 59.24722 27.89532 59.7757 27.89532 curveto
60.30417 27.89532 60.81093 28.10529 61.1846 28.47894 curveto
61.55826 28.85262 61.76822 29.35938 61.76822 29.88785 curveto
61.76822 30.41632 61.55826 30.92308 61.1846 31.29675 curveto
60.81093 31.67041 60.30417 31.88037 59.7757 31.88037 curveto closepath fill
newpath 119.55139 31.88037 moveto
119.02292 31.88037 118.51616 31.67041 118.14249 31.29675 curveto
117.76883 30.92308 117.55887 30.41632 117.55887 29.88785 curveto
117.55887 29.35938 117.76883 28.85262 118.14249 28.47894 curveto
118.51616 28.10529 119.02292 27.89532 119.55139 27.89532 curveto
120.07986 27.89532 120.58662 28.10529 120.9603 28.47894 curveto
121.33395 28.85262 121.54391 29.35938 121.54391 29.88785 curveto
121.54391 30.41632 121.33395 30.92308 120.9603 31.29675 curveto
120.58662 31.67041 120.07986 31.88037 119.55139 31.88037 curveto closepath fill
 0.49814 0 dtransform exch truncate exch idtransform pop setlinewidth
newpath 29.88785 27.89532 moveto
29.88785 31.88037 lineto stroke
newpath 59.7757 27.89532 moveto
59.7757 31.88037 lineto stroke
newpath 89.66354 27.89532 moveto
89.66354 31.88037 lineto stroke
newpath 119.55139 27.89532 moveto
119.55139 31.88037 lineto stroke
newpath 149.43924 27.89532 moveto
149.43924 31.88037 lineto stroke
 0 0.49814 dtransform truncate idtransform setlinewidth pop
newpath 61.76822 59.7757 moveto
57.78317 59.7757 lineto stroke
newpath 0 29.88785 moveto
179.32709 29.88785 lineto stroke
newpath 174.34578 32.37851 moveto
175.52171 30.8106 177.3672 29.88785 179.32709 29.88785 curveto
177.3672 29.88785 175.52171 28.9651 174.34578 27.39719 curveto stroke
 0.49814 0 dtransform exch truncate exch idtransform pop setlinewidth
newpath 59.7757 0 moveto
59.7757 89.66354 lineto stroke
 0 0.49814 dtransform truncate idtransform setlinewidth pop
newpath 57.28503 84.68224 moveto
58.85295 85.85817 59.7757 87.70366 59.7757 89.66354 curveto
59.7757 87.70366 60.69844 85.85817 62.26636 84.68224 curveto stroke
 0 1.24533 dtransform truncate idtransform setlinewidth pop
newpath 59.7757 29.88785 moveto
60.72885 31.80327 61.72577 33.6968 62.76466 35.56706 curveto
63.71918 37.28502 64.712 38.98154 65.75363 40.64795 curveto
66.70541 42.17116 67.69778 43.66838 68.74168 45.13004 curveto
69.69164 46.46034 70.684 47.76009 71.73065 49.01605 curveto
72.67924 50.15436 73.67162 51.25572 74.71962 52.30374 curveto
75.66821 53.25232 76.66104 54.15622 77.70859 54.99399 curveto
78.65945 55.75468 79.65366 56.45929 80.69756 57.08589 curveto
81.6539 57.6596 82.64992 58.16583 83.68561 58.57993 curveto
84.65335 58.96712 85.65256 59.27267 86.67458 59.47697 curveto
87.65874 59.674 88.65977 59.7757 89.66354 59.7757 curveto
90.66731 59.7757 91.66835 59.674 92.65251 59.47697 curveto
93.67453 59.27267 94.67374 58.96712 95.64148 58.57993 curveto
96.67717 58.16583 97.67319 57.6596 98.62953 57.08589 curveto
99.67343 56.45929 100.66763 55.75468 101.6185 54.99399 curveto
102.66605 54.15622 103.65887 53.25232 104.60747 52.30374 curveto
105.65547 51.25572 106.64784 50.15436 107.59644 49.01605 curveto
108.64308 47.76009 109.63545 46.46034 110.5854 45.13004 curveto
111.6293 43.66838 112.62167 42.17116 113.57346 40.64795 curveto
114.61508 38.98154 115.60791 37.28502 116.56242 35.56706 curveto
117.60132 33.6968 118.59824 31.80327 119.55139 29.88785 curveto stroke
newpath 59.7757 29.88785 moveto
89.66354 0 lineto
119.55139 29.88785 lineto stroke
newpath 59.7757 29.88785 moveto
119.55139 29.88785 lineto stroke
showpage
%%EOF
