%!PS
%%BoundingBox: -1 -1 120 165 
%%HiResBoundingBox: -0.24907 -0.24907 119.80046 164.63223 
%%Creator: MetaPost 2.000
%%CreationDate: 2017.07.18:1020
%%Pages: 1
%%BeginProlog
%%EndProlog
%%Page: 1 1
 0 0 0 setrgbcolor 0 0.49814 dtransform truncate idtransform setlinewidth pop [] 0 setdash 1 setlinecap
 1 setlinejoin 10 setmiterlimit
newpath 0 14.94392 moveto
119.55139 14.94392 lineto stroke
newpath 114.57008 17.43459 moveto
115.74602 15.86667 117.5915 14.94392 119.55139 14.94392 curveto
117.5915 14.94392 115.74602 14.02118 114.57008 12.45326 curveto stroke
 0.49814 0 dtransform exch truncate exch idtransform pop setlinewidth
newpath 59.7757 0 moveto
59.7757 164.38316 lineto stroke
 0 0.49814 dtransform truncate idtransform setlinewidth pop
newpath 57.28503 159.40186 moveto
58.85295 160.57779 59.7757 162.42328 59.7757 164.38316 curveto
59.7757 162.42328 60.69844 160.57779 62.26636 159.40186 curveto stroke
 0.49814 0 dtransform exch truncate exch idtransform pop setlinewidth
newpath 14.94392 12.9514 moveto
14.94392 16.93645 lineto stroke
newpath 29.88785 12.9514 moveto
29.88785 16.93645 lineto stroke
newpath 44.83177 12.9514 moveto
44.83177 16.93645 lineto stroke
newpath 59.7757 12.9514 moveto
59.7757 16.93645 lineto stroke
newpath 74.71962 12.9514 moveto
74.71962 16.93645 lineto stroke
newpath 89.66354 12.9514 moveto
89.66354 16.93645 lineto stroke
newpath 104.60747 12.9514 moveto
104.60747 16.93645 lineto stroke
 0 0.49814 dtransform truncate idtransform setlinewidth pop
newpath 61.76822 29.88785 moveto
57.78317 29.88785 lineto stroke
newpath 61.76822 44.83177 moveto
57.78317 44.83177 lineto stroke
newpath 61.76822 59.7757 moveto
57.78317 59.7757 lineto stroke
newpath 61.76822 74.71962 moveto
57.78317 74.71962 lineto stroke
newpath 61.76822 89.66354 moveto
57.78317 89.66354 lineto stroke
newpath 61.76822 104.60747 moveto
57.78317 104.60747 lineto stroke
newpath 61.76822 119.55139 moveto
57.78317 119.55139 lineto stroke
newpath 61.76822 134.49532 moveto
57.78317 134.49532 lineto stroke
newpath 61.76822 149.43924 moveto
57.78317 149.43924 lineto stroke
newpath 12.70242 163.22433 moveto
13.19246 160.1355 13.69046 157.04779 14.19646 153.96146 curveto
14.68694 150.9693 15.18518 147.9785 15.69185 144.98907 curveto
16.18166 142.0993 16.67943 139.21089 17.18588 136.32385 curveto
17.67545 133.53351 18.17323 130.7445 18.6799 127.95735 curveto
19.16925 125.26642 19.66681 122.57707 20.17393 119.88956 curveto
20.6635 117.2953 21.16151 114.70287 21.66956 112.11226 curveto
22.15822 109.62039 22.65578 107.13036 23.16359 104.64235 curveto
23.6518 102.25014 24.14934 99.85997 24.65738 97.47208 curveto
25.14536 95.17905 25.64291 92.88806 26.15141 90.5996 curveto
26.63939 88.4037 27.13739 86.21008 27.64703 84.01898 curveto
28.1341 81.92479 28.63165 79.8331 29.14107 77.74416 curveto
29.62767 75.74916 30.125 73.75713 30.63509 71.76805 curveto
31.12125 69.87247 31.61856 67.97961 32.12912 66.09065 curveto
32.61504 64.2929 33.11282 62.49811 33.62451 60.70741 curveto
34.1093 59.01044 34.60663 57.31667 35.11855 55.62767 curveto
35.60287 54.02989 36.09996 52.43576 36.61256 50.84688 curveto
37.09598 49.34805 37.59308 47.85358 38.1066 46.36479 curveto
38.58978 44.96358 39.08711 43.56737 39.60199 42.17755 curveto
40.08382 40.87666 40.5809 39.58147 41.09602 38.29335 curveto
41.57692 37.0912 42.07379 35.8952 42.59004 34.70764 curveto
43.06981 33.60376 43.56645 32.50742 44.08408 31.42064 curveto
44.56339 30.41414 45.06049 29.41583 45.5797 28.4294 curveto
46.05742 27.52185 46.55383 26.62434 47.07373 25.74028 curveto
47.55008 24.93033 48.04625 24.13223 48.56752 23.35034 curveto
49.04295 22.63707 49.53891 21.93771 50.06155 21.25842 curveto
50.53653 20.64093 51.03317 20.04031 51.55717 19.46385 curveto
52.03125 18.94237 52.52742 18.44139 53.05121 17.96983 curveto
53.52573 17.54274 54.02214 17.14073 54.54523 16.77452 curveto
55.02158 16.44115 55.51913 16.13809 56.03926 15.87814 curveto
56.5204 15.63757 57.01955 15.43463 57.53465 15.28003 curveto
58.02217 15.13387 58.52223 15.03194 59.02869 14.98132 curveto
59.52556 14.93161 60.02583 14.93161 60.5227 14.98132 curveto
61.02916 15.03194 61.52922 15.13387 62.01674 15.28003 curveto
62.53185 15.43463 63.03099 15.63757 63.51213 15.87814 curveto
64.03226 16.13809 64.52982 16.44115 65.00616 16.77452 curveto
65.52925 17.14073 66.02567 17.54274 66.50018 17.96983 curveto
67.02397 18.44139 67.52014 18.94237 67.99422 19.46385 curveto
68.51822 20.04031 69.01486 20.64093 69.48984 21.25842 curveto
70.01248 21.93771 70.50844 22.63707 70.98387 23.35034 curveto
71.50514 24.13223 72.00131 24.93033 72.47766 25.74028 curveto
72.99756 26.62434 73.49397 27.52185 73.9717 28.4294 curveto
74.4909 29.41583 74.988 30.41414 75.46732 31.42064 curveto
75.98494 32.50742 76.48158 33.60376 76.96135 34.70764 curveto
77.4776 35.8952 77.97447 37.0912 78.45537 38.29335 curveto
78.97049 39.58147 79.46758 40.87666 79.9494 42.17755 curveto
80.46428 43.56737 80.96161 44.96358 81.4448 46.36479 curveto
81.95831 47.85358 82.45541 49.34805 82.93883 50.84688 curveto
83.45143 52.43576 83.94852 54.02989 84.43285 55.62767 curveto
84.94476 57.31667 85.4421 59.01044 85.92688 60.70741 curveto
86.43857 62.49811 86.93636 64.2929 87.42227 66.09065 curveto
87.93283 67.97961 88.43015 69.87247 88.9163 71.76805 curveto
89.42639 73.75713 89.92372 75.74916 90.41032 77.74416 curveto
90.91974 79.8331 91.4173 81.92479 91.90436 84.01898 curveto
92.414 86.21008 92.912 88.4037 93.39998 90.5996 curveto
93.90848 92.88806 94.40604 95.17905 94.89401 97.47208 curveto
95.40205 99.85997 95.8996 102.25014 96.3878 104.64235 curveto
96.89561 107.13036 97.39317 109.62039 97.88184 112.11226 curveto
98.38988 114.70287 98.8879 117.2953 99.37746 119.88956 curveto
99.88458 122.57707 100.38214 125.26642 100.87149 127.95735 curveto
101.37816 130.7445 101.87595 133.53351 102.36551 136.32385 curveto
102.87196 139.21089 103.36974 142.0993 103.85954 144.98907 curveto
104.36621 147.9785 104.86446 150.9693 105.35493 153.96146 curveto
105.86093 157.04779 106.35893 160.1355 106.84897 163.22433 curveto stroke
newpath 104.90471 160.50665 moveto
105.94438 161.05606 106.6647 162.06294 106.84897 163.22433 curveto
106.6647 162.06294 107.03801 160.88257 107.85658 160.03833 curveto stroke
newpath 11.69481 160.03833 moveto
12.51338 160.88257 12.88669 162.06294 12.70242 163.22433 curveto
12.88669 162.06294 13.60701 161.05606 14.64668 160.50665 curveto stroke
newpath 0 44.83177 moveto
119.55139 164.38316 lineto stroke
newpath 116.3813 163.32648 moveto
117.54541 163.16017 118.71988 163.55165 119.55139 164.38316 curveto
118.71988 163.55165 118.3284 162.37718 118.4947 161.21307 curveto stroke
newpath 3.17009 45.88846 moveto
2.00598 46.05476 0.83151 45.66328 0 44.83177 curveto
0.83151 45.66328 1.22299 46.83775 1.05669 48.00186 curveto stroke
 0 1.24533 dtransform truncate idtransform setlinewidth pop
newpath 29.88785 74.71962 moveto
30.37378 72.77342 30.87201 70.83017 31.38255 68.89037 curveto
31.86826 67.04517 32.36536 65.20271 32.87613 63.36415 curveto
33.3616 61.61678 33.85915 59.87238 34.37085 58.13254 curveto
34.85562 56.48436 35.35318 54.83961 35.86555 53.19987 curveto
36.34966 51.6509 36.84698 50.10602 37.36026 48.56639 curveto
37.84323 47.11751 38.34009 45.67342 38.85384 44.23503 curveto
39.33633 42.88397 39.83366 41.53816 40.34856 40.19919 curveto
40.83014 38.9471 41.32724 37.70094 41.84326 36.46252 curveto
42.32349 35.30986 42.82013 34.16402 43.33684 33.02731 curveto
43.81638 31.97223 44.31325 30.92491 44.83154 29.8883 curveto
45.31017 28.93127 45.80658 27.9836 46.32625 27.04823 curveto
46.80351 26.18904 47.30016 25.34077 47.82097 24.50734 curveto
48.29663 23.74596 48.79259 22.99757 49.31454 22.26698 curveto
49.78975 21.60184 50.28593 20.95174 50.80925 20.32375 curveto
51.28354 19.75436 51.77995 19.20367 52.30396 18.67967 curveto
52.77826 18.20538 53.2749 17.75366 53.79868 17.33455 curveto
54.27388 16.95444 54.77052 16.60213 55.29225 16.28905 curveto
55.77065 16.00197 56.26888 15.74886 56.78696 15.54158 curveto
57.27083 15.34799 57.77043 15.19543 58.28166 15.09328 curveto
58.77351 14.995 59.2738 14.94392 59.77524 14.94392 curveto
60.27713 14.94392 60.77765 14.99477 61.26996 15.09328 curveto
61.78119 15.19543 62.28079 15.34822 62.76466 15.54181 curveto
63.28275 15.74908 63.78098 16.0022 64.25937 16.28928 curveto
64.7811 16.60236 65.27774 16.95467 65.75294 17.33478 curveto
66.27672 17.75389 66.77336 18.20561 67.24767 18.6799 curveto
67.77167 19.2039 68.26785 19.75482 68.74237 20.3242 curveto
69.26523 20.95174 69.76118 21.60115 70.23595 22.26584 curveto
70.75812 22.9969 71.25453 23.74596 71.73065 24.5078 curveto
72.25146 25.34123 72.74811 26.18948 73.22536 27.04869 curveto
73.74504 27.98405 74.24146 28.93196 74.72008 29.88876 curveto
75.23793 30.92445 75.73433 31.97087 76.21365 33.02525 curveto
76.7308 34.16289 77.22768 35.3094 77.70836 36.46298 curveto
78.22438 37.70139 78.72148 38.94756 79.20306 40.19987 curveto
79.7175 41.53793 80.2146 42.88237 80.69664 44.23251 curveto
81.21062 45.67181 81.70793 47.11705 82.19136 48.56706 curveto
82.70464 50.1067 83.20197 51.65158 83.68607 53.20056 curveto
84.19844 54.8403 84.696 56.48505 85.18077 58.13322 curveto
85.69225 59.87169 86.18933 61.61473 86.67435 63.36072 curveto
87.18535 65.20067 87.68314 67.04427 88.16907 68.89104 curveto
88.67961 70.83109 89.17717 72.77432 89.66377 74.72054 curveto
90.17365 76.76045 90.67142 78.80334 91.15848 80.84897 curveto
91.66766 82.98717 92.165 85.1281 92.65205 87.27132 curveto
93.16101 89.511 93.65878 91.75317 94.14676 93.9974 curveto
94.65526 96.33696 95.15327 98.67879 95.64148 101.02267 curveto
96.14929 103.46004 96.64685 105.89969 97.13506 108.34117 curveto
97.64287 110.88023 98.14087 113.42136 98.62976 115.96408 curveto
99.13734 118.60303 99.63513 121.2438 100.12447 123.88617 curveto
100.6316 126.62498 101.12961 129.36519 101.61919 132.1072 curveto
102.12563 134.94339 102.62318 137.7814 103.11276 140.62056 curveto
103.61943 143.55867 104.11766 146.49815 104.60747 149.43924 curveto stroke
newpath 29.88785 74.71962 moveto
104.60747 149.43924 lineto stroke
newpath 29.88785 16.93645 moveto
29.35938 16.93645 28.85262 16.72649 28.47894 16.35283 curveto
28.10529 15.97916 27.89532 15.4724 27.89532 14.94392 curveto
27.89532 14.41545 28.10529 13.90869 28.47894 13.53502 curveto
28.85262 13.16136 29.35938 12.9514 29.88785 12.9514 curveto
30.41632 12.9514 30.92308 13.16136 31.29675 13.53502 curveto
31.67041 13.90869 31.88037 14.41545 31.88037 14.94392 curveto
31.88037 15.4724 31.67041 15.97916 31.29675 16.35283 curveto
30.92308 16.72649 30.41632 16.93645 29.88785 16.93645 curveto closepath fill
newpath 104.60747 16.93645 moveto
104.079 16.93645 103.57224 16.72649 103.19856 16.35283 curveto
102.8249 15.97916 102.61494 15.4724 102.61494 14.94392 curveto
102.61494 14.41545 102.8249 13.90869 103.19856 13.53502 curveto
103.57224 13.16136 104.079 12.9514 104.60747 12.9514 curveto
105.13594 12.9514 105.6427 13.16136 106.01637 13.53502 curveto
106.39003 13.90869 106.59999 14.41545 106.59999 14.94392 curveto
106.59999 15.4724 106.39003 15.97916 106.01637 16.35283 curveto
105.6427 16.72649 105.13594 16.93645 104.60747 16.93645 curveto closepath fill
newpath 29.88785 76.71214 moveto
29.35938 76.71214 28.85262 76.50218 28.47894 76.12852 curveto
28.10529 75.75485 27.89532 75.2481 27.89532 74.71962 curveto
27.89532 74.19115 28.10529 73.68439 28.47894 73.31071 curveto
28.85262 72.93706 29.35938 72.7271 29.88785 72.7271 curveto
30.41632 72.7271 30.92308 72.93706 31.29675 73.31071 curveto
31.67041 73.68439 31.88037 74.19115 31.88037 74.71962 curveto
31.88037 75.2481 31.67041 75.75485 31.29675 76.12852 curveto
30.92308 76.50218 30.41632 76.71214 29.88785 76.71214 curveto closepath fill
newpath 104.60747 151.43176 moveto
104.079 151.43176 103.57224 151.2218 103.19856 150.84814 curveto
102.8249 150.47447 102.61494 149.96771 102.61494 149.43924 curveto
102.61494 148.91077 102.8249 148.404 103.19856 148.03033 curveto
103.57224 147.65668 104.079 147.44672 104.60747 147.44672 curveto
105.13594 147.44672 105.6427 147.65668 106.01637 148.03033 curveto
106.39003 148.404 106.59999 148.91077 106.59999 149.43924 curveto
106.59999 149.96771 106.39003 150.47447 106.01637 150.84814 curveto
105.6427 151.2218 105.13594 151.43176 104.60747 151.43176 curveto closepath fill
newpath 29.88785 14.94392 moveto
104.60747 14.94392 lineto stroke
showpage
%%EOF
