%!PS
%%BoundingBox: -1 -1 125 150 
%%HiResBoundingBox: -0.24907 -0.24907 124.7894 149.68831 
%%Creator: MetaPost 2.000
%%CreationDate: 2017.07.18:1020
%%Pages: 1
%%BeginProlog
%%EndProlog
%%Page: 1 1
 0 0 0 setrgbcolor 0 0.49814 dtransform truncate idtransform setlinewidth pop [] 0 setdash 1 setlinecap
 1 setlinejoin 10 setmiterlimit
newpath 0 69.73831 moveto
119.55139 69.73831 lineto stroke
newpath 114.57008 72.22897 moveto
115.74602 70.66106 117.5915 69.73831 119.55139 69.73831 curveto
117.5915 69.73831 115.74602 68.81557 114.57008 67.24765 curveto stroke
 0.49814 0 dtransform exch truncate exch idtransform pop setlinewidth
newpath 59.7757 0 moveto
59.7757 149.43924 lineto stroke
 0 0.49814 dtransform truncate idtransform setlinewidth pop
newpath 57.28503 144.45793 moveto
58.85295 145.63387 59.7757 147.47935 59.7757 149.43924 curveto
59.7757 147.47935 60.69844 145.63387 62.26636 144.45793 curveto stroke
 0.49814 0 dtransform exch truncate exch idtransform pop setlinewidth
newpath 14.94392 67.74579 moveto
14.94392 71.73083 lineto stroke
newpath 29.88785 67.74579 moveto
29.88785 71.73083 lineto stroke
newpath 44.83177 67.74579 moveto
44.83177 71.73083 lineto stroke
newpath 59.7757 67.74579 moveto
59.7757 71.73083 lineto stroke
newpath 74.71962 67.74579 moveto
74.71962 71.73083 lineto stroke
newpath 89.66354 67.74579 moveto
89.66354 71.73083 lineto stroke
newpath 104.60747 67.74579 moveto
104.60747 71.73083 lineto stroke
 0 0.49814 dtransform truncate idtransform setlinewidth pop
newpath 61.76822 19.92523 moveto
57.78317 19.92523 lineto stroke
newpath 61.76822 29.88785 moveto
57.78317 29.88785 lineto stroke
newpath 61.76822 39.85046 moveto
57.78317 39.85046 lineto stroke
newpath 61.76822 49.81308 moveto
57.78317 49.81308 lineto stroke
newpath 61.76822 59.7757 moveto
57.78317 59.7757 lineto stroke
newpath 61.76822 69.73831 moveto
57.78317 69.73831 lineto stroke
newpath 61.76822 79.70093 moveto
57.78317 79.70093 lineto stroke
newpath 61.76822 89.66354 moveto
57.78317 89.66354 lineto stroke
newpath 61.76822 99.62616 moveto
57.78317 99.62616 lineto stroke
newpath 61.76822 109.58878 moveto
57.78317 109.58878 lineto stroke
newpath 61.76822 119.55139 moveto
57.78317 119.55139 lineto stroke
newpath 61.76822 129.514 moveto
57.78317 129.514 lineto stroke
newpath 61.76822 139.47662 moveto
57.78317 139.47662 lineto stroke
 0 1.24533 dtransform truncate idtransform setlinewidth pop
newpath 11.20795 147.57124 moveto
11.69957 145.11267 12.1978 142.6547 12.70265 140.19734 curveto
13.19427 137.80519 13.69229 135.41365 14.19737 133.02287 curveto
14.68831 130.69958 15.18564 128.37692 15.69048 126.05501 curveto
16.18166 123.79556 16.67966 121.5369 17.1852 119.27882 curveto
17.67613 117.08582 18.17415 114.89357 18.6799 112.70209 curveto
19.17062 110.57552 19.66862 108.4497 20.17462 106.32466 curveto
20.6651 104.26451 21.16312 102.20514 21.66933 100.14667 curveto
22.15959 98.1528 22.6576 96.15985 23.16405 94.16782 curveto
23.65338 92.24268 24.15071 90.31859 24.65692 88.39542 curveto
25.14673 86.53427 25.64473 84.67418 26.15164 82.81516 curveto
26.6412 81.02045 27.13899 79.22664 27.64635 77.43404 curveto
28.13547 75.70575 28.63347 73.97853 29.14107 72.25253 curveto
29.62994 70.59052 30.12773 68.92958 30.63577 67.27016 curveto
31.12375 65.6761 31.62108 64.08342 32.12889 62.49225 curveto
32.6171 60.9628 33.11487 59.43488 33.6236 57.90846 curveto
34.11134 56.4453 34.60913 54.98364 35.11832 53.52382 curveto
35.6056 52.12709 36.10338 50.73203 36.61302 49.33879 curveto
37.09985 48.00818 37.59741 46.67955 38.10774 45.35289 curveto
38.59343 44.09023 39.09053 42.82939 39.60062 41.571 curveto
40.08632 40.37296 40.58388 39.17688 41.09534 37.98354 curveto
41.58035 36.85161 42.0779 35.72212 42.59004 34.59552 curveto
43.0746 33.52972 43.57193 32.46667 44.08476 31.4068 curveto
44.5684 30.40714 45.06572 29.41035 45.57947 28.41739 curveto
46.06242 27.48369 46.55975 26.5535 47.07419 25.62741 curveto
47.55577 24.7606 48.05241 23.8976 48.56729 23.0393 curveto
49.04843 22.23741 49.54553 21.43979 50.06201 20.64777 curveto
50.542 19.91154 51.03888 19.18034 51.55672 18.45552 curveto
52.0358 17.78482 52.53244 17.1199 53.05144 16.46259 curveto
53.52937 15.85724 54.02602 15.2586 54.54614 14.66908 curveto
55.02226 14.12941 55.51822 13.59766 56.03903 13.07669 curveto
56.5147 12.60103 57.01088 12.13464 57.53374 11.68147 curveto
58.0085 11.27011 58.50468 10.86986 59.02846 10.4857 curveto
59.50275 10.1379 59.99916 9.8036 60.52316 9.48923 curveto
60.99791 9.2045 61.49455 8.93619 62.01788 8.69205 curveto
62.494 8.4698 62.99109 8.26823 63.51099 8.09492 curveto
63.9919 7.93471 64.49081 7.79926 65.0057 7.69618 curveto
65.49345 7.59859 65.99374 7.53064 66.50041 7.49689 curveto
66.99728 7.46376 67.49826 7.46376 67.99513 7.49689 curveto
68.5018 7.53064 69.00209 7.59859 69.48984 7.69618 curveto
70.00471 7.79926 70.50365 7.93456 70.98456 8.09492 curveto
71.50423 8.26823 72.00131 8.46996 72.47743 8.69205 curveto
73.00076 8.93619 73.4974 9.2045 73.97215 9.48923 curveto
74.49615 9.8036 74.99257 10.1379 75.46686 10.4857 curveto
75.99063 10.86986 76.48682 11.27011 76.96158 11.68147 curveto
77.48444 12.13464 77.98062 12.60103 78.45628 13.07669 curveto
78.97733 13.59766 79.47328 14.12956 79.9494 14.66924 curveto
80.46976 15.25891 80.96617 15.85754 81.4441 16.46288 curveto
81.9631 17.12021 82.45975 17.78513 82.93883 18.45583 curveto
83.45667 19.18065 83.95354 19.91185 84.43353 20.64807 curveto
84.95001 21.44008 85.44711 22.23787 85.92825 23.03976 curveto
86.44313 23.8979 86.93977 24.76076 87.42113 25.62741 curveto
87.93556 26.5535 88.43289 27.48369 88.91585 28.41739 curveto
89.4296 29.41035 89.92691 30.40714 90.41055 31.4068 curveto
90.92339 32.46667 91.42072 33.52972 91.90527 34.59552 curveto
92.41742 35.72212 92.91496 36.85161 93.39998 37.98354 curveto
93.91144 39.17688 94.409 40.37296 94.8947 41.571 curveto
95.40501 42.82954 95.90211 44.09053 96.3878 45.3535 curveto
96.89813 46.68015 97.39569 48.00879 97.88252 49.33939 curveto
98.39215 50.73264 98.88994 52.12785 99.37723 53.52458 curveto
99.88641 54.9844 100.3842 56.4459 100.87195 57.90907 curveto
101.38068 59.43549 101.87845 60.96356 102.36665 62.49301 curveto
102.87447 64.08401 103.37157 65.6764 103.85954 67.27016 curveto
104.36758 68.92958 104.86537 70.59052 105.35425 72.25253 curveto
105.86185 73.97853 106.35985 75.70575 106.84897 77.43404 curveto
107.35632 79.22664 107.85411 81.02045 108.34367 82.81516 curveto
108.85059 84.67418 109.34859 86.53427 109.8384 88.39542 curveto
110.3446 90.3189 110.84193 92.24329 111.3315 94.16873 curveto
111.83795 96.16077 112.33595 98.15372 112.82622 100.14758 curveto
113.33243 102.20605 113.83044 104.26543 114.32092 106.32556 curveto
114.82692 108.45062 115.32492 110.57658 115.81564 112.70316 curveto
116.3214 114.89464 116.81941 117.08688 117.31035 119.27989 curveto
117.81589 121.53781 118.31389 123.79648 118.80507 126.05591 curveto
119.30968 128.37752 119.80724 130.69989 120.29794 133.02287 curveto
120.80302 135.41365 121.30104 137.80519 121.79266 140.19734 curveto
122.29752 142.6547 122.79575 145.11267 123.28737 147.57124 curveto stroke
newpath 121.23595 144.93349 moveto
122.29677 145.44087 123.0568 146.41814 123.28737 147.57124 curveto
123.0568 146.41814 123.38258 145.22377 124.16673 144.34746 curveto stroke
newpath 10.32858 144.34746 moveto
11.11273 145.22377 11.43852 146.41814 11.20795 147.57124 curveto
11.43852 146.41814 12.19855 145.44087 13.25937 144.93349 curveto stroke
newpath 29.88785 71.73083 moveto
29.35938 71.73083 28.85262 71.52087 28.47894 71.14722 curveto
28.10529 70.77354 27.89532 70.26678 27.89532 69.73831 curveto
27.89532 69.20984 28.10529 68.70308 28.47894 68.3294 curveto
28.85262 67.95575 29.35938 67.74579 29.88785 67.74579 curveto
30.41632 67.74579 30.92308 67.95575 31.29675 68.3294 curveto
31.67041 68.70308 31.88037 69.20984 31.88037 69.73831 curveto
31.88037 70.26678 31.67041 70.77354 31.29675 71.14722 curveto
30.92308 71.52087 30.41632 71.73083 29.88785 71.73083 curveto closepath fill
newpath 104.60747 71.73083 moveto
104.079 71.73083 103.57224 71.52087 103.19856 71.14722 curveto
102.8249 70.77354 102.61494 70.26678 102.61494 69.73831 curveto
102.61494 69.20984 102.8249 68.70308 103.19856 68.3294 curveto
103.57224 67.95575 104.079 67.74579 104.60747 67.74579 curveto
105.13594 67.74579 105.6427 67.95575 106.01637 68.3294 curveto
106.39003 68.70308 106.59999 69.20984 106.59999 69.73831 curveto
106.59999 70.26678 106.39003 70.77354 106.01637 71.14722 curveto
105.6427 71.52087 105.13594 71.73083 104.60747 71.73083 curveto closepath fill
showpage
%%EOF
