%!PS
%%BoundingBox: -1 -1 120 90 
%%HiResBoundingBox: -0.24907 -0.24907 119.80046 89.91261 
%%Creator: MetaPost 2.000
%%CreationDate: 2017.07.18:1020
%%Pages: 1
%%BeginProlog
%%EndProlog
%%Page: 1 1
 0 0 0 setrgbcolor 0 0.49814 dtransform truncate idtransform setlinewidth pop [] 0 setdash 1 setlinecap
 1 setlinejoin 10 setmiterlimit
newpath 19.92523 89.66354 moveto
20.57191 87.07271 21.23593 84.4831 21.91727 81.89455 curveto
22.56456 79.43504 23.22797 76.97662 23.91052 74.51956 curveto
24.5566 72.1943 25.21939 69.87012 25.90256 67.54744 curveto
26.54771 65.35336 27.21112 63.16068 27.89581 60.96964 curveto
28.53946 58.90965 29.20226 56.85103 29.88785 54.79439 curveto
30.53027 52.86696 31.19276 50.94106 31.87988 49.01743 curveto
32.5214 47.22148 33.18419 45.42723 33.87314 43.6357 curveto
34.51253 41.97324 35.17471 40.3129 35.86517 38.65561 curveto
36.50304 37.12448 37.16522 35.5961 37.85843 34.07106 curveto
38.49387 32.67326 39.15514 31.2785 39.85046 29.88785 curveto
40.48346 28.62215 41.14413 27.35995 41.8425 26.10292 curveto
42.47276 24.96857 43.13344 23.83832 43.83575 22.71445 curveto
44.46207 21.7122 45.12152 20.71527 45.82779 19.7264 curveto
46.45045 18.85472 47.109 17.9896 47.82104 17.1351 curveto
48.43854 16.39432 49.09526 15.66174 49.81308 14.94392 curveto
50.4248 14.33205 51.07999 13.73112 51.80511 13.15103 curveto
52.41167 12.66579 53.06564 12.19545 53.79837 11.75581 curveto
54.40097 11.39432 55.05525 11.0538 55.7904 10.7598 curveto
56.39877 10.51642 57.06036 10.30647 57.78366 10.16176 curveto
58.41788 10.03482 59.09222 9.96262 59.7757 9.96262 curveto
60.45917 9.96262 61.13351 10.03482 61.76773 10.16176 curveto
62.49103 10.30647 63.15262 10.51642 63.76099 10.7598 curveto
64.49614 11.0538 65.15042 11.39432 65.75302 11.75581 curveto
66.48575 12.19545 67.13972 12.66579 67.74628 13.15103 curveto
68.4714 13.73112 69.12659 14.33205 69.73831 14.94392 curveto
70.45613 15.66174 71.11285 16.39432 71.73035 17.1351 curveto
72.4424 17.9896 73.10094 18.85472 73.7236 19.7264 curveto
74.42987 20.71527 75.08932 21.7122 75.71564 22.71445 curveto
76.41795 23.83832 77.07863 24.96857 77.7089 26.10292 curveto
78.40726 27.35995 79.06793 28.62215 79.70093 29.88785 curveto
80.39626 31.2785 81.05753 32.67326 81.69296 34.07106 curveto
82.38617 35.5961 83.04836 37.12448 83.68622 38.65561 curveto
84.37668 40.3129 85.03886 41.97324 85.67825 43.6357 curveto
86.3672 45.42723 87.03 47.22148 87.67151 49.01743 curveto
88.35863 50.94106 89.02112 52.86696 89.66354 54.79439 curveto
90.34914 56.85103 91.01193 58.90965 91.65558 60.96964 curveto
92.34027 63.16068 93.00368 65.35336 93.64883 67.54744 curveto
94.332 69.87012 94.9948 72.1943 95.64087 74.51956 curveto
96.32343 76.97662 96.98683 79.43504 97.63412 81.89455 curveto
98.31546 84.4831 98.97948 87.07271 99.62616 89.66354 curveto stroke
newpath 97.45245 87.12564 moveto
98.53606 87.58237 99.34138 88.52261 99.62616 89.66354 curveto
99.34138 88.52261 99.6104 87.31421 100.35226 86.40182 curveto stroke
newpath 19.19913 86.40182 moveto
19.941 87.31421 20.21 88.52261 19.92523 89.66354 curveto
20.21 88.52261 21.01534 87.58237 22.09894 87.12564 curveto stroke
newpath 0 69.73831 moveto
109.58878 14.94392 lineto stroke
newpath 107.58385 17.61719 moveto
107.7942 16.46022 108.53699 15.46982 109.58878 14.94392 curveto
108.53699 15.46982 107.299 15.46983 106.24721 14.94394 curveto stroke
newpath 2.00493 67.06505 moveto
1.79457 68.22202 1.05179 69.21242 0 69.73831 curveto
1.05179 69.21242 2.28978 69.2124 3.34157 69.7383 curveto stroke
 0.49814 0 dtransform exch truncate exch idtransform pop setlinewidth
newpath 19.92523 7.9701 moveto
19.92523 11.95514 lineto stroke
newpath 39.85046 7.9701 moveto
39.85046 11.95514 lineto stroke
newpath 59.7757 7.9701 moveto
59.7757 11.95514 lineto stroke
newpath 79.70093 7.9701 moveto
79.70093 11.95514 lineto stroke
newpath 99.62616 7.9701 moveto
99.62616 11.95514 lineto stroke
 0 0.49814 dtransform truncate idtransform setlinewidth pop
newpath 61.76822 19.92523 moveto
57.78317 19.92523 lineto stroke
newpath 61.76822 29.88785 moveto
57.78317 29.88785 lineto stroke
newpath 61.76822 39.85046 moveto
57.78317 39.85046 lineto stroke
newpath 61.76822 49.81308 moveto
57.78317 49.81308 lineto stroke
newpath 61.76822 59.7757 moveto
57.78317 59.7757 lineto stroke
newpath 61.76822 69.73831 moveto
57.78317 69.73831 lineto stroke
newpath 61.76822 79.70093 moveto
57.78317 79.70093 lineto stroke
newpath 0 9.96262 moveto
119.55139 9.96262 lineto stroke
newpath 114.57008 12.45328 moveto
115.74602 10.88536 117.5915 9.96262 119.55139 9.96262 curveto
117.5915 9.96262 115.74602 9.03987 114.57008 7.47195 curveto stroke
 0.49814 0 dtransform exch truncate exch idtransform pop setlinewidth
newpath 59.7757 0 moveto
59.7757 89.66354 lineto stroke
 0 0.49814 dtransform truncate idtransform setlinewidth pop
newpath 57.28503 84.68224 moveto
58.85295 85.85817 59.7757 87.70366 59.7757 89.66354 curveto
59.7757 87.70366 60.69844 85.85817 62.26636 84.68224 curveto stroke
 0 1.24533 dtransform truncate idtransform setlinewidth pop
newpath 29.88785 54.79439 moveto
30.52905 52.8665 31.19307 50.94044 31.88019 49.01651 curveto
32.5214 47.22087 33.18419 45.42693 33.87314 43.6357 curveto
34.51253 41.97324 35.17471 40.3129 35.86517 38.65561 curveto
36.50304 37.12479 37.16492 35.59656 37.85812 34.07167 curveto
38.49356 32.67372 39.15514 31.27866 39.85046 29.88785 curveto
40.48346 28.62169 41.14474 27.35904 41.84341 26.1014 curveto
42.47337 24.96765 43.13344 23.83801 43.83545 22.71475 curveto
44.46207 21.7122 45.12183 20.71481 45.8284 19.72548 curveto
46.45076 18.85426 47.109 17.98944 47.82074 17.1354 curveto
48.43823 16.39462 49.09496 15.66205 49.81277 14.94423 curveto
50.4248 14.33205 51.08029 13.73082 51.80573 13.15042 curveto
52.41197 12.66533 53.06564 12.1953 53.79807 11.75581 curveto
54.40097 11.39417 55.05556 11.05365 55.79102 10.75949 curveto
56.39908 10.51627 57.06006 10.30632 57.78305 10.16176 curveto
58.41757 10.03482 59.09222 9.96262 59.776 9.96262 curveto
60.45947 9.96262 61.13382 10.03482 61.76834 10.16176 curveto
62.49133 10.30632 63.15231 10.51627 63.76038 10.75949 curveto
64.49583 11.05365 65.15042 11.39417 65.75333 11.75581 curveto
66.48575 12.1953 67.13942 12.66533 67.74567 13.15042 curveto
68.4711 13.73082 69.12659 14.33205 69.73862 14.94423 curveto
70.45644 15.66205 71.11316 16.39462 71.73065 17.1354 curveto
72.4424 17.98975 73.10094 18.85487 73.7236 19.7264 curveto
74.43018 20.71542 75.08932 21.7125 75.71594 22.71475 curveto
76.41826 23.83847 77.07863 24.96857 77.7089 26.10292 curveto
78.40726 27.35995 79.07127 28.62169 79.70093 29.88785 curveto stroke
newpath 29.88785 54.79439 moveto
79.70093 29.88785 lineto stroke
newpath 29.88785 9.96262 moveto
79.70093 9.96262 lineto stroke
newpath 29.88785 11.95514 moveto
29.35938 11.95514 28.85262 11.74518 28.47894 11.37152 curveto
28.10529 10.99785 27.89532 10.49109 27.89532 9.96262 curveto
27.89532 9.43414 28.10529 8.92738 28.47894 8.55371 curveto
28.85262 8.18005 29.35938 7.9701 29.88785 7.9701 curveto
30.41632 7.9701 30.92308 8.18005 31.29675 8.55371 curveto
31.67041 8.92738 31.88037 9.43414 31.88037 9.96262 curveto
31.88037 10.49109 31.67041 10.99785 31.29675 11.37152 curveto
30.92308 11.74518 30.41632 11.95514 29.88785 11.95514 curveto closepath fill
newpath 79.70093 11.95514 moveto
79.17245 11.95514 78.6657 11.74518 78.29202 11.37152 curveto
77.91837 10.99785 77.7084 10.49109 77.7084 9.96262 curveto
77.7084 9.43414 77.91837 8.92738 78.29202 8.55371 curveto
78.6657 8.18005 79.17245 7.9701 79.70093 7.9701 curveto
80.2294 7.9701 80.73616 8.18005 81.10983 8.55371 curveto
81.48349 8.92738 81.69345 9.43414 81.69345 9.96262 curveto
81.69345 10.49109 81.48349 10.99785 81.10983 11.37152 curveto
80.73616 11.74518 80.2294 11.95514 79.70093 11.95514 curveto closepath fill
newpath 29.88785 56.78691 moveto
29.35938 56.78691 28.85262 56.57695 28.47894 56.2033 curveto
28.10529 55.82962 27.89532 55.32286 27.89532 54.79439 curveto
27.89532 54.26591 28.10529 53.75916 28.47894 53.38548 curveto
28.85262 53.01183 29.35938 52.80186 29.88785 52.80186 curveto
30.41632 52.80186 30.92308 53.01183 31.29675 53.38548 curveto
31.67041 53.75916 31.88037 54.26591 31.88037 54.79439 curveto
31.88037 55.32286 31.67041 55.82962 31.29675 56.2033 curveto
30.92308 56.57695 30.41632 56.78691 29.88785 56.78691 curveto closepath fill
newpath 79.70093 31.88037 moveto
79.17245 31.88037 78.6657 31.67041 78.29202 31.29675 curveto
77.91837 30.92308 77.7084 30.41632 77.7084 29.88785 curveto
77.7084 29.35938 77.91837 28.85262 78.29202 28.47894 curveto
78.6657 28.10529 79.17245 27.89532 79.70093 27.89532 curveto
80.2294 27.89532 80.73616 28.10529 81.10983 28.47894 curveto
81.48349 28.85262 81.69345 29.35938 81.69345 29.88785 curveto
81.69345 30.41632 81.48349 30.92308 81.10983 31.29675 curveto
80.73616 31.67041 80.2294 31.88037 79.70093 31.88037 curveto closepath fill
showpage
%%EOF
