%!PS
%%BoundingBox: -1 -1 110 100 
%%HiResBoundingBox: -0.24907 -0.24907 109.83784 99.87523 
%%Creator: MetaPost 2.000
%%CreationDate: 2017.07.18:1020
%%Pages: 1
%%BeginProlog
%%EndProlog
%%Page: 1 1
 0 0 0 setrgbcolor 0 0.49814 dtransform truncate idtransform setlinewidth pop [] 0 setdash 1 setlinecap
 1 setlinejoin 10 setmiterlimit
newpath 0 49.81308 moveto
109.58878 49.81308 lineto stroke
newpath 104.60747 52.30374 moveto
105.7834 50.73582 107.62889 49.81308 109.58878 49.81308 curveto
107.62889 49.81308 105.7834 48.89034 104.60747 47.32242 curveto stroke
 0.49814 0 dtransform exch truncate exch idtransform pop setlinewidth
newpath 69.73831 0 moveto
69.73831 99.62616 lineto stroke
 0 0.49814 dtransform truncate idtransform setlinewidth pop
newpath 67.24765 94.64485 moveto
68.81557 95.82079 69.73831 97.66628 69.73831 99.62616 curveto
69.73831 97.66628 70.66106 95.82079 72.22897 94.64485 curveto stroke
 0.49814 0 dtransform exch truncate exch idtransform pop setlinewidth
newpath 9.96262 47.82056 moveto
9.96262 51.8056 lineto stroke
newpath 29.88785 47.82056 moveto
29.88785 51.8056 lineto stroke
newpath 49.81308 47.82056 moveto
49.81308 51.8056 lineto stroke
newpath 69.73831 47.82056 moveto
69.73831 51.8056 lineto stroke
newpath 89.66354 47.82056 moveto
89.66354 51.8056 lineto stroke
 0 0.49814 dtransform truncate idtransform setlinewidth pop
newpath 71.73083 9.96262 moveto
67.74579 9.96262 lineto stroke
newpath 71.73083 19.92523 moveto
67.74579 19.92523 lineto stroke
newpath 71.73083 29.88785 moveto
67.74579 29.88785 lineto stroke
newpath 71.73083 39.85046 moveto
67.74579 39.85046 lineto stroke
newpath 71.73083 49.81308 moveto
67.74579 49.81308 lineto stroke
newpath 71.73083 59.7757 moveto
67.74579 59.7757 lineto stroke
newpath 71.73083 69.73831 moveto
67.74579 69.73831 lineto stroke
newpath 71.73083 79.70093 moveto
67.74579 79.70093 lineto stroke
newpath 71.73083 89.66354 moveto
67.74579 89.66354 lineto stroke
newpath 21.63483 51.8056 moveto
21.10635 51.8056 20.5996 51.59564 20.22592 51.22198 curveto
19.85226 50.84831 19.6423 50.34155 19.6423 49.81308 curveto
19.6423 49.2846 19.85226 48.77785 20.22592 48.40417 curveto
20.5996 48.03052 21.10635 47.82056 21.63483 47.82056 curveto
22.1633 47.82056 22.67006 48.03052 23.04373 48.40417 curveto
23.41739 48.77785 23.62735 49.2846 23.62735 49.81308 curveto
23.62735 50.34155 23.41739 50.84831 23.04373 51.22198 curveto
22.67006 51.59564 22.1633 51.8056 21.63483 51.8056 curveto closepath fill
newpath 69.73831 71.73083 moveto
69.20984 71.73083 68.70308 71.52087 68.3294 71.14722 curveto
67.95575 70.77354 67.74579 70.26678 67.74579 69.73831 curveto
67.74579 69.20984 67.95575 68.70308 68.3294 68.3294 curveto
68.70308 67.95575 69.20984 67.74579 69.73831 67.74579 curveto
70.26678 67.74579 70.77354 67.95575 71.14722 68.3294 curveto
71.52087 68.70308 71.73083 69.20984 71.73083 69.73831 curveto
71.73083 70.26678 71.52087 70.77354 71.14722 71.14722 curveto
70.77354 71.52087 70.26678 71.73083 69.73831 71.73083 curveto closepath fill
newpath 49.81308 91.65607 moveto
49.2846 91.65607 48.77785 91.4461 48.40417 91.07245 curveto
48.03052 90.69878 47.82056 90.19202 47.82056 89.66354 curveto
47.82056 89.13507 48.03052 88.62831 48.40417 88.25464 curveto
48.77785 87.88098 49.2846 87.67102 49.81308 87.67102 curveto
50.34155 87.67102 50.84831 87.88098 51.22198 88.25464 curveto
51.59564 88.62831 51.8056 89.13507 51.8056 89.66354 curveto
51.8056 90.19202 51.59564 90.69878 51.22198 91.07245 curveto
50.84831 91.4461 50.34155 91.65607 49.81308 91.65607 curveto closepath fill
newpath 77.99133 51.8056 moveto
77.46286 51.8056 76.9561 51.59564 76.58243 51.22198 curveto
76.20877 50.84831 75.99881 50.34155 75.99881 49.81308 curveto
75.99881 49.2846 76.20877 48.77785 76.58243 48.40417 curveto
76.9561 48.03052 77.46286 47.82056 77.99133 47.82056 curveto
78.5198 47.82056 79.02657 48.03052 79.40024 48.40417 curveto
79.7739 48.77785 79.98386 49.2846 79.98386 49.81308 curveto
79.98386 50.34155 79.7739 50.84831 79.40024 51.22198 curveto
79.02657 51.59564 78.5198 51.8056 77.99133 51.8056 curveto closepath fill
 0 1.24533 dtransform truncate idtransform setlinewidth pop
newpath 7.96997 1.7929 moveto
8.61757 4.51628 9.28157 7.23877 9.962 9.96019 curveto
10.61021 12.55254 11.27362 15.14383 11.95526 17.73405 curveto
12.60194 20.19202 13.26505 22.64893 13.9473 25.10446 curveto
14.59367 27.43124 15.25708 29.7568 15.94055 32.08086 curveto
16.5854 34.27354 17.2482 36.46489 17.93259 38.6547 curveto
18.57654 40.71498 19.23933 42.77391 19.92493 44.83086 curveto
20.56796 46.7595 21.23076 48.68648 21.91818 50.61118 curveto
22.55939 52.40619 23.22157 54.19923 23.91022 55.98985 curveto
24.5496 57.65231 25.21179 59.31265 25.90225 60.96994 curveto
26.54012 62.50107 27.2023 64.02945 27.89551 65.55449 curveto
28.53094 66.95229 29.19221 68.34705 29.88754 69.7377 curveto
30.52084 71.00417 31.18213 72.26697 31.8808 73.52477 curveto
32.51076 74.65851 33.17082 75.78815 33.87283 76.9114 curveto
34.49915 77.91367 35.1586 78.91058 35.86487 79.89946 curveto
36.48753 80.77113 37.14607 81.63641 37.85812 82.49075 curveto
38.47562 83.23169 39.13264 83.96426 39.85046 84.68224 curveto
40.46219 85.29411 41.11737 85.89503 41.8425 86.47513 curveto
42.44905 86.96037 43.10303 87.43071 43.83575 87.87035 curveto
44.43835 88.23184 45.09264 88.57236 45.82779 88.86636 curveto
46.43616 89.10974 47.09775 89.31969 47.82104 89.4644 curveto
48.45526 89.59134 49.12961 89.66354 49.81308 89.66354 curveto
50.49655 89.66354 51.1709 89.59134 51.80511 89.4644 curveto
52.52841 89.31969 53.19 89.10974 53.79837 88.86636 curveto
54.53352 88.57236 55.1878 88.23184 55.7904 87.87035 curveto
56.52313 87.43071 57.17711 86.96037 57.78366 86.47513 curveto
58.50879 85.89503 59.16397 85.29411 59.7757 84.68224 curveto
60.49352 83.96426 61.15054 83.23169 61.76804 82.49075 curveto
62.48009 81.63641 63.13863 80.77113 63.76129 79.89946 curveto
64.46756 78.91058 65.12701 77.91367 65.75333 76.9114 curveto
66.45534 75.78815 67.1154 74.65851 67.74536 73.52477 curveto
68.44403 72.26697 69.10532 71.00417 69.73862 69.7377 curveto
70.43394 68.34705 71.09521 66.95229 71.73065 65.55449 curveto
72.42386 64.02945 73.08604 62.50107 73.7239 60.96994 curveto
74.41437 59.31265 75.07655 57.65231 75.71594 55.98985 curveto
76.40459 54.19923 77.06677 52.40619 77.70798 50.61118 curveto
78.3954 48.68648 79.0582 46.7595 79.70123 44.83086 curveto
80.38683 42.77391 81.04962 40.71498 81.69357 38.6547 curveto
82.37796 36.46489 83.04076 34.27354 83.68561 32.08086 curveto
84.36908 29.7568 85.03249 27.43124 85.67886 25.10446 curveto
86.36111 22.64893 87.02422 20.19202 87.6709 17.73405 curveto
88.35254 15.14383 89.01595 12.55254 89.66415 9.96019 curveto
90.34459 7.23877 91.00859 4.51628 91.65619 1.7929 curveto stroke
newpath 92.41862 5.04631 moveto
91.66663 4.14226 91.38416 2.93692 91.65619 1.7929 curveto
91.38416 2.93692 90.58936 3.8861 89.51091 4.35487 curveto stroke
newpath 10.11525 4.35487 moveto
9.0368 3.8861 8.242 2.93692 7.96997 1.7929 curveto
8.242 2.93692 7.95953 4.14226 7.20753 5.04631 curveto stroke
showpage
%%EOF
