%!PS
%%BoundingBox: -2 -1 92 121 
%%HiResBoundingBox: -1.34816 -0.24907 91.0117 120.17406 
%%Creator: MetaPost 2.000
%%CreationDate: 2017.07.18:1020
%%Pages: 1
%%BeginProlog
%%EndProlog
%%Page: 1 1
 0 0 0 setrgbcolor 0 0.49814 dtransform truncate idtransform setlinewidth pop [] 0 setdash 1 setlinecap
 1 setlinejoin 10 setmiterlimit
newpath 0 9.96262 moveto
89.66354 9.96262 lineto stroke
newpath 84.68224 12.45328 moveto
85.85817 10.88536 87.70366 9.96262 89.66354 9.96262 curveto
87.70366 9.96262 85.85817 9.03987 84.68224 7.47195 curveto stroke
 0.49814 0 dtransform exch truncate exch idtransform pop setlinewidth
newpath 44.83177 0 moveto
44.83177 119.55139 lineto stroke
 0 0.49814 dtransform truncate idtransform setlinewidth pop
newpath 42.34111 114.57008 moveto
43.90903 115.74602 44.83177 117.5915 44.83177 119.55139 curveto
44.83177 117.5915 45.75452 115.74602 47.32243 114.57008 curveto stroke
 0.49814 0 dtransform exch truncate exch idtransform pop setlinewidth
newpath 14.94392 7.9701 moveto
14.94392 11.95514 lineto stroke
newpath 29.88785 7.9701 moveto
29.88785 11.95514 lineto stroke
newpath 59.7757 7.9701 moveto
59.7757 11.95514 lineto stroke
newpath 74.71962 7.9701 moveto
74.71962 11.95514 lineto stroke
 0 0.49814 dtransform truncate idtransform setlinewidth pop
newpath 46.8243 19.92523 moveto
42.83925 19.92523 lineto stroke
newpath 46.8243 29.88785 moveto
42.83925 29.88785 lineto stroke
newpath 46.8243 39.85046 moveto
42.83925 39.85046 lineto stroke
newpath 46.8243 49.81308 moveto
42.83925 49.81308 lineto stroke
newpath 46.8243 59.7757 moveto
42.83925 59.7757 lineto stroke
newpath 46.8243 69.73831 moveto
42.83925 69.73831 lineto stroke
newpath 46.8243 79.70093 moveto
42.83925 79.70093 lineto stroke
newpath 46.8243 89.66354 moveto
42.83925 89.66354 lineto stroke
newpath 46.8243 99.62616 moveto
42.83925 99.62616 lineto stroke
newpath 46.8243 109.58878 moveto
42.83925 109.58878 lineto stroke
newpath 44.83177 31.88037 moveto
44.3033 31.88037 43.79654 31.67041 43.42287 31.29675 curveto
43.04921 30.92308 42.83925 30.41632 42.83925 29.88785 curveto
42.83925 29.35938 43.04921 28.85262 43.42287 28.47894 curveto
43.79654 28.10529 44.3033 27.89532 44.83177 27.89532 curveto
45.36024 27.89532 45.867 28.10529 46.24068 28.47894 curveto
46.61433 28.85262 46.8243 29.35938 46.8243 29.88785 curveto
46.8243 30.41632 46.61433 30.92308 46.24068 31.29675 curveto
45.867 31.67041 45.36024 31.88037 44.83177 31.88037 curveto closepath fill
 0 1.24533 dtransform truncate idtransform setlinewidth pop
newpath 0 119.55139 moveto
0.48958 117.59158 0.98758 115.63269 1.49403 113.67485 curveto
1.98405 111.7798 2.4823 109.88551 2.98943 107.99245 curveto
3.47878 106.16534 3.97655 104.33931 4.48344 102.51434 curveto
4.97256 100.75352 5.47012 98.99391 5.97748 97.23538 curveto
6.46637 95.541 6.96391 93.84767 7.47151 92.15572 curveto
7.96039 90.5261 8.4584 88.89767 8.9669 87.27078 curveto
9.45488 85.70897 9.95265 84.1485 10.46092 82.58957 curveto
10.94868 81.09401 11.44623 79.59999 11.95496 78.10748 curveto
12.44225 76.6782 12.9398 75.25046 13.44899 73.82454 curveto
13.93628 72.46019 14.43428 71.09766 14.94438 69.73709 curveto
15.43076 68.44023 15.92809 67.14536 16.4384 65.8526 curveto
16.9241 64.62201 17.42166 63.3934 17.93243 62.16739 curveto
18.41768 61.00293 18.915 59.84076 19.42647 58.68132 curveto
19.91147 57.58192 20.40926 56.48512 20.92186 55.39136 curveto
21.40573 54.35916 21.90283 53.3297 22.41588 52.30374 curveto
22.89908 51.33751 23.39594 50.37448 23.90991 49.41525 curveto
24.39264 48.51408 24.8902 47.61673 25.4053 46.72363 curveto
25.88667 45.8892 26.38354 45.05873 26.89934 44.23358 curveto
27.37979 43.46498 27.87643 42.70079 28.39337 41.94267 curveto
28.87268 41.2396 29.36932 40.54184 29.88739 39.85107 curveto
30.36624 39.2129 30.86288 38.58066 31.38278 37.95694 curveto
31.85982 37.38443 32.35623 36.81908 32.87682 36.26376 curveto
33.3527 35.75603 33.84889 35.25696 34.37085 34.76973 curveto
34.84583 34.32645 35.34178 33.89336 35.86487 33.47485 curveto
36.33939 33.09511 36.83603 32.72769 37.36026 32.3782 curveto
37.83434 32.062 38.33075 31.761 38.8543 31.48175 curveto
39.3295 31.22833 39.82637 30.99332 40.34833 30.78459 curveto
40.82649 30.59337 41.32451 30.42462 41.84235 30.28659 curveto
42.32645 30.15753 42.82628 30.05568 43.33774 29.98743 curveto
43.82982 29.92175 44.33011 29.88785 44.83177 29.88785 curveto
45.33344 29.88785 45.83372 29.92175 46.3258 29.98743 curveto
46.83727 30.05568 47.3371 30.15753 47.8212 30.28659 curveto
48.33904 30.42462 48.83705 30.59337 49.31522 30.78459 curveto
49.83717 30.99332 50.33405 31.22833 50.80925 31.48175 curveto
51.3328 31.761 51.82921 32.062 52.30328 32.3782 curveto
52.82751 32.72769 53.32416 33.09511 53.79868 33.47485 curveto
54.32176 33.89336 54.81772 34.32645 55.2927 34.76973 curveto
55.81465 35.25696 56.31084 35.75603 56.78673 36.26376 curveto
57.30731 36.81908 57.80373 37.38443 58.28076 37.95694 curveto
58.80066 38.58066 59.2973 39.2129 59.77615 39.85107 curveto
60.29422 40.54184 60.79086 41.2396 61.27017 41.94267 curveto
61.78711 42.70079 62.28375 43.46498 62.7642 44.23358 curveto
63.28 45.05873 63.77687 45.8892 64.25824 46.72363 curveto
64.77335 47.61673 65.2709 48.51408 65.75363 49.41525 curveto
66.26761 50.37448 66.76447 51.33751 67.24767 52.30374 curveto
67.76071 53.3297 68.25781 54.35916 68.74168 55.39136 curveto
69.25429 56.48512 69.75208 57.58192 70.23708 58.68132 curveto
70.74855 59.84076 71.24586 61.00293 71.73111 62.16739 curveto
72.24188 63.3934 72.73944 64.62201 73.22514 65.8526 curveto
73.73546 67.14536 74.23279 68.44023 74.71916 69.73709 curveto
75.22926 71.09766 75.72726 72.46019 76.21455 73.82454 curveto
76.72374 75.25046 77.2213 76.6782 77.70859 78.10748 curveto
78.21732 79.59999 78.71486 81.09401 79.20262 82.58957 curveto
79.71089 84.1485 80.20866 85.70897 80.69664 87.27078 curveto
81.20514 88.89767 81.70316 90.5261 82.19203 92.15572 curveto
82.69963 93.84767 83.19717 95.541 83.68607 97.23538 curveto
84.19342 98.99391 84.69098 100.75352 85.1801 102.51434 curveto
85.687 104.33931 86.18477 106.16534 86.67412 107.99245 curveto
87.18124 109.88551 87.67949 111.7798 88.16951 113.67485 curveto
88.67596 115.63269 89.17397 117.59158 89.66354 119.55139 curveto stroke
newpath 87.48935 117.0139 moveto
88.57304 117.47041 89.37856 118.41052 89.66354 119.55139 curveto
89.37856 118.41052 89.64732 117.20204 90.38904 116.28954 curveto stroke
newpath -0.7255 116.28954 moveto
0.01622 117.20204 0.28499 118.41052 0 119.55139 curveto
0.28499 118.41052 1.0905 117.47041 2.1742 117.0139 curveto stroke
showpage
%%EOF
