%!PS
%%BoundingBox: -1 -1 150 150 
%%HiResBoundingBox: -0.24907 -0.24907 149.68831 149.68831 
%%Creator: MetaPost 2.000
%%CreationDate: 2017.07.18:1020
%%Pages: 1
%%BeginProlog
%%EndProlog
%%Page: 1 1
 0 0 0 setrgbcolor 0 0.49814 dtransform truncate idtransform setlinewidth pop [] 0 setdash 1 setlinecap
 1 setlinejoin 10 setmiterlimit
newpath 0 74.71962 moveto
149.43924 74.71962 lineto stroke
newpath 144.45793 77.21028 moveto
145.63387 75.64236 147.47935 74.71962 149.43924 74.71962 curveto
147.47935 74.71962 145.63387 73.79688 144.45793 72.22896 curveto stroke
 0.49814 0 dtransform exch truncate exch idtransform pop setlinewidth
newpath 74.71962 0 moveto
74.71962 149.43924 lineto stroke
 0 0.49814 dtransform truncate idtransform setlinewidth pop
newpath 72.22896 144.45793 moveto
73.79688 145.63387 74.71962 147.47935 74.71962 149.43924 curveto
74.71962 147.47935 75.64236 145.63387 77.21028 144.45793 curveto stroke
 0.49814 0 dtransform exch truncate exch idtransform pop setlinewidth
newpath 14.94392 72.7271 moveto
14.94392 76.71214 lineto stroke
newpath 29.88785 72.7271 moveto
29.88785 76.71214 lineto stroke
newpath 44.83177 72.7271 moveto
44.83177 76.71214 lineto stroke
newpath 59.7757 72.7271 moveto
59.7757 76.71214 lineto stroke
newpath 89.66354 72.7271 moveto
89.66354 76.71214 lineto stroke
newpath 104.60747 72.7271 moveto
104.60747 76.71214 lineto stroke
newpath 119.55139 72.7271 moveto
119.55139 76.71214 lineto stroke
newpath 134.49532 72.7271 moveto
134.49532 76.71214 lineto stroke
 0 0.49814 dtransform truncate idtransform setlinewidth pop
newpath 76.71214 14.94392 moveto
72.7271 14.94392 lineto stroke
newpath 76.71214 29.88785 moveto
72.7271 29.88785 lineto stroke
newpath 76.71214 44.83177 moveto
72.7271 44.83177 lineto stroke
newpath 76.71214 59.7757 moveto
72.7271 59.7757 lineto stroke
newpath 76.71214 89.66354 moveto
72.7271 89.66354 lineto stroke
newpath 76.71214 104.60747 moveto
72.7271 104.60747 lineto stroke
newpath 76.71214 119.55139 moveto
72.7271 119.55139 lineto stroke
newpath 76.71214 134.49532 moveto
72.7271 134.49532 lineto stroke
 0 1.24533 dtransform truncate idtransform setlinewidth pop
newpath 65.75317 10.16107 moveto
66.23888 14.2464 66.73688 18.33011 67.24721 22.41223 curveto
67.73335 26.30077 68.23091 30.1877 68.74214 34.07281 curveto
69.22739 37.75977 69.72447 41.44513 70.23618 45.12866 curveto
70.72095 48.61884 71.2185 52.10718 71.73111 55.59325 curveto
72.21475 58.8823 72.71185 62.16928 73.22514 65.45378 curveto
73.7081 68.54445 74.2052 71.63283 74.71939 74.71825 curveto
75.20166 77.61122 75.69876 80.50168 76.21432 83.38895 curveto
76.695 86.08125 77.19188 88.77083 77.70836 91.45651 curveto
78.1879 93.95021 78.68454 96.4407 79.2024 98.92688 curveto
79.68079 101.22356 80.17743 103.51613 80.69733 105.8037 curveto
81.1739 107.90039 81.66986 109.99254 82.19136 112.07852 curveto
82.66634 113.97821 83.1623 115.87265 83.6863 117.75934 curveto
84.15854 119.45995 84.65381 121.15419 85.18033 122.83885 curveto
85.65005 124.34222 86.14464 125.83784 86.67435 127.32115 curveto
87.14134 128.62866 87.63525 129.92659 88.16928 131.20808 curveto
88.63242 132.31949 89.12517 133.41835 89.66354 134.49532 curveto
90.12233 135.41312 90.61372 136.31451 91.15758 137.18466 curveto
91.61249 137.91252 92.10297 138.61803 92.65251 139.27748 curveto
93.10446 139.81973 93.59517 140.3305 94.14655 140.77151 curveto
94.60281 141.13658 95.099 141.45148 95.64148 141.66856 curveto
96.11714 141.85896 96.62291 141.96729 97.13551 141.96729 curveto
97.6481 141.96729 98.15387 141.85896 98.62953 141.66856 curveto
99.17201 141.45148 99.6682 141.13658 100.12447 140.77151 curveto
100.67584 140.3305 101.16655 139.81973 101.6185 139.27748 curveto
102.16805 138.61803 102.65852 137.91252 103.11343 137.18466 curveto
103.65729 136.31451 104.14868 135.41312 104.60747 134.49532 curveto
105.14584 133.41835 105.6386 132.31949 106.10173 131.20808 curveto
106.63576 129.92659 107.12967 128.62866 107.59666 127.32115 curveto
108.12637 125.83784 108.62096 124.34222 109.09068 122.83885 curveto
109.6172 121.15419 110.11247 119.45995 110.58472 117.75934 curveto
111.10872 115.87265 111.60468 113.97821 112.07965 112.07852 curveto
112.60115 109.99254 113.0971 107.90039 113.57368 105.8037 curveto
114.09358 103.51613 114.59023 101.22356 115.06862 98.92688 curveto
115.58647 96.4407 116.08311 93.95021 116.56265 91.45651 curveto
117.07913 88.77083 117.576 86.08125 118.05669 83.38895 curveto
118.57225 80.50168 119.06935 77.61122 119.55162 74.71825 curveto
120.06581 71.63283 120.56291 68.54445 121.04587 65.45378 curveto
121.55916 62.16928 122.05626 58.8823 122.5399 55.59325 curveto
123.0525 52.10718 123.55006 48.61884 124.03484 45.12866 curveto
124.54654 41.44513 125.04362 37.75977 125.52887 34.07281 curveto
126.0401 30.1877 126.53766 26.30077 127.0238 22.41223 curveto
127.53413 18.33011 128.03214 14.2464 128.51784 10.16107 curveto stroke
newpath 129.64896 13.30539 moveto
128.79807 12.49371 128.37901 11.32878 128.51784 10.16107 curveto
128.37901 11.32878 127.69852 12.36298 126.68103 12.95255 curveto stroke
newpath 67.58998 12.95255 moveto
66.5725 12.36298 65.892 11.32878 65.75317 10.16107 curveto
65.892 11.32878 65.47295 12.49371 64.62206 13.30539 curveto stroke
newpath 74.71962 76.71214 moveto
74.19115 76.71214 73.68439 76.50218 73.31071 76.12852 curveto
72.93706 75.75485 72.7271 75.2481 72.7271 74.71962 curveto
72.7271 74.19115 72.93706 73.68439 73.31071 73.31071 curveto
73.68439 72.93706 74.19115 72.7271 74.71962 72.7271 curveto
75.2481 72.7271 75.75485 72.93706 76.12852 73.31071 curveto
76.50218 73.68439 76.71214 74.19115 76.71214 74.71962 curveto
76.71214 75.2481 76.50218 75.75485 76.12852 76.12852 curveto
75.75485 76.50218 75.2481 76.71214 74.71962 76.71214 curveto closepath fill
newpath 119.55139 76.71214 moveto
119.02292 76.71214 118.51616 76.50218 118.14249 76.12852 curveto
117.76883 75.75485 117.55887 75.2481 117.55887 74.71962 curveto
117.55887 74.19115 117.76883 73.68439 118.14249 73.31071 curveto
118.51616 72.93706 119.02292 72.7271 119.55139 72.7271 curveto
120.07986 72.7271 120.58662 72.93706 120.9603 73.31071 curveto
121.33395 73.68439 121.54391 74.19115 121.54391 74.71962 curveto
121.54391 75.2481 121.33395 75.75485 120.9603 76.12852 curveto
120.58662 76.50218 120.07986 76.71214 119.55139 76.71214 curveto closepath fill
newpath 112.07944 114.07196 moveto
111.55096 114.07196 111.0442 113.862 110.67053 113.48834 curveto
110.29688 113.11467 110.08691 112.60791 110.08691 112.07944 curveto
110.08691 111.55096 110.29688 111.0442 110.67053 110.67053 curveto
111.0442 110.29688 111.55096 110.08691 112.07944 110.08691 curveto
112.60791 110.08691 113.11467 110.29688 113.48834 110.67053 curveto
113.862 111.0442 114.07196 111.55096 114.07196 112.07944 curveto
114.07196 112.60791 113.862 113.11467 113.48834 113.48834 curveto
113.11467 113.862 112.60791 114.07196 112.07944 114.07196 curveto closepath fill
showpage
%%EOF
