%!PS
%%BoundingBox: -1 -1 90 108 
%%HiResBoundingBox: -0.24907 -0.24907 89.91261 107.84532 
%%Creator: MetaPost 2.000
%%CreationDate: 2017.07.18:1020
%%Pages: 1
%%BeginProlog
%%EndProlog
%%Page: 1 1
 0 0 0 setrgbcolor 0 0.49814 dtransform truncate idtransform setlinewidth pop [] 0 setdash 1 setlinecap
 1 setlinejoin 10 setmiterlimit
newpath 0 17.93271 moveto
89.66354 17.93271 lineto stroke
newpath 84.68224 20.42337 moveto
85.85817 18.85545 87.70366 17.93271 89.66354 17.93271 curveto
87.70366 17.93271 85.85817 17.00996 84.68224 15.44205 curveto stroke
 0.49814 0 dtransform exch truncate exch idtransform pop setlinewidth
newpath 53.79813 0 moveto
53.79813 107.59625 lineto stroke
 0 0.49814 dtransform truncate idtransform setlinewidth pop
newpath 51.30746 102.61494 moveto
52.87538 103.79088 53.79813 105.63637 53.79813 107.59625 curveto
53.79813 105.63637 54.72087 103.79088 56.28879 102.61494 curveto stroke
 0.49814 0 dtransform exch truncate exch idtransform pop setlinewidth
newpath 17.93271 15.94019 moveto
17.93271 19.92523 lineto stroke
newpath 35.86542 15.94019 moveto
35.86542 19.92523 lineto stroke
newpath 71.73083 15.94019 moveto
71.73083 19.92523 lineto stroke
 0 0.49814 dtransform truncate idtransform setlinewidth pop
newpath 55.79065 35.86542 moveto
51.8056 35.86542 lineto stroke
newpath 55.79065 53.79813 moveto
51.8056 53.79813 lineto stroke
newpath 55.79065 71.73083 moveto
51.8056 71.73083 lineto stroke
newpath 55.79065 89.66354 moveto
51.8056 89.66354 lineto stroke
newpath 53.79813 37.85794 moveto
53.26965 37.85794 52.7629 37.64798 52.38922 37.27432 curveto
52.01556 36.90065 51.8056 36.39389 51.8056 35.86542 curveto
51.8056 35.33694 52.01556 34.83018 52.38922 34.45651 curveto
52.7629 34.08286 53.26965 33.8729 53.79813 33.8729 curveto
54.3266 33.8729 54.83336 34.08286 55.20703 34.45651 curveto
55.58069 34.83018 55.79065 35.33694 55.79065 35.86542 curveto
55.79065 36.39389 55.58069 36.90065 55.20703 37.27432 curveto
54.83336 37.64798 54.3266 37.85794 53.79813 37.85794 curveto closepath fill
newpath 44.83177 33.37477 moveto
44.3033 33.37477 43.79654 33.16481 43.42287 32.79115 curveto
43.04921 32.41748 42.83925 31.91072 42.83925 31.38225 curveto
42.83925 30.85378 43.04921 30.34702 43.42287 29.97334 curveto
43.79654 29.59969 44.3033 29.38972 44.83177 29.38972 curveto
45.36024 29.38972 45.867 29.59969 46.24068 29.97334 curveto
46.61433 30.34702 46.8243 30.85378 46.8243 31.38225 curveto
46.8243 31.91072 46.61433 32.41748 46.24068 32.79115 curveto
45.867 33.16481 45.36024 33.37477 44.83177 33.37477 curveto closepath fill
 0 1.24533 dtransform truncate idtransform setlinewidth pop
newpath 8.96635 103.11308 moveto
9.5492 100.77873 10.1468 98.44794 10.75919 96.12097 curveto
11.34258 93.90456 11.93964 91.6917 12.55312 89.48349 curveto
13.1354 87.38748 13.7322 85.29556 14.34595 83.20857 curveto
14.92769 81.2305 15.52475 79.25652 16.13988 77.28856 curveto
16.72052 75.4306 17.31703 73.57758 17.93271 71.73083 curveto
18.51253 69.99164 19.10905 68.25818 19.72554 66.53157 curveto
20.30455 64.91002 20.90134 63.29506 21.51947 61.68802 curveto
22.0971 60.18605 22.69334 58.69121 23.3123 57.20593 curveto
23.88911 55.82162 24.48564 54.44527 25.10623 53.07985 curveto
25.6814 51.8143 26.27737 50.55833 26.89906 49.31496 curveto
27.47314 48.16734 28.06856 47.0304 28.6919 45.90851 curveto
29.26488 44.87747 29.86058 43.85928 30.48582 42.85889 curveto
31.0569 41.94496 31.65231 41.04663 32.27866 40.16965 curveto
32.8489 39.37119 33.4446 38.59134 34.07259 37.83748 curveto
34.64146 37.15477 35.2369 36.49394 35.86542 35.86542 curveto
36.4343 35.29654 37.03 34.75447 37.65825 34.25182 curveto
38.22878 33.7954 38.82556 33.37209 39.45218 32.99612 curveto
40.02599 32.65189 40.6236 32.34816 41.24501 32.0997 curveto
41.82593 31.86739 42.42546 31.68405 43.03894 31.56146 curveto
43.62944 31.44325 44.22978 31.38225 44.83177 31.38225 curveto
45.43376 31.38225 46.0341 31.44325 46.6246 31.56146 curveto
47.23808 31.68405 47.83762 31.86739 48.41853 32.0997 curveto
49.03995 32.34816 49.63756 32.65189 50.21136 32.99612 curveto
50.83798 33.37209 51.43477 33.7954 52.0053 34.25182 curveto
52.63354 34.75447 53.22925 35.29654 53.79813 35.86542 curveto
54.42665 36.49394 55.02208 37.15477 55.59096 37.83748 curveto
56.21895 38.59134 56.81464 39.37119 57.38489 40.16965 curveto
58.01123 41.04663 58.60664 41.94496 59.17772 42.85889 curveto
59.80296 43.85928 60.39867 44.87747 60.97165 45.90851 curveto
61.59499 47.0304 62.1904 48.16734 62.76448 49.31496 curveto
63.38617 50.55833 63.98215 51.8143 64.55731 53.07985 curveto
65.1779 54.44527 65.77443 55.82162 66.35124 57.20593 curveto
66.9702 58.69121 67.56644 60.18605 68.14407 61.68802 curveto
68.7622 63.29506 69.359 64.91002 69.938 66.53157 curveto
70.55449 68.25818 71.15102 69.99164 71.73083 71.73083 curveto
72.34651 73.57758 72.94302 75.4306 73.52367 77.28856 curveto
74.1388 79.25652 74.73586 81.2305 75.3176 83.20857 curveto
75.93135 85.29556 76.52814 87.38748 77.11043 89.48349 curveto
77.7239 91.6917 78.32097 93.90456 78.90436 96.12097 curveto
79.51674 98.44794 80.11435 100.77873 80.69719 103.11308 curveto stroke
newpath 78.52327 100.57533 moveto
79.60692 101.03198 80.41232 101.97217 80.69719 103.11308 curveto
80.41232 101.97217 80.68123 100.76373 81.42305 99.8513 curveto stroke
newpath 8.2405 99.8513 moveto
8.98232 100.76373 9.25122 101.97217 8.96635 103.11308 curveto
9.25122 101.97217 10.05663 101.03198 11.14027 100.57533 curveto stroke
showpage
%%EOF
