%!PS
%%BoundingBox: -2 -1 92 100 
%%HiResBoundingBox: -1.34816 -0.62267 91.0117 99.87523 
%%Creator: MetaPost 2.000
%%CreationDate: 2017.07.18:1020
%%Pages: 1
%%BeginProlog
%%EndProlog
%%Page: 1 1
 0 0 0 setrgbcolor 0 0.49814 dtransform truncate idtransform setlinewidth pop [] 0 setdash 1 setlinecap
 1 setlinejoin 10 setmiterlimit
newpath 0 89.66354 moveto
89.66354 89.66354 lineto stroke
newpath 84.68224 92.1542 moveto
85.85817 90.58629 87.70366 89.66354 89.66354 89.66354 curveto
87.70366 89.66354 85.85817 88.7408 84.68224 87.17288 curveto stroke
 0.49814 0 dtransform exch truncate exch idtransform pop setlinewidth
newpath 74.71962 0 moveto
74.71962 99.62616 lineto stroke
 0 0.49814 dtransform truncate idtransform setlinewidth pop
newpath 72.22896 94.64485 moveto
73.79688 95.82079 74.71962 97.66628 74.71962 99.62616 curveto
74.71962 97.66628 75.64236 95.82079 77.21028 94.64485 curveto stroke
 0.49814 0 dtransform exch truncate exch idtransform pop setlinewidth
newpath 14.94392 87.67102 moveto
14.94392 91.65607 lineto stroke
newpath 29.88785 87.67102 moveto
29.88785 91.65607 lineto stroke
newpath 44.83177 87.67102 moveto
44.83177 91.65607 lineto stroke
newpath 59.7757 87.67102 moveto
59.7757 91.65607 lineto stroke
 0 0.49814 dtransform truncate idtransform setlinewidth pop
newpath 76.71214 9.96262 moveto
72.7271 9.96262 lineto stroke
newpath 76.71214 19.92523 moveto
72.7271 19.92523 lineto stroke
newpath 76.71214 29.88785 moveto
72.7271 29.88785 lineto stroke
newpath 76.71214 39.85046 moveto
72.7271 39.85046 lineto stroke
newpath 76.71214 49.81308 moveto
72.7271 49.81308 lineto stroke
newpath 76.71214 59.7757 moveto
72.7271 59.7757 lineto stroke
newpath 76.71214 69.73831 moveto
72.7271 69.73831 lineto stroke
newpath 76.71214 79.70093 moveto
72.7271 79.70093 lineto stroke
newpath 44.83177 91.65607 moveto
44.3033 91.65607 43.79654 91.4461 43.42287 91.07245 curveto
43.04921 90.69878 42.83925 90.19202 42.83925 89.66354 curveto
42.83925 89.13507 43.04921 88.62831 43.42287 88.25464 curveto
43.79654 87.88098 44.3033 87.67102 44.83177 87.67102 curveto
45.36024 87.67102 45.867 87.88098 46.24068 88.25464 curveto
46.61433 88.62831 46.8243 89.13507 46.8243 89.66354 curveto
46.8243 90.19202 46.61433 90.69878 46.24068 91.07245 curveto
45.867 91.4461 45.36024 91.65607 44.83177 91.65607 curveto closepath fill
newpath 74.71962 51.8056 moveto
74.19115 51.8056 73.68439 51.59564 73.31071 51.22198 curveto
72.93706 50.84831 72.7271 50.34155 72.7271 49.81308 curveto
72.7271 49.2846 72.93706 48.77785 73.31071 48.40417 curveto
73.68439 48.03052 74.19115 47.82056 74.71962 47.82056 curveto
75.2481 47.82056 75.75485 48.03052 76.12852 48.40417 curveto
76.50218 48.77785 76.71214 49.2846 76.71214 49.81308 curveto
76.71214 50.34155 76.50218 50.84831 76.12852 51.22198 curveto
75.75485 51.59564 75.2481 51.8056 74.71962 51.8056 curveto closepath fill
 0 1.24533 dtransform truncate idtransform setlinewidth pop
newpath 0 0 moveto
0.48958 1.95981 0.98758 3.9187 1.49403 5.87654 curveto
1.98405 7.77159 2.4823 9.66588 2.98943 11.55894 curveto
3.47878 13.38605 3.97655 15.21208 4.48344 17.03705 curveto
4.97256 18.79787 5.47012 20.55748 5.97748 22.31601 curveto
6.46637 24.01039 6.96391 25.70372 7.47151 27.39568 curveto
7.96039 29.0253 8.4584 30.65372 8.9669 32.28061 curveto
9.45488 33.84242 9.95265 35.4029 10.46092 36.96182 curveto
10.94868 38.45738 11.44623 39.9514 11.95496 41.44391 curveto
12.44225 42.87318 12.9398 44.30093 13.44899 45.72685 curveto
13.93628 47.0912 14.43428 48.45374 14.94438 49.8143 curveto
15.43076 51.11116 15.92809 52.40604 16.4384 53.69879 curveto
16.9241 54.92938 17.42166 56.15799 17.93243 57.384 curveto
18.41768 58.54846 18.915 59.71063 19.42647 60.87007 curveto
19.91147 61.96947 20.40926 63.06627 20.92186 64.16003 curveto
21.40573 65.19223 21.90283 66.2217 22.41588 67.24765 curveto
22.89908 68.21388 23.39594 69.17691 23.90991 70.13614 curveto
24.39264 71.03731 24.8902 71.93466 25.4053 72.82776 curveto
25.88667 73.66219 26.38354 74.49266 26.89934 75.31781 curveto
27.37979 76.08641 27.87643 76.8506 28.39337 77.60872 curveto
28.87268 78.3118 29.36932 79.00955 29.88739 79.70032 curveto
30.36624 80.33849 30.86288 80.97073 31.38278 81.59445 curveto
31.85982 82.16696 32.35623 82.73232 32.87682 83.28763 curveto
33.3527 83.79536 33.84889 84.29443 34.37085 84.78166 curveto
34.84583 85.22495 35.34178 85.65804 35.86487 86.07654 curveto
36.33939 86.45628 36.83603 86.8237 37.36026 87.17319 curveto
37.83434 87.4894 38.33075 87.79039 38.8543 88.06964 curveto
39.3295 88.32306 39.82637 88.55807 40.34833 88.7668 curveto
40.82649 88.95802 41.32451 89.12677 41.84235 89.2648 curveto
42.32645 89.39386 42.82628 89.49571 43.33774 89.56396 curveto
43.82982 89.62964 44.33011 89.66354 44.83177 89.66354 curveto
45.33344 89.66354 45.83372 89.62964 46.3258 89.56396 curveto
46.83727 89.49571 47.3371 89.39386 47.8212 89.2648 curveto
48.33904 89.12677 48.83705 88.95802 49.31522 88.7668 curveto
49.83717 88.55807 50.33405 88.32306 50.80925 88.06964 curveto
51.3328 87.79039 51.82921 87.4894 52.30328 87.17319 curveto
52.82751 86.8237 53.32416 86.45628 53.79868 86.07654 curveto
54.32176 85.65804 54.81772 85.22495 55.2927 84.78166 curveto
55.81465 84.29443 56.31084 83.79536 56.78673 83.28763 curveto
57.30731 82.73232 57.80373 82.16696 58.28076 81.59445 curveto
58.80066 80.97073 59.2973 80.33849 59.77615 79.70032 curveto
60.29422 79.00955 60.79086 78.3118 61.27017 77.60872 curveto
61.78711 76.8506 62.28375 76.08641 62.7642 75.31781 curveto
63.28 74.49266 63.77687 73.66219 64.25824 72.82776 curveto
64.77335 71.93466 65.2709 71.03731 65.75363 70.13614 curveto
66.26761 69.17691 66.76447 68.21388 67.24765 67.24765 curveto
67.76071 66.2217 68.25781 65.19223 68.74168 64.16003 curveto
69.25429 63.06627 69.75208 61.96947 70.23708 60.87007 curveto
70.74855 59.71063 71.24586 58.54846 71.73111 57.384 curveto
72.24188 56.15799 72.73944 54.92938 73.22514 53.69879 curveto
73.73546 52.40604 74.23279 51.11116 74.71916 49.8143 curveto
75.22926 48.45374 75.72726 47.0912 76.21455 45.72685 curveto
76.72374 44.30093 77.2213 42.87318 77.70859 41.44391 curveto
78.21732 39.9514 78.71486 38.45738 79.20262 36.96182 curveto
79.71089 35.4029 80.20866 33.84242 80.69664 32.28061 curveto
81.20514 30.65372 81.70316 29.0253 82.19203 27.39568 curveto
82.69963 25.70372 83.19717 24.01039 83.68607 22.31601 curveto
84.19342 20.55748 84.69098 18.79787 85.1801 17.03705 curveto
85.687 15.21208 86.18477 13.38605 86.67412 11.55894 curveto
87.18124 9.66588 87.67949 7.77159 88.16951 5.87654 curveto
88.67596 3.9187 89.17397 1.95981 89.66354 0 curveto stroke
newpath 90.38904 3.26186 moveto
89.64732 2.34935 89.37856 1.14087 89.66354 0 curveto
89.37856 1.14087 88.57304 2.08098 87.48935 2.53749 curveto stroke
newpath 2.1742 2.53749 moveto
1.0905 2.08098 0.28499 1.14087 0 0 curveto
0.28499 1.14087 0.01622 2.34935 -0.7255 3.26186 curveto stroke
showpage
%%EOF
