%!PS
%%BoundingBox: -1 -1 202 140 
%%HiResBoundingBox: -0.24907 -0.24907 201.99205 139.7257 
%%Creator: MetaPost 2.000
%%CreationDate: 2017.07.18:1020
%%Pages: 1
%%BeginProlog
%%EndProlog
%%Page: 1 1
 0 0 0 setrgbcolor 0 0.49814 dtransform truncate idtransform setlinewidth pop [] 0 setdash 1 setlinecap
 1 setlinejoin 10 setmiterlimit
newpath 0 19.92523 moveto
201.74298 19.92523 lineto stroke
newpath 196.76167 22.4159 moveto
197.9376 20.84798 199.7831 19.92523 201.74298 19.92523 curveto
199.7831 19.92523 197.9376 19.00249 196.76167 17.43457 curveto stroke
 0.49814 0 dtransform exch truncate exch idtransform pop setlinewidth
newpath 14.94392 0 moveto
14.94392 139.47662 lineto stroke
 0 0.49814 dtransform truncate idtransform setlinewidth pop
newpath 12.45326 134.49532 moveto
14.02118 135.67125 14.94392 137.51674 14.94392 139.47662 curveto
14.94392 137.51674 15.86667 135.67125 17.43459 134.49532 curveto stroke
 0.49814 0 dtransform exch truncate exch idtransform pop setlinewidth
newpath 29.88785 17.93271 moveto
29.88785 21.91776 lineto stroke
newpath 44.83177 17.93271 moveto
44.83177 21.91776 lineto stroke
newpath 59.7757 17.93271 moveto
59.7757 21.91776 lineto stroke
newpath 74.71962 17.93271 moveto
74.71962 21.91776 lineto stroke
newpath 89.66354 17.93271 moveto
89.66354 21.91776 lineto stroke
newpath 104.60747 17.93271 moveto
104.60747 21.91776 lineto stroke
newpath 119.55139 17.93271 moveto
119.55139 21.91776 lineto stroke
newpath 134.49532 17.93271 moveto
134.49532 21.91776 lineto stroke
newpath 149.43924 17.93271 moveto
149.43924 21.91776 lineto stroke
newpath 164.38316 17.93271 moveto
164.38316 21.91776 lineto stroke
 0 0.49814 dtransform truncate idtransform setlinewidth pop
newpath 16.93645 39.85046 moveto
12.9514 39.85046 lineto stroke
newpath 16.93645 59.7757 moveto
12.9514 59.7757 lineto stroke
newpath 16.93645 79.70093 moveto
12.9514 79.70093 lineto stroke
newpath 16.93645 99.62616 moveto
12.9514 99.62616 lineto stroke
newpath 16.93645 119.55139 moveto
12.9514 119.55139 lineto stroke
 0 1.24533 dtransform truncate idtransform setlinewidth pop
newpath 14.94392 16.93657 moveto
15.43874 18.05846 15.93698 19.17761 16.4384 20.29402 curveto
16.93323 21.39584 17.43146 22.49524 17.93289 23.59189 curveto
18.4277 24.67395 18.92595 25.75328 19.42737 26.82986 curveto
19.9222 27.89217 20.4202 28.95172 20.92186 30.00824 curveto
21.41667 31.05048 21.91469 32.09027 22.41634 33.12672 curveto
22.91116 34.1492 23.40916 35.16862 23.91083 36.18532 curveto
24.40564 37.18803 24.90366 38.1877 25.4053 39.18433 curveto
25.90013 40.16727 26.39813 41.14687 26.8998 42.12343 curveto
27.39438 43.0863 27.89262 44.04614 28.39427 45.00264 curveto
28.88887 45.94576 29.3871 46.88583 29.88876 47.82227 curveto
30.38335 48.74562 30.88159 49.66562 31.38324 50.58199 curveto
31.87784 51.48558 32.37607 52.38551 32.87773 53.28212 curveto
33.37231 54.16565 33.87033 55.04582 34.37221 55.92236 curveto
34.8668 56.78612 35.3648 57.64624 35.8667 58.5027 curveto
36.36037 59.34518 36.8577 60.18433 37.35867 61.0192 curveto
37.85326 61.84344 38.35127 62.66373 38.85315 63.48006 curveto
39.34775 64.28453 39.84575 65.08505 40.34764 65.88133 curveto
40.84222 66.66605 41.34024 67.4465 41.84212 68.2227 curveto
42.33672 68.98735 42.83472 69.74805 43.33661 70.50418 curveto
43.83119 71.24905 44.32921 71.98999 44.83109 72.72606 curveto
45.32545 73.45119 45.82368 74.17206 46.32558 74.88806 curveto
46.81993 75.59341 47.31818 76.29453 47.82005 76.99046 curveto
48.31442 77.67606 48.81265 78.35709 49.31454 79.03296 curveto
49.8089 79.6988 50.30714 80.35977 50.80902 81.01558 curveto
51.30339 81.66165 51.80162 82.30286 52.30351 82.9386 curveto
52.79787 83.56491 53.2961 84.18605 53.79799 84.80173 curveto
54.29234 85.40826 54.79059 86.00935 55.29248 86.60495 curveto
55.78706 87.19174 56.28506 87.77306 56.78696 88.34859 curveto
57.28154 88.91562 57.77956 89.47687 58.28143 90.03233 curveto
58.77603 90.5796 59.27403 91.12079 59.77592 91.65619 curveto
60.27051 92.18369 60.76852 92.70511 61.2704 93.22044 curveto
61.765 93.72818 62.26323 94.22984 62.7649 94.72481 curveto
63.25948 95.21278 63.75772 95.69469 64.25937 96.16959 curveto
64.75397 96.6378 65.2522 97.09962 65.75386 97.55446 curveto
66.24867 98.00291 66.74669 98.44469 67.24834 98.87946 curveto
67.74316 99.30814 68.24117 99.73013 68.74283 100.14484 curveto
69.23764 100.55408 69.73589 100.9557 70.2373 101.35034 curveto
70.73236 101.7398 71.23036 102.12198 71.7318 102.49625 curveto
72.22684 102.86595 72.72507 103.22775 73.22627 103.58195 curveto
73.72154 103.9319 74.21956 104.27425 74.72076 104.60838 curveto
75.21603 104.93857 75.71404 105.26053 76.21524 105.5746 curveto
76.71051 105.88503 77.20876 106.18724 77.70973 106.48123 curveto
78.20432 106.77129 78.70164 107.05313 79.20148 107.32645 curveto
79.69698 107.59735 80.1952 107.85973 80.69595 108.1136 curveto
81.19168 108.36473 81.68993 108.60765 82.19044 108.84116 curveto
82.68617 109.07253 83.18463 109.29507 83.68492 109.50851 curveto
84.18088 109.72012 84.67935 109.92291 85.17941 110.11627 curveto
85.6756 110.30812 86.17383 110.49115 86.67389 110.66444 curveto
87.1703 110.83653 87.66855 110.9995 88.16838 111.15273 curveto
88.66502 111.30505 89.16325 111.44795 89.66286 111.58112 curveto
90.15973 111.71367 90.65796 111.8365 91.15735 111.9499 curveto
91.6542 112.06271 92.15268 112.16547 92.65182 112.2588 curveto
93.14893 112.35155 93.64738 112.43454 94.14632 112.50781 curveto
94.64363 112.58078 95.1421 112.64403 95.6408 112.69724 curveto
96.13835 112.75043 96.63681 112.79361 97.13528 112.82675 curveto
97.63306 112.8599 98.13153 112.883 98.62976 112.89638 curveto
99.128 112.90974 99.62624 112.91309 100.12447 112.9064 curveto
100.62271 112.89972 101.12094 112.883 101.61896 112.85654 curveto
102.11742 112.82979 102.61566 112.7933 103.11343 112.74678 curveto
103.61214 112.70027 104.11037 112.64372 104.60793 112.57744 curveto
105.10684 112.51085 105.60509 112.43454 106.1024 112.34819 curveto
106.60156 112.26155 107.0998 112.16547 107.5969 112.05936 curveto
108.09627 111.95296 108.59451 111.8365 109.09137 111.71063 curveto
109.59097 111.58415 110.08922 111.44765 110.58586 111.30202 curveto
111.0857 111.15547 111.58392 110.99919 112.08034 110.8338 curveto
112.58017 110.66719 113.07864 110.49115 113.57483 110.3057 curveto
114.07489 110.11902 114.57312 109.92291 115.0693 109.71768 curveto
115.5696 109.51094 116.06784 109.29507 116.5638 109.0701 curveto
117.06432 108.84328 117.56255 108.60735 118.05827 108.36261 curveto
118.55879 108.11572 119.05727 107.85973 119.55276 107.59552 curveto
120.0526 107.32889 120.54991 107.05373 121.04451 106.77007 curveto
121.54549 106.48276 122.04372 106.18724 122.53899 105.8835 curveto
123.03996 105.57613 123.53821 105.26053 124.03348 104.93704 curveto
124.53468 104.60959 125.03268 104.27394 125.52795 103.93068 curveto
126.02916 103.58318 126.52739 103.22775 127.02245 102.86475 curveto
127.52386 102.49716 128.02188 102.12167 128.51692 101.73889 curveto
129.01836 101.35095 129.51659 100.9557 130.01141 100.55316 curveto
130.51283 100.14514 131.01108 99.73013 131.50589 99.30783 curveto
132.00755 98.87976 132.50555 98.44469 133.00038 98.00261 curveto
133.50203 97.55446 134.00027 97.09962 134.49486 96.6378 curveto
134.99652 96.16959 135.49475 95.69469 135.98935 95.21309 curveto
136.49123 94.72481 136.98924 94.22984 137.48383 93.72849 curveto
137.98572 93.22014 138.48372 92.70511 138.97832 92.1843 curveto
139.4802 91.65558 139.97821 91.12079 140.4728 90.58022 curveto
140.97469 90.03143 141.47269 89.47656 141.96729 88.91623 curveto
142.46916 88.34738 142.96718 87.77275 143.46176 87.19266 curveto
143.96365 86.60373 144.46165 86.00905 144.95624 85.40918 curveto
145.45813 84.8002 145.95638 84.18575 146.45073 83.56612 curveto
146.95262 82.93707 147.45085 82.30255 147.9452 81.66316 curveto
148.4471 81.01405 148.94533 80.35947 149.4397 79.70032 curveto
149.94157 79.03114 150.43982 78.3568 150.93417 77.67789 curveto
151.43607 76.98863 151.9343 76.29453 152.42867 75.59555 curveto
152.93054 74.88623 153.42879 74.17206 153.92314 73.45331 curveto
154.42503 72.72394 154.92326 71.98999 155.41763 71.2515 curveto
155.91951 70.50204 156.41753 69.74805 156.91211 68.98978 curveto
157.414 68.22026 157.912 67.4462 158.4066 66.66817 curveto
158.90848 65.87859 159.4065 65.08475 159.90108 64.28697 curveto
160.40297 63.47733 160.90097 62.66342 161.39557 61.84587 curveto
161.89655 61.01768 162.39386 60.18553 162.88754 59.34944 curveto
163.38942 58.49966 163.88744 57.64624 164.38202 56.78886 curveto
164.88391 55.919 165.38191 55.04582 165.87651 54.16869 curveto
166.37839 53.27878 166.8764 52.38551 167.37099 51.48862 curveto
167.87265 50.57864 168.37088 49.66531 168.86548 48.74866 curveto
169.36713 47.81891 169.86537 46.88553 170.35995 45.9491 curveto
170.86162 44.9993 171.35985 44.04614 171.85445 43.08965 curveto
172.3561 42.11978 172.85411 41.14656 173.34892 40.1703 curveto
173.85059 39.18037 174.34859 38.1874 174.84341 37.19138 curveto
175.34506 36.18137 175.84308 35.16832 176.33789 34.15254 curveto
176.83955 33.12277 177.33755 32.08997 177.83238 31.05412 curveto
178.33403 30.00429 178.83205 28.95142 179.32686 27.89581 curveto
179.8283 26.82591 180.32652 25.75298 180.82135 24.6776 curveto
181.32277 23.58763 181.82101 22.49493 182.31583 21.3998 curveto
182.81726 20.28976 183.31549 19.1773 183.8103 18.0621 curveto stroke
newpath 14.94392 18.9291 moveto
14.41545 18.9291 13.90869 18.71913 13.53502 18.34547 curveto
13.16136 17.9718 12.9514 17.46504 12.9514 16.93657 curveto
12.9514 16.4081 13.16136 15.90134 13.53502 15.52766 curveto
13.90869 15.154 14.41545 14.94405 14.94392 14.94405 curveto
15.4724 14.94405 15.97916 15.154 16.35283 15.52766 curveto
16.72649 15.90134 16.93645 16.4081 16.93645 16.93657 curveto
16.93645 17.46504 16.72649 17.9718 16.35283 18.34547 curveto
15.97916 18.71913 15.4724 18.9291 14.94392 18.9291 curveto closepath fill
newpath 99.63126 114.90897 moveto
99.10278 114.90897 98.59602 114.699 98.22235 114.32535 curveto
97.8487 113.95168 97.63873 113.44492 97.63873 112.91644 curveto
97.63873 112.38797 97.8487 111.88121 98.22235 111.50754 curveto
98.59602 111.13388 99.10278 110.92392 99.63126 110.92392 curveto
100.15973 110.92392 100.66649 111.13388 101.04016 111.50754 curveto
101.41382 111.88121 101.62378 112.38797 101.62378 112.91644 curveto
101.62378 113.44492 101.41382 113.95168 101.04016 114.32535 curveto
100.66649 114.699 100.15973 114.90897 99.63126 114.90897 curveto closepath fill
newpath 16.274 21.91776 moveto
15.74553 21.91776 15.23877 21.7078 14.8651 21.33414 curveto
14.49144 20.96046 14.28148 20.4537 14.28148 19.92523 curveto
14.28148 19.39676 14.49144 18.89 14.8651 18.51633 curveto
15.23877 18.14267 15.74553 17.93271 16.274 17.93271 curveto
16.80247 17.93271 17.30923 18.14267 17.6829 18.51633 curveto
18.05656 18.89 18.26653 19.39676 18.26653 19.92523 curveto
18.26653 20.4537 18.05656 20.96046 17.6829 21.33414 curveto
17.30923 21.7078 16.80247 21.91776 16.274 21.91776 curveto closepath fill
newpath 182.97345 21.91776 moveto
182.44498 21.91776 181.93822 21.7078 181.56454 21.33414 curveto
181.19089 20.96046 180.98093 20.4537 180.98093 19.92523 curveto
180.98093 19.39676 181.19089 18.89 181.56454 18.51633 curveto
181.93822 18.14267 182.44498 17.93271 182.97345 17.93271 curveto
183.50192 17.93271 184.00868 18.14267 184.38235 18.51633 curveto
184.75601 18.89 184.96597 19.39676 184.96597 19.92523 curveto
184.96597 20.4537 184.75601 20.96046 184.38235 21.33414 curveto
184.00868 21.7078 183.50192 21.91776 182.97345 21.91776 curveto closepath fill
showpage
%%EOF
