%!PS
%%BoundingBox: -1 -1 90 165 
%%HiResBoundingBox: -0.24907 -0.62267 89.91261 164.63223 
%%Creator: MetaPost 2.000
%%CreationDate: 2017.07.18:1020
%%Pages: 1
%%BeginProlog
%%EndProlog
%%Page: 1 1
 0 0 0 setrgbcolor 0 0.49814 dtransform truncate idtransform setlinewidth pop [] 0 setdash 1 setlinecap
 1 setlinejoin 10 setmiterlimit
newpath 0 59.7757 moveto
89.66354 59.7757 lineto stroke
newpath 84.68224 62.26636 moveto
85.85817 60.69844 87.70366 59.7757 89.66354 59.7757 curveto
87.70366 59.7757 85.85817 58.85295 84.68224 57.28503 curveto stroke
 0.49814 0 dtransform exch truncate exch idtransform pop setlinewidth
newpath 29.88785 0 moveto
29.88785 164.38316 lineto stroke
 0 0.49814 dtransform truncate idtransform setlinewidth pop
newpath 27.39719 159.40186 moveto
28.9651 160.57779 29.88785 162.42328 29.88785 164.38316 curveto
29.88785 162.42328 30.8106 160.57779 32.37851 159.40186 curveto stroke
 0.49814 0 dtransform exch truncate exch idtransform pop setlinewidth
newpath 14.94392 57.78317 moveto
14.94392 61.76822 lineto stroke
newpath 29.88785 57.78317 moveto
29.88785 61.76822 lineto stroke
newpath 44.83177 57.78317 moveto
44.83177 61.76822 lineto stroke
newpath 59.7757 57.78317 moveto
59.7757 61.76822 lineto stroke
newpath 74.71962 57.78317 moveto
74.71962 61.76822 lineto stroke
 0 0.49814 dtransform truncate idtransform setlinewidth pop
newpath 31.88037 14.94392 moveto
27.89532 14.94392 lineto stroke
newpath 31.88037 29.88785 moveto
27.89532 29.88785 lineto stroke
newpath 31.88037 44.83177 moveto
27.89532 44.83177 lineto stroke
newpath 31.88037 59.7757 moveto
27.89532 59.7757 lineto stroke
newpath 31.88037 74.71962 moveto
27.89532 74.71962 lineto stroke
newpath 31.88037 89.66354 moveto
27.89532 89.66354 lineto stroke
newpath 31.88037 104.60747 moveto
27.89532 104.60747 lineto stroke
newpath 31.88037 119.55139 moveto
27.89532 119.55139 lineto stroke
newpath 31.88037 134.49532 moveto
27.89532 134.49532 lineto stroke
newpath 31.88037 149.43924 moveto
27.89532 149.43924 lineto stroke
newpath 21.0605 61.76822 moveto
20.53203 61.76822 20.02527 61.55826 19.6516 61.1846 curveto
19.27794 60.81093 19.06798 60.30417 19.06798 59.7757 curveto
19.06798 59.24722 19.27794 58.74046 19.6516 58.36679 curveto
20.02527 57.99313 20.53203 57.78317 21.0605 57.78317 curveto
21.58897 57.78317 22.09573 57.99313 22.4694 58.36679 curveto
22.84306 58.74046 23.05302 59.24722 23.05302 59.7757 curveto
23.05302 60.30417 22.84306 60.81093 22.4694 61.1846 curveto
22.09573 61.55826 21.58897 61.76822 21.0605 61.76822 curveto closepath fill
newpath 29.88785 121.54391 moveto
29.35938 121.54391 28.85262 121.33395 28.47894 120.9603 curveto
28.10529 120.58662 27.89532 120.07986 27.89532 119.55139 curveto
27.89532 119.02292 28.10529 118.51616 28.47894 118.14249 curveto
28.85262 117.76883 29.35938 117.55887 29.88785 117.55887 curveto
30.41632 117.55887 30.92308 117.76883 31.29675 118.14249 curveto
31.67041 118.51616 31.88037 119.02292 31.88037 119.55139 curveto
31.88037 120.07986 31.67041 120.58662 31.29675 120.9603 curveto
30.92308 121.33395 30.41632 121.54391 29.88785 121.54391 curveto closepath fill
newpath 42.34059 152.67656 moveto
41.81212 152.67656 41.30536 152.4666 40.93169 152.09294 curveto
40.55803 151.71927 40.34807 151.21251 40.34807 150.68404 curveto
40.34807 150.15556 40.55803 149.6488 40.93169 149.27513 curveto
41.30536 148.90147 41.81212 148.69151 42.34059 148.69151 curveto
42.86906 148.69151 43.37582 148.90147 43.7495 149.27513 curveto
44.12315 149.6488 44.33311 150.15556 44.33311 150.68404 curveto
44.33311 151.21251 44.12315 151.71927 43.7495 152.09294 curveto
43.37582 152.4666 42.86906 152.67656 42.34059 152.67656 curveto closepath fill
newpath 63.62067 61.76822 moveto
63.0922 61.76822 62.58543 61.55826 62.21176 61.1846 curveto
61.8381 60.81093 61.62814 60.30417 61.62814 59.7757 curveto
61.62814 59.24722 61.8381 58.74046 62.21176 58.36679 curveto
62.58543 57.99313 63.0922 57.78317 63.62067 57.78317 curveto
64.14914 57.78317 64.6559 57.99313 65.02957 58.36679 curveto
65.40323 58.74046 65.61319 59.24722 65.61319 59.7757 curveto
65.61319 60.30417 65.40323 60.81093 65.02957 61.1846 curveto
64.6559 61.55826 64.14914 61.76822 63.62067 61.76822 curveto closepath fill
 0 1.24533 dtransform truncate idtransform setlinewidth pop
newpath 14.94392 0 moveto
15.4303 5.35861 15.93105 10.71587 16.44617 16.07175 curveto
16.93277 21.13118 17.43306 26.18927 17.94931 31.24574 curveto
18.43478 36.00124 18.93462 40.75513 19.45177 45.50719 curveto
19.93655 49.96259 20.43639 54.41617 20.95493 58.86769 curveto
21.43834 63.01846 21.93771 67.16739 22.45715 71.31383 curveto
22.93967 75.16495 23.43904 79.01404 23.96031 82.86015 curveto
24.44098 86.40802 24.94014 89.95337 25.46277 93.4953 curveto
25.94208 96.74284 26.44101 99.98766 26.96593 103.22813 curveto
27.44295 106.17241 27.9412 109.11304 28.46815 112.04865 curveto
28.94267 114.69147 29.44046 117.33041 29.9704 119.96275 curveto
30.44218 122.3064 30.9395 124.6448 31.47354 126.975 curveto
31.94145 129.01721 32.43741 131.05281 32.97601 133.07745 curveto
33.43959 134.82094 33.9344 136.55621 34.47916 138.27621 curveto
34.9368 139.72054 35.42888 141.15392 35.98138 142.56471 curveto
36.43198 143.71487 36.92085 144.84999 37.48454 145.9493 curveto
37.92577 146.80988 38.41032 147.64946 38.987 148.42612 curveto
39.4214 149.01077 39.90527 149.56169 40.49016 149.99654 curveto
40.9364 150.32831 41.44148 150.58302 41.99239 150.6601 curveto
42.50522 150.73192 43.02489 150.63478 43.49463 150.41724 curveto
44.07268 150.14954 44.56247 149.73203 44.99777 149.26776 curveto
45.58015 148.64662 46.06311 147.94202 46.50024 147.21188 curveto
47.06985 146.26056 47.55692 145.26317 48.00339 144.24823 curveto
48.56068 142.98154 49.05116 141.6868 49.50563 140.37976 curveto
50.0538 138.80273 50.5477 137.20723 51.00877 135.60262 curveto
51.54988 133.71935 52.04515 131.82353 52.51123 129.92043 curveto
53.04733 127.73137 53.54419 125.5332 54.01439 123.3291 curveto
54.54591 120.83769 55.04347 118.33897 55.51662 115.83571 curveto
56.04495 113.04079 56.54297 110.2404 57.01886 107.4359 curveto
57.54492 104.33589 58.04361 101.23154 58.522 98.124 curveto
59.04556 94.72276 59.54448 91.31741 60.02448 87.90979 curveto
60.54642 84.20392 61.0458 80.49484 61.52762 76.7837 curveto
62.04774 72.77776 62.54712 68.76881 63.02986 64.7583 curveto
63.54884 60.44724 64.04868 56.1339 64.533 51.81873 curveto
65.05063 47.20735 65.55046 42.59392 66.03548 37.9789 curveto
66.55219 33.06265 67.05247 28.14459 67.53862 23.22514 curveto
68.05418 18.0095 68.55493 12.7925 69.04086 7.57411 curveto stroke
newpath 70.25174 10.68858 moveto
69.38045 9.89885 68.93184 8.74498 69.04086 7.57411 curveto
68.93184 8.74498 68.27791 9.79619 67.27579 10.41148 curveto stroke
newpath 16.7024 2.84148 moveto
15.7017 2.22385 15.05022 1.17113 14.94392 0 curveto
15.05022 1.17113 14.59892 2.32394 13.7258 3.11165 curveto stroke
showpage
%%EOF
